1000
625 418 0
625 309 0
625 180 0
195 418 0
910 500 0
910 155 0
910 126 0
195 500 0
614 592 0
614 938 0
614 881 0
195 592 0
605 309 0
35 879 0
35 27 0
35 389 0
367 879 0
959 887 0
959 837 0
959 957 0
367 887 0
25 918 0
25 603 0
25 104 0
367 918 0
605 27 0
852 388 0
852 943 0
852 17 0
308 388 0
742 135 0
742 689 0
742 952 0
308 135 0
235 223 0
235 438 0
235 894 0
308 223 0
605 943 0
148 155 0
430 948 0
430 728 0
430 888 0
885 948 0
811 601 0
811 493 0
811 510 0
885 601 0
714 262 0
714 536 0
714 236 0
885 262 0
517 728 0
395 110 0
395 975 0
395 753 0
662 110 0
965 905 0
965 73 0
965 676 0
662 905 0
409 487 0
409 447 0
409 398 0
662 487 0
517 975 0
966 598 0
966 341 0
966 785 0
926 598 0
196 681 0
196 660 0
196 998 0
926 681 0
92 860 0
92 501 0
92 563 0
926 860 0
517 341 0
148 493 0
981 788 0
981 969 0
981 137 0
794 788 0
782 652 0
782 225 0
782 213 0
794 652 0
534 125 0
534 584 0
534 572 0
794 125 0
804 969 0
246 730 0
246 41 0
246 352 0
280 730 0
79 450 0
79 653 0
79 242 0
280 450 0
803 210 0
803 28 0
803 949 0
280 210 0
804 41 0
305 858 0
305 657 0
305 559 0
186 858 0
716 24 0
716 548 0
716 869 0
186 24 0
654 77 0
654 144 0
654 577 0
186 77 0
804 657 0
148 225 0
553 837 0
834 576 0
834 127 0
834 46 0
354 576 0
921 627 0
921 542 0
921 316 0
354 627 0
123 876 0
123 159 0
123 759 0
354 876 0
86 127 0
790 961 0
790 94 0
790 900 0
962 961 0
351 787 0
351 11 0
351 362 0
962 787 0
297 658 0
297 880 0
297 272 0
962 658 0
86 94 0
684 370 0
684 226 0
684 146 0
203 370 0
374 735 0
374 889 0
374 590 0
203 735 0
93 421 0
93 582 0
93 488 0
203 421 0
86 226 0
19 542 0
212 571 0
212 468 0
212 69 0
570 571 0
109 2 0
109 596 0
109 602 0
570 2 0
995 296 0
995 762 0
995 288 0
570 296 0
240 468 0
72 988 0
72 130 0
72 18 0
733 988 0
929 892 0
929 878 0
929 425 0
733 892 0
206 323 0
206 247 0
206 830 0
733 323 0
240 130 0
661 940 0
661 68 0
661 40 0
209 940 0
617 984 0
617 324 0
617 642 0
209 984 0
437 807 0
437 416 0
437 936 0
209 807 0
240 68 0
19 596 0
490 8 0
490 263 0
490 838 0
704 8 0
80 243 0
80 400 0
80 58 0
704 243 0
344 357 0
344 524 0
344 289 0
704 357 0
496 263 0
978 613 0
978 64 0
978 310 0
727 613 0
619 84 0
619 307 0
619 508 0
727 84 0
522 202 0
522 495 0
522 723 0
727 202 0
496 64 0
934 666 0
934 29 0
934 327 0
53 666 0
75 711 0
75 556 0
75 922 0
53 711 0
621 574 0
621 145 0
621 840 0
53 574 0
496 29 0
19 400 0
553 11 0
356 136 0
356 406 0
356 439 0
3 136 0
760 355 0
760 545 0
760 337 0
3 355 0
636 766 0
636 898 0
636 583 0
3 766 0
279 406 0
747 312 0
747 363 0
747 260 0
408 312 0
151 117 0
151 597 0
151 338 0
408 117 0
346 261 0
346 754 0
346 720 0
408 261 0
279 363 0
181 446 0
181 445 0
181 71 0
644 446 0
690 909 0
690 436 0
690 78 0
644 909 0
138 855 0
138 470 0
138 233 0
644 855 0
279 445 0
348 545 0
691 801 0
691 670 0
691 531 0
792 801 0
313 770 0
313 719 0
313 707 0
792 770 0
284 748 0
284 282 0
284 258 0
792 748 0
740 670 0
131 581 0
131 872 0
131 967 0
142 581 0
821 953 0
821 102 0
821 567 0
142 953 0
303 678 0
303 331 0
303 775 0
142 678 0
740 872 0
359 674 0
359 49 0
359 823 0
672 674 0
895 89 0
895 427 0
895 193 0
672 89 0
533 736 0
533 826 0
533 238 0
672 736 0
740 49 0
348 719 0
825 963 0
825 451 0
825 21 0
156 963 0
503 679 0
503 433 0
503 152 0
156 679 0
266 342 0
266 472 0
266 974 0
156 342 0
365 451 0
392 539 0
392 239 0
392 465 0
799 539 0
431 529 0
431 115 0
431 189 0
799 529 0
16 550 0
16 540 0
16 566 0
799 550 0
365 239 0
88 0 0
88 778 0
88 257 0
318 0 0
229 600 0
229 179 0
229 639 0
318 600 0
502 187 0
502 473 0
502 890 0
318 187 0
365 778 0
348 433 0
553 597 0
254 73 0
108 153 0
108 394 0
108 100 0
815 153 0
839 298 0
839 51 0
839 466 0
815 298 0
170 26 0
170 369 0
170 183 0
815 26 0
192 394 0
373 710 0
373 95 0
373 293 0
920 710 0
285 276 0
285 560 0
285 930 0
920 276 0
758 317 0
758 31 0
758 22 0
920 317 0
192 95 0
856 987 0
856 397 0
856 822 0
844 987 0
802 989 0
802 292 0
802 725 0
844 989 0
231 499 0
231 538 0
231 426 0
844 499 0
192 397 0
677 51 0
861 4 0
861 507 0
861 248 0
234 4 0
734 325 0
734 301 0
734 45 0
234 325 0
166 615 0
166 504 0
166 575 0
234 615 0
275 507 0
154 237 0
154 52 0
154 106 0
650 237 0
378 160 0
378 656 0
378 478 0
650 160 0
458 779 0
458 519 0
458 907 0
650 779 0
275 52 0
624 422 0
624 743 0
624 578 0
287 422 0
384 55 0
384 848 0
384 865 0
287 55 0
772 336 0
772 361 0
772 141 0
287 336 0
275 743 0
677 301 0
547 546 0
547 480 0
547 686 0
663 546 0
645 622 0
645 997 0
645 364 0
663 622 0
955 43 0
955 870 0
955 198 0
663 43 0
481 480 0
688 245 0
688 513 0
688 191 0
886 245 0
162 350 0
162 521 0
162 862 0
886 350 0
631 703 0
631 604 0
631 482 0
886 703 0
481 513 0
227 696 0
227 913 0
227 718 0
671 696 0
525 774 0
525 883 0
525 37 0
671 774 0
813 738 0
813 675 0
813 241 0
671 738 0
481 913 0
677 997 0
827 560 0
960 908 0
960 749 0
960 668 0
986 908 0
543 383 0
543 97 0
543 321 0
986 383 0
612 184 0
612 251 0
612 954 0
986 184 0
857 749 0
585 996 0
585 904 0
585 765 0
424 996 0
958 699 0
958 523 0
958 410 0
424 699 0
514 334 0
514 776 0
514 808 0
424 334 0
857 904 0
267 530 0
267 931 0
267 61 0
828 530 0
812 385 0
812 360 0
812 222 0
828 385 0
607 163 0
607 407 0
607 70 0
828 163 0
857 931 0
132 97 0
491 620 0
491 891 0
491 314 0
780 620 0
724 789 0
724 158 0
724 91 0
780 789 0
377 54 0
377 847 0
377 329 0
780 54 0
119 891 0
589 833 0
589 693 0
589 591 0
925 833 0
66 252 0
66 201 0
66 964 0
925 252 0
915 277 0
915 48 0
915 83 0
925 277 0
119 693 0
835 23 0
835 565 0
835 977 0
121 23 0
467 216 0
467 797 0
467 103 0
121 216 0
463 682 0
463 980 0
463 175 0
121 682 0
119 565 0
132 158 0
371 824 0
371 632 0
371 432 0
452 824 0
340 532 0
340 90 0
340 47 0
452 532 0
694 945 0
694 471 0
694 877 0
452 945 0
609 632 0
912 651 0
912 717 0
912 991 0
673 651 0
454 353 0
454 999 0
454 549 0
673 353 0
777 168 0
777 784 0
777 818 0
673 168 0
609 717 0
649 618 0
649 265 0
649 140 0
13 618 0
150 554 0
150 462 0
150 611 0
13 554 0
67 401 0
67 36 0
67 230 0
13 401 0
609 265 0
132 90 0
827 523 0
120 599 0
120 937 0
120 205 0
842 599 0
741 428 0
741 983 0
741 746 0
842 428 0
595 505 0
595 705 0
595 882 0
842 505 0
757 937 0
479 702 0
479 15 0
479 82 0
899 702 0
62 10 0
62 947 0
62 149 0
899 10 0
973 594 0
973 178 0
973 326 0
899 594 0
757 15 0
116 214 0
116 773 0
116 836 0
494 214 0
376 249 0
376 606 0
376 42 0
494 249 0
244 721 0
244 7 0
244 726 0
494 721 0
757 773 0
630 983 0
456 290 0
456 756 0
456 9 0
580 290 0
643 557 0
643 299 0
643 469 0
580 557 0
739 345 0
739 761 0
739 850 0
580 345 0
118 756 0
167 638 0
167 558 0
167 420 0
950 638 0
700 971 0
700 300 0
700 414 0
950 971 0
219 220 0
219 712 0
219 993 0
950 220 0
118 558 0
752 50 0
752 901 0
752 98 0
255 50 0
304 268 0
304 871 0
304 781 0
255 268 0
63 320 0
63 199 0
63 474 0
255 320 0
118 901 0
630 299 0
935 403 0
935 81 0
935 492 0
845 403 0
99 311 0
99 349 0
99 831 0
845 311 0
129 286 0
129 706 0
129 489 0
845 286 0
171 81 0
859 404 0
859 434 0
859 911 0
867 404 0
692 755 0
692 655 0
692 994 0
867 755 0
745 59 0
745 343 0
745 843 0
867 59 0
171 434 0
442 393 0
442 139 0
442 39 0
610 393 0
972 190 0
972 795 0
972 763 0
610 190 0
906 30 0
906 147 0
906 366 0
610 30 0
171 139 0
630 349 0
827 947 0
254 656 0
449 893 0
449 541 0
449 379 0
413 893 0
217 990 0
217 176 0
217 435 0
413 990 0
659 814 0
659 970 0
659 33 0
413 814 0
38 541 0
322 457 0
322 368 0
322 211 0
685 457 0
335 396 0
335 185 0
335 764 0
685 396 0
294 105 0
294 372 0
294 767 0
685 105 0
38 368 0
819 164 0
819 443 0
819 664 0
628 164 0
122 535 0
122 903 0
122 215 0
628 535 0
528 771 0
528 914 0
528 647 0
628 771 0
38 443 0
695 176 0
165 928 0
165 485 0
165 224 0
415 928 0
380 944 0
380 87 0
380 5 0
415 944 0
419 562 0
419 278 0
419 273 0
415 562 0
128 485 0
868 460 0
868 204 0
868 874 0
405 460 0
74 680 0
74 816 0
74 173 0
405 680 0
796 319 0
796 731 0
796 264 0
405 319 0
128 204 0
197 515 0
197 810 0
197 623 0
635 515 0
713 564 0
713 112 0
713 715 0
635 564 0
483 873 0
483 6 0
483 271 0
635 873 0
128 810 0
695 87 0
593 328 0
593 552 0
593 916 0
737 328 0
65 732 0
65 44 0
65 448 0
737 732 0
382 820 0
382 291 0
382 798 0
737 820 0
506 552 0
864 697 0
864 157 0
864 853 0
295 697 0
429 527 0
429 232 0
429 387 0
295 527 0
381 769 0
381 423 0
381 253 0
295 769 0
506 157 0
498 806 0
498 174 0
498 817 0
32 806 0
832 96 0
832 60 0
832 476 0
32 96 0
932 57 0
932 455 0
932 315 0
32 57 0
506 174 0
695 44 0
722 185 0
259 1 0
259 863 0
259 221 0
849 1 0
417 569 0
417 332 0
417 250 0
849 569 0
402 568 0
402 484 0
402 411 0
849 568 0
709 863 0
497 391 0
497 169 0
497 76 0
143 391 0
573 786 0
573 626 0
573 188 0
143 786 0
729 464 0
729 172 0
729 791 0
143 464 0
709 169 0
544 306 0
544 302 0
544 939 0
124 306 0
459 218 0
459 551 0
459 509 0
124 218 0
608 134 0
608 924 0
608 985 0
124 134 0
709 302 0
194 332 0
56 269 0
56 744 0
56 208 0
475 269 0
896 161 0
896 113 0
896 846 0
475 161 0
101 537 0
101 14 0
101 708 0
475 537 0
516 744 0
976 646 0
976 927 0
976 200 0
667 646 0
526 375 0
526 641 0
526 85 0
667 375 0
256 586 0
256 386 0
256 182 0
667 586 0
516 927 0
923 486 0
923 339 0
923 884 0
841 486 0
555 956 0
555 444 0
555 783 0
841 956 0
917 330 0
917 34 0
917 665 0
841 330 0
516 339 0
194 113 0
133 441 0
133 897 0
133 283 0
669 441 0
866 629 0
866 919 0
866 829 0
669 629 0
942 111 0
942 793 0
942 561 0
669 111 0
634 897 0
477 347 0
477 768 0
477 440 0
875 347 0
228 698 0
228 800 0
228 979 0
875 698 0
512 701 0
512 453 0
512 683 0
875 701 0
634 768 0
968 399 0
968 390 0
968 941 0
616 399 0
805 461 0
805 854 0
805 107 0
616 461 0
809 587 0
809 520 0
809 177 0
616 587 0
634 390 0
194 919 0
722 626 0
951 274 0
951 270 0
951 633 0
12 274 0
207 412 0
207 982 0
207 333 0
12 412 0
637 20 0
637 902 0
637 751 0
12 20 0
750 270 0
114 281 0
114 933 0
114 588 0
851 281 0
648 687 0
648 511 0
648 518 0
851 687 0
640 579 0
640 992 0
640 946 0
851 579 0
750 933 0
358 982 0
722 511 0
254 816 0
