999
453 904 0
672 536 0
348 774 0
163 490 0
799 987 0
482 571 0
450 680 0
410 873 0
311 734 0
229 906 0
843 412 0
579 671 0
274 402 0
169 581 0
829 900 0
802 489 0
930 915 0
101 164 0
222 347 0
332 345 0
830 624 0
65 854 0
263 739 0
80 836 0
853 636 0
498 948 0
341 806 0
432 320 0
771 951 0
798 701 0
129 3 0
226 287 0
680 4 0
129 27 0
172 149 0
928 835 0
899 825 0
147 114 0
197 306 0
19 75 0
237 622 0
823 702 0
347 303 0
451 122 0
777 935 0
842 144 0
945 889 0
668 421 0
641 995 0
102 115 0
876 41 0
480 979 0
488 626 0
982 908 0
678 225 0
180 508 0
859 986 0
823 480 0
426 333 0
543 133 0
580 616 0
814 975 0
983 197 0
99 494 0
928 466 0
738 209 0
922 482 0
454 985 0
495 788 0
168 131 0
914 498 0
534 942 0
375 692 0
529 195 0
504 592 0
327 230 0
820 644 0
11 185 0
298 427 0
934 183 0
850 542 0
679 254 0
10 740 0
90 118 0
946 903 0
610 65 0
940 256 0
369 46 0
10 723 0
443 319 0
52 289 0
972 918 0
983 377 0
969 743 0
760 42 0
839 576 0
764 260 0
883 424 0
472 810 0
457 878 0
541 894 0
188 705 0
270 766 0
448 373 0
665 568 0
371 246 0
349 403 0
126 612 0
838 233 0
179 718 0
232 851 0
222 399 0
357 924 0
594 849 0
945 286 0
232 775 0
18 527 0
230 211 0
605 172 0
166 312 0
737 440 0
581 812 0
300 224 0
816 755 0
193 388 0
891 589 0
132 899 0
575 526 0
931 48 0
255 378 0
435 263 0
52 127 0
899 152 0
157 153 0
776 515 0
435 419 0
38 828 0
403 243 0
164 445 0
698 332 0
669 760 0
968 140 0
186 341 0
173 135 0
110 921 0
779 931 0
153 500 0
151 745 0
114 537 0
198 968 0
916 433 0
84 688 0
257 746 0
394 579 0
707 990 0
529 792 0
396 770 0
67 495 0
2 259 0
620 518 0
670 434 0
213 151 0
961 82 0
741 555 0
779 925 0
268 796 0
192 686 0
127 426 0
82 238 0
170 507 0
865 268 0
940 728 0
968 444 0
462 430 0
114 699 0
699 132 0
191 575 0
919 944 0
211 752 0
431 677 0
124 321 0
14 630 0
533 791 0
413 577 0
909 359 0
824 886 0
174 561 0
417 387 0
490 842 0
471 868 0
202 352 0
964 992 0
971 983 0
811 552 0
866 949 0
430 244 0
525 647 0
108 120 0
216 690 0
268 484 0
203 610 0
932 77 0
79 92 0
642 346 0
620 14 0
913 139 0
584 819 0
634 665 0
702 78 0
272 277 0
246 323 0
79 161 0
214 811 0
502 200 0
586 824 0
121 235 0
700 846 0
572 448 0
647 884 0
859 572 0
391 386 0
270 292 0
438 62 0
221 150 0
286 85 0
957 932 0
281 898 0
878 59 0
302 469 0
737 947 0
58 476 0
446 248 0
399 142 0
956 47 0
434 847 0
896 37 0
324 26 0
636 245 0
661 311 0
967 291 0
625 157 0
320 335 0
319 205 0
575 229 0
608 773 0
318 210 0
936 290 0
103 608 0
852 94 0
448 385 0
777 994 0
498 563 0
157 558 0
730 763 0
841 315 0
9 474 0
528 659 0
51 587 0
409 21 0
653 8 0
153 669 0
682 437 0
846 267 0
720 93 0
45 479 0
941 525 0
502 520 0
977 236 0
306 531 0
816 691 0
992 199 0
246 805 0
46 9 0
920 716 0
755 754 0
934 305 0
969 191 0
245 730 0
181 265 0
80 678 0
90 501 0
985 513 0
279 595 0
660 450 0
494 965 0
397 284 0
679 86 0
154 858 0
322 549 0
741 119 0
606 109 0
548 71 0
557 544 0
677 72 0
536 953 0
517 984 0
69 845 0
163 693 0
8 360 0
337 762 0
691 958 0
182 941 0
669 722 0
567 456 0
995 6 0
8 25 0
982 316 0
152 432 0
621 712 0
544 429 0
844 324 0
496 80 0
115 180 0
120 959 0
941 939 0
150 467 0
400 505 0
872 832 0
835 614 0
820 605 0
693 689 0
726 358 0
447 302 0
501 166 0
756 64 0
146 143 0
525 186 0
868 719 0
632 159 0
295 748 0
145 560 0
851 955 0
814 517 0
811 850 0
937 634 0
809 615 0
451 738 0
354 667 0
819 168 0
558 401 0
767 251 0
675 67 0
537 818 0
281 988 0
244 408 0
677 442 0
81 365 0
695 635 0
318 339 0
538 532 0
310 502 0
703 54 0
177 252 0
957 162 0
853 226 0
911 353 0
145 400 0
689 123 0
644 104 0
599 808 0
597 982 0
954 637 0
499 651 0
331 826 0
48 565 0
800 619 0
988 750 0
131 276 0
45 103 0
70 645 0
885 751 0
671 317 0
602 70 0
113 181 0
93 535 0
530 731 0
843 2 0
605 282 0
804 269 0
273 599 0
755 176 0
493 117 0
986 749 0
981 1 0
678 582 0
572 862 0
277 239 0
258 584 0
500 237 0
831 892 0
475 11 0
993 330 0
675 789 0
204 927 0
260 787 0
13 799 0
754 768 0
783 309 0
362 897 0
1 100 0
663 250 0
760 841 0
105 441 0
486 413 0
865 640 0
331 887 0
526 648 0
561 50 0
995 540 0
381 973 0
67 815 0
912 646 0
263 379 0
597 707 0
296 348 0
537 102 0
162 487 0
634 756 0
218 130 0
179 597 0
988 218 0
813 394 0
297 519 0
804 901 0
359 0 0
912 146 0
213 961 0
931 550 0
286 101 0
734 703 0
375 300 0
117 214 0
59 325 0
948 933 0
323 12 0
342 586 0
822 817 0
301 375 0
184 681 0
43 954 0
437 767 0
479 338 0
768 397 0
152 106 0
287 888 0
551 221 0
23 798 0
28 879 0
712 833 0
389 786 0
27 997 0
582 710 0
615 807 0
670 170 0
556 294 0
188 20 0
154 530 0
496 178 0
825 266 0
119 962 0
247 980 0
412 829 0
491 447 0
664 57 0
411 993 0
795 194 0
161 566 0
170 241 0
694 655 0
817 521 0
619 551 0
416 538 0
863 776 0
363 275 0
896 219 0
509 455 0
641 613 0
630 449 0
693 639 0
245 554 0
809 632 0
549 998 0
34 905 0
796 907 0
756 464 0
471 410 0
140 220 0
813 461 0
981 177 0
167 598 0
396 415 0
3 38 0
540 389 0
419 872 0
184 223 0
16 454 0
695 783 0
987 356 0
925 919 0
414 196 0
403 920 0
83 304 0
752 398 0
201 326 0
315 443 0
500 859 0
217 270 0
743 396 0
111 344 0
523 715 0
717 870 0
261 631 0
757 32 0
236 134 0
517 472 0
465 524 0
603 231 0
400 564 0
13 247 0
399 618 0
854 546 0
630 371 0
800 492 0
47 60 0
927 310 0
682 420 0
39 881 0
903 969 0
171 370 0
788 914 0
454 696 0
241 606 0
156 362 0
971 453 0
97 112 0
782 978 0
846 742 0
473 685 0
367 856 0
33 212 0
299 996 0
643 727 0
586 15 0
354 423 0
602 654 0
913 923 0
73 590 0
326 372 0
329 208 0
655 88 0
225 706 0
391 708 0
438 585 0
75 852 0
664 30 0
588 343 0
880 974 0
549 510 0
518 491 0
252 602 0
420 574 0
431 182 0
689 609 0
504 711 0
916 322 0
716 206 0
324 533 0
898 382 0
650 771 0
155 684 0
825 912 0
922 145 0
818 213 0
610 160 0
902 481 0
729 165 0
718 96 0
48 23 0
507 735 0
46 650 0
47 13 0
115 642 0
380 174 0
452 273 0
998 966 0
303 545 0
126 607 0
84 56 0
461 617 0
104 795 0
795 896 0
272 869 0
425 39 0
156 190 0
266 169 0
857 167 0
768 839 0
296 529 0
9 866 0
552 913 0
488 838 0
545 596 0
314 301 0
118 438 0
27 414 0
872 111 0
342 18 0
94 405 0
110 512 0
946 625 0
55 298 0
450 475 0
644 816 0
775 497 0
904 158 0
197 296 0
116 741 0
5 790 0
387 547 0
209 110 0
182 813 0
133 425 0
494 543 0
137 737 0
516 960 0
55 314 0
523 436 0
539 970 0
306 809 0
124 831 0
38 40 0
976 882 0
557 744 0
972 91 0
337 861 0
534 713 0
802 880 0
269 272 0
16 578 0
314 19 0
468 695 0
692 22 0
909 891 0
461 603 0
904 895 0
460 837 0
298 473 0
799 148 0
984 105 0
521 652 0
490 885 0
121 638 0
92 216 0
229 499 0
32 950 0
978 802 0
414 539 0
789 909 0
66 392 0
265 721 0
744 28 0
243 830 0
715 928 0
278 43 0
174 361 0
93 697 0
856 288 0
301 215 0
269 17 0
581 936 0
520 336 0
368 68 0
650 643 0
819 334 0
806 874 0
594 81 0
690 867 0
744 113 0
503 31 0
736 141 0
738 126 0
253 514 0
402 253 0
730 917 0
646 329 0
919 972 0
782 916 0
277 308 0
589 600 0
514 777 0
249 328 0
647 61 0
205 893 0
315 155 0
567 271 0
310 63 0
660 383 0
63 422 0
56 803 0
117 682 0
214 956 0
274 107 0
780 295 0
452 957 0
413 83 0
437 661 0
979 395 0
954 679 0
122 363 0
789 662 0
427 428 0
377 187 0
958 262 0
955 729 0
175 943 0
191 349 0
147 99 0
810 283 0
603 488 0
997 883 0
410 293 0
674 548 0
699 814 0
484 73 0
57 503 0
345 137 0
336 478 0
588 593 0
74 116 0
155 232 0
200 761 0
344 342 0
698 299 0
254 822 0
159 367 0
446 255 0
256 656 0
53 58 0
624 569 0
810 534 0
731 458 0
582 307 0
65 391 0
617 366 0
160 910 0
260 785 0
376 714 0
205 504 0
718 594 0
564 911 0
927 369 0
312 418 0
388 573 0
177 848 0
203 675 0
106 355 0
791 511 0
903 865 0
775 29 0
241 281 0
465 981 0
37 522 0
123 733 0
204 274 0
545 844 0
264 340 0
193 33 0
709 462 0
482 337 0
807 860 0
327 108 0
486 446 0
132 800 0
118 331 0
925 724 0
531 940 0
103 930 0
398 364 0
646 704 0
787 649 0
565 772 0
303 658 0
907 934 0
273 668 0
92 964 0
176 623 0
544 938 0
653 732 0
377 129 0
519 827 0
898 234 0
43 627 0
61 313 0
237 683 0
480 528 0
635 76 0
558 257 0
104 840 0
854 834 0
632 967 0
495 709 0
824 261 0
265 409 0
70 404 0
147 203 0
684 470 0
512 36 0
629 793 0
119 193 0
473 5 0
869 376 0
113 465 0
266 486 0
161 350 0
243 393 0
658 666 0
902 53 0
282 87 0
74 523 0
834 189 0
531 278 0
278 69 0
639 477 0
453 128 0
374 173 0
99 946 0
141 769 0
19 222 0
328 877 0
829 258 0
991 45 0
21 354 0
411 249 0
658 736 0
159 720 0
14 971 0
356 285 0
847 977 0
560 726 0
680 279 0
247 633 0
611 929 0
280 171 0
320 823 0
408 976 0
518 431 0
596 264 0
462 35 0
687 725 0
692 459 0
852 452 0
186 601 0
299 641 0
146 541 0
691 902 0
787 672 0
15 98 0
408 570 0
275 506 0
384 7 0
359 188 0
996 876 0
560 66 0
661 687 0
402 457 0
845 926 0
231 583 0
347 327 0
151 471 0
633 202 0
681 417 0
781 556 0
102 493 0
955 890 0
878 853 0
181 357 0
920 16 0
621 374 0
871 765 0
216 439 0
69 34 0
858 700 0
818 557 0
468 937 0
905 875 0
720 801 0
267 175 0
447 857 0
618 821 0
56 562 0
715 24 0
392 591 0
924 676 0
491 843 0
484 217 0
579 411 0
349 621 0
457 380 0
977 318 0
116 483 0
674 804 0
362 97 0
187 179 0
842 657 0
59 604 0
784 90 0
138 55 0
412 758 0
217 368 0
28 674 0
684 124 0
965 782 0
251 653 0
508 406 0
432 580 0
858 381 0
75 991 0
209 416 0
422 463 0
967 757 0
817 629 0
380 660 0
211 227 0
416 384 0
493 779 0
615 451 0
172 945 0
749 95 0
936 509 0
251 778 0
611 717 0
345 79 0
724 694 0
85 390 0
884 855 0
745 468 0
341 242 0
553 240 0
63 753 0
82 628 0
543 138 0
419 670 0
815 84 0
758 156 0
625 784 0
836 553 0
681 154 0
640 74 0
627 125 0
550 863 0
772 864 0
784 620 0
483 871 0
687 794 0
757 663 0
42 184 0
740 759 0
965 698 0
767 516 0
311 44 0
386 989 0
640 496 0
539 407 0
369 588 0
187 163 0
348 797 0
906 228 0
344 611 0
937 747 0
332 820 0
319 559 0
619 198 0
914 485 0
553 781 0
280 764 0
207 52 0
551 201 0
195 49 0
976 297 0
226 280 0
133 121 0
130 351 0
138 435 0
758 567 0
1 51 0
863 780 0
566 952 0
636 673 0
60 963 0
745 10 0
282 460 0
832 89 0
137 192 0
998 136 0
111 922 0
195 664 0
961 204 0
160 207 0
