1000
871 284 0
381 947 0
865 357 0
740 890 0
745 38 0
598 926 0
68 458 0
393 726 0
838 299 0
568 604 0
613 820 0
999 336 0
849 570 0
970 626 0
972 187 0
45 130 0
394 795 0
278 796 0
126 938 0
330 547 0
988 48 0
265 230 0
475 665 0
868 670 0
523 158 0
358 887 0
263 173 0
647 265 0
793 0 0
303 876 0
497 67 0
237 292 0
636 151 0
252 341 0
271 529 0
875 270 0
35 144 0
473 413 0
953 821 0
924 793 0
821 899 0
84 846 0
246 415 0
317 588 0
186 889 0
250 11 0
972 27 0
735 586 0
692 313 0
754 732 0
870 777 0
792 739 0
986 260 0
629 760 0
665 145 0
192 678 0
520 403 0
108 288 0
458 70 0
440 157 0
496 275 0
778 684 0
375 673 0
141 548 0
914 699 0
112 802 0
946 564 0
51 286 0
196 862 0
132 432 0
394 717 0
702 394 0
250 184 0
94 397 0
353 244 0
143 715 0
373 710 0
80 743 0
783 697 0
286 32 0
858 667 0
959 50 0
443 629 0
710 951 0
670 698 0
810 688 0
567 176 0
634 188 0
52 725 0
892 799 0
943 460 0
973 528 0
266 587 0
738 203 0
439 695 0
314 761 0
480 342 0
72 664 0
416 613 0
754 480 0
675 166 0
115 622 0
262 709 0
321 985 0
111 997 0
149 375 0
623 85 0
857 841 0
921 283 0
378 45 0
901 106 0
253 754 0
949 434 0
993 642 0
222 101 0
638 484 0
926 859 0
803 565 0
438 634 0
312 494 0
280 472 0
873 141 0
509 691 0
850 848 0
949 920 0
914 537 0
556 577 0
244 581 0
659 263 0
183 332 0
160 757 0
154 853 0
129 77 0
115 193 0
220 471 0
838 932 0
392 387 0
887 386 0
37 877 0
646 62 0
767 912 0
887 531 0
906 117 0
676 257 0
212 991 0
329 512 0
674 26 0
287 3 0
276 651 0
596 515 0
339 7 0
222 536 0
95 327 0
82 540 0
95 765 0
77 885 0
694 405 0
238 124 0
262 443 0
322 314 0
288 729 0
553 181 0
950 553 0
468 663 0
140 226 0
825 961 0
924 858 0
269 927 0
821 237 0
969 714 0
588 497 0
132 49 0
303 786 0
87 735 0
410 550 0
562 8 0
138 661 0
884 250 0
794 769 0
921 308 0
936 945 0
185 662 0
728 806 0
143 904 0
449 311 0
474 687 0
503 356 0
778 741 0
659 504 0
930 369 0
721 933 0
26 149 0
49 469 0
178 990 0
148 753 0
619 63 0
455 196 0
781 860 0
253 556 0
647 132 0
936 612 0
434 585 0
810 414 0
316 92 0
235 452 0
691 65 0
155 703 0
974 255 0
88 706 0
939 583 0
735 708 0
340 209 0
404 615 0
265 190 0
82 689 0
895 742 0
219 400 0
392 462 0
563 916 0
424 428 0
697 13 0
892 666 0
771 360 0
772 842 0
63 19 0
65 539 0
747 934 0
538 456 0
782 449 0
880 771 0
366 555 0
134 679 0
851 896 0
788 448 0
822 758 0
463 78 0
67 201 0
440 191 0
781 40 0
65 142 0
502 645 0
711 368 0
210 91 0
831 707 0
468 419 0
718 348 0
85 549 0
688 501 0
616 607 0
278 525 0
433 576 0
500 224 0
261 167 0
522 478 0
822 967 0
790 17 0
246 966 0
998 704 0
272 839 0
46 963 0
598 790 0
572 968 0
632 473 0
999 534 0
920 584 0
454 297 0
297 986 0
456 140 0
201 248 0
411 440 0
503 954 0
730 212 0
576 763 0
410 422 0
92 84 0
120 164 0
511 182 0
540 206 0
437 59 0
884 939 0
953 382 0
5 861 0
137 620 0
651 600 0
181 831 0
746 71 0
430 476 0
671 287 0
236 340 0
728 56 0
556 776 0
908 328 0
901 302 0
789 619 0
455 562 0
903 811 0
794 47 0
486 374 0
81 390 0
458 580 0
650 306 0
850 740 0
779 179 0
19 554 0
348 396 0
416 794 0
771 840 0
732 465 0
364 535 0
759 240 0
513 526 0
969 591 0
725 538 0
3 542 0
145 479 0
141 922 0
167 418 0
610 509 0
862 803 0
431 909 0
145 658 0
478 399 0
734 610 0
629 648 0
448 109 0
348 764 0
569 598 0
33 290 0
228 22 0
356 913 0
908 259 0
286 231 0
622 228 0
780 389 0
998 988 0
345 199 0
651 563 0
873 99 0
13 189 0
644 303 0
559 291 0
831 135 0
37 705 0
287 908 0
13 114 0
240 625 0
588 44 0
504 863 0
946 254 0
548 930 0
402 25 0
869 289 0
565 372 0
473 80 0
676 962 0
824 225 0
592 835 0
417 792 0
824 146 0
625 609 0
8 238 0
751 467 0
15 789 0
201 355 0
212 511 0
312 964 0
483 514 0
456 215 0
382 214 0
391 582 0
577 780 0
66 970 0
785 33 0
743 871 0
438 463 0
958 111 0
293 946 0
28 659 0
504 90 0
310 156 0
181 402 0
76 845 0
613 813 0
508 809 0
627 438 0
214 220 0
171 20 0
587 278 0
186 426 0
572 320 0
214 482 0
596 155 0
488 733 0
425 304 0
467 855 0
359 118 0
148 161 0
675 266 0
71 343 0
561 416 0
370 921 0
971 177 0
329 34 0
907 878 0
465 81 0
240 775 0
827 120 0
182 35 0
340 464 0
677 197 0
162 870 0
260 883 0
59 223 0
927 172 0
563 768 0
635 256 0
903 457 0
600 361 0
369 87 0
981 906 0
801 247 0
950 849 0
57 147 0
783 236 0
330 329 0
933 213 0
709 711 0
696 183 0
54 208 0
334 239 0
256 519 0
152 686 0
109 914 0
521 261 0
559 756 0
775 429 0
382 880 0
625 597 0
481 430 0
749 160 0
505 107 0
411 917 0
227 692 0
555 69 0
917 267 0
6 392 0
482 104 0
339 125 0
480 204 0
674 958 0
370 246 0
697 602 0
694 409 0
301 672 0
905 774 0
602 344 0
430 681 0
346 129 0
576 639 0
627 635 0
474 829 0
138 86 0
655 505 0
481 321 0
660 492 0
441 864 0
359 74 0
193 875 0
816 503 0
280 333 0
776 293 0
745 2 0
431 838 0
582 37 0
615 936 0
81 994 0
175 647 0
955 127 0
845 830 0
621 79 0
59 242 0
4 351 0
862 373 0
133 21 0
120 444 0
66 364 0
797 978 0
793 110 0
80 816 0
182 108 0
713 847 0
727 595 0
922 675 0
55 694 0
930 28 0
44 322 0
77 856 0
162 784 0
727 918 0
575 654 0
258 779 0
724 447 0
55 901 0
958 850 0
94 431 0
24 641 0
131 601 0
689 319 0
315 605 0
738 837 0
803 676 0
35 972 0
289 627 0
635 186 0
154 897 0
448 103 0
650 941 0
33 608 0
316 269 0
159 29 0
594 366 0
414 194 0
756 993 0
119 952 0
167 787 0
909 828 0
185 989 0
23 138 0
379 407 0
69 395 0
865 39 0
742 721 0
579 596 0
677 43 0
463 12 0
317 15 0
719 652 0
571 274 0
397 931 0
632 558 0
570 551 0
852 646 0
739 6 0
668 285 0
46 869 0
791 810 0
551 318 0
204 747 0
284 593 0
801 1 0
636 58 0
230 324 0
740 545 0
486 423 0
815 822 0
107 502 0
692 995 0
875 552 0
986 738 0
670 446 0
160 948 0
54 105 0
24 923 0
832 326 0
434 589 0
393 271 0
654 359 0
911 506 0
849 992 0
335 411 0
75 800 0
193 424 0
475 749 0
389 281 0
923 112 0
170 499 0
909 388 0
237 365 0
425 814 0
23 959 0
943 420 0
668 116 0
272 872 0
166 522 0
702 54 0
507 638 0
230 722 0
274 200 0
215 335 0
389 628 0
365 984 0
767 491 0
753 385 0
492 516 0
85 752 0
274 971 0
725 46 0
381 30 0
88 171 0
823 354 0
395 148 0
404 998 0
229 657 0
880 677 0
515 957 0
835 935 0
579 55 0
823 450 0
152 925 0
345 73 0
655 24 0
751 508 0
256 232 0
263 493 0
31 229 0
417 655 0
342 345 0
369 379 0
204 121 0
997 517 0
615 410 0
766 592 0
449 234 0
236 18 0
505 481 0
843 300 0
72 603 0
509 23 0
375 16 0
305 879 0
993 731 0
562 115 0
974 163 0
959 854 0
788 347 0
514 833 0
334 976 0
815 95 0
637 770 0
8 785 0
577 644 0
709 210 0
92 825 0
832 834 0
170 435 0
963 75 0
931 524 0
335 924 0
742 307 0
190 470 0
4 805 0
654 252 0
870 295 0
219 836 0
852 578 0
988 221 0
347 82 0
155 960 0
413 316 0
970 97 0
507 969 0
899 338 0
19 245 0
63 154 0
991 561 0
137 546 0
558 895 0
379 425 0
482 533 0
724 337 0
291 567 0
378 83 0
149 272 0
235 139 0
665 249 0
917 867 0
497 346 0
688 530 0
630 523 0
721 568 0
843 720 0
784 198 0
515 812 0
408 852 0
276 496 0
44 378 0
166 358 0
376 544 0
706 653 0
356 942 0
144 180 0
266 868 0
103 943 0
397 185 0
592 824 0
427 227 0
713 980 0
111 857 0
227 500 0
710 89 0
49 451 0
906 136 0
691 310 0
57 827 0
15 950 0
578 64 0
490 495 0
347 51 0
915 712 0
377 159 0
619 696 0
315 888 0
5 669 0
500 944 0
557 815 0
215 766 0
226 433 0
322 339 0
351 10 0
385 488 0
183 965 0
76 724 0
351 566 0
121 442 0
743 88 0
178 349 0
785 905 0
275 937 0
543 569 0
31 892 0
342 178 0
275 168 0
355 700 0
578 485 0
737 487 0
543 571 0
660 301 0
296 152 0
784 323 0
779 882 0
871 907 0
244 241 0
424 640 0
99 253 0
358 490 0
296 170 0
293 381 0
739 483 0
548 788 0
108 915 0
790 690 0
127 427 0
407 216 0
26 76 0
646 362 0
523 309 0
124 624 0
454 575 0
161 884 0
791 68 0
922 674 0
547 352 0
997 477 0
726 459 0
301 898 0
981 668 0
307 797 0
610 475 0
689 560 0
427 376 0
792 557 0
825 498 0
641 572 0
553 623 0
307 767 0
385 778 0
544 298 0
569 119 0
112 174 0
83 891 0
520 910 0
305 881 0
941 693 0
68 745 0
134 398 0
732 296 0
271 153 0
391 702 0
848 532 0
797 42 0
483 832 0
941 762 0
129 143 0
217 804 0
749 843 0
547 919 0
147 713 0
124 436 0
511 276 0
490 380 0
857 384 0
407 264 0
747 723 0
641 719 0
140 262 0
971 202 0
249 574 0
119 974 0
557 4 0
644 621 0
987 317 0
845 983 0
638 211 0
289 408 0
582 217 0
353 801 0
161 751 0
600 36 0
570 513 0
226 66 0
835 9 0
84 807 0
973 633 0
492 893 0
488 902 0
772 100 0
126 453 0
759 330 0
952 461 0
927 929 0
780 973 0
432 755 0
508 631 0
314 406 0
413 559 0
992 903 0
200 940 0
478 122 0
858 268 0
954 165 0
338 874 0
594 52 0
147 312 0
284 243 0
127 579 0
931 683 0
6 474 0
238 222 0
514 60 0
621 611 0
513 282 0
827 823 0
643 791 0
565 207 0
923 999 0
249 383 0
261 486 0
171 573 0
131 844 0
992 865 0
568 894 0
28 162 0
365 748 0
868 131 0
602 590 0
437 72 0
306 606 0
866 783 0
907 527 0
939 401 0
521 353 0
952 102 0
196 391 0
210 61 0
848 956 0
567 123 0
963 175 0
220 466 0
805 53 0
502 205 0
671 393 0
540 649 0
99 734 0
954 599 0
71 656 0
192 96 0
800 746 0
366 987 0
229 975 0
800 630 0
69 455 0
45 818 0
622 305 0
789 521 0
373 911 0
109 851 0
782 315 0
711 350 0
637 195 0
83 928 0
558 543 0
719 325 0
29 817 0
144 128 0
258 737 0
29 169 0
991 94 0
704 685 0
441 614 0
175 377 0
869 643 0
587 439 0
933 98 0
439 331 0
899 728 0
402 412 0
706 93 0
746 468 0
306 886 0
630 192 0
926 371 0
522 334 0
987 730 0
623 441 0
133 421 0
805 617 0
291 616 0
346 718 0
292 14 0
571 370 0
414 716 0
816 258 0
616 113 0
643 404 0
87 219 0
67 133 0
634 273 0
217 233 0
776 650 0
726 982 0
911 701 0
377 437 0
103 636 0
321 510 0
465 772 0
704 979 0
252 808 0
467 251 0
575 981 0
18 150 0
905 518 0
915 277 0
680 363 0
718 137 0
696 235 0
200 279 0
18 773 0
851 744 0
734 454 0
408 507 0
756 5 0
730 955 0
775 682 0
432 736 0
288 367 0
544 996 0
228 750 0
190 819 0
364 798 0
51 727 0
680 618 0
338 445 0
555 632 0
766 31 0
52 873 0
737 826 0
433 126 0
955 953 0
920 900 0
895 57 0
376 134 0
269 781 0
443 520 0
538 417 0
121 541 0
561 949 0
310 977 0
753 660 0
297 782 0
3 218 0
260 41 0
292 489 0
496 637 0
866 759 0
159 680 0
75 671 0
107 280 0
395 866 0
551 294 0
