1000
956 643 0
826 906 0
522 241 0
154 617 0
53 730 0
568 623 0
568 287 0
568 730 0
53 987 0
564 169 0
564 906 0
564 987 0
53 57 0
995 365 0
995 617 0
995 57 0
154 566 0
151 808 0
910 116 0
910 79 0
910 808 0
151 436 0
69 940 0
69 241 0
69 436 0
151 337 0
672 412 0
672 566 0
672 337 0
826 6 0
958 144 0
482 813 0
855 666 0
999 854 0
999 966 0
999 666 0
855 107 0
874 515 0
874 1 0
874 107 0
855 661 0
980 930 0
980 813 0
980 661 0
482 221 0
628 354 0
983 527 0
983 765 0
983 354 0
628 308 0
586 663 0
586 288 0
586 308 0
628 349 0
905 544 0
905 221 0
905 349 0
482 430 0
551 371 0
359 909 0
359 600 0
359 371 0
551 785 0
626 16 0
626 144 0
626 785 0
551 539 0
439 789 0
439 430 0
439 539 0
958 377 0
102 487 0
805 279 0
248 866 0
248 806 0
248 279 0
805 714 0
872 541 0
872 927 0
872 714 0
805 4 0
183 452 0
183 487 0
183 4 0
102 427 0
197 848 0
682 356 0
682 776 0
682 848 0
197 794 0
598 734 0
598 120 0
598 794 0
197 928 0
18 676 0
18 427 0
18 928 0
102 856 0
543 770 0
273 745 0
273 35 0
273 770 0
543 324 0
538 479 0
538 377 0
538 324 0
543 802 0
417 22 0
417 856 0
417 802 0
958 918 0
725 21 0
709 101 0
647 624 0
647 240 0
647 101 0
709 87 0
735 595 0
735 596 0
735 87 0
709 475 0
501 369 0
501 21 0
501 475 0
725 607 0
80 659 0
46 136 0
46 274 0
46 659 0
80 602 0
422 128 0
422 6 0
422 602 0
80 791 0
141 15 0
141 607 0
141 791 0
725 457 0
610 331 0
466 941 0
466 185 0
466 331 0
610 178 0
244 777 0
244 918 0
244 178 0
610 406 0
118 653 0
118 457 0
118 406 0
826 340 0
990 231 0
464 683 0
755 679 0
860 601 0
860 517 0
860 679 0
755 968 0
193 168 0
193 253 0
193 968 0
755 835 0
298 370 0
298 683 0
298 835 0
464 870 0
333 615 0
192 815 0
192 619 0
192 615 0
333 320 0
691 536 0
691 998 0
691 320 0
333 90 0
649 687 0
649 870 0
649 90 0
464 891 0
272 112 0
829 632 0
829 748 0
829 112 0
272 92 0
684 991 0
684 231 0
684 92 0
272 803 0
174 842 0
174 891 0
174 803 0
990 945 0
32 774 0
0 558 0
158 456 0
158 814 0
158 558 0
0 445 0
275 817 0
275 189 0
275 445 0
0 48 0
145 759 0
145 774 0
145 48 0
32 665 0
454 381 0
157 132 0
157 597 0
157 381 0
454 625 0
957 712 0
957 643 0
957 625 0
454 226 0
38 831 0
38 665 0
38 226 0
32 138 0
893 14 0
334 825 0
334 736 0
334 14 0
893 518 0
133 350 0
133 945 0
133 518 0
893 175 0
296 760 0
296 138 0
296 175 0
990 358 0
669 722 0
305 438 0
603 493 0
603 630 0
603 438 0
305 731 0
978 728 0
978 73 0
978 731 0
305 604 0
726 210 0
726 722 0
726 604 0
669 149 0
569 542 0
574 314 0
574 577 0
574 542 0
569 213 0
425 99 0
425 340 0
425 213 0
569 299 0
822 318 0
822 149 0
822 299 0
669 428 0
992 2 0
327 416 0
327 830 0
327 2 0
992 98 0
877 804 0
877 358 0
877 98 0
992 270 0
729 504 0
729 428 0
729 270 0
956 170 0
446 277 0
214 399 0
31 215 0
447 705 0
955 190 0
955 781 0
955 705 0
447 249 0
616 690 0
616 323 0
616 249 0
447 12 0
105 721 0
105 215 0
105 12 0
31 972 0
821 295 0
631 343 0
631 362 0
631 295 0
821 75 0
312 895 0
312 720 0
312 75 0
821 26 0
58 560 0
58 972 0
58 26 0
31 797 0
397 793 0
124 10 0
124 900 0
124 793 0
397 913 0
224 974 0
224 399 0
224 913 0
397 811 0
115 271 0
115 797 0
115 811 0
214 278 0
796 942 0
267 650 0
61 764 0
61 302 0
61 650 0
267 892 0
352 523 0
352 545 0
352 892 0
267 996 0
125 915 0
125 942 0
125 996 0
796 400 0
348 150 0
264 575 0
264 246 0
264 150 0
348 258 0
652 386 0
652 868 0
652 258 0
348 680 0
644 424 0
644 400 0
644 680 0
796 581 0
164 355 0
379 378 0
379 67 0
379 355 0
164 732 0
939 997 0
939 278 0
939 732 0
164 114 0
573 606 0
573 581 0
573 114 0
214 858 0
873 139 0
565 529 0
862 393 0
862 749 0
862 529 0
565 328 0
161 962 0
161 130 0
161 328 0
565 530 0
405 639 0
405 139 0
405 530 0
873 620 0
203 693 0
747 84 0
747 627 0
747 693 0
203 199 0
935 123 0
935 277 0
935 199 0
203 571 0
553 641 0
553 620 0
553 571 0
873 122 0
944 440 0
437 608 0
437 251 0
437 440 0
944 950 0
234 201 0
234 858 0
234 950 0
944 480 0
556 537 0
556 122 0
556 480 0
446 93 0
490 757 0
746 698 0
245 276 0
326 716 0
326 946 0
326 276 0
245 76 0
402 557 0
402 548 0
402 76 0
245 516 0
896 235 0
896 698 0
896 516 0
746 812 0
685 388 0
17 967 0
17 908 0
17 388 0
685 137 0
889 936 0
889 202 0
889 137 0
685 110 0
861 173 0
861 812 0
861 110 0
746 931 0
380 555 0
357 166 0
357 932 0
357 555 0
380 857 0
973 160 0
973 757 0
973 857 0
380 225 0
383 667 0
383 931 0
383 225 0
490 711 0
850 845 0
531 478 0
798 34 0
798 636 0
798 478 0
531 364 0
198 562 0
198 83 0
198 364 0
531 585 0
126 859 0
126 845 0
126 585 0
850 55 0
121 864 0
208 809 0
208 172 0
208 864 0
121 800 0
372 629 0
372 660 0
372 800 0
121 91 0
836 82 0
836 55 0
836 91 0
850 62 0
426 7 0
363 701 0
363 5 0
363 7 0
426 513 0
467 584 0
467 711 0
467 513 0
426 692 0
200 263 0
200 62 0
200 692 0
490 143 0
863 614 0
423 220 0
923 410 0
923 921 0
923 220 0
423 784 0
134 834 0
134 567 0
134 784 0
423 476 0
677 640 0
677 614 0
677 476 0
863 965 0
638 88 0
153 391 0
153 304 0
153 88 0
638 8 0
715 396 0
715 93 0
715 8 0
638 782 0
77 461 0
77 965 0
77 782 0
863 392 0
342 645 0
338 657 0
338 209 0
338 645 0
342 29 0
594 664 0
594 143 0
594 29 0
342 509 0
147 593 0
147 392 0
147 509 0
446 47 0
11 519 0
156 885 0
292 662 0
951 880 0
951 307 0
951 662 0
292 833 0
420 460 0
420 316 0
420 833 0
292 382 0
651 227 0
651 885 0
651 382 0
156 23 0
559 975 0
97 68 0
97 64 0
97 975 0
559 818 0
448 514 0
448 703 0
448 818 0
559 94 0
96 719 0
96 23 0
96 94 0
156 547 0
411 767 0
398 140 0
398 494 0
398 767 0
411 671 0
309 262 0
309 519 0
309 671 0
411 441 0
353 71 0
353 547 0
353 441 0
11 508 0
85 960 0
762 256 0
778 925 0
778 335 0
778 256 0
762 768 0
969 787 0
969 389 0
969 768 0
762 317 0
330 867 0
330 960 0
330 317 0
85 322 0
926 74 0
674 535 0
674 994 0
674 74 0
926 266 0
148 269 0
148 170 0
148 266 0
926 549 0
622 103 0
622 322 0
622 549 0
85 775 0
229 884 0
50 293 0
50 78 0
50 884 0
229 582 0
897 27 0
897 508 0
897 582 0
229 528 0
554 104 0
554 775 0
554 528 0
11 250 0
247 232 0
959 917 0
506 186 0
506 552 0
506 917 0
959 395 0
704 853 0
704 634 0
704 395 0
959 737 0
591 95 0
591 232 0
591 737 0
247 786 0
108 119 0
525 827 0
525 463 0
525 119 0
108 415 0
993 458 0
993 47 0
993 415 0
108 948 0
879 702 0
879 786 0
879 948 0
247 689 0
281 351 0
40 899 0
40 205 0
40 351 0
281 723 0
449 403 0
449 250 0
449 723 0
281 810 0
360 694 0
360 689 0
360 810 0
956 155 0
580 462 0
708 60 0
961 315 0
769 409 0
807 954 0
807 763 0
807 409 0
769 45 0
706 841 0
706 300 0
706 45 0
769 421 0
483 758 0
483 315 0
483 421 0
961 819 0
361 752 0
828 779 0
828 289 0
828 752 0
361 772 0
875 345 0
875 783 0
875 772 0
361 766 0
495 374 0
495 819 0
495 766 0
961 618 0
216 211 0
971 904 0
971 404 0
971 211 0
216 435 0
36 846 0
36 60 0
36 435 0
216 820 0
655 433 0
655 618 0
655 820 0
708 484 0
668 418 0
43 431 0
675 63 0
675 259 0
675 431 0
43 696 0
922 223 0
922 283 0
922 696 0
43 605 0
878 51 0
878 418 0
878 605 0
668 33 0
336 648 0
681 194 0
681 570 0
681 648 0
336 306 0
532 28 0
532 642 0
532 306 0
336 838 0
773 339 0
773 33 0
773 838 0
668 477 0
876 985 0
66 843 0
66 344 0
66 985 0
876 455 0
839 3 0
839 484 0
839 455 0
876 588 0
688 182 0
688 477 0
688 588 0
708 265 0
886 429 0
637 847 0
673 176 0
673 670 0
673 847 0
637 228 0
413 152 0
413 30 0
413 228 0
637 191 0
609 963 0
609 429 0
609 191 0
886 844 0
780 70 0
771 329 0
771 898 0
771 70 0
780 761 0
217 474 0
217 462 0
217 761 0
780 159 0
222 177 0
222 844 0
222 159 0
886 934 0
503 851 0
592 964 0
592 434 0
592 851 0
503 181 0
294 613 0
294 265 0
294 181 0
503 710 0
65 890 0
65 934 0
65 710 0
580 489 0
252 401 0
280 521 0
929 290 0
414 59 0
414 920 0
414 290 0
929 792 0
700 912 0
700 432 0
700 792 0
929 686 0
699 303 0
699 521 0
699 686 0
280 41 0
507 195 0
206 387 0
206 297 0
206 195 0
507 572 0
751 540 0
751 113 0
751 572 0
507 42 0
167 254 0
167 41 0
167 42 0
280 488 0
135 756 0
207 953 0
207 384 0
207 756 0
135 894 0
230 37 0
230 401 0
230 894 0
135 450 0
986 243 0
986 488 0
986 450 0
252 865 0
442 656 0
49 883 0
111 39 0
111 578 0
111 883 0
49 165 0
788 911 0
788 184 0
788 165 0
49 916 0
444 310 0
444 656 0
444 916 0
442 196 0
367 44 0
524 824 0
524 81 0
524 44 0
367 56 0
840 984 0
840 89 0
840 56 0
367 621 0
284 486 0
284 196 0
284 621 0
442 13 0
740 106 0
163 510 0
163 237 0
163 106 0
740 321 0
982 512 0
982 865 0
982 321 0
740 658 0
717 20 0
717 13 0
717 658 0
252 187 0
497 131 0
924 590 0
534 469 0
534 707 0
534 590 0
924 903 0
373 943 0
373 468 0
373 903 0
924 576 0
823 914 0
823 131 0
823 576 0
497 933 0
739 583 0
481 117 0
481 919 0
481 583 0
739 473 0
750 171 0
750 489 0
750 473 0
739 511 0
255 470 0
255 933 0
255 511 0
497 129 0
86 938 0
881 697 0
881 24 0
881 938 0
86 976 0
520 325 0
520 187 0
520 976 0
86 741 0
218 239 0
218 129 0
218 741 0
580 907 0
713 242 0
419 742 0
54 346 0
801 753 0
801 453 0
801 346 0
54 977 0
443 471 0
443 589 0
443 977 0
54 587 0
394 882 0
394 742 0
394 587 0
419 261 0
611 832 0
871 733 0
871 852 0
871 832 0
611 376 0
654 533 0
654 989 0
654 376 0
611 988 0
678 901 0
678 261 0
678 988 0
419 491 0
385 311 0
561 579 0
561 257 0
561 311 0
385 109 0
744 492 0
744 242 0
744 109 0
385 743 0
635 563 0
635 491 0
635 743 0
713 790 0
390 546 0
451 949 0
301 979 0
301 368 0
301 949 0
451 408 0
260 236 0
260 646 0
260 408 0
451 499 0
718 795 0
718 546 0
718 499 0
390 869 0
407 724 0
505 313 0
505 500 0
505 724 0
407 970 0
816 268 0
816 155 0
816 970 0
407 947 0
188 142 0
188 869 0
188 947 0
390 498 0
127 286 0
550 238 0
550 952 0
550 286 0
127 72 0
9 695 0
9 790 0
9 72 0
127 146 0
366 502 0
366 498 0
366 146 0
713 837 0
233 204 0
219 19 0
375 291 0
375 332 0
375 19 0
219 282 0
100 179 0
100 472 0
100 282 0
219 754 0
459 849 0
459 204 0
459 754 0
233 612 0
599 285 0
485 887 0
485 180 0
485 285 0
599 799 0
981 52 0
981 907 0
981 799 0
599 633 0
25 319 0
25 612 0
25 633 0
233 937 0
888 341 0
727 465 0
727 902 0
727 341 0
888 526 0
496 212 0
496 837 0
496 526 0
888 162 0
347 738 0
347 937 0
347 162 0
