1000
143 349 0
397 881 0
889 12 0
648 20 0
574 748 0
79 468 0
262 450 0
494 519 0
569 358 0
17 366 0
136 370 0
968 343 0
69 641 0
780 997 0
817 529 0
262 604 0
998 604 0
751 49 0
193 582 0
530 853 0
452 61 0
162 605 0
831 523 0
431 81 0
407 707 0
77 746 0
945 344 0
496 21 0
977 933 0
413 255 0
710 715 0
352 406 0
108 722 0
245 589 0
23 947 0
594 872 0
713 548 0
929 410 0
989 473 0
143 417 0
301 791 0
675 479 0
745 638 0
789 585 0
769 647 0
470 361 0
17 953 0
913 999 0
166 378 0
651 406 0
788 181 0
877 504 0
721 258 0
819 725 0
59 973 0
294 931 0
482 616 0
549 247 0
269 649 0
220 116 0
91 219 0
404 591 0
510 372 0
285 953 0
449 921 0
827 848 0
388 936 0
197 959 0
928 565 0
46 53 0
894 716 0
397 890 0
735 468 0
609 534 0
416 425 0
71 725 0
553 962 0
399 106 0
494 776 0
809 39 0
694 111 0
635 531 0
814 807 0
943 941 0
902 80 0
495 801 0
671 414 0
277 327 0
281 313 0
782 402 0
374 517 0
418 105 0
496 37 0
903 881 0
223 149 0
733 966 0
992 677 0
83 462 0
923 72 0
901 942 0
809 364 0
797 300 0
278 919 0
850 216 0
275 257 0
126 243 0
562 956 0
284 791 0
709 211 0
338 543 0
208 473 0
476 379 0
857 457 0
281 900 0
978 363 0
797 146 0
728 98 0
814 546 0
202 601 0
690 617 0
233 167 0
443 221 0
925 699 0
394 104 0
43 576 0
452 213 0
396 820 0
86 74 0
811 151 0
703 946 0
396 837 0
703 432 0
325 600 0
588 56 0
690 743 0
648 911 0
535 297 0
0 984 0
814 360 0
356 980 0
912 4 0
383 621 0
415 508 0
275 50 0
850 180 0
487 714 0
27 22 0
405 583 0
435 159 0
652 909 0
926 251 0
728 236 0
912 122 0
846 251 0
713 849 0
476 62 0
26 456 0
223 189 0
510 691 0
927 753 0
505 219 0
578 867 0
556 542 0
721 199 0
176 288 0
876 615 0
389 739 0
382 58 0
239 645 0
894 173 0
788 657 0
132 982 0
43 636 0
863 295 0
117 750 0
629 22 0
434 291 0
277 207 0
93 127 0
355 384 0
755 335 0
240 185 0
40 964 0
655 854 0
570 566 0
697 440 0
774 910 0
927 833 0
976 242 0
128 823 0
687 682 0
883 315 0
907 97 0
431 980 0
194 266 0
139 366 0
458 786 0
709 783 0
569 279 0
121 169 0
276 573 0
840 539 0
635 471 0
245 61 0
340 323 0
850 646 0
495 74 0
592 579 0
233 895 0
998 84 0
689 828 0
197 222 0
804 952 0
192 330 0
386 824 0
530 210 0
132 519 0
535 497 0
855 300 0
868 603 0
239 9 0
609 250 0
40 24 0
588 794 0
2 256 0
780 80 0
961 113 0
177 626 0
265 909 0
767 19 0
528 532 0
974 645 0
871 939 0
628 471 0
528 560 0
989 417 0
731 226 0
840 436 0
446 295 0
897 109 0
868 412 0
18 806 0
303 492 0
692 36 0
494 614 0
331 56 0
356 637 0
650 359 0
594 845 0
345 656 0
708 579 0
708 216 0
927 719 0
240 950 0
477 717 0
926 540 0
829 666 0
901 150 0
190 812 0
577 480 0
804 900 0
792 365 0
643 445 0
856 433 0
400 597 0
831 110 0
856 552 0
515 10 0
77 730 0
599 587 0
653 987 0
995 931 0
301 688 0
246 842 0
383 441 0
88 660 0
680 825 0
913 581 0
281 743 0
278 293 0
627 693 0
200 851 0
609 768 0
949 991 0
231 94 0
883 214 0
14 882 0
835 808 0
388 640 0
487 642 0
267 720 0
553 957 0
577 308 0
164 299 0
718 272 0
630 886 0
120 290 0
386 8 0
397 517 0
817 612 0
162 39 0
215 123 0
662 286 0
943 567 0
120 546 0
819 564 0
631 450 0
595 717 0
114 45 0
571 81 0
515 762 0
976 644 0
164 997 0
192 148 0
129 199 0
161 870 0
652 306 0
858 696 0
128 261 0
465 602 0
781 660 0
276 311 0
120 784 0
883 28 0
976 684 0
92 336 0
977 649 0
789 63 0
856 818 0
689 38 0
541 94 0
804 57 0
416 96 0
810 322 0
77 887 0
992 738 0
889 507 0
345 148 0
634 611 0
789 360 0
331 455 0
751 243 0
55 207 0
128 16 0
196 459 0
631 759 0
863 951 0
79 874 0
774 564 0
234 766 0
718 608 0
31 606 0
55 775 0
551 860 0
220 453 0
745 591 0
496 249 0
913 430 0
650 726 0
592 778 0
556 157 0
672 409 0
202 967 0
356 554 0
687 502 0
498 618 0
129 836 0
215 125 0
855 385 0
431 152 0
374 158 0
340 888 0
303 737 0
892 408 0
574 486 0
166 195 0
949 68 0
107 436 0
171 844 0
755 151 0
977 209 0
51 198 0
413 184 0
631 130 0
880 463 0
703 485 0
780 552 0
407 165 0
89 844 0
729 514 0
731 598 0
18 663 0
756 70 0
129 584 0
447 916 0
905 667 0
658 333 0
620 513 0
18 101 0
376 985 0
735 499 0
929 66 0
889 170 0
267 865 0
325 538 0
970 377 0
655 700 0
553 29 0
218 152 0
466 765 0
176 66 0
202 321 0
862 159 0
176 581 0
897 429 0
929 378 0
26 813 0
93 249 0
990 513 0
593 260 0
458 908 0
179 483 0
968 393 0
832 403 0
745 893 0
88 359 0
664 348 0
527 422 0
968 611 0
671 783 0
381 981 0
623 402 0
83 124 0
511 618 0
234 225 0
769 587 0
864 287 0
142 353 0
164 6 0
500 547 0
265 870 0
31 32 0
708 385 0
118 274 0
811 661 0
355 288 0
126 522 0
829 259 0
254 793 0
192 170 0
400 16 0
658 36 0
477 573 0
570 189 0
161 706 0
588 168 0
381 583 0
628 845 0
832 316 0
275 112 0
877 534 0
781 584 0
131 102 0
742 632 0
574 461 0
755 7 0
752 899 0
399 317 0
692 370 0
897 940 0
89 1 0
782 62 0
655 228 0
912 699 0
669 264 0
419 82 0
925 712 0
627 665 0
549 60 0
401 935 0
728 726 0
735 705 0
25 375 0
740 754 0
0 253 0
419 72 0
810 861 0
208 183 0
93 115 0
190 489 0
135 986 0
139 922 0
296 339 0
756 146 0
326 357 0
108 674 0
396 801 0
902 768 0
535 158 0
686 979 0
231 786 0
556 127 0
71 387 0
389 209 0
155 898 0
92 559 0
114 153 0
729 222 0
71 134 0
551 232 0
664 104 0
307 212 0
382 479 0
342 78 0
156 830 0
578 302 0
702 727 0
91 467 0
238 852 0
669 491 0
161 915 0
678 790 0
14 489 0
131 42 0
928 97 0
139 65 0
208 28 0
689 744 0
932 138 0
613 533 0
26 823 0
498 924 0
858 32 0
891 711 0
314 341 0
394 11 0
454 357 0
166 793 0
945 41 0
230 451 0
671 760 0
435 241 0
607 42 0
374 19 0
55 395 0
510 572 0
757 537 0
182 954 0
926 119 0
86 963 0
955 815 0
958 950 0
345 455 0
466 590 0
435 644 0
658 622 0
653 490 0
509 329 0
500 5 0
923 157 0
613 398 0
955 575 0
505 715 0
723 719 0
713 954 0
500 424 0
832 830 0
118 615 0
740 343 0
840 914 0
338 526 0
651 227 0
877 52 0
140 469 0
869 346 0
718 666 0
571 506 0
3 298 0
447 988 0
89 563 0
958 874 0
841 271 0
515 606 0
342 763 0
654 695 0
405 580 0
732 335 0
673 99 0
577 256 0
3 373 0
439 428 0
907 379 0
541 834 0
989 705 0
855 822 0
686 626 0
449 387 0
732 103 0
869 619 0
92 149 0
749 221 0
388 796 0
107 730 0
352 237 0
528 204 0
194 167 0
276 87 0
679 53 0
652 76 0
857 211 0
819 309 0
171 701 0
650 299 0
505 668 0
172 348 0
635 329 0
846 720 0
871 283 0
673 967 0
905 437 0
868 486 0
993 205 0
131 459 0
376 625 0
607 206 0
482 885 0
838 895 0
880 320 0
678 532 0
246 773 0
136 873 0
27 724 0
117 273 0
86 603 0
2 440 0
694 115 0
613 884 0
177 350 0
446 847 0
831 154 0
721 124 0
864 576 0
278 524 0
476 996 0
511 828 0
607 981 0
296 10 0
382 421 0
25 191 0
238 54 0
578 116 0
136 771 0
269 174 0
416 289 0
675 803 0
595 839 0
960 633 0
223 794 0
140 965 0
194 242 0
218 561 0
114 816 0
418 557 0
802 608 0
562 934 0
891 250 0
454 362 0
751 306 0
342 463 0
394 772 0
903 442 0
629 548 0
569 860 0
846 99 0
380 670 0
415 181 0
878 536 0
961 904 0
761 65 0
630 734 0
864 747 0
240 138 0
704 337 0
675 555 0
31 462 0
974 975 0
530 444 0
907 372 0
702 38 0
876 764 0
960 227 0
458 776 0
679 280 0
740 601 0
376 657 0
404 48 0
723 525 0
892 224 0
810 610 0
769 327 0
307 888 0
246 941 0
571 481 0
334 861 0
296 150 0
267 493 0
400 596 0
709 722 0
817 906 0
653 371 0
413 212 0
664 701 0
238 332 0
51 437 0
23 683 0
439 411 0
838 96 0
697 727 0
643 712 0
704 940 0
788 956 0
254 567 0
380 770 0
454 347 0
891 33 0
549 272 0
829 558 0
809 50 0
680 763 0
731 442 0
599 448 0
380 775 0
118 682 0
79 373 0
623 35 0
992 274 0
135 807 0
970 879 0
983 263 0
995 544 0
498 948 0
570 49 0
470 842 0
629 816 0
894 377 0
628 821 0
643 698 0
156 310 0
648 137 0
690 795 0
239 75 0
401 235 0
351 420 0
593 328 0
841 798 0
307 621 0
69 210 0
314 324 0
495 228 0
970 147 0
142 282 0
488 412 0
998 85 0
88 95 0
651 48 0
254 270 0
196 545 0
108 205 0
14 411 0
326 818 0
140 427 0
443 328 0
46 123 0
905 893 0
827 453 0
686 134 0
182 512 0
509 100 0
756 147 0
352 736 0
135 354 0
782 367 0
742 363 0
43 122 0
325 448 0
880 292 0
434 681 0
672 866 0
993 561 0
488 550 0
958 676 0
466 688 0
669 568 0
69 748 0
334 851 0
961 805 0
592 34 0
710 738 0
704 999 0
452 283 0
774 536 0
594 508 0
230 280 0
971 187 0
692 600 0
586 358 0
303 252 0
407 364 0
443 341 0
17 235 0
132 770 0
974 896 0
265 750 0
993 441 0
294 475 0
876 319 0
878 920 0
334 474 0
294 241 0
143 521 0
685 141 0
710 619 0
482 969 0
171 787 0
177 994 0
465 392 0
620 938 0
511 805 0
40 512 0
593 563 0
685 323 0
792 47 0
928 391 0
383 843 0
654 258 0
983 896 0
562 195 0
121 145 0
687 859 0
971 460 0
2 497 0
3 959 0
892 339 0
418 516 0
446 969 0
857 1 0
662 390 0
694 918 0
634 639 0
767 188 0
978 683 0
702 965 0
678 747 0
749 217 0
680 464 0
732 144 0
405 467 0
679 85 0
230 438 0
179 779 0
404 741 0
121 790 0
923 746 0
811 785 0
902 67 0
190 248 0
835 917 0
262 101 0
477 371 0
995 247 0
761 130 0
527 344 0
415 201 0
285 133 0
761 737 0
792 160 0
729 305 0
285 975 0
945 153 0
634 484 0
767 518 0
862 930 0
752 426 0
723 663 0
841 641 0
314 64 0
802 777 0
234 321 0
697 423 0
399 313 0
381 30 0
733 110 0
245 670 0
757 163 0
925 946 0
487 474 0
990 472 0
752 15 0
284 361 0
871 203 0
59 310 0
389 659 0
439 872 0
654 624 0
509 544 0
155 198 0
978 518 0
781 771 0
627 73 0
749 367 0
0 58 0
630 330 0
662 614 0
990 847 0
172 503 0
218 90 0
827 937 0
59 214 0
355 520 0
797 105 0
215 714 0
182 529 0
586 547 0
91 916 0
943 884 0
672 337 0
142 350 0
623 78 0
488 525 0
685 764 0
599 867 0
862 501 0
949 41 0
155 369 0
220 796 0
869 7 0
162 266 0
802 315 0
233 368 0
126 393 0
51 693 0
878 232 0
586 109 0
200 972 0
595 30 0
960 141 0
200 186 0
858 261 0
46 229 0
903 557 0
863 758 0
326 365 0
757 882 0
541 933 0
193 944 0
527 304 0
838 20 0
835 524 0
172 938 0
338 582 0
742 312 0
470 987 0
179 293 0
156 15 0
331 952 0
277 852 0
971 966 0
386 185 0
932 125 0
620 986 0
284 875 0
351 910 0
117 638 0
401 919 0
733 866 0
83 268 0
340 13 0
23 636 0
269 318 0
197 469 0
449 421 0
351 800 0
27 213 0
193 225 0
419 102 0
107 264 0
955 994 0
196 244 0
551 422 0
673 178 0
434 531 0
932 44 0
25 879 0
465 944 0
447 826 0
983 478 0
301 29 0
175 318 0
901 799 0
