1000
412 413 462831373
412 784 20563003
412 308 96254295
751 413 256350556
678 796 784794305
678 123 733272704
678 188 989638829
751 796 225610021
126 977 471050823
126 343 18627687
126 718 468138227
751 977 813176678
769 784 399963568
424 392 835251086
424 516 904514576
424 406 319107244
164 392 753795687
425 178 548260740
425 458 699795691
425 782 869775285
164 178 959311325
147 143 512045109
147 440 956466659
147 837 465485250
164 143 711495411
769 516 693700578
43 453 371827375
43 858 121534503
43 311 43764507
760 453 51796911
717 350 291348463
717 259 588074815
717 625 265717784
760 350 817987707
181 681 923855878
181 489 884985176
181 649 411221020
760 681 581999880
769 858 992069575
758 123 486092033
831 799 277984424
831 118 303743900
831 525 369029575
943 799 675561247
598 891 365415055
598 712 776911288
598 862 493923075
943 891 910654800
52 527 590968662
52 579 424155628
52 549 569602863
943 527 975473646
794 118 755329949
512 351 975766705
512 783 773383786
512 435 848401189
291 351 737113203
917 873 281825597
917 155 694118091
917 795 861722673
291 873 813222238
93 691 922049363
93 261 566870607
93 776 192480232
291 691 968632490
794 783 174234476
740 662 945565457
740 329 15652143
740 134 140231089
805 662 882813419
385 930 23506196
385 736 214606710
385 323 69033369
805 930 435897928
390 199 514475754
390 970 146305302
390 633 840550072
805 199 504692914
794 329 213370933
758 712 451087992
202 581 869086449
202 242 221980189
202 668 935069569
748 581 436766255
714 468 712965504
714 252 551781508
714 881 113217568
748 468 754152558
781 936 31587690
781 697 223815749
781 721 812155193
748 936 266303450
832 242 880105410
476 787 924614185
476 457 372079531
476 135 43609411
683 787 23413891
148 849 228775890
148 654 478780985
148 561 518541162
683 849 247026642
825 290 767905347
825 225 182038838
825 947 834654124
683 290 615450318
832 457 599018236
578 539 538708088
578 149 527165254
578 954 758583150
669 539 828103374
244 706 528083687
244 904 585603387
244 70 964223166
669 706 384057587
536 632 599954025
536 19 230614700
536 801 748042511
669 632 578972652
832 149 176525875
758 252 386739449
335 458 162643782
994 474 684268754
994 548 271795651
994 911 439973973
14 474 154090756
388 241 479416538
388 935 626841333
388 97 608282996
14 241 56074131
711 455 863558369
711 161 662045474
711 995 343168216
14 455 86248673
439 548 365986283
686 141 332651866
686 477 100136236
686 460 129934386
647 141 223092304
727 863 605496077
727 307 636356158
727 189 837377221
647 863 865328368
724 660 500002599
724 248 272296743
724 542 349723416
647 660 538706449
439 477 54068965
473 695 386042664
473 919 599447708
473 349 237291894
213 695 493075016
283 456 763808582
283 643 901607566
283 574 566620315
213 456 913450822
898 540 38482971
898 723 684945539
898 484 532536459
213 540 654850473
439 919 189402989
877 935 800510445
528 295 68069918
528 49 28541787
528 463 372597282
73 295 145905628
657 44 357204317
657 582 144514663
657 279 272739272
73 44 176660639
17 910 342465897
17 375 892736119
17 120 813221767
73 910 482196556
869 49 740008111
231 813 743849322
231 987 872258975
231 401 699918738
608 813 724698118
971 937 462876987
971 746 790250873
971 495 382471961
608 937 176394718
973 208 138328618
973 75 657772199
973 353 210150872
608 208 28061504
869 987 150880807
60 733 131996581
60 944 587034750
60 465 799938919
222 733 231797082
909 509 53353863
909 296 514787655
909 50 749564027
222 509 614105912
183 861 669574
183 469 307792183
183 610 130726465
222 861 284678001
869 944 125752461
877 582 810781799
478 20 68056090
478 129 551898853
478 924 245231775
274 20 916090401
18 398 170994386
18 896 1927550
18 402 906842639
274 398 955738546
8 642 95772477
8 564 391958749
8 432 685981283
274 642 677572382
820 129 531841744
167 767 588992215
167 150 821138602
167 342 849698324
131 767 358400117
699 221 856966342
699 773 576362242
699 27 748045955
131 221 770451883
530 859 780401871
530 154 451384805
530 102 286584859
131 859 849498365
820 150 289651834
54 663 30787715
54 573 143882036
54 39 628299490
594 663 850409878
459 865 913597912
459 755 130499277
459 948 282610322
594 865 438637930
926 753 772299429
926 779 341891277
926 447 239066070
594 753 904179009
820 573 769859357
877 896 119335521
335 307 999509399
866 104 596362502
866 462 300609305
866 6 526664852
378 104 831172310
301 196 853178002
301 763 832858056
301 287 487825854
378 196 789386660
223 550 756507470
223 96 380266319
223 499 387398527
378 550 324589225
91 462 333953875
46 1 225502198
46 31 899461863
46 962 767532348
532 1 604307540
606 816 217584152
606 729 482889732
606 807 915427151
532 816 591356162
314 159 297756852
314 841 770480653
314 822 207590310
532 159 352023119
91 31 718919462
201 804 360800834
201 381 939004552
201 397 386466194
808 804 906806652
377 958 952381130
377 282 461544195
377 198 251794177
808 958 579062029
331 621 635404559
331 635 68732445
331 407 42227121
808 621 742321848
91 381 883495075
309 763 412905973
567 590 940970208
567 229 488329956
567 609 66365813
194 590 697623077
362 864 359273655
362 952 322941867
362 659 332460724
194 864 581360002
400 408 232478177
400 738 788476590
400 613 396905763
194 408 899736785
218 229 623612734
844 433 726341358
844 618 922446270
844 812 384347318
72 433 320562891
95 646 746241408
95 568 147474781
95 791 21363646
72 646 153176002
277 551 146896973
277 986 597737168
277 702 41244116
72 551 760823878
218 618 602429298
235 409 450567505
235 434 686627240
235 79 277810922
206 409 386039042
99 895 329999089
99 344 25313473
99 87 221244464
206 895 725014789
280 137 846438234
280 250 196314336
280 200 195089912
206 137 619544117
218 434 831476016
309 952 105875023
934 139 813001966
934 698 290685810
934 882 271973729
762 139 335833688
270 684 755098707
270 645 436073447
270 630 332266034
762 684 885681250
361 404 503168019
361 30 165076183
361 464 371693644
762 404 19870025
346 698 615769018
9 36 607396950
9 448 932035028
9 650 31557449
957 36 733222710
195 83 469823039
195 336 589554496
195 800 119602504
957 83 658682919
577 209 845753609
577 305 515459415
577 28 279861131
957 209 948838288
346 448 618561447
71 391 684399508
71 907 66888309
71 383 814032743
513 391 311857541
395 972 437182860
395 857 870586148
395 640 884172856
513 972 877227750
900 451 965072714
900 419 837358212
900 302 940343940
513 451 421441862
346 907 831522616
309 645 356802056
335 729 822719491
595 155 380242292
639 110 477707151
639 883 639504344
639 672 956072153
737 110 309057252
136 210 313536291
136 116 36747326
136 130 535962551
737 210 827142427
703 964 364609363
703 355 745336171
703 441 528742643
737 964 921609493
775 883 468959083
494 84 107488857
494 592 669431729
494 369 985704162
880 84 847735946
112 325 319387872
112 661 595839080
112 798 720508123
880 325 927139862
173 376 604775760
173 41 906321215
173 461 910631579
880 376 220515851
775 592 567078200
652 410 32854505
652 452 635415973
652 824 691689108
243 410 63068066
0 152 698300779
0 587 165290818
0 614 276852128
243 152 215769688
570 109 512514695
570 418 431561167
570 501 895921520
243 109 803202781
775 452 422777265
124 116 402920565
819 373 268443537
819 416 929466957
819 379 947815275
992 373 764911962
446 797 396958899
446 817 785784877
446 963 390246749
992 797 762829691
656 306 631181301
656 298 220592336
656 759 991314630
992 306 710478152
153 416 637023547
57 566 854065902
57 503 990642678
57 42 24258120
950 566 203505043
69 899 367223780
69 85 151817370
69 599 606245014
950 899 998735912
828 786 924007449
828 117 859304991
828 675 923854092
950 786 862181163
153 503 604476436
26 851 260211295
26 534 823752954
26 757 832697396
982 851 408015121
520 615 734140859
520 370 963377719
520 238 348796188
982 615 359013189
113 105 454928833
113 968 668861861
113 454 428139229
982 105 982158532
153 534 866420937
124 817 469270552
814 442 959644602
814 565 489334947
814 341 248471862
498 442 870496771
481 770 798911694
481 932 147093644
481 772 314803410
498 770 429553973
322 437 708290745
322 553 111335863
322 354 293739144
498 437 701238212
637 565 17178946
191 596 80496204
191 40 90116266
191 585 323015846
673 596 217687437
338 292 206879199
338 689 567682846
338 232 334949015
673 292 449031258
34 884 905363360
34 2 40441093
34 445 732727459
673 884 354331354
637 40 828213863
51 583 933346983
51 382 669410495
51 299 878820917
254 583 460295008
360 847 478140171
360 690 984074310
360 708 271737431
254 847 431062629
923 330 157615109
923 115 346557495
923 756 798394639
254 330 924124778
637 382 836544168
124 932 624378089
98 661 138819180
853 497 337069746
853 993 298959395
853 761 188600186
975 497 713729659
431 543 194536586
431 140 40359706
431 485 476516043
975 543 450379775
743 818 303982483
743 340 437862813
743 843 910379144
975 818 362328627
913 993 554338474
604 731 679413806
604 670 240842719
604 240 884189599
894 731 618696900
318 88 771572033
318 224 67649081
318 59 720141300
894 88 491703227
885 364 643020053
885 846 887250226
885 219 904960324
894 364 663004
913 670 906129110
108 845 975869713
108 205 596562155
108 90 130948928
734 845 865357736
366 65 626172160
366 389 508177402
366 363 565358511
734 65 187060046
622 256 901006914
622 966 9236305
622 496 459359764
734 256 906681671
913 205 400082287
620 140 931726458
63 265 538098536
63 597 649151566
63 179 772757435
11 265 727481137
538 942 742099426
538 920 539396112
538 365 321379838
11 942 413284398
546 100 505430420
546 875 792631373
546 491 688673729
11 100 204397994
707 597 731782790
653 327 532619244
653 588 419857083
653 356 205070873
856 327 844971803
450 705 436944523
450 989 345452118
450 13 680532896
856 705 933979961
545 76 798312910
545 157 927929562
545 836 447855534
856 76 605325815
707 588 359022923
258 680 316110252
258 47 341801948
258 269 29826227
345 680 471942276
348 303 209564061
348 997 560485471
348 955 247673593
345 303 343678186
541 720 822012439
541 876 690560372
541 262 517743298
345 720 759448
707 47 513060790
620 920 466888576
872 704 428122360
872 603 586015614
872 214 568037642
32 704 877585037
870 537 71464925
870 486 825616312
870 664 176767745
32 537 391373365
677 45 890568927
677 186 277371416
677 938 230477713
32 45 85426471
236 603 886189300
868 156 181255207
868 780 906173117
868 64 235165826
184 156 289363753
505 386 456068965
505 556 712047324
505 480 884533032
184 386 673288909
427 815 812369703
427 89 27806887
427 730 607425883
184 815 331385367
236 780 948020727
310 679 771405559
310 358 924099392
310 121 943355667
168 679 334807830
572 725 848899307
572 855 87612520
572 227 999071024
168 725 424838226
197 569 435956820
197 742 746947519
197 317 700021637
168 569 728472896
236 358 19572854
620 486 780075284
98 224 838633069
226 586 983953049
226 563 204954037
226 81 622811869
655 586 153308976
810 600 389760501
810 715 422694571
810 253 377133797
655 600 444596938
144 823 209236134
144 56 529832737
144 504 683782877
655 823 368312004
671 563 791859893
180 300 302398390
180 77 120311094
180 374 769629218
850 300 975232108
488 145 9589884
488 903 500780180
488 249 946782786
850 145 663640587
103 584 723407099
103 533 175365950
103 207 821234916
850 584 848906219
671 77 92324309
933 333 139091651
933 475 603197740
933 22 509793549
127 333 575107413
806 908 343270709
806 263 399187652
806 204 710160168
127 908 813854513
701 790 803987509
701 979 428101228
701 778 955671086
127 790 730249670
671 475 682682172
493 715 656729089
500 605 805871421
500 276 139671809
500 692 159005585
636 605 778965333
212 170 404054116
212 827 196207945
212 889 815845159
636 170 770650773
163 915 383935547
163 25 710016482
163 830 673137718
636 915 503887424
328 276 747277110
125 284 552770038
125 974 427466568
125 510 83469803
939 284 716168864
792 897 854550620
792 12 256354433
792 508 926148253
939 897 275141014
744 414 870106748
744 612 418538023
744 519 912603685
939 414 379860366
328 974 397548239
483 420 71476486
483 893 621344867
483 552 971495205
239 420 685058957
601 216 310660724
601 247 883763462
601 158 201148158
239 216 242933215
526 146 184994500
526 16 967317183
526 190 844812379
239 146 319967770
328 893 897495757
493 827 39286967
641 111 548984512
641 304 231414461
641 535 20601877
7 111 850029084
275 687 186898881
275 380 354359533
275 547 687561465
7 687 737987197
591 959 796897127
591 514 826729567
591 289 875539178
7 959 685035285
251 304 581353561
802 785 851197590
802 710 556506494
802 593 620248468
694 785 623064934
169 624 342599930
169 80 429465846
169 315 439284806
694 624 522763618
278 860 815841215
278 368 482361374
278 217 637840560
694 860 263248365
251 710 846340507
998 768 666071232
998 122 889446564
998 324 107793603
443 768 70651970
67 393 9259343
67 576 562863334
67 658 820334346
443 393 780472232
906 415 868414675
906 722 700622712
906 436 215012719
443 415 715390660
251 122 952233290
493 380 632013220
98 903 712425586
595 85 718057380
151 55 446498756
151 29 985817268
151 316 487804289
969 55 650943174
821 21 199676607
821 626 151108360
821 752 459843303
969 21 349364962
945 951 328610487
945 285 221323304
945 961 665304642
969 951 855435567
978 29 280454956
914 912 864206756
914 320 464775488
914 713 504939383
811 912 791988227
35 82 649158593
35 371 786588589
35 793 336345465
811 82 514177872
271 949 899769310
271 666 129581039
271 372 198791587
811 949 45639322
978 320 697514033
700 114 708034996
700 602 294502559
700 211 124350342
627 114 836692206
337 562 508733366
337 260 509741461
337 405 109086028
627 562 31784063
230 617 47882766
230 766 793858202
230 187 992244564
627 617 154005773
978 602 833783627
747 626 903813261
203 523 435514341
203 185 682796162
203 874 327945728
312 523 186635800
502 665 996796989
502 492 499278069
502 676 854821690
312 665 883683189
524 272 205913795
524 750 686623506
524 953 146774584
312 272 30435952
68 185 525939012
472 78 635947668
472 417 670704749
472 421 954397673
107 78 562394404
839 890 753840337
839 293 750094752
839 339 987860954
107 890 738118304
634 941 902744550
634 852 188914285
634 294 985150500
107 941 556715454
68 417 414335868
739 86 313104649
739 138 225105898
739 48 255924654
479 86 692411059
334 688 550787769
334 619 89716485
334 623 14853746
479 688 639788040
905 965 927180617
905 255 424080864
905 429 123344472
479 965 292587755
68 138 760738149
747 492 433157784
925 172 390018453
925 266 991924098
925 554 849960822
467 172 389381543
5 629 429532881
5 558 4455769
5 940 731737687
467 629 431524840
517 142 605369679
517 268 482090199
517 990 891837954
467 142 334229933
667 266 88599163
835 471 698760443
835 638 293237559
835 521 80550932
438 471 199954189
931 133 882361364
931 996 768132357
931 522 581929286
438 133 967964055
557 842 913579554
557 531 992820934
557 444 548420066
438 842 390191443
667 638 560156404
788 23 691428218
788 3 566369849
788 233 369799297
313 23 760531479
171 929 825313770
171 984 638751703
171 789 209462072
313 929 380894609
693 319 522545207
693 555 758175056
693 886 625544706
313 319 465858822
667 3 30360573
747 558 207274556
394 371 259556270
918 716 928268396
918 132 184669876
918 999 456621830
682 716 742791135
92 428 886555461
92 867 213077013
92 220 686766770
682 428 45569928
387 215 441607389
387 728 558676867
387 466 473770988
682 215 178589196
988 132 238819079
829 267 969365908
829 854 266620864
829 128 364280157
192 267 416057292
182 487 87990598
182 878 625200350
182 297 671056134
192 487 515976298
848 956 528888883
848 15 122432034
848 976 264178603
192 956 135764021
988 854 613844194
62 685 738246102
62 833 866567770
62 422 579738984
741 685 887177597
281 749 280772133
281 985 873077933
281 507 269926098
741 749 644018477
765 228 372027667
765 106 66565332
765 580 320408729
741 228 852250710
988 833 132066050
177 867 545126541
892 719 101760577
892 981 261135747
892 165 722217285
396 719 607849217
482 607 619177315
482 286 141710185
482 589 315431613
396 607 533229227
347 193 106651833
347 326 447936725
347 803 769082256
396 193 996519668
119 981 883237596
332 511 484491456
332 246 671514190
332 575 612792903
616 511 34321945
166 411 362836708
166 928 769821525
166 774 399900694
616 411 619721981
529 58 498320101
529 367 644027729
529 352 524421681
616 58 58057350
119 246 541580177
101 651 584000936
101 916 9828
101 403 936196885
674 651 110948002
745 24 216593887
745 162 119872432
745 838 897295326
674 24 641005551
887 871 892238068
887 922 140553580
887 834 709263134
674 871 238304542
119 916 598213502
177 286 713838494
506 888 501255606
506 644 281565022
506 174 239336920
176 888 305345171
245 264 87111588
245 991 140068579
245 732 309526126
176 264 295343646
160 946 397270122
160 571 723644285
160 631 398488712
176 946 84503167
726 644 239557005
74 53 973277208
74 273 918415574
74 901 574788818
611 53 622024837
384 257 186971092
384 902 790562654
384 426 496603478
611 257 214716207
967 423 905167104
967 771 461665350
967 927 975302212
611 423 9406826
726 273 438152727
321 175 798719382
321 921 247049259
321 983 306917894
809 175 461866572
449 38 414404423
449 515 605470579
449 37 657237586
809 38 450495812
980 61 750570230
980 826 672715408
980 544 438583416
809 61 336162767
726 921 937560217
177 991 230750161
394 878 908798253
628 879 898560860
628 234 145407922
628 490 714853641
960 879 117969819
359 777 857481761
359 288 965403482
359 709 550650142
960 777 914990783
237 696 744883402
237 399 228010382
237 94 213221295
960 696 239567312
559 234 279160682
66 735 758185592
66 648 453370671
66 33 44889050
560 735 692616569
764 470 39616052
764 10 616360086
764 430 126078979
560 470 154889391
754 357 311432002
754 518 803809757
754 840 239079148
560 357 690031458
559 648 580214082
4 288 704875340
394 10 490565042
595 293 164809148
