1000
740 55 0
568 216 0
739 811 0
603 375 0
530 782 0
52 911 0
868 194 0
581 947 0
863 686 0
211 313 0
33 498 0
251 142 0
220 634 0
408 280 0
723 385 0
378 708 0
379 150 0
91 489 0
446 133 0
964 652 0
196 263 0
515 346 0
199 80 0
994 7 0
554 851 0
720 910 0
571 493 0
885 1 0
678 3 0
479 987 0
547 79 0
604 219 0
134 863 0
798 453 0
162 580 0
733 843 0
278 740 0
199 50 0
146 611 0
849 571 0
424 473 0
778 371 0
818 969 0
929 535 0
678 503 0
716 854 0
542 271 0
304 146 0
641 957 0
697 694 0
384 463 0
968 733 0
23 172 0
850 776 0
771 977 0
364 938 0
406 88 0
355 114 0
95 882 0
786 703 0
25 888 0
63 896 0
705 200 0
44 894 0
187 220 0
123 579 0
344 154 0
276 547 0
173 278 0
243 228 0
912 501 0
567 199 0
613 266 0
400 176 0
520 709 0
90 861 0
596 459 0
324 419 0
480 817 0
433 683 0
690 527 0
293 425 0
305 106 0
474 98 0
825 390 0
14 455 0
104 355 0
83 953 0
857 203 0
241 889 0
692 297 0
607 5 0
804 593 0
959 290 0
32 70 0
958 831 0
298 379 0
325 184 0
695 478 0
388 451 0
779 283 0
482 663 0
107 989 0
424 578 0
913 965 0
222 323 0
92 333 0
432 731 0
60 259 0
449 427 0
976 970 0
915 336 0
151 788 0
466 557 0
610 741 0
928 457 0
121 108 0
311 76 0
904 787 0
365 100 0
572 767 0
238 601 0
956 105 0
25 397 0
337 832 0
518 904 0
847 920 0
988 506 0
446 424 0
822 599 0
695 772 0
502 174 0
431 603 0
118 881 0
432 209 0
94 857 0
721 197 0
298 185 0
189 191 0
716 877 0
433 157 0
607 991 0
690 648 0
931 524 0
61 130 0
516 719 0
994 246 0
546 298 0
717 359 0
534 395 0
350 19 0
954 350 0
604 576 0
658 530 0
999 835 0
47 431 0
329 763 0
786 143 0
170 805 0
464 696 0
408 870 0
551 372 0
536 406 0
701 570 0
706 758 0
388 363 0
192 378 0
41 520 0
103 824 0
92 959 0
812 29 0
134 394 0
168 454 0
818 38 0
670 924 0
809 107 0
539 21 0
605 292 0
825 819 0
639 750 0
195 849 0
186 778 0
251 550 0
64 341 0
113 697 0
600 941 0
845 388 0
932 609 0
285 414 0
785 164 0
12 84 0
820 306 0
360 94 0
428 887 0
447 902 0
460 762 0
113 771 0
65 990 0
358 511 0
239 878 0
711 400 0
954 742 0
516 450 0
600 985 0
300 383 0
342 610 0
833 380 0
188 417 0
141 49 0
392 695 0
949 54 0
69 61 0
42 670 0
439 195 0
562 466 0
926 237 0
314 339 0
928 223 0
890 12 0
996 925 0
44 691 0
713 643 0
732 90 0
926 995 0
620 749 0
545 461 0
83 190 0
347 492 0
675 909 0
460 420 0
656 136 0
102 640 0
63 187 0
563 893 0
148 125 0
800 104 0
727 24 0
193 479 0
944 68 0
794 801 0
131 954 0
238 140 0
766 99 0
234 20 0
655 549 0
645 179 0
913 723 0
282 302 0
839 516 0
456 997 0
480 40 0
754 225 0
728 988 0
301 122 0
252 276 0
126 591 0
729 239 0
538 496 0
664 170 0
673 996 0
56 85 0
967 574 0
797 658 0
421 325 0
358 309 0
992 303 0
116 675 0
467 304 0
735 867 0
929 627 0
873 169 0
102 168 0
830 329 0
855 871 0
804 915 0
726 798 0
269 923 0
552 39 0
468 581 0
255 901 0
148 238 0
444 507 0
620 81 0
807 635 0
124 95 0
684 562 0
773 147 0
421 711 0
250 411 0
802 103 0
624 119 0
755 793 0
470 873 0
318 177 0
783 625 0
588 992 0
255 912 0
449 470 0
215 300 0
869 288 0
836 334 0
650 23 0
109 391 0
834 754 0
698 797 0
332 30 0
752 786 0
598 952 0
116 830 0
575 807 0
781 825 0
707 818 0
860 171 0
777 73 0
282 773 0
927 588 0
869 322 0
784 250 0
512 972 0
729 430 0
556 158 0
614 500 0
616 27 0
934 155 0
655 490 0
472 305 0
10 91 0
310 217 0
221 629 0
606 358 0
316 866 0
281 17 0
213 83 0
766 286 0
942 869 0
701 423 0
614 421 0
362 884 0
438 706 0
822 929 0
377 897 0
903 162 0
467 347 0
699 44 0
277 712 0
864 96 0
428 36 0
537 791 0
639 109 0
687 467 0
586 205 0
230 428 0
403 717 0
998 202 0
405 814 0
653 126 0
252 382 0
730 134 0
642 491 0
956 734 0
180 693 0
485 82 0
349 604 0
903 368 0
206 436 0
468 701 0
495 792 0
384 813 0
971 14 0
942 502 0
274 766 0
891 152 0
212 943 0
738 178 0
132 802 0
855 561 0
517 294 0
777 92 0
624 699 0
783 349 0
247 678 0
946 148 0
120 589 0
354 641 0
357 409 0
812 718 0
753 632 0
487 215 0
927 43 0
656 241 0
97 310 0
874 499 0
960 975 0
619 10 0
545 326 0
60 903 0
841 726 0
344 212 0
890 536 0
687 474 0
472 820 0
598 564 0
477 631 0
495 932 0
838 781 0
110 962 0
674 282 0
736 242 0
864 587 0
531 937 0
52 386 0
264 211 0
645 63 0
736 752 0
415 584 0
72 244 0
914 89 0
815 789 0
471 880 0
586 432 0
945 745 0
806 364 0
948 495 0
112 486 0
416 518 0
161 270 0
785 942 0
845 983 0
944 556 0
494 546 0
59 607 0
34 545 0
618 381 0
939 396 0
365 968 0
124 469 0
439 874 0
790 620 0
713 555 0
227 653 0
532 710 0
661 285 0
597 650 0
410 480 0
342 662 0
676 47 0
848 777 0
790 655 0
307 705 0
592 543 0
522 512 0
487 221 0
42 408 0
296 864 0
630 376 0
213 439 0
735 713 0
275 254 0
272 403 0
522 441 0
182 433 0
18 484 0
567 307 0
898 800 0
636 180 0
291 206 0
960 994 0
6 320 0
159 944 0
426 600 0
651 639 0
572 116 0
18 299 0
317 72 0
876 256 0
442 365 0
144 33 0
247 821 0
619 265 0
575 145 0
494 738 0
602 317 0
0 567 0
630 482 0
906 665 0
554 71 0
97 822 0
233 841 0
940 838 0
267 534 0
948 685 0
513 551 0
834 528 0
277 656 0
774 908 0
657 812 0
946 913 0
173 971 0
301 998 0
623 868 0
963 827 0
418 247 0
553 804 0
447 885 0
182 614 0
616 850 0
823 865 0
898 525 0
327 993 0
377 927 0
233 251 0
476 230 0
37 468 0
151 845 0
471 666 0
15 612 0
45 729 0
159 539 0
308 151 0
700 892 0
521 487 0
6 630 0
389 442 0
53 471 0
757 826 0
967 735 0
585 976 0
918 446 0
435 860 0
608 426 0
210 167 0
316 131 0
232 240 0
514 410 0
978 949 0
175 785 0
661 60 0
192 331 0
935 316 0
418 384 0
438 252 0
46 743 0
156 698 0
883 404 0
144 958 0
768 387 0
477 855 0
728 790 0
77 553 0
327 638 0
759 573 0
284 552 0
476 26 0
886 6 0
35 295 0
538 728 0
649 984 0
198 839 0
618 532 0
514 981 0
77 624 0
193 538 0
730 586 0
760 231 0
405 592 0
222 101 0
623 327 0
582 899 0
415 715 0
577 935 0
475 476 0
269 514 0
249 362 0
934 761 0
918 922 0
210 890 0
272 314 0
175 594 0
515 721 0
160 260 0
748 744 0
702 464 0
234 59 0
69 568 0
127 974 0
963 649 0
232 823 0
2 753 0
15 344 0
163 438 0
810 931 0
373 32 0
296 18 0
128 572 0
34 269 0
509 934 0
123 360 0
161 124 0
407 986 0
759 732 0
647 522 0
253 69 0
978 523 0
115 324 0
617 765 0
289 598 0
722 664 0
517 682 0
374 243 0
700 402 0
582 519 0
720 356 0
688 255 0
352 213 0
443 342 0
725 435 0
186 834 0
917 921 0
87 707 0
521 173 0
876 296 0
437 354 0
569 933 0
373 833 0
677 618 0
156 946 0
2 118 0
779 196 0
930 692 0
768 722 0
602 440 0
852 779 0
622 337 0
644 281 0
31 521 0
51 78 0
274 645 0
757 65 0
357 669 0
120 794 0
529 447 0
676 357 0
622 293 0
886 415 0
815 623 0
930 687 0
672 755 0
444 332 0
702 690 0
951 159 0
917 472 0
160 917 0
48 810 0
227 161 0
497 529 0
846 544 0
443 619 0
748 232 0
569 883 0
422 608 0
982 768 0
93 113 0
837 444 0
289 291 0
11 186 0
633 605 0
110 720 0
859 389 0
236 188 0
879 918 0
284 945 0
816 602 0
816 318 0
16 615 0
846 249 0
510 597 0
836 52 0
636 702 0
127 960 0
646 16 0
9 34 0
585 964 0
606 862 0
837 289 0
747 87 0
673 759 0
462 636 0
760 566 0
74 517 0
93 926 0
128 577 0
8 110 0
847 120 0
458 192 0
361 97 0
166 393 0
541 700 0
537 582 0
51 716 0
245 596 0
852 537 0
853 651 0
352 175 0
774 160 0
224 950 0
218 301 0
35 42 0
485 748 0
319 475 0
891 494 0
808 872 0
879 621 0
659 606 0
141 616 0
764 978 0
279 622 0
370 999 0
560 77 0
198 967 0
660 127 0
224 456 0
973 198 0
509 837 0
672 210 0
267 405 0
367 156 0
165 836 0
53 956 0
392 45 0
747 41 0
253 51 0
559 245 0
31 460 0
129 25 0
633 284 0
86 847 0
248 575 0
613 951 0
497 258 0
407 102 0
533 53 0
704 747 0
315 585 0
508 448 0
784 224 0
264 248 0
308 407 0
166 488 0
138 418 0
13 2 0
660 144 0
644 166 0
163 443 0
437 392 0
64 28 0
413 93 0
637 227 0
541 783 0
74 879 0
637 8 0
11 846 0
132 730 0
86 264 0
677 74 0
348 31 0
746 569 0
533 308 0
916 757 0
483 948 0
689 315 0
559 816 0
531 56 0
806 739 0
338 233 0
321 886 0
22 510 0
583 64 0
46 274 0
681 633 0
657 541 0
844 657 0
982 595 0
916 509 0
268 848 0
617 914 0
429 277 0
809 253 0
165 806 0
366 373 0
803 48 0
704 15 0
505 477 0
367 642 0
858 676 0
149 204 0
829 673 0
338 875 0
413 613 0
189 533 0
540 542 0
201 760 0
513 554 0
311 13 0
458 497 0
905 891 0
508 919 0
153 508 0
840 311 0
398 86 0
422 660 0
980 352 0
129 661 0
62 769 0
654 727 0
895 617 0
483 583 0
374 916 0
22 780 0
859 165 0
319 235 0
840 859 0
37 531 0
111 22 0
366 37 0
115 193 0
481 132 0
799 963 0
9 112 0
351 115 0
121 234 0
481 898 0
895 422 0
429 399 0
628 736 0
462 35 0
684 366 0
351 182 0
714 128 0
218 9 0
808 637 0
803 906 0
67 774 0
67 338 0
236 803 0
117 351 0
590 907 0
688 930 0
434 668 0
117 784 0
979 67 0
353 361 0
149 267 0
138 123 0
961 982 0
57 704 0
856 644 0
590 688 0
681 462 0
858 725 0
345 515 0
434 121 0
856 458 0
208 856 0
560 367 0
646 11 0
201 563 0
335 852 0
680 540 0
111 268 0
62 485 0
279 840 0
828 377 0
261 672 0
135 429 0
746 434 0
0 505 0
680 189 0
369 560 0
526 437 0
714 684 0
796 62 0
679 75 0
207 590 0
353 138 0
628 222 0
181 236 0
674 111 0
181 809 0
979 876 0
208 181 0
287 46 0
654 559 0
565 117 0
275 0 0
939 928 0
504 149 0
679 141 0
58 481 0
139 449 0
465 257 0
261 853 0
207 163 0
153 679 0
548 275 0
764 674 0
345 319 0
671 654 0
548 764 0
370 513 0
312 279 0
973 677 0
398 548 0
966 681 0
844 680 0
321 647 0
369 714 0
775 353 0
139 129 0
980 398 0
565 207 0
756 659 0
401 815 0
961 413 0
775 201 0
412 844 0
57 628 0
465 261 0
4 57 0
335 961 0
689 808 0
401 345 0
412 858 0
58 799 0
905 558 0
796 746 0
828 370 0
756 218 0
214 153 0
795 775 0
842 895 0
348 973 0
287 369 0
312 756 0
416 796 0
795 272 0
966 287 0
452 312 0
940 795 0
4 139 0
671 966 0
226 980 0
343 348 0
452 939 0
343 335 0
273 4 0
737 374 0
262 526 0
829 689 0
737 829 0
262 828 0
183 321 0
214 565 0
273 416 0
226 58 0
751 226 0
328 737 0
330 483 0
135 401 0
183 343 0
751 214 0
900 671 0
330 465 0
724 646 0
626 940 0
900 751 0
445 905 0
667 262 0
724 979 0
445 183 0
504 724 0
229 330 0
842 445 0
626 842 0
667 452 0
137 900 0
340 273 0
229 135 0
770 626 0
955 504 0
66 208 0
770 229 0
137 770 0
328 137 0
66 667 0
340 66 0
936 412 0
955 340 0
936 955 0
936 328 0
