1000
178 308 0
178 259 0
178 815 0
308 515 0
815 338 0
338 921 0
515 363 0
363 220 0
259 543 0
220 824 0
308 746 0
259 569 0
543 866 0
338 782 0
921 508 0
508 31 0
543 804 0
363 139 0
746 191 0
815 478 0
921 665 0
746 86 0
31 65 0
569 2 0
515 163 0
139 142 0
31 216 0
65 412 0
65 47 0
478 570 0
220 625 0
142 137 0
47 423 0
804 124 0
191 510 0
866 24 0
139 619 0
782 88 0
423 500 0
163 608 0
510 583 0
191 878 0
88 770 0
619 803 0
570 747 0
866 258 0
625 176 0
804 914 0
608 580 0
412 575 0
258 330 0
330 375 0
665 250 0
508 519 0
803 429 0
163 481 0
665 357 0
86 343 0
747 374 0
374 306 0
306 436 0
569 494 0
412 579 0
494 237 0
583 697 0
86 95 0
375 801 0
357 369 0
216 967 0
583 932 0
375 573 0
878 526 0
306 839 0
429 252 0
526 655 0
429 169 0
88 684 0
747 359 0
250 602 0
519 790 0
824 667 0
216 425 0
169 377 0
580 416 0
369 76 0
782 63 0
770 736 0
169 83 0
416 358 0
481 85 0
330 512 0
258 52 0
237 269 0
573 677 0
478 692 0
510 952 0
736 480 0
655 218 0
608 438 0
512 426 0
369 503 0
63 303 0
63 198 0
839 154 0
512 293 0
357 958 0
967 707 0
374 955 0
839 435 0
770 497 0
343 606 0
697 469 0
878 295 0
426 82 0
952 327 0
790 553 0
494 122 0
803 131 0
359 869 0
85 678 0
602 779 0
425 685 0
779 399 0
955 361 0
503 188 0
142 164 0
480 733 0
131 584 0
164 842 0
131 642 0
83 140 0
377 986 0
52 864 0
481 768 0
24 336 0
303 78 0
526 596 0
2 317 0
83 571 0
967 247 0
779 491 0
250 771 0
343 243 0
377 175 0
85 548 0
416 807 0
198 875 0
76 279 0
580 903 0
771 527 0
336 225 0
438 111 0
426 884 0
952 605 0
295 128 0
503 532 0
548 1 0
176 908 0
218 40 0
218 604 0
642 181 0
519 441 0
24 373 0
768 183 0
875 443 0
1 316 0
932 263 0
986 62 0
771 831 0
842 936 0
602 66 0
425 189 0
263 670 0
497 680 0
768 663 0
154 397 0
955 487 0
198 468 0
831 383 0
438 414 0
869 591 0
279 997 0
667 686 0
252 498 0
383 328 0
677 912 0
40 219 0
154 50 0
175 488 0
678 780 0
423 484 0
824 863 0
488 877 0
484 836 0
52 781 0
175 648 0
468 39 0
181 775 0
164 816 0
414 430 0
76 626 0
47 738 0
480 344 0
548 413 0
903 696 0
864 431 0
842 823 0
2 392 0
790 157 0
997 192 0
816 150 0
39 310 0
686 56 0
122 283 0
527 874 0
685 690 0
95 669 0
247 937 0
497 236 0
176 322 0
932 270 0
236 589 0
39 970 0
697 623 0
270 123 0
303 651 0
604 32 0
436 871 0
684 379 0
836 146 0
431 949 0
877 162 0
584 505 0
863 492 0
677 143 0
958 881 0
573 244 0
801 704 0
225 731 0
780 858 0
877 166 0
936 632 0
322 9 0
322 201 0
807 398 0
836 653 0
655 964 0
122 321 0
736 417 0
651 830 0
858 385 0
413 490 0
244 265 0
183 635 0
327 91 0
863 304 0
265 889 0
527 664 0
265 485 0
344 924 0
653 530 0
937 246 0
623 832 0
937 683 0
986 42 0
949 659 0
82 942 0
225 601 0
738 850 0
936 100 0
327 200 0
270 7 0
237 30 0
42 77 0
591 547 0
626 199 0
95 698 0
553 794 0
498 744 0
626 809 0
295 638 0
181 284 0
680 89 0
100 681 0
492 802 0
316 415 0
532 115 0
606 557 0
775 989 0
128 458 0
831 828 0
111 360 0
236 145 0
487 27 0
570 340 0
162 428 0
596 739 0
557 57 0
9 470 0
328 504 0
669 212 0
604 71 0
642 840 0
336 609 0
373 149 0
678 966 0
201 982 0
912 554 0
56 880 0
698 465 0
490 502 0
575 841 0
137 650 0
650 205 0
491 439 0
485 938 0
443 45 0
830 610 0
200 208 0
532 888 0
243 251 0
183 513 0
192 228 0
858 933 0
316 808 0
997 862 0
584 671 0
62 229 0
398 184 0
989 248 0
794 20 0
488 895 0
619 84 0
635 792 0
871 810 0
166 197 0
663 463 0
62 335 0
428 679 0
874 540 0
650 278 0
667 777 0
659 948 0
664 621 0
502 332 0
648 730 0
828 612 0
385 172 0
575 341 0
50 711 0
738 620 0
392 153 0
417 662 0
880 574 0
731 896 0
490 568 0
208 404 0
912 235 0
540 799 0
248 257 0
335 607 0
397 710 0
621 713 0
192 525 0
361 578 0
413 174 0
189 689 0
547 43 0
317 897 0
332 356 0
162 820 0
671 703 0
692 311 0
188 745 0
578 286 0
816 700 0
698 224 0
680 466 0
948 362 0
625 785 0
781 552 0
321 152 0
197 531 0
45 10 0
605 520 0
91 873 0
466 724 0
552 129 0
1 913 0
32 196 0
441 298 0
189 587 0
404 511 0
578 462 0
498 319 0
659 280 0
801 560 0
91 833 0
525 757 0
799 291 0
248 581 0
7 627 0
875 992 0
137 752 0
78 116 0
513 673 0
414 239 0
263 956 0
124 353 0
686 195 0
596 902 0
293 905 0
361 70 0
111 467 0
283 976 0
235 694 0
9 28 0
938 728 0
286 622 0
560 614 0
57 226 0
465 44 0
174 268 0
884 266 0
520 451 0
283 290 0
184 658 0
304 695 0
777 741 0
428 273 0
243 450 0
581 870 0
560 64 0
679 329 0
197 277 0
124 37 0
792 446 0
298 312 0
902 0 0
20 555 0
623 366 0
152 975 0
251 421 0
724 818 0
903 211 0
730 972 0
775 3 0
145 292 0
71 187 0
733 180 0
905 58 0
850 112 0
226 628 0
614 440 0
42 613 0
57 784 0
587 867 0
485 419 0
913 995 0
888 388 0
785 634 0
711 26 0
840 766 0
335 795 0
211 202 0
397 787 0
172 789 0
450 12 0
662 334 0
794 917 0
89 48 0
128 92 0
622 489 0
188 565 0
520 705 0
500 740 0
862 93 0
199 984 0
277 819 0
247 125 0
553 729 0
729 927 0
679 846 0
115 217 0
292 158 0
705 215 0
651 693 0
43 406 0
992 21 0
329 151 0
663 141 0
293 434 0
366 223 0
681 495 0
196 922 0
740 857 0
711 97 0
689 305 0
505 536 0
93 424 0
710 342 0
366 271 0
166 838 0
880 517 0
89 23 0
398 288 0
989 275 0
12 860 0
358 637 0
440 822 0
949 630 0
388 136 0
780 222 0
466 442 0
690 959 0
275 817 0
100 723 0
908 534 0
465 323 0
28 935 0
789 687 0
292 737 0
40 296 0
290 906 0
888 138 0
70 185 0
298 772 0
591 562 0
467 965 0
417 709 0
296 98 0
353 876 0
737 977 0
97 422 0
125 774 0
10 806 0
222 204 0
317 94 0
871 918 0
458 16 0
239 206 0
70 868 0
32 389 0
504 382 0
876 721 0
3 6 0
873 408 0
422 656 0
850 72 0
200 993 0
373 14 0
421 315 0
388 11 0
64 384 0
601 805 0
141 961 0
115 144 0
612 173 0
774 644 0
670 901 0
451 472 0
458 238 0
517 320 0
933 444 0
446 751 0
799 309 0
212 767 0
204 401 0
724 459 0
530 376 0
729 156 0
621 455 0
557 365 0
785 109 0
462 41 0
905 516 0
536 475 0
613 409 0
172 856 0
56 629 0
695 528 0
23 735 0
505 811 0
145 969 0
311 457 0
568 17 0
344 427 0
141 193 0
942 245 0
571 108 0
455 460 0
704 13 0
92 261 0
739 994 0
525 582 0
82 339 0
610 791 0
693 760 0
143 825 0
802 333 0
275 35 0
58 773 0
860 331 0
362 54 0
707 96 0
806 939 0
30 264 0
288 652 0
279 249 0
20 576 0
315 887 0
689 892 0
705 267 0
123 654 0
11 393 0
472 788 0
792 987 0
217 539 0
806 482 0
217 640 0
305 588 0
965 617 0
78 285 0
579 910 0
739 843 0
781 996 0
843 474 0
379 641 0
187 762 0
7 849 0
640 74 0
948 110 0
540 761 0
404 165 0
868 410 0
328 676 0
536 5 0
205 326 0
975 699 0
862 276 0
156 991 0
320 829 0
321 754 0
992 597 0
696 603 0
709 727 0
710 351 0
692 594 0
110 907 0
205 851 0
332 347 0
484 981 0
206 300 0
864 99 0
421 318 0
358 666 0
347 120 0
617 674 0
173 720 0
829 493 0
693 324 0
982 930 0
455 611 0
185 756 0
450 256 0
339 957 0
959 845 0
917 716 0
709 203 0
28 370 0
767 859 0
756 943 0
822 254 0
851 345 0
982 561 0
740 990 0
99 636 0
676 102 0
41 55 0
341 660 0
502 432 0
685 537 0
165 107 0
431 281 0
832 950 0
323 919 0
910 121 0
206 973 0
603 33 0
676 624 0
562 951 0
516 522 0
757 649 0
704 272 0
973 701 0
460 207 0
919 758 0
620 600 0
666 778 0
27 639 0
838 371 0
329 53 0
457 538 0
789 437 0
311 420 0
927 585 0
860 980 0
873 763 0
761 18 0
424 354 0
409 755 0
408 396 0
942 886 0
528 262 0
622 105 0
914 682 0
788 390 0
143 418 0
683 452 0
439 954 0
376 403 0
44 454 0
784 464 0
805 734 0
603 159 0
857 890 0
180 545 0
654 979 0
11 483 0
547 22 0
977 36 0
908 349 0
820 232 0
54 923 0
23 776 0
788 750 0
774 407 0
954 523 0
362 971 0
13 879 0
93 297 0
64 294 0
700 106 0
356 894 0
393 80 0
354 998 0
639 314 0
644 615 0
906 988 0
763 837 0
737 87 0
474 46 0
984 963 0
324 861 0
721 509 0
156 499 0
304 546 0
6 367 0
531 765 0
828 337 0
439 929 0
202 925 0
879 826 0
112 90 0
791 544 0
30 753 0
108 325 0
180 814 0
802 433 0
462 796 0
766 821 0
401 130 0
5 117 0
262 103 0
105 551 0
45 882 0
264 559 0
140 59 0
18 985 0
965 631 0
654 453 0
733 643 0
973 542 0
232 593 0
868 647 0
723 848 0
837 835 0
841 953 0
58 855 0
121 853 0
333 945 0
991 227 0
314 378 0
271 147 0
843 230 0
544 60 0
469 748 0
632 231 0
312 558 0
130 872 0
150 190 0
222 812 0
901 556 0
684 742 0
750 725 0
26 119 0
157 852 0
523 672 0
424 447 0
276 49 0
409 391 0
211 75 0
914 714 0
286 132 0
938 507 0
778 29 0
758 148 0
199 978 0
223 891 0
159 563 0
120 718 0
239 599 0
894 209 0
869 786 0
383 307 0
453 691 0
54 350 0
106 800 0
884 533 0
855 960 0
17 899 0
795 813 0
325 302 0
430 126 0
825 25 0
631 916 0
852 69 0
812 282 0
757 592 0
630 496 0
257 134 0
165 769 0
10 380 0
956 893 0
975 113 0
748 590 0
290 715 0
630 61 0
97 346 0
744 160 0
751 743 0
151 313 0
773 999 0
282 368 0
682 395 0
559 372 0
66 572 0
323 348 0
106 177 0
829 586 0
819 931 0
110 529 0
96 182 0
12 214 0
36 402 0
552 194 0
22 210 0
895 67 0
187 759 0
67 15 0
990 712 0
823 51 0
348 668 0
288 255 0
929 445 0
612 827 0
712 473 0
273 732 0
390 847 0
882 386 0
235 287 0
326 81 0
648 73 0
918 101 0
403 661 0
994 114 0
228 133 0
998 706 0
658 708 0
664 947 0
18 299 0
748 865 0
742 793 0
390 898 0
855 844 0
879 479 0
742 260 0
635 289 0
838 241 0
859 448 0
935 387 0
120 598 0
140 240 0
656 19 0
542 253 0
703 476 0
881 79 0
320 974 0
720 394 0
147 904 0
632 749 0
628 127 0
418 104 0
581 717 0
272 646 0
432 983 0
393 618 0
367 944 0
629 161 0
98 946 0
562 962 0
495 186 0
641 550 0
148 941 0
691 34 0
640 783 0
910 411 0
103 934 0
360 213 0
620 221 0
262 301 0
996 400 0
157 567 0
735 355 0
786 911 0
224 702 0
991 722 0
49 364 0
48 8 0
586 506 0
660 234 0
881 521 0
853 135 0
712 633 0
394 595 0
969 968 0
755 486 0
319 171 0
297 471 0
531 170 0
823 381 0
634 518 0
633 155 0
957 577 0
617 798 0
646 764 0
513 645 0
907 797 0
19 900 0
637 242 0
605 928 0
745 675 0
716 179 0
559 616 0
793 456 0
579 501 0
319 38 0
385 168 0
114 549 0
551 726 0
761 514 0
882 274 0
641 940 0
812 926 0
671 915 0
744 449 0
972 352 0
182 118 0
939 566 0
184 541 0
614 920 0
129 834 0
160 233 0
266 688 0
927 883 0
840 405 0
528 477 0
597 854 0
844 4 0
449 885 0
104 719 0
38 657 0
837 524 0
207 167 0
734 564 0
610 461 0
538 909 0
752 68 0
624 535 0
