1000
846 109 979126485
109 434 604975759
109 754 295078702
434 85 403538781
754 901 983423609
754 144 493285742
434 752 626241687
752 9 234493572
85 560 719021616
144 955 591506879
9 942 990282839
846 872 327420521
872 94 426261921
846 93 235823693
85 355 597283521
9 270 374107783
93 31 271561701
355 237 356507452
144 845 611957000
560 490 974043475
31 911 376418105
490 602 266415859
31 547 190930482
93 159 297022112
355 678 74067975
602 366 957470972
560 830 923898705
911 844 180723954
366 910 322411913
270 758 943855926
159 115 530900353
910 998 381235907
910 65 213995749
830 78 552467991
270 630 810967017
115 341 816590546
844 521 266108618
998 711 515147998
65 757 513012674
115 953 744266095
159 605 549651358
872 635 720385767
953 596 500550718
757 5 934122378
678 616 310369247
490 287 304874239
757 273 561668465
953 972 641689027
758 455 507038505
547 171 664205058
758 925 656919320
547 371 128546705
521 594 90168396
65 105 605713904
105 385 724242750
678 806 479893853
371 502 539867047
752 888 495162933
888 235 730008471
594 640 485721748
830 999 371758270
602 101 300373274
237 716 700281221
911 145 407544057
101 822 840289280
640 35 483874152
806 52 638852618
630 636 673499151
35 529 440361407
630 71 648338059
972 205 47479838
366 400 137945016
237 226 40961816
822 180 718813959
145 18 177239846
925 320 680386683
806 123 391713857
925 941 316973640
636 685 977136695
52 14 614831292
942 764 18496483
955 709 348022367
180 565 60750324
94 871 961357061
5 69 222039077
716 948 995680446
105 318 907381465
871 388 727109813
616 389 423524967
616 751 930081493
235 201 475367791
273 821 625604566
901 464 699713620
955 108 995227939
521 349 218498255
605 995 654865089
709 372 629082956
5 36 589375615
180 914 299303146
78 960 953850352
635 647 295609181
960 732 693445966
709 939 853561184
972 38 392854569
385 904 384581535
948 100 904439132
845 934 863697345
685 297 690333232
123 391 459731684
318 661 906915218
871 22 313969898
287 840 967263565
205 783 927936248
934 77 866888038
35 181 277084528
18 528 171681195
391 827 702688651
901 129 991731710
594 724 870269348
273 83 924445723
83 409 841109053
101 280 383262971
822 295 250872243
764 825 107932036
825 477 444695790
108 142 354097350
904 669 413363925
669 236 150911711
904 534 245043903
205 156 954160321
236 170 25166435
94 674 665221963
827 353 627443262
287 411 498357007
960 672 166123079
998 499 988273682
914 680 793640966
821 358 559901555
477 771 155905043
201 799 841107529
235 62 631109326
464 301 744388694
685 292 9742909
732 251 458583460
732 883 306655006
295 580 81247699
647 790 275596977
320 406 123525366
680 981 507521976
236 488 780112615
464 193 112378318
771 637 905810027
661 40 968312861
40 444 118478478
669 264 782138000
251 212 604109810
18 12 759436653
193 10 506844415
825 869 226908783
939 717 596305839
883 562 56454291
71 86 562091030
295 831 618324118
372 867 816531374
499 276 930962318
297 779 820627176
502 229 627119831
845 0 173032653
779 23 710023291
389 916 179571153
142 269 589110065
790 597 669490632
297 894 625786669
181 766 216692642
129 961 239710779
799 794 326768108
385 522 835661397
680 659 462168264
269 361 362257950
40 710 838756906
831 472 861247123
999 433 272314164
123 161 950725941
827 649 464725736
14 689 45937995
23 465 369772544
894 56 496313284
672 968 344240458
724 481 811884077
939 930 964919867
71 693 55043540
10 900 791035293
108 421 908964774
724 114 728520672
948 266 750380451
62 234 617083779
995 533 355492644
764 791 991886553
264 182 643993855
981 996 717561516
996 906 231444175
114 24 248356320
597 491 504408647
562 207 281908251
636 153 227546928
472 155 36064228
968 832 743416285
23 907 400321915
488 469 549515800
318 498 874720789
276 958 953219588
349 210 411314953
56 340 304823264
12 300 647429860
916 457 66941435
659 211 354144383
894 704 891580126
465 426 95105634
649 325 501258935
766 59 927185625
210 819 209562358
207 956 837447427
59 66 20931775
62 786 531356437
968 878 845576503
477 80 746055297
996 532 698529838
114 582 24935594
266 312 444878876
674 801 762731446
211 283 443822905
426 47 569061604
36 352 815447132
883 789 127951960
635 463 791068634
463 116 678843126
649 216 29777915
426 163 11901773
129 231 23732430
488 755 102511084
580 382 378945227
831 892 419049685
10 784 732467145
716 571 869577311
47 657 154907741
840 397 560287391
900 854 231858872
155 665 737646137
605 932 958960516
181 198 326505265
665 150 38016417
532 482 903819635
266 70 570122657
116 712 714056820
100 973 21654632
674 102 942310285
661 431 641584849
142 286 725720449
66 946 800131219
791 106 281048694
56 682 279848300
210 168 801950199
888 612 969004243
153 190 745736286
481 61 847580975
665 314 744178030
0 471 626834312
659 944 563255577
751 111 708927337
766 563 450242164
942 818 766006149
457 151 42516670
80 574 175712259
24 866 148803250
958 544 380381051
234 468 498915570
637 432 361455358
171 584 46324435
790 195 314672125
906 740 752898101
563 261 393632892
472 774 887084884
455 601 651852569
934 294 546091072
771 688 175920105
111 141 418003764
171 653 762966780
647 837 298934680
711 147 743389336
544 937 249463172
914 403 451934827
900 816 416044116
946 103 966682327
78 55 490630752
637 913 818642479
913 28 707708154
481 417 569199719
819 889 719537602
153 694 833899224
712 112 44458094
867 262 977473803
582 316 354115968
571 440 484387504
182 903 346026900
711 512 921834111
52 265 388794355
562 326 819687198
316 520 519874679
431 448 834002933
216 714 901527585
816 857 675907694
283 339 804263676
349 868 488022763
448 860 402514971
301 817 726042516
432 242 576603143
198 581 912891909
580 733 553126643
141 988 600511108
411 291 200939974
755 215 535494267
499 923 760712216
292 484 873904210
147 178 249582167
714 456 377985077
251 615 475796995
212 763 110452522
868 133 509624095
468 331 172142390
740 209 353473958
133 90 335308992
889 136 420512656
292 667 141841276
145 2 986434153
216 721 479068500
190 802 611663890
903 96 763460827
791 479 197120154
455 172 415992160
534 731 729855561
372 800 187809187
36 44 511477756
763 902 864162478
212 890 870874443
801 695 208366416
907 122 331924944
596 820 891938567
80 990 698423612
520 614 296455728
889 257 184141817
819 252 42182521
821 641 595345315
522 727 660672256
932 885 872973368
784 823 433292437
941 617 517079480
916 719 948739723
584 476 777137294
522 359 199280811
444 686 718797194
465 967 409178382
112 797 911832757
341 356 796882953
869 259 285602146
913 460 371957735
96 516 610167687
491 814 216211399
995 485 333870794
469 926 266145515
391 204 416414848
612 776 845081688
890 458 658487395
937 200 944824433
878 855 718897334
890 553 81889545
433 938 985503572
163 559 989294281
358 278 624751177
693 507 347344229
215 30 607477591
440 780 872102014
802 299 917393036
641 912 427767722
90 525 13997594
301 88 621802104
820 753 921503518
714 957 371878519
264 608 290315324
999 838 564426256
70 675 283064142
780 530 949695834
14 72 604665245
751 625 406013240
797 804 630851759
371 564 91564448
667 655 131471758
902 634 420609922
265 378 805422753
753 470 749309864
484 313 415881108
147 742 944214934
141 673 887315094
655 152 297567789
86 824 356328189
774 881 740569797
485 222 83096389
59 439 364192453
0 374 246469081
710 467 644963477
359 360 72064801
374 875 49498309
70 922 833785882
242 726 805984636
866 443 221807599
892 319 325106833
614 782 173190226
528 975 106908748
280 49 344599890
804 57 937405350
512 545 685656630
906 921 679513560
211 494 550150147
528 404 11099160
432 334 657016059
837 16 265685029
252 773 780196184
640 619 316323073
312 920 594170363
814 526 162966154
601 298 22823543
468 26 24500171
675 267 697365380
209 945 582986987
534 785 233074771
360 813 749482637
719 213 405238003
229 342 938921358
973 642 189543317
102 296 655536734
667 848 946505233
320 585 447827827
786 373 659476497
755 576 159597401
520 702 373121785
77 558 912379105
813 985 67959400
103 781 762730212
136 63 522435983
359 977 303536856
923 128 257165362
484 384 907562434
133 399 409456476
170 357 221494107
945 598 746782638
88 575 233873212
967 671 574970442
581 377 838228083
55 504 117434995
96 149 726643073
799 380 677297698
357 538 595791340
494 483 40632978
226 604 199707830
399 954 460999265
817 350 748262539
957 162 788199706
712 983 634430519
710 620 203274838
983 97 408864376
585 119 561936836
773 199 74896021
620 503 397435027
417 834 718757600
283 696 975717896
617 430 609008448
378 271 116793816
868 89 677637345
100 3 280532995
832 317 293195162
3 656 867697580
774 475 222028862
620 745 271093762
655 416 876410947
331 947 176190105
356 68 20855588
973 183 488980851
209 364 396227892
199 311 841430326
182 365 796348392
634 428 45276124
373 628 700281134
90 600 948416165
601 495 341729103
471 140 951603480
491 510 179482266
397 396 404663316
824 17 558216955
753 744 497880888
686 34 779280944
553 4 451252066
276 749 227658357
83 611 453478758
261 527 892738036
930 127 630971243
704 568 515985868
838 591 441911125
926 836 21565276
571 550 706958
533 666 461862275
396 777 340302114
597 858 51337613
406 833 421832955
30 713 539953110
742 321 665116895
352 690 804358295
30 687 996005084
824 535 340139984
666 392 748652770
727 980 42148387
530 51 851469507
469 375 959463173
657 882 186073400
286 626 928735641
783 662 55363316
44 324 801895573
745 232 268362466
269 809 792555106
51 289 699542310
265 256 818883488
920 842 100467154
558 964 798988943
834 506 62405080
662 539 253509640
749 518 263814806
786 42 985796149
358 884 474152941
983 239 744561281
431 126 205569670
375 414 984422153
582 247 825800410
881 668 462903864
226 230 746911736
151 15 929863009
507 899 728495991
820 664 310823663
444 75 881235415
411 982 49978443
926 557 313378897
985 248 10920192
544 370 994420585
213 241 821987438
61 778 608412822
86 949 897851064
319 524 193783348
574 203 390035596
378 32 718579467
539 401 589111410
881 770 433877056
568 519 801022083
945 328 364855390
296 132 842519311
72 134 270508909
106 420 975621329
364 148 679775997
342 927 460505289
937 58 51725738
112 263 120312349
183 747 341346433
389 369 467153271
352 787 30538871
964 723 200215538
787 323 806485085
875 441 887282857
294 367 946668594
666 554 346022609
51 445 919152739
604 82 522979360
456 322 301838217
518 405 831505436
247 304 534118415
247 459 423310109
239 839 391246176
483 632 699049640
777 218 7597372
783 274 262915603
242 206 996681045
457 856 749177938
328 308 135433758
357 302 429639047
693 73 666404238
55 184 672618529
193 849 708565484
397 847 629326909
151 500 341494520
857 513 614794659
58 442 27868948
604 46 13302637
598 19 538961078
575 423 327962109
325 461 909637751
770 343 887256238
201 395 691800674
259 279 981242999
947 578 188157983
365 160 678131007
343 841 88797546
884 64 784311447
923 243 278828557
912 986 24555428
804 828 378414035
183 408 123605084
404 497 114672948
19 543 83159037
375 555 673529867
140 638 661669562
206 935 149646071
289 175 790380429
696 645 433756632
784 309 606437482
3 805 65497667
838 194 850128764
461 435 643023568
322 599 568527436
977 402 576267026
271 268 235115770
435 386 909905258
985 928 259552029
930 275 487344750
982 567 997455122
653 255 848492355
44 909 149773306
15 81 287994353
584 466 997926880
479 994 851488500
946 107 577908087
279 174 57420966
727 531 628509498
321 496 731667606
317 718 803436134
190 50 800986080
152 643 557036205
744 449 176028364
813 282 111315999
4 143 935067080
778 11 26348583
899 438 419033573
600 759 673635070
423 185 529085711
234 21 380506905
77 363 780812479
833 859 69373010
149 919 471037132
531 337 180817627
168 684 285081023
555 254 848853237
854 670 332934691
500 486 420886408
634 92 348997580
304 880 329698868
143 425 835766792
386 214 56838151
32 202 173187894
600 176 674867726
148 991 152346215
787 244 945449177
884 592 165630143
204 918 379977898
75 98 215180264
949 167 852422095
149 487 462658682
844 281 983989808
257 376 133363204
823 950 3798602
770 437 746295946
860 588 862412363
672 272 613538849
340 187 264076065
361 924 576462153
377 893 609848295
510 877 230483775
459 595 751914126
68 436 873906203
840 660 353498764
445 959 859298004
16 629 168659501
687 715 483508495
502 25 567940416
388 623 599638660
400 110 525975598
954 221 976899314
111 473 877932153
847 303 699787919
619 447 667820346
912 412 78474941
466 698 282528640
500 631 281095683
740 548 138623096
325 429 249382864
981 681 515833132
776 654 21877638
170 760 144809186
903 537 955548928
847 993 98345365
58 874 674206308
990 277 106689372
334 873 244522412
947 130 160075657
684 861 429547835
503 418 191129502
487 37 82634555
255 931 47750573
880 285 375225430
11 480 140334491
598 509 715896207
461 609 989836662
595 705 997420633
564 540 274849062
313 896 368925694
218 217 706158567
361 84 100392284
200 387 94546188
343 330 24849803
854 583 143677767
896 676 826573608
591 27 688853402
26 474 38848092
47 989 452395141
178 74 795078411
134 310 865542412
268 708 747259251
671 952 596467643
34 43 463604706
902 796 32001103
399 735 443627752
855 590 659376699
274 541 927308354
855 139 809131131
922 192 460804311
466 154 915411746
25 566 158949316
588 173 87881548
328 515 634746512
935 546 744170480
308 120 73345418
776 905 124989636
443 917 152790764
777 887 61402940
704 624 707849088
400 347 41716584
417 743 74765467
353 865 766085776
330 137 226459737
538 410 552487796
568 984 428261325
222 761 452320851
555 618 510294415
232 451 49079838
254 652 259550417
773 551 214665321
530 561 486679914
743 633 360885916
110 67 784376984
909 720 377391341
311 729 105937694
69 762 184192116
961 189 484151198
414 197 125150238
817 335 298602194
735 979 145724923
513 398 816412886
475 978 930595676
449 462 490590633
97 188 67748003
460 850 473307607
204 663 552233490
304 99 681558797
641 835 67673440
24 424 415934165
447 117 733334488
43 556 282631433
682 736 661061600
37 808 295288967
842 974 767413217
122 290 438270179
575 725 793487446
69 793 548206492
462 158 640110327
296 768 234015859
168 658 913451833
139 41 240167457
303 798 837181685
438 260 37276857
370 351 39516042
624 677 897314826
533 6 548958659
360 348 253688590
456 792 452815474
252 381 509349784
554 517 298206789
46 450 23392478
230 164 564321349
642 489 380674199
140 795 616013032
290 701 762893406
743 453 282100632
793 186 533639764
625 394 98588608
958 258 208727343
230 146 647912066
726 238 198387972
420 514 256277838
43 177 102879302
559 208 453221298
218 379 723265640
416 613 946242790
150 943 115113569
384 864 159061135
207 306 539163337
12 851 997625325
483 166 739193886
778 118 183677100
381 344 73700884
538 327 713472236
388 622 997273411
927 536 802467224
89 963 274376974
379 415 155253093
614 606 28249769
956 748 506657118
449 219 658347199
682 33 621878245
175 891 46009798
408 220 838978336
312 1 581102491
402 870 3570762
893 730 832575687
590 345 210044170
49 354 253036146
64 936 369256
861 383 195067688
198 691 447565985
406 769 69217434
507 552 61993312
949 223 46394894
606 929 202956272
873 54 571752677
340 651 422410535
656 76 892804124
386 648 451928523
797 452 351458357
150 970 219206581
839 644 478073574
686 508 729355423
342 829 595200615
994 253 967309576
567 895 421264331
859 413 264788840
656 876 686676195
459 772 99108138
524 607 952639295
613 523 543493857
381 738 329929399
26 305 478990770
779 542 398674344
310 706 28539957
186 549 921062346
267 505 15667702
857 478 274925897
818 756 202646498
585 53 27621641
289 728 729243400
309 650 105593660
354 741 574098408
82 746 815318636
485 240 706682937
891 621 580185806
944 346 436994957
439 692 28026357
874 697 208305821
503 332 299317182
677 29 821474753
479 446 628244401
66 627 613272206
697 577 917153821
746 707 610818880
223 7 714748514
107 125 156551061
909 879 478108495
300 39 648726934
430 315 647290167
837 700 184932691
654 603 160820297
662 579 335946565
496 368 50750475
625 157 544955188
574 966 453434397
626 587 413811644
823 131 697544110
130 951 181283281
870 969 534408238
728 940 356978424
730 683 442510564
303 843 466240341
186 60 461069877
75 228 967890950
907 803 579821692
893 826 257595317
2 699 332002239
832 976 5197521
683 233 379555797
482 225 606116321
373 703 114190535
285 20 942960819
975 863 760445465
260 8 830308078
442 329 566555580
41 307 498790115
980 610 373735111
29 810 78813179
350 569 215699445
498 722 747321318
213 573 305365165
895 992 288494569
506 807 76055624
294 179 920411808
895 570 34404488
841 227 155082998
329 997 239907869
959 897 372627977
164 362 977705774
174 288 808482835
563 224 30573175
592 679 498524735
990 454 508158510
611 284 981622316
222 293 867517623
931 422 539400755
552 493 326153181
565 750 634387278
800 898 536427194
699 407 413960319
761 48 2589434
729 113 919259175
132 915 884060004
663 572 290236697
473 852 293103332
407 393 621287833
675 962 900721525
569 191 716050068
384 853 732696818
244 933 329207572
964 419 628889458
244 739 105305292
535 965 262504180
185 886 838648079
638 734 813894330
917 589 701711413
543 135 746457552
497 646 846432539
974 169 122866799
415 333 451335266
89 593 43480025
684 775 310876871
988 586 379196858
307 767 664763704
498 87 798538557
865 737 755434556
409 249 828874793
932 45 410935702
364 765 115908339
874 492 882222156
628 338 263218765
974 390 355601018
880 511 498203790
175 124 368707924
88 91 458160053
356 862 641915909
452 196 500919375
368 971 317038881
158 336 773886280
858 165 483502338
843 246 880177966
482 908 457178512
438 121 660665181
546 427 461957788
194 811 173761254
191 13 711135644
626 987 247500342
219 138 249487992
928 79 391723768
510 815 660510710
176 812 844540311
956 501 584184314
319 250 706724409
529 788 602356196
493 95 357496498
282 104 348741845
128 245 790039791
82 639 14698350
