1000
978 652 0
652 315 0
978 887 0
315 824 0
652 992 0
978 782 0
887 479 0
824 522 0
824 6 0
887 218 0
315 599 0
522 97 0
479 247 0
992 651 0
6 576 0
479 426 0
6 121 0
782 89 0
426 24 0
576 955 0
955 433 0
576 510 0
218 685 0
247 788 0
121 612 0
426 936 0
992 291 0
291 880 0
880 664 0
788 634 0
247 435 0
291 639 0
218 60 0
651 175 0
634 290 0
599 357 0
433 680 0
89 254 0
357 566 0
522 856 0
685 602 0
955 494 0
880 468 0
612 828 0
435 833 0
510 800 0
602 256 0
680 347 0
936 757 0
357 259 0
347 971 0
256 423 0
347 392 0
510 80 0
256 450 0
612 367 0
856 995 0
680 299 0
971 67 0
685 420 0
757 167 0
435 859 0
175 82 0
599 221 0
450 95 0
566 405 0
664 417 0
175 569 0
417 50 0
24 244 0
95 864 0
856 904 0
634 369 0
367 120 0
995 126 0
782 442 0
569 845 0
290 793 0
80 657 0
800 62 0
904 395 0
904 137 0
97 863 0
651 318 0
50 622 0
50 35 0
639 429 0
423 74 0
569 389 0
67 498 0
494 655 0
74 854 0
971 767 0
121 850 0
318 63 0
664 269 0
859 51 0
67 325 0
167 463 0
299 810 0
450 750 0
498 515 0
367 624 0
126 497 0
244 584 0
63 211 0
290 15 0
137 514 0
468 255 0
750 982 0
863 144 0
126 30 0
498 364 0
584 111 0
97 491 0
221 307 0
369 837 0
392 968 0
392 873 0
95 461 0
936 556 0
30 996 0
144 958 0
845 103 0
167 443 0
395 516 0
325 530 0
35 349 0
325 297 0
854 736 0
299 372 0
497 267 0
788 356 0
443 462 0
259 249 0
15 472 0
307 53 0
420 29 0
80 643 0
137 346 0
24 334 0
859 300 0
63 851 0
833 1 0
417 813 0
62 482 0
655 242 0
269 237 0
800 631 0
111 408 0
307 538 0
1 906 0
958 681 0
423 99 0
906 567 0
211 340 0
369 376 0
120 337 0
408 598 0
863 182 0
182 686 0
244 46 0
657 769 0
516 77 0
364 488 0
958 818 0
318 787 0
349 43 0
757 7 0
99 778 0
567 977 0
530 324 0
602 396 0
364 649 0
631 768 0
818 164 0
211 986 0
768 779 0
408 271 0
996 606 0
624 407 0
51 317 0
43 157 0
442 917 0
793 656 0
686 812 0
255 668 0
46 577 0
35 410 0
668 960 0
62 898 0
237 105 0
606 840 0
624 380 0
340 724 0
334 721 0
778 331 0
778 930 0
656 770 0
681 848 0
833 4 0
331 600 0
334 402 0
356 107 0
793 658 0
721 225 0
898 662 0
405 785 0
850 985 0
29 766 0
668 185 0
225 241 0
622 976 0
269 765 0
995 719 0
46 98 0
225 370 0
530 934 0
237 537 0
60 605 0
657 988 0
60 394 0
30 914 0
396 990 0
164 572 0
53 947 0
410 34 0
340 332 0
356 48 0
934 203 0
463 683 0
556 628 0
271 846 0
48 342 0
854 774 0
429 207 0
686 20 0
271 385 0
497 228 0
74 184 0
184 523 0
99 16 0
103 997 0
765 626 0
538 693 0
228 57 0
626 832 0
429 742 0
405 831 0
107 781 0
523 535 0
683 938 0
420 422 0
584 565 0
463 893 0
111 258 0
297 58 0
655 85 0
982 858 0
164 309 0
488 272 0
605 944 0
537 179 0
770 922 0
968 708 0
317 704 0
468 475 0
331 42 0
472 374 0
48 10 0
930 555 0
376 691 0
917 458 0
267 158 0
43 741 0
681 839 0
914 22 0
643 723 0
241 679 0
157 675 0
785 102 0
16 573 0
577 738 0
402 235 0
572 375 0
394 635 0
4 731 0
89 531 0
396 481 0
77 822 0
864 489 0
515 749 0
395 529 0
242 358 0
185 948 0
985 885 0
662 866 0
765 543 0
443 320 0
768 913 0
207 508 0
346 815 0
656 78 0
7 502 0
1 21 0
818 381 0
600 617 0
767 607 0
51 843 0
182 745 0
846 73 0
15 323 0
837 667 0
259 134 0
349 825 0
606 131 0
769 842 0
976 17 0
103 756 0
934 884 0
850 351 0
494 630 0
389 341 0
567 648 0
407 636 0
53 674 0
787 546 0
372 305 0
370 109 0
29 718 0
324 293 0
255 90 0
254 541 0
947 289 0
810 999 0
990 411 0
385 808 0
845 794 0
221 784 0
120 132 0
332 844 0
779 951 0
491 671 0
977 799 0
873 366 0
203 899 0
622 47 0
380 418 0
105 492 0
631 697 0
774 287 0
300 790 0
461 739 0
988 544 0
249 75 0
898 186 0
566 263 0
721 232 0
719 496 0
144 891 0
598 483 0
98 152 0
649 213 0
20 786 0
996 548 0
34 911 0
82 806 0
986 169 0
342 852 0
410 114 0
812 553 0
906 601 0
556 732 0
851 37 0
337 507 0
184 513 0
736 682 0
750 478 0
813 457 0
766 637 0
960 912 0
514 214 0
848 378 0
840 248 0
639 146 0
516 154 0
462 861 0
724 339 0
442 425 0
658 660 0
433 795 0
482 282 0
828 195 0
628 190 0
997 149 0
693 390 0
57 877 0
832 404 0
742 805 0
831 629 0
781 604 0
535 909 0
938 449 0
422 171 0
565 890 0
893 761 0
258 926 0
58 918 0
85 233 0
858 243 0
309 816 0
272 119 0
944 476 0
179 542 0
922 882 0
708 14 0
704 142 0
475 88 0
42 633 0
374 437 0
10 359 0
555 451 0
691 223 0
458 127 0
158 707 0
741 181 0
839 763 0
22 321 0
723 661 0
679 415 0
675 180 0
102 268 0
573 616 0
738 345 0
235 178 0
375 611 0
635 672 0
731 245 0
531 129 0
481 212 0
822 87 0
489 735 0
749 493 0
529 23 0
358 698 0
948 650 0
885 641 0
866 66 0
543 302 0
320 265 0
913 101 0
508 580 0
815 363 0
78 987 0
502 200 0
21 654 0
381 594 0
617 618 0
607 932 0
843 549 0
745 93 0
73 517 0
323 240 0
667 377 0
134 950 0
825 135 0
131 61 0
842 438 0
17 13 0
756 533 0
884 227 0
351 730 0
630 725 0
341 970 0
648 506 0
636 197 0
674 280 0
546 900 0
305 273 0
109 70 0
718 147 0
293 361 0
90 202 0
541 173 0
289 460 0
999 759 0
411 574 0
808 940 0
794 512 0
784 870 0
132 257 0
844 644 0
951 993 0
671 980 0
799 949 0
366 771 0
899 504 0
47 740 0
418 716 0
492 521 0
697 238 0
287 511 0
790 466 0
739 919 0
544 646 0
75 296 0
186 283 0
263 208 0
232 853 0
496 961 0
891 975 0
483 123 0
152 653 0
213 758 0
786 894 0
548 399 0
911 592 0
806 865 0
169 319 0
852 485 0
114 561 0
553 260 0
601 726 0
732 328 0
37 322 0
507 277 0
513 620 0
682 387 0
478 568 0
457 156 0
637 294 0
912 710 0
214 609 0
378 18 0
248 436 0
146 25 0
154 500 0
861 191 0
339 746 0
425 638 0
660 687 0
795 558 0
282 310 0
195 879 0
190 298 0
149 526 0
390 886 0
877 474 0
404 231 0
805 540 0
629 692 0
604 448 0
909 905 0
449 916 0
171 527 0
890 414 0
761 973 0
926 869 0
918 925 0
233 713 0
243 368 0
816 777 0
119 931 0
476 876 0
542 439 0
882 391 0
14 712 0
142 428 0
88 956 0
633 444 0
437 371 0
359 108 0
451 270 0
223 610 0
127 586 0
707 216 0
181 174 0
763 802 0
321 570 0
661 524 0
415 69 0
180 727 0
268 791 0
616 261 0
345 264 0
178 96 0
611 333 0
672 927 0
245 695 0
129 647 0
212 663 0
87 666 0
735 403 0
493 678 0
23 915 0
698 796 0
650 168 0
641 113 0
66 901 0
302 676 0
265 878 0
101 379 0
580 520 0
363 452 0
987 124 0
200 928 0
654 838 0
594 706 0
618 278 0
932 689 0
549 888 0
93 694 0
517 59 0
240 559 0
377 477 0
950 830 0
135 308 0
61 881 0
438 484 0
13 551 0
533 393 0
227 250 0
730 409 0
725 327 0
970 204 0
506 625 0
197 382 0
280 820 0
900 554 0
273 907 0
70 252 0
147 688 0
361 581 0
202 503 0
173 459 0
460 153 0
759 110 0
574 210 0
940 722 0
512 285 0
870 924 0
257 165 0
644 336 0
993 329 0
980 27 0
949 875 0
771 582 0
504 130 0
740 5 0
716 591 0
521 764 0
238 36 0
511 365 0
466 525 0
919 11 0
646 313 0
296 373 0
283 615 0
208 65 0
853 673 0
961 230 0
975 350 0
123 12 0
653 998 0
758 419 0
894 834 0
399 348 0
592 623 0
865 32 0
319 253 0
485 316 0
561 26 0
260 939 0
726 608 0
328 141 0
322 229 0
277 125 0
620 401 0
387 55 0
568 836 0
156 797 0
294 362 0
710 187 0
609 981 0
18 224 0
436 284 0
25 276 0
500 274 0
191 416 0
746 705 0
638 45 0
687 138 0
558 209 0
310 383 0
879 862 0
298 54 0
526 991 0
886 148 0
474 614 0
231 72 0
540 470 0
692 690 0
448 826 0
905 967 0
916 471 0
527 564 0
414 593 0
973 969 0
869 760 0
925 226 0
713 2 0
368 823 0
777 959 0
931 143 0
876 841 0
439 534 0
391 193 0
712 166 0
428 699 0
956 467 0
444 421 0
371 424 0
108 642 0
270 776 0
610 528 0
586 170 0
216 972 0
174 222 0
802 619 0
570 941 0
524 205 0
69 952 0
727 352 0
791 189 0
261 312 0
264 857 0
96 432 0
333 86 0
927 303 0
695 499 0
647 246 0
663 199 0
666 56 0
403 360 0
678 937 0
915 344 0
796 588 0
168 112 0
113 39 0
901 495 0
676 266 0
878 68 0
379 518 0
520 118 0
452 963 0
124 519 0
928 279 0
838 338 0
706 140 0
278 446 0
689 311 0
888 792 0
694 935 0
59 81 0
559 562 0
477 288 0
830 557 0
308 412 0
881 453 0
484 400 0
551 177 0
393 431 0
250 159 0
409 929 0
327 281 0
204 752 0
625 895 0
382 465 0
820 91 0
554 801 0
907 984 0
252 989 0
688 286 0
581 552 0
503 194 0
459 809 0
153 953 0
110 957 0
210 640 0
722 827 0
285 201 0
924 122 0
165 701 0
336 145 0
329 897 0
27 835 0
875 406 0
582 829 0
130 780 0
5 79 0
591 509 0
764 715 0
36 669 0
365 547 0
525 445 0
11 536 0
313 965 0
373 353 0
615 454 0
65 743 0
673 589 0
230 447 0
350 117 0
12 397 0
998 160 0
419 814 0
834 889 0
348 883 0
623 587 0
32 136 0
253 71 0
316 76 0
26 603 0
939 597 0
608 52 0
141 236 0
229 219 0
125 64 0
401 192 0
55 783 0
836 579 0
797 262 0
362 532 0
187 3 0
981 946 0
224 711 0
284 962 0
276 100 0
274 8 0
416 737 0
705 441 0
45 798 0
138 455 0
209 430 0
383 220 0
862 198 0
54 923 0
991 139 0
148 983 0
614 354 0
72 807 0
470 772 0
690 700 0
826 789 0
967 234 0
471 632 0
564 464 0
593 847 0
969 239 0
760 979 0
226 714 0
2 933 0
823 734 0
959 384 0
143 550 0
841 751 0
534 910 0
193 645 0
166 855 0
699 684 0
467 44 0
421 38 0
424 330 0
642 762 0
776 335 0
528 301 0
170 440 0
972 19 0
222 775 0
619 473 0
941 903 0
205 720 0
952 469 0
352 728 0
189 747 0
312 183 0
857 215 0
432 920 0
86 501 0
303 104 0
499 571 0
246 326 0
199 753 0
56 314 0
360 871 0
937 773 0
344 306 0
588 398 0
112 560 0
39 994 0
495 811 0
266 343 0
68 872 0
518 563 0
118 627 0
963 251 0
519 92 0
279 821 0
338 0 0
140 487 0
446 803 0
311 33 0
792 896 0
935 578 0
81 162 0
562 155 0
288 188 0
557 670 0
412 539 0
453 819 0
400 575 0
177 176 0
431 733 0
159 456 0
929 41 0
281 868 0
752 954 0
895 744 0
465 703 0
91 804 0
801 84 0
984 943 0
989 434 0
286 206 0
552 748 0
194 583 0
809 151 0
953 755 0
957 427 0
640 867 0
827 902 0
201 596 0
122 9 0
701 621 0
145 94 0
897 590 0
835 490 0
406 613 0
829 585 0
780 665 0
79 702 0
509 486 0
715 964 0
669 729 0
547 892 0
445 754 0
536 817 0
965 386 0
353 717 0
454 116 0
743 480 0
589 945 0
447 292 0
117 874 0
397 295 0
160 83 0
814 172 0
889 545 0
883 355 0
587 974 0
136 388 0
71 860 0
76 696 0
603 966 0
597 49 0
52 161 0
236 28 0
219 709 0
64 849 0
192 40 0
783 304 0
579 31 0
262 677 0
532 217 0
3 413 0
946 133 0
711 106 0
962 595 0
100 196 0
8 275 0
737 505 0
441 150 0
798 942 0
455 163 0
430 115 0
220 908 0
198 921 0
923 128 0
139 659 0
