1000
724 719 0
887 152 0
559 945 0
458 53 0
712 372 0
50 966 0
122 333 0
636 798 0
140 985 0
452 99 0
299 132 0
415 982 0
69 230 0
9 451 0
411 241 0
874 347 0
438 321 0
681 323 0
307 718 0
382 111 0
786 128 0
202 69 0
296 374 0
901 995 0
872 661 0
275 234 0
284 771 0
750 652 0
621 626 0
525 271 0
707 292 0
831 320 0
85 243 0
464 265 0
550 803 0
624 675 0
967 655 0
537 168 0
372 646 0
49 177 0
907 849 0
190 345 0
154 527 0
639 939 0
839 788 0
178 842 0
703 531 0
698 403 0
450 988 0
144 705 0
758 638 0
141 48 0
133 311 0
203 769 0
170 194 0
943 619 0
938 413 0
381 364 0
383 486 0
247 270 0
165 140 0
24 623 0
795 54 0
751 487 0
605 287 0
891 166 0
895 118 0
993 716 0
753 121 0
483 501 0
650 885 0
729 796 0
624 978 0
274 56 0
408 782 0
396 850 0
871 556 0
928 491 0
581 794 0
631 61 0
11 330 0
991 779 0
307 188 0
267 296 0
338 23 0
687 518 0
395 475 0
541 648 0
224 222 0
217 316 0
320 448 0
71 511 0
591 110 0
859 901 0
826 940 0
242 670 0
84 822 0
910 621 0
996 70 0
666 710 0
248 723 0
632 383 0
159 394 0
576 466 0
980 775 0
169 728 0
720 123 0
380 510 0
604 214 0
765 813 0
89 158 0
209 922 0
484 509 0
309 703 0
539 416 0
147 3 0
64 987 0
547 616 0
756 552 0
943 180 0
877 909 0
404 727 0
455 348 0
519 533 0
637 341 0
386 60 0
271 366 0
878 312 0
781 814 0
461 13 0
165 377 0
589 31 0
979 122 0
82 624 0
839 138 0
882 203 0
713 570 0
299 224 0
13 893 0
247 343 0
15 807 0
414 923 0
417 404 0
189 370 0
544 633 0
514 426 0
82 414 0
73 755 0
266 502 0
605 204 0
858 856 0
1 548 0
336 294 0
74 684 0
939 46 0
731 826 0
56 119 0
84 507 0
552 748 0
216 808 0
532 462 0
602 855 0
617 76 0
735 136 0
296 82 0
172 337 0
466 244 0
949 135 0
942 171 0
677 334 0
812 785 0
823 20 0
314 951 0
889 438 0
790 21 0
86 964 0
135 611 0
21 804 0
554 41 0
179 267 0
825 629 0
923 105 0
852 756 0
891 142 0
708 439 0
283 170 0
355 37 0
197 777 0
17 587 0
216 733 0
670 529 0
925 346 0
404 602 0
585 820 0
374 410 0
182 499 0
18 328 0
183 49 0
343 764 0
29 190 0
579 127 0
160 720 0
640 375 0
763 433 0
892 980 0
443 977 0
329 368 0
989 514 0
847 240 0
627 650 0
705 534 0
467 958 0
492 860 0
119 442 0
471 751 0
533 19 0
285 167 0
802 352 0
758 193 0
699 543 0
962 974 0
527 810 0
21 917 0
395 396 0
258 215 0
72 307 0
11 881 0
916 237 0
794 690 0
687 134 0
883 938 0
753 400 0
882 361 0
981 430 0
520 786 0
902 713 0
756 512 0
67 493 0
613 306 0
423 993 0
936 217 0
644 146 0
527 444 0
472 696 0
855 18 0
701 928 0
954 584 0
656 386 0
412 202 0
200 643 0
155 197 0
553 760 0
481 800 0
111 112 0
232 610 0
828 967 0
28 399 0
789 910 0
110 585 0
424 946 0
135 28 0
706 791 0
177 213 0
676 276 0
306 145 0
343 757 0
655 868 0
493 494 0
980 770 0
492 157 0
544 72 0
17 694 0
452 233 0
727 195 0
752 774 0
998 695 0
425 996 0
381 689 0
293 778 0
654 752 0
658 35 0
162 819 0
972 67 0
318 567 0
516 96 0
870 435 0
118 458 0
390 496 0
597 617 0
964 280 0
612 75 0
729 457 0
791 701 0
486 707 0
720 857 0
743 397 0
25 549 0
831 568 0
329 415 0
807 331 0
358 469 0
843 378 0
583 736 0
390 970 0
774 581 0
211 382 0
257 729 0
744 843 0
900 604 0
771 578 0
185 737 0
224 10 0
781 526 0
671 541 0
744 322 0
349 937 0
549 247 0
417 381 0
211 407 0
633 357 0
989 947 0
10 310 0
469 199 0
361 319 0
894 875 0
378 830 0
132 245 0
966 639 0
258 683 0
410 449 0
401 441 0
886 412 0
13 78 0
423 989 0
615 699 0
98 483 0
422 537 0
42 106 0
226 256 0
497 236 0
853 908 0
855 753 0
763 172 0
264 30 0
60 607 0
425 431 0
725 356 0
71 667 0
573 27 0
238 500 0
93 218 0
434 178 0
257 124 0
522 286 0
68 454 0
478 109 0
879 618 0
347 393 0
706 24 0
51 4 0
158 561 0
832 905 0
29 417 0
487 750 0
788 428 0
61 290 0
217 657 0
281 176 0
615 409 0
157 391 0
649 641 0
416 772 0
869 101 0
592 588 0
953 63 0
572 573 0
807 66 0
113 264 0
43 609 0
162 818 0
72 482 0
68 560 0
70 833 0
80 944 0
823 671 0
225 269 0
551 674 0
276 120 0
735 40 0
352 93 0
880 26 0
920 342 0
328 388 0
98 896 0
636 8 0
557 895 0
239 846 0
668 730 0
767 277 0
289 216 0
637 350 0
528 919 0
401 129 0
232 632 0
382 329 0
315 227 0
648 219 0
782 344 0
222 532 0
701 164 0
384 806 0
450 473 0
178 288 0
521 741 0
10 223 0
9 841 0
939 34 0
360 189 0
998 668 0
243 823 0
437 628 0
936 959 0
79 73 0
622 580 0
187 972 0
41 273 0
695 325 0
893 44 0
516 95 0
349 209 0
940 32 0
950 816 0
604 425 0
327 12 0
290 994 0
591 660 0
16 5 0
471 485 0
466 406 0
146 401 0
535 419 0
208 835 0
683 589 0
320 832 0
236 420 0
328 389 0
524 324 0
59 262 0
356 590 0
871 520 0
338 259 0
138 303 0
230 447 0
497 852 0
279 90 0
108 869 0
376 275 0
703 98 0
482 890 0
451 540 0
778 651 0
662 911 0
941 220 0
119 979 0
886 969 0
813 538 0
463 780 0
376 630 0
821 941 0
51 130 0
143 516 0
243 221 0
293 593 0
628 476 0
945 812 0
958 697 0
121 254 0
724 714 0
813 598 0
765 392 0
0 467 0
787 795 0
859 744 0
944 883 0
405 503 0
848 362 0
434 673 0
309 100 0
966 525 0
306 603 0
446 450 0
298 492 0
144 984 0
411 591 0
602 627 0
16 114 0
468 83 0
837 706 0
443 184 0
927 763 0
54 717 0
87 104 0
995 562 0
156 884 0
572 17 0
752 349 0
634 395 0
206 900 0
629 183 0
403 815 0
294 133 0
156 745 0
718 851 0
631 582 0
580 150 0
860 687 0
209 906 0
48 175 0
920 468 0
953 9 0
113 488 0
865 302 0
148 569 0
373 784 0
393 642 0
655 279 0
623 229 0
26 274 0
635 566 0
863 43 0
707 600 0
965 550 0
384 445 0
610 998 0
783 892 0
812 478 0
972 831 0
330 249 0
418 858 0
360 838 0
646 601 0
654 927 0
673 154 0
959 338 0
221 298 0
950 405 0
120 700 0
474 781 0
957 787 0
272 865 0
42 359 0
741 39 0
245 592 0
208 840 0
788 761 0
974 524 0
910 962 0
579 870 0
487 956 0
407 318 0
766 571 0
987 460 0
446 828 0
702 595 0
924 688 0
692 768 0
69 749 0
419 878 0
179 825 0
565 792 0
225 143 0
347 371 0
847 558 0
261 930 0
892 839 0
340 432 0
528 147 0
522 758 0
931 335 0
731 797 0
646 149 0
149 834 0
207 879 0
277 115 0
698 408 0
459 637 0
189 380 0
64 427 0
22 250 0
334 85 0
240 691 0
37 239 0
776 402 0
621 47 0
670 721 0
301 523 0
979 86 0
975 263 0
412 971 0
560 664 0
29 677 0
1 481 0
683 291 0
900 613 0
933 52 0
90 139 0
549 863 0
958 918 0
804 339 0
291 246 0
272 669 0
197 564 0
568 179 0
992 746 0
702 186 0
18 464 0
205 904 0
620 854 0
616 539 0
472 87 0
913 981 0
336 882 0
233 653 0
166 934 0
862 659 0
235 255 0
878 983 0
874 722 0
304 636 0
267 859 0
274 308 0
835 577 0
182 955 0
151 174 0
337 64 0
944 480 0
43 612 0
603 211 0
476 353 0
681 285 0
55 461 0
840 682 0
3 1 0
276 89 0
22 187 0
141 551 0
19 131 0
995 724 0
530 579 0
160 827 0
489 225 0
696 732 0
56 50 0
504 455 0
535 57 0
325 490 0
948 58 0
935 226 0
997 365 0
403 793 0
969 897 0
90 2 0
775 281 0
508 565 0
37 766 0
895 544 0
581 596 0
308 871 0
669 283 0
314 656 0
63 608 0
821 418 0
359 975 0
334 635 0
767 943 0
534 586 0
440 117 0
614 536 0
622 615 0
195 38 0
75 107 0
757 888 0
999 799 0
308 248 0
250 597 0
563 465 0
269 77 0
318 182 0
826 148 0
86 933 0
845 743 0
653 45 0
725 519 0
764 108 0
77 97 0
235 201 0
482 932 0
558 926 0
147 169 0
837 71 0
556 936 0
630 599 0
609 151 0
55 336 0
885 762 0
448 242 0
732 545 0
727 25 0
230 681 0
554 685 0
290 463 0
524 704 0
172 521 0
321 990 0
790 715 0
660 575 0
337 824 0
906 14 0
345 693 0
960 903 0
184 625 0
804 594 0
692 192 0
984 300 0
398 251 0
689 268 0
396 809 0
653 821 0
887 424 0
960 731 0
15 802 0
222 862 0
442 305 0
912 960 0
990 340 0
437 776 0
660 313 0
464 384 0
573 156 0
999 422 0
312 301 0
959 773 0
455 949 0
685 535 0
919 205 0
273 51 0
484 489 0
215 739 0
38 0 0
130 102 0
639 88 0
54 861 0
705 260 0
547 559 0
187 284 0
601 161 0
798 873 0
764 252 0
53 173 0
27 848 0
275 185 0
808 91 0
912 997 0
120 508 0
248 649 0
499 606 0
408 899 0
563 327 0
493 644 0
177 680 0
609 506 0
490 6 0
100 837 0
748 385 0
284 678 0
568 530 0
195 547 0
431 411 0
294 864 0
825 999 0
461 686 0
477 952 0
315 953 0
760 62 0
310 436 0
930 576 0
111 572 0
87 620 0
880 206 0
919 877 0
0 235 0
746 163 0
557 712 0
785 950 0
593 605 0
641 238 0
332 754 0
409 898 0
520 853 0
132 942 0
41 912 0
233 42 0
166 954 0
906 373 0
372 74 0
676 429 0
964 542 0
420 634 0
644 957 0
175 740 0
50 767 0
733 505 0
79 640 0
59 498 0
494 198 0
860 583 0
865 894 0
238 315 0
793 453 0
981 513 0
594 36 0
864 935 0
650 165 0
863 557 0
509 765 0
649 676 0
97 363 0
723 326 0
310 915 0
500 295 0
757 698 0
80 663 0
530 258 0
502 924 0
486 297 0
268 889 0
264 914 0
828 528 0
696 836 0
236 257 0
288 126 0
100 965 0
118 477 0
888 876 0
801 645 0
772 991 0
364 446 0
723 472 0
26 289 0
715 742 0
797 207 0
270 654 0
155 421 0
143 282 0
610 662 0
741 33 0
965 116 0
462 181 0
787 891 0
822 293 0
523 866 0
903 459 0
783 495 0
730 153 0
883 658 0
556 921 0
241 196 0
968 212 0
667 351 0
286 666 0
945 847 0
7 759 0
938 162 0
512 672 0
769 968 0
107 200 0
734 278 0
954 479 0
884 555 0
491 817 0
927 376 0
112 354 0
85 622 0
853 369 0
122 332 0
789 434 0
551 456 0
616 907 0
245 961 0
112 709 0
942 902 0
250 232 0
356 553 0
269 159 0
641 15 0
509 210 0
477 574 0
282 423 0
201 867 0
57 845 0
75 160 0
673 874 0
439 726 0
117 920 0
589 973 0
448 735 0
138 563 0
612 437 0
273 679 0
921 474 0
99 390 0
749 228 0
24 65 0
416 144 0
521 665 0
407 805 0
801 504 0
99 497 0
967 272 0
671 208 0
57 916 0
685 81 0
630 7 0
545 829 0
824 155 0
842 125 0
352 59 0
206 963 0
202 887 0
458 379 0
603 522 0
440 113 0
913 948 0
759 708 0
974 11 0
949 387 0
364 452 0
183 872 0
930 631 0
374 925 0
281 92 0
227 84 0
517 440 0
459 711 0
933 266 0
689 811 0
635 986 0
508 929 0
190 801 0
286 515 0
901 844 0
25 880 0
137 94 0
63 647 0
280 470 0
808 314 0
89 141 0
270 309 0
451 734 0
142 253 0
400 16 0
802 261 0
489 992 0
552 976 0
677 22 0
997 231 0
289 484 0
597 554 0
617 702 0
613 299 0
982 137 0
517 789 0
822 304 0
431 443 0
158 692 0
214 886 0
221 783 0
433 191 0
539 614 0
897 738 0
60 931 0
852 913 0
467 471 0
184 79 0
951 358 0
917 103 0
438 68 0
241 367 0
564 398 0
666 747 0
345 55 0
751 360 0
889 355 0
268 725 0
370 317 0
261 80 0
38 517 0
8 546 0
67 790 0
