1000
426 379 0
115 459 0
115 778 0
408 764 0
408 249 0
904 811 0
904 859 0
795 140 0
795 222 0
298 68 0
298 710 0
911 742 0
911 496 0
690 234 0
690 951 0
499 989 0
499 141 0
384 626 0
384 736 0
95 457 0
95 181 0
296 774 0
296 45 0
327 844 0
327 930 0
281 221 0
281 608 0
792 605 0
792 123 0
503 758 0
503 311 0
318 316 0
318 889 0
841 171 0
841 756 0
148 576 0
148 929 0
250 475 0
250 211 0
988 159 0
988 365 0
817 210 0
817 448 0
583 854 0
583 456 0
263 776 0
263 607 0
513 671 0
513 150 0
175 137 0
175 110 0
686 60 0
686 83 0
337 112 0
337 770 0
880 158 0
880 967 0
588 981 0
588 258 0
647 470 0
647 167 0
243 540 0
243 709 0
157 253 0
157 568 0
319 52 0
319 474 0
935 689 0
935 561 0
797 924 0
797 403 0
824 295 0
824 878 0
779 75 0
779 168 0
47 913 0
47 732 0
829 511 0
829 208 0
694 12 0
694 30 0
505 925 0
505 679 0
127 990 0
127 113 0
827 144 0
827 934 0
27 685 0
27 94 0
966 324 0
966 25 0
55 836 0
55 695 0
888 133 0
888 421 0
521 223 0
521 815 0
103 166 0
103 603 0
49 865 0
49 86 0
910 71 0
910 741 0
616 160 0
616 891 0
858 833 0
858 618 0
485 21 0
485 721 0
947 625 0
947 700 0
635 189 0
635 346 0
660 942 0
660 466 0
135 377 0
135 849 0
631 644 0
631 287 0
482 109 0
482 15 0
634 387 0
634 791 0
463 819 0
463 26 0
288 268 0
288 269 0
443 0 0
443 799 0
78 3 0
78 886 0
790 702 0
790 154 0
361 344 0
361 239 0
11 899 0
11 177 0
453 395 0
453 235 0
578 124 0
578 512 0
840 37 0
840 871 0
428 633 0
428 260 0
132 46 0
132 380 0
392 289 0
392 90 0
894 315 0
894 887 0
290 667 0
290 768 0
272 120 0
272 77 0
883 279 0
883 599 0
777 405 0
777 233 0
471 326 0
471 656 0
438 486 0
438 557 0
190 782 0
190 203 0
147 993 0
147 342 0
771 906 0
771 192 0
788 945 0
788 559 0
582 573 0
582 917 0
658 737 0
658 197 0
435 843 0
435 558 0
388 668 0
388 784 0
196 310 0
196 84 0
331 707 0
331 501 0
982 961 0
982 898 0
179 665 0
179 282 0
79 442 0
79 577 0
40 548 0
40 921 0
611 552 0
611 868 0
247 527 0
247 415 0
36 747 0
36 681 0
14 489 0
14 193 0
979 62 0
979 717 0
510 285 0
510 643 0
730 332 0
730 254 0
163 170 0
163 861 0
944 236 0
944 219 0
451 698 0
451 300 0
333 892 0
333 134 0
711 761 0
711 630 0
610 781 0
610 436 0
783 174 0
783 404 0
357 714 0
357 48 0
941 284 0
941 265 0
360 246 0
360 946 0
563 237 0
563 4 0
402 873 0
402 716 0
185 206 0
185 842 0
985 753 0
985 336 0
347 472 0
347 857 0
902 6 0
902 497 0
444 264 0
444 970 0
937 692 0
937 363 0
325 601 0
325 805 0
369 884 0
369 164 0
807 334 0
807 968 0
266 574 0
266 991 0
349 92 0
349 393 0
750 598 0
750 354 0
834 107 0
834 317 0
734 691 0
734 386 0
850 522 0
850 145 0
447 957 0
447 595 0
439 977 0
439 410 0
662 297 0
662 952 0
907 755 0
907 309 0
43 646 0
43 642 0
622 655 0
622 525 0
586 696 0
586 343 0
984 893 0
984 678 0
294 822 0
294 592 0
960 729 0
960 852 0
560 22 0
560 645 0
339 526 0
339 641 0
479 35 0
479 366 0
518 673 0
518 590 0
291 534 0
291 896 0
804 919 0
804 672 0
508 992 0
508 111 0
980 877 0
980 161 0
531 669 0
531 105 0
273 178 0
273 940 0
304 657 0
304 936 0
996 468 0
996 303 0
687 962 0
687 397 0
440 950 0
440 238 0
675 838 0
675 418 0
488 738 0
488 584 0
683 974 0
683 212 0
76 54 0
76 82 0
514 949 0
514 546 0
828 720 0
828 207 0
338 591 0
338 220 0
619 9 0
619 321 0
715 63 0
715 131 0
639 964 0
639 487 0
900 652 0
900 869 0
31 754 0
31 102 0
350 301 0
350 708 0
293 677 0
293 545 0
872 806 0
872 7 0
743 257 0
743 114 0
313 830 0
313 640 0
532 454 0
532 302 0
446 267 0
446 329 0
335 954 0
335 461 0
422 57 0
422 507 0
509 705 0
509 803 0
431 200 0
431 636 0
117 575 0
117 589 0
419 728 0
419 13 0
735 697 0
735 649 0
17 286 0
17 230 0
93 875 0
93 752 0
353 280 0
353 664 0
713 767 0
713 628 0
283 551 0
283 860 0
676 699 0
676 670 0
786 569 0
786 195 0
23 65 0
23 821 0
91 399 0
91 881 0
909 270 0
909 539 0
412 449 0
412 971 0
18 976 0
18 330 0
24 87 0
24 613 0
969 248 0
969 424 0
621 414 0
621 651 0
306 851 0
306 874 0
180 856 0
180 918 0
541 749 0
541 139 0
572 129 0
572 939 0
706 345 0
706 744 0
959 476 0
959 882 0
832 580 0
832 492 0
879 72 0
879 307 0
242 995 0
242 374 0
494 51 0
494 370 0
528 138 0
528 837 0
394 423 0
394 958 0
204 920 0
204 198 0
125 890 0
125 44 0
33 564 0
33 796 0
214 535 0
214 550 0
162 262 0
162 64 0
121 504 0
121 555 0
897 359 0
897 612 0
1 225 0
1 498 0
398 701 0
398 493 0
118 915 0
118 364 0
97 765 0
97 530 0
259 241 0
259 831 0
5 926 0
5 156 0
965 176 0
965 684 0
209 693 0
209 955 0
722 56 0
722 122 0
396 390 0
396 725 0
547 450 0
547 515 0
864 800 0
864 885 0
305 409 0
305 432 0
820 348 0
820 481 0
142 638 0
142 746 0
458 85 0
458 199 0
491 151 0
491 620 0
483 600 0
483 653 0
480 812 0
480 801 0
839 506 0
839 389 0
8 155 0
8 371 0
261 255 0
261 963 0
933 383 0
933 748 0
373 413 0
373 278 0
818 543 0
818 794 0
615 478 0
615 846 0
299 34 0
299 614 0
216 813 0
216 769 0
484 184 0
484 789 0
376 187 0
376 186 0
320 787 0
320 59 0
931 780 0
931 773 0
500 368 0
500 554 0
674 61 0
674 29 0
275 661 0
275 381 0
895 866 0
895 680 0
593 594 0
593 426 0
602 115 0
602 408 0
406 904 0
406 795 0
596 298 0
596 911 0
462 690 0
462 499 0
217 384 0
217 95 0
362 296 0
362 327 0
231 281 0
231 792 0
191 503 0
191 318 0
69 841 0
69 148 0
793 250 0
793 988 0
229 817 0
229 583 0
998 263 0
998 513 0
835 175 0
835 686 0
516 337 0
516 880 0
341 588 0
341 647 0
986 243 0
986 157 0
256 319 0
256 935 0
201 797 0
201 824 0
733 779 0
733 47 0
650 829 0
650 694 0
469 505 0
469 127 0
232 827 0
232 27 0
116 966 0
116 55 0
908 888 0
908 521 0
632 103 0
632 49 0
108 910 0
108 616 0
382 858 0
382 485 0
375 947 0
375 635 0
914 660 0
914 135 0
579 631 0
579 482 0
445 634 0
445 463 0
956 288 0
956 443 0
571 78 0
571 790 0
544 361 0
544 11 0
104 453 0
104 578 0
903 840 0
903 428 0
520 132 0
520 392 0
606 894 0
606 290 0
523 272 0
523 883 0
314 777 0
314 471 0
604 438 0
604 190 0
542 147 0
542 771 0
385 788 0
385 582 0
391 658 0
391 435 0
39 388 0
39 196 0
420 331 0
420 982 0
352 179 0
352 79 0
772 40 0
772 611 0
271 247 0
271 36 0
88 14 0
88 979 0
41 510 0
41 730 0
549 163 0
549 944 0
38 451 0
38 333 0
905 711 0
905 610 0
978 783 0
978 357 0
128 941 0
128 360 0
862 563 0
862 402 0
916 185 0
916 985 0
50 347 0
50 902 0
766 444 0
766 937 0
745 325 0
745 369 0
624 807 0
624 266 0
20 349 0
20 750 0
723 834 0
723 734 0
213 850 0
213 447 0
740 439 0
740 662 0
96 907 0
96 43 0
202 622 0
202 586 0
529 984 0
529 294 0
452 960 0
452 560 0
58 339 0
58 479 0
215 518 0
215 291 0
367 804 0
367 508 0
751 980 0
751 531 0
100 273 0
100 304 0
328 996 0
328 687 0
932 440 0
932 675 0
473 488 0
473 683 0
74 76 0
74 514 0
759 828 0
759 338 0
825 619 0
825 715 0
153 639 0
153 900 0
517 31 0
517 350 0
938 293 0
938 872 0
762 743 0
762 313 0
948 532 0
948 446 0
465 335 0
465 422 0
727 509 0
727 431 0
224 117 0
224 419 0
240 735 0
240 17 0
566 93 0
566 353 0
42 713 0
42 283 0
276 676 0
276 786 0
149 23 0
149 91 0
205 909 0
205 412 0
627 18 0
627 24 0
322 969 0
322 621 0
433 306 0
433 180 0
923 541 0
923 572 0
876 706 0
876 959 0
417 832 0
417 879 0
999 242 0
999 494 0
703 528 0
703 394 0
228 204 0
228 125 0
227 33 0
227 214 0
519 162 0
519 121 0
194 897 0
194 1 0
218 398 0
218 118 0
855 97 0
855 259 0
816 5 0
816 965 0
351 209 0
351 722 0
429 396 0
429 547 0
823 864 0
823 305 0
53 820 0
53 142 0
870 458 0
870 491 0
67 483 0
67 480 0
553 839 0
553 8 0
943 261 0
943 933 0
495 373 0
495 818 0
726 615 0
726 299 0
32 216 0
32 484 0
73 376 0
73 320 0
464 931 0
464 500 0
10 674 0
10 275 0
570 895 0
570 593 0
719 602 0
719 406 0
704 596 0
704 462 0
975 217 0
975 362 0
425 231 0
425 191 0
922 69 0
922 793 0
973 229 0
973 998 0
437 835 0
437 516 0
173 341 0
173 986 0
106 256 0
106 201 0
407 733 0
407 650 0
274 469 0
274 232 0
565 116 0
565 908 0
146 632 0
146 108 0
987 382 0
987 375 0
312 914 0
312 579 0
994 445 0
994 956 0
848 571 0
848 544 0
901 104 0
901 903 0
826 520 0
826 606 0
244 523 0
244 314 0
277 604 0
277 542 0
460 385 0
460 391 0
688 39 0
688 420 0
731 352 0
731 772 0
802 271 0
802 88 0
98 41 0
98 549 0
323 38 0
323 905 0
89 978 0
89 128 0
629 862 0
629 916 0
182 50 0
182 766 0
308 745 0
308 624 0
581 20 0
581 723 0
953 213 0
953 740 0
648 96 0
648 202 0
972 529 0
972 452 0
718 58 0
718 215 0
119 367 0
119 751 0
853 100 0
853 328 0
490 932 0
490 473 0
292 74 0
292 759 0
66 825 0
66 153 0
585 517 0
585 938 0
416 762 0
416 948 0
28 465 0
28 727 0
378 224 0
378 240 0
400 566 0
400 42 0
928 276 0
928 149 0
143 205 0
143 627 0
172 322 0
172 433 0
411 923 0
411 876 0
152 417 0
152 999 0
609 703 0
609 228 0
70 227 0
70 519 0
537 194 0
537 218 0
502 855 0
502 816 0
617 351 0
617 429 0
724 823 0
724 53 0
536 870 0
536 67 0
358 553 0
358 943 0
477 495 0
477 726 0
587 32 0
587 73 0
983 464 0
983 10 0
808 570 0
808 719 0
845 704 0
845 975 0
567 425 0
567 922 0
16 973 0
16 437 0
663 173 0
663 106 0
654 407 0
654 274 0
763 565 0
763 146 0
538 987 0
538 312 0
809 994 0
809 848 0
169 901 0
169 826 0
659 244 0
659 277 0
637 460 0
637 688 0
814 731 0
814 802 0
533 98 0
533 323 0
126 89 0
126 629 0
340 182 0
340 308 0
427 581 0
427 953 0
927 648 0
927 972 0
430 718 0
430 119 0
19 853 0
19 490 0
467 292 0
467 66 0
130 585 0
130 416 0
623 28 0
623 378 0
785 400 0
785 928 0
101 143 0
101 172 0
739 411 0
739 152 0
847 609 0
847 70 0
188 537 0
188 502 0
372 617 0
372 724 0
757 536 0
757 358 0
183 477 0
183 587 0
556 983 0
556 808 0
401 845 0
401 567 0
455 16 0
455 663 0
251 654 0
251 763 0
666 538 0
666 809 0
356 169 0
356 659 0
798 637 0
798 814 0
136 533 0
136 126 0
997 340 0
997 427 0
597 927 0
597 430 0
252 19 0
252 467 0
81 130 0
81 623 0
441 785 0
441 101 0
810 739 0
810 847 0
712 188 0
712 372 0
355 757 0
355 183 0
226 556 0
226 401 0
562 455 0
562 251 0
682 666 0
682 356 0
245 798 0
245 136 0
434 997 0
434 597 0
867 252 0
867 81 0
165 441 0
165 810 0
775 712 0
775 355 0
2 226 0
2 562 0
912 682 0
912 245 0
80 434 0
80 867 0
99 165 0
99 775 0
760 2 0
760 912 0
863 80 0
863 99 0
524 760 0
524 863 0
