1000
912 10 0
912 756 0
10 355 0
10 950 0
756 283 0
756 78 0
355 361 0
355 597 0
950 603 0
950 768 0
283 809 0
283 127 0
78 232 0
78 887 0
361 166 0
361 723 0
597 801 0
597 197 0
603 511 0
603 518 0
768 195 0
768 690 0
809 372 0
809 740 0
127 432 0
127 665 0
232 638 0
232 393 0
887 231 0
887 174 0
166 722 0
166 649 0
723 959 0
723 539 0
801 637 0
801 378 0
197 905 0
197 872 0
511 903 0
511 710 0
518 963 0
518 190 0
195 525 0
195 442 0
690 673 0
690 724 0
372 670 0
372 7 0
740 686 0
740 781 0
432 788 0
432 645 0
665 523 0
665 485 0
638 806 0
638 526 0
393 506 0
393 147 0
231 182 0
231 259 0
174 67 0
174 254 0
722 818 0
722 785 0
649 487 0
649 112 0
959 46 0
959 549 0
539 600 0
539 380 0
637 140 0
637 321 0
378 187 0
378 976 0
905 198 0
905 536 0
872 979 0
872 775 0
903 939 0
903 906 0
710 268 0
710 860 0
963 426 0
963 271 0
190 718 0
190 946 0
525 86 0
525 697 0
442 160 0
442 666 0
673 497 0
673 276 0
724 53 0
724 196 0
670 58 0
670 531 0
7 390 0
7 554 0
686 575 0
686 503 0
781 548 0
781 696 0
788 40 0
788 709 0
645 20 0
645 914 0
523 51 0
523 281 0
485 923 0
485 755 0
806 463 0
806 687 0
526 81 0
526 66 0
506 471 0
506 186 0
147 111 0
147 261 0
182 44 0
182 520 0
259 376 0
259 183 0
67 595 0
67 604 0
254 12 0
254 99 0
818 766 0
818 5 0
785 101 0
785 796 0
487 365 0
487 14 0
112 4 0
112 294 0
46 997 0
46 528 0
549 493 0
549 322 0
600 293 0
600 76 0
380 170 0
380 467 0
140 97 0
140 328 0
321 334 0
321 875 0
187 668 0
187 47 0
976 763 0
976 839 0
198 535 0
198 470 0
536 829 0
536 310 0
979 274 0
979 707 0
775 855 0
775 874 0
939 404 0
939 257 0
906 31 0
906 570 0
268 141 0
268 30 0
860 621 0
860 456 0
426 749 0
426 761 0
271 451 0
271 578 0
718 373 0
718 610 0
946 452 0
946 407 0
86 438 0
86 172 0
697 937 0
697 885 0
160 217 0
160 812 0
666 607 0
666 688 0
497 843 0
497 869 0
276 319 0
276 240 0
53 492 0
53 260 0
196 725 0
196 975 0
58 859 0
58 582 0
531 335 0
531 581 0
390 918 0
390 932 0
554 915 0
554 348 0
575 83 0
575 989 0
503 425 0
503 830 0
548 57 0
548 738 0
696 988 0
696 462 0
40 177 0
40 421 0
709 131 0
709 753 0
20 267 0
20 807 0
914 695 0
914 478 0
51 552 0
51 594 0
281 396 0
281 808 0
923 247 0
923 13 0
755 364 0
755 644 0
463 615 0
463 715 0
687 54 0
687 974 0
81 562 0
81 779 0
66 370 0
66 363 0
471 625 0
471 527 0
186 70 0
186 564 0
111 884 0
111 828 0
261 993 0
261 395 0
44 300 0
44 799 0
520 701 0
520 6 0
376 237 0
376 284 0
183 489 0
183 711 0
595 590 0
595 704 0
604 296 0
604 230 0
12 504 0
12 154 0
99 745 0
99 533 0
766 301 0
766 235 0
5 913 0
5 986 0
101 943 0
101 339 0
796 82 0
796 882 0
365 405 0
365 258 0
14 145 0
14 624 0
4 315 0
4 238 0
294 949 0
294 280 0
997 371 0
997 748 0
528 227 0
528 169 0
493 453 0
493 870 0
322 714 0
322 74 0
293 252 0
293 476 0
76 412 0
76 741 0
170 948 0
170 789 0
467 728 0
467 144 0
97 342 0
97 500 0
328 675 0
328 440 0
334 329 0
334 494 0
875 844 0
875 657 0
668 8 0
668 674 0
47 508 0
47 947 0
763 524 0
763 65 0
839 17 0
839 817 0
535 544 0
535 205 0
470 846 0
470 804 0
829 868 0
829 173 0
310 510 0
310 9 0
274 443 0
274 633 0
707 209 0
707 63 0
855 926 0
855 269 0
874 162 0
874 758 0
404 826 0
404 692 0
257 546 0
257 265 0
31 791 0
31 682 0
570 392 0
570 64 0
141 591 0
141 201 0
30 541 0
30 350 0
621 663 0
621 538 0
456 780 0
456 737 0
749 911 0
749 228 0
761 852 0
761 862 0
451 212 0
451 767 0
578 90 0
578 308 0
373 1 0
373 320 0
610 893 0
610 747 0
452 285 0
452 896 0
407 185 0
407 37 0
438 124 0
438 368 0
172 667 0
172 684 0
937 566 0
937 957 0
885 641 0
885 759 0
217 995 0
217 224 0
812 325 0
812 429 0
607 559 0
607 439 0
688 457 0
688 521 0
843 367 0
843 971 0
869 917 0
869 215 0
319 477 0
319 565 0
240 126 0
240 306 0
492 998 0
492 865 0
260 681 0
260 795 0
725 900 0
725 769 0
975 735 0
975 951 0
859 813 0
859 176 0
582 864 0
582 502 0
335 379 0
335 834 0
581 835 0
581 298 0
918 816 0
918 266 0
932 954 0
932 345 0
915 464 0
915 56 0
348 11 0
348 179 0
83 921 0
83 27 0
989 895 0
989 331 0
425 480 0
425 560 0
830 113 0
830 387 0
57 28 0
57 987 0
738 553 0
738 386 0
988 994 0
988 501 0
462 742 0
462 822 0
177 146 0
177 171 0
421 800 0
421 193 0
131 509 0
131 136 0
753 922 0
753 732 0
267 660 0
267 327 0
807 691 0
807 324 0
695 87 0
695 96 0
478 314 0
478 577 0
552 441 0
552 159 0
594 447 0
594 589 0
396 353 0
396 592 0
808 304 0
808 640 0
247 495 0
247 291 0
13 910 0
13 105 0
364 618 0
364 782 0
644 776 0
644 357 0
615 602 0
615 219 0
715 391 0
715 422 0
54 239 0
54 534 0
974 344 0
974 573 0
562 555 0
562 59 0
779 568 0
779 119 0
370 352 0
370 720 0
363 945 0
363 108 0
625 802 0
625 18 0
527 642 0
527 620 0
70 662 0
70 431 0
564 148 0
564 313 0
884 213 0
884 803 0
828 245 0
828 849 0
993 194 0
993 302 0
395 891 0
395 488 0
300 191 0
300 163 0
799 716 0
799 498 0
701 659 0
701 908 0
6 925 0
6 418 0
237 717 0
237 104 0
284 873 0
284 876 0
489 220 0
489 982 0
711 155 0
711 410 0
590 210 0
590 672 0
704 572 0
704 479 0
296 34 0
296 820 0
230 658 0
230 515 0
504 616 0
504 279 0
154 942 0
154 671 0
745 751 0
745 287 0
533 702 0
533 398 0
301 955 0
301 459 0
235 545 0
235 617 0
913 514 0
913 360 0
986 69 0
986 416 0
943 216 0
943 694 0
339 60 0
339 530 0
82 815 0
82 700 0
882 91 0
882 381 0
405 576 0
405 156 0
258 537 0
258 619 0
145 654 0
145 557 0
624 956 0
624 579 0
315 399 0
315 898 0
238 409 0
238 29 0
949 362 0
949 623 0
280 499 0
280 273 0
371 222 0
371 482 0
748 341 0
748 351 0
227 721 0
227 445 0
169 408 0
169 783 0
453 797 0
453 858 0
870 636 0
870 569 0
714 556 0
714 129 0
74 609 0
74 703 0
252 116 0
252 135 0
476 415 0
476 679 0
412 297 0
412 250 0
741 877 0
741 106 0
948 125 0
948 406 0
789 38 0
789 857 0
728 792 0
728 929 0
144 902 0
144 226 0
342 323 0
342 962 0
500 996 0
500 428 0
675 981 0
675 990 0
440 152 0
440 23 0
329 630 0
329 469 0
494 920 0
494 244 0
844 92 0
844 612 0
657 32 0
657 85 0
8 819 0
8 651 0
674 427 0
674 35 0
508 677 0
508 289 0
947 242 0
947 558 0
524 133 0
524 744 0
65 48 0
65 122 0
17 241 0
17 423 0
817 192 0
817 669 0
544 446 0
544 397 0
205 385 0
205 821 0
846 420 0
846 661 0
804 168 0
804 928 0
868 845 0
868 474 0
173 712 0
173 389 0
510 460 0
510 468 0
9 972 0
9 2 0
443 814 0
443 629 0
633 731 0
633 901 0
209 889 0
209 24 0
63 317 0
63 262 0
926 522 0
926 585 0
269 574 0
269 233 0
162 50 0
162 25 0
758 777 0
758 458 0
826 181 0
826 77 0
692 507 0
692 774 0
546 19 0
546 121 0
265 909 0
265 584 0
791 491 0
791 414 0
682 430 0
682 496 0
392 992 0
392 400 0
64 894 0
64 80 0
591 203 0
591 811 0
201 413 0
201 606 0
541 529 0
541 543 0
350 933 0
350 178 0
663 622 0
663 72 0
538 833 0
538 175 0
780 706 0
780 299 0
737 358 0
737 333 0
911 850 0
911 383 0
228 991 0
228 863 0
852 848 0
852 336 0
862 484 0
862 593 0
212 967 0
212 880 0
767 977 0
767 16 0
90 944 0
90 277 0
308 288 0
308 103 0
1 752 0
1 165 0
320 680 0
320 941 0
893 793 0
893 346 0
747 794 0
747 295 0
285 656 0
285 309 0
896 473 0
896 890 0
185 366 0
185 965 0
37 120 0
37 861 0
124 936 0
124 130 0
368 449 0
368 123 0
667 824 0
667 356 0
684 878 0
684 838 0
566 94 0
566 75 0
957 512 0
957 110 0
641 402 0
641 653 0
759 883 0
759 773 0
995 973 0
995 587 0
224 450 0
224 960 0
325 354 0
325 532 0
429 465 0
429 631 0
559 369 0
559 931 0
439 490 0
439 115 0
457 137 0
457 519 0
521 930 0
521 39 0
367 253 0
367 394 0
971 580 0
971 726 0
917 601 0
917 42 0
215 664 0
215 978 0
477 243 0
477 49 0
565 571 0
565 854 0
126 263 0
126 303 0
306 255 0
306 347 0
998 62 0
998 374 0
865 985 0
865 305 0
681 678 0
681 33 0
795 853 0
795 199 0
900 746 0
900 683 0
769 43 0
769 161 0
735 958 0
735 750 0
951 713 0
951 984 0
813 676 0
813 730 0
176 790 0
176 938 0
864 646 0
864 466 0
502 743 0
502 810 0
379 483 0
379 734 0
834 256 0
834 102 0
835 836 0
835 727 0
298 343 0
298 847 0
816 475 0
816 481 0
266 547 0
266 41 0
954 840 0
954 204 0
345 919 0
345 448 0
464 842 0
464 189 0
56 605 0
56 79 0
11 114 0
11 983 0
179 611 0
179 486 0
921 550 0
921 648 0
27 907 0
27 736 0
895 708 0
895 934 0
331 586 0
331 52 0
480 632 0
480 149 0
560 455 0
560 517 0
113 831 0
113 100 0
387 897 0
387 61 0
28 22 0
28 940 0
987 635 0
987 614 0
553 608 0
553 655 0
386 964 0
386 272 0
994 739 0
994 699 0
501 88 0
501 805 0
742 286 0
742 760 0
822 382 0
822 733 0
146 916 0
146 3 0
171 188 0
171 434 0
800 180 0
800 95 0
193 626 0
193 150 0
509 953 0
509 0 0
136 719 0
136 899 0
922 337 0
922 330 0
732 236 0
732 454 0
660 338 0
660 359 0
327 207 0
327 249 0
691 384 0
691 202 0
324 867 0
324 567 0
87 316 0
87 134 0
96 184 0
96 36 0
314 282 0
314 264 0
577 307 0
577 952 0
441 823 0
441 652 0
159 825 0
159 211 0
447 153 0
447 513 0
589 784 0
589 248 0
353 961 0
353 757 0
592 143 0
592 563 0
304 411 0
304 128 0
640 786 0
640 888 0
495 234 0
495 698 0
291 583 0
291 424 0
910 225 0
910 142 0
105 158 0
105 886 0
618 881 0
618 164 0
782 93 0
782 871 0
776 107 0
776 968 0
357 89 0
357 26 0
602 561 0
602 599 0
219 705 0
219 132 0
391 21 0
391 778 0
422 837 0
422 980 0
239 856 0
239 827 0
534 98 0
534 375 0
344 729 0
344 214 0
573 437 0
573 879 0
555 551 0
555 866 0
59 647 0
59 639 0
568 970 0
568 221 0
119 340 0
119 218 0
352 613 0
352 73 0
720 270 0
720 754 0
945 109 0
945 435 0
108 798 0
108 904 0
802 251 0
802 311 0
18 627 0
18 246 0
642 628 0
642 771 0
620 598 0
620 851 0
662 118 0
662 966 0
431 444 0
431 71 0
148 151 0
148 377 0
313 278 0
313 516 0
213 117 0
213 436 0
803 924 0
803 505 0
245 770 0
245 403 0
849 45 0
849 208 0
194 349 0
194 223 0
302 841 0
302 84 0
891 433 0
891 588 0
488 318 0
488 68 0
191 290 0
191 935 0
163 312 0
163 157 0
716 138 0
716 765 0
498 787 0
498 332 0
659 139 0
659 892 0
908 401 0
908 832 0
925 200 0
925 927 0
418 643 0
418 762 0
717 685 0
717 693 0
104 772 0
104 417 0
873 596 0
873 969 0
876 326 0
876 542 0
220 292 0
220 55 0
982 461 0
982 388 0
155 167 0
155 15 0
410 650 0
410 419 0
210 634 0
210 999 0
672 540 0
672 764 0
572 472 0
572 206 0
479 689 0
479 229 0
34 275 0
