1000
831 275 0
831 160 0
160 250 0
275 345 0
275 234 0
160 484 0
234 367 0
484 882 0
250 361 0
345 736 0
484 844 0
250 251 0
345 848 0
234 579 0
251 517 0
848 941 0
848 877 0
367 636 0
361 455 0
844 258 0
251 772 0
367 454 0
844 510 0
736 559 0
361 843 0
882 246 0
579 270 0
579 901 0
882 211 0
736 269 0
246 631 0
772 640 0
454 629 0
559 820 0
270 376 0
772 804 0
246 752 0
510 548 0
269 359 0
843 778 0
877 383 0
941 452 0
636 238 0
901 531 0
258 336 0
901 462 0
517 331 0
877 344 0
559 721 0
258 51 0
454 808 0
455 0 0
517 249 0
636 109 0
455 167 0
941 974 0
510 807 0
211 776 0
270 470 0
843 922 0
211 767 0
269 824 0
344 532 0
359 657 0
383 337 0
974 840 0
824 62 0
359 760 0
470 650 0
249 39 0
383 834 0
336 227 0
820 401 0
804 785 0
531 675 0
376 43 0
629 602 0
167 714 0
778 541 0
922 354 0
167 749 0
548 492 0
824 445 0
249 176 0
778 212 0
804 567 0
109 23 0
452 912 0
344 471 0
0 726 0
336 2 0
974 499 0
531 643 0
331 633 0
807 817 0
548 274 0
808 217 0
452 4 0
767 770 0
808 190 0
721 926 0
629 727 0
0 578 0
51 77 0
776 419 0
631 267 0
776 879 0
51 737 0
640 739 0
470 315 0
462 17 0
807 705 0
752 203 0
631 544 0
752 750 0
331 439 0
922 22 0
767 701 0
640 40 0
238 815 0
376 689 0
109 309 0
462 695 0
721 788 0
238 509 0
820 122 0
354 423 0
190 511 0
309 866 0
701 322 0
750 374 0
633 861 0
650 335 0
727 487 0
689 443 0
267 15 0
739 199 0
212 87 0
675 472 0
203 566 0
567 589 0
401 519 0
650 632 0
727 526 0
840 619 0
750 333 0
541 210 0
675 66 0
840 662 0
17 838 0
912 529 0
227 674 0
39 292 0
657 59 0
788 676 0
227 719 0
62 637 0
633 96 0
879 142 0
2 954 0
337 707 0
567 563 0
643 898 0
785 97 0
760 708 0
62 895 0
770 836 0
419 593 0
309 465 0
492 409 0
602 293 0
879 681 0
532 598 0
544 915 0
926 977 0
701 896 0
212 152 0
695 668 0
4 412 0
815 744 0
770 196 0
337 254 0
817 33 0
43 518 0
509 240 0
544 617 0
471 568 0
926 796 0
122 953 0
739 235 0
22 405 0
439 983 0
315 174 0
749 604 0
2 146 0
77 352 0
578 920 0
203 814 0
815 346 0
737 671 0
23 801 0
788 381 0
17 558 0
499 318 0
726 236 0
785 810 0
834 771 0
749 208 0
532 987 0
445 1 0
817 790 0
602 886 0
40 763 0
705 229 0
714 692 0
760 76 0
23 976 0
834 787 0
190 648 0
578 855 0
689 691 0
22 368 0
657 667 0
492 665 0
695 670 0
705 859 0
217 148 0
274 329 0
471 935 0
401 985 0
643 634 0
274 615 0
43 320 0
40 358 0
439 781 0
217 172 0
176 276 0
354 323 0
445 339 0
39 437 0
122 845 0
737 243 0
541 878 0
315 138 0
77 42 0
509 488 0
267 970 0
176 173 0
912 883 0
726 672 0
499 143 0
419 515 0
4 590 0
714 952 0
915 503 0
243 64 0
878 288 0
352 301 0
368 780 0
519 572 0
358 673 0
836 664 0
634 478 0
519 145 0
634 118 0
935 821 0
515 74 0
861 469 0
563 415 0
174 68 0
895 805 0
691 53 0
465 245 0
985 498 0
146 459 0
796 653 0
318 10 0
708 108 0
920 482 0
895 426 0
412 480 0
598 755 0
405 115 0
15 307 0
97 611 0
142 222 0
320 171 0
952 5 0
323 189 0
529 294 0
558 753 0
518 600 0
409 894 0
665 800 0
322 9 0
174 475 0
662 592 0
692 397 0
76 213 0
637 75 0
42 806 0
76 228 0
210 351 0
566 686 0
488 583 0
409 159 0
235 992 0
744 907 0
511 947 0
667 259 0
987 204 0
667 11 0
763 304 0
243 283 0
954 564 0
637 608 0
859 194 0
172 136 0
708 30 0
318 435 0
814 659 0
810 748 0
59 887 0
276 341 0
292 466 0
558 265 0
199 597 0
845 44 0
293 353 0
953 112 0
346 181 0
292 394 0
896 646 0
329 655 0
589 835 0
883 371 0
1 400 0
668 195 0
977 552 0
42 300 0
781 710 0
672 12 0
352 768 0
590 921 0
329 281 0
96 80 0
515 610 0
96 325 0
196 260 0
405 644 0
619 188 0
976 98 0
335 773 0
146 467 0
670 261 0
511 330 0
838 308 0
598 606 0
719 982 0
339 187 0
674 575 0
322 828 0
952 742 0
787 431 0
676 890 0
692 461 0
339 923 0
526 613 0
368 218 0
790 680 0
662 271 0
323 576 0
333 700 0
671 411 0
676 826 0
814 177 0
801 775 0
488 247 0
985 647 0
320 881 0
236 483 0
381 984 0
487 892 0
896 355 0
148 869 0
670 919 0
333 698 0
487 595 0
976 740 0
987 279 0
771 502 0
465 298 0
66 85 0
138 340 0
276 823 0
866 846 0
604 561 0
790 899 0
208 624 0
142 830 0
568 448 0
604 192 0
886 738 0
617 47 0
240 348 0
648 722 0
229 538 0
707 964 0
593 155 0
374 997 0
845 273 0
648 690 0
781 99 0
615 573 0
810 233 0
861 436 0
87 72 0
335 621 0
859 741 0
173 311 0
920 971 0
855 297 0
866 490 0
568 28 0
771 468 0
293 981 0
97 253 0
437 299 0
254 402 0
691 365 0
526 925 0
472 389 0
235 125 0
381 847 0
915 694 0
619 432 0
681 390 0
787 603 0
437 100 0
801 289 0
143 170 0
886 660 0
208 839 0
953 623 0
563 63 0
15 551 0
589 379 0
632 614 0
358 418 0
719 128 0
412 934 0
681 463 0
240 226 0
935 377 0
668 90 0
443 8 0
763 850 0
66 191 0
590 688 0
970 372 0
423 524 0
199 955 0
707 703 0
838 891 0
617 186 0
672 26 0
744 685 0
423 403 0
855 986 0
33 762 0
898 973 0
836 553 0
152 272 0
665 52 0
878 557 0
236 677 0
87 999 0
374 184 0
254 641 0
983 546 0
138 639 0
593 745 0
229 89 0
173 407 0
566 486 0
443 876 0
898 833 0
615 697 0
977 797 0
346 79 0
883 183 0
152 616 0
674 500 0
196 535 0
970 332 0
529 120 0
143 106 0
472 49 0
671 244 0
954 29 0
632 95 0
518 851 0
33 860 0
796 495 0
210 874 0
172 360 0
1 382 0
59 231 0
148 450 0
983 555 0
887 900 0
997 513 0
233 975 0
10 45 0
426 909 0
964 709 0
28 25 0
710 295 0
973 516 0
907 652 0
573 913 0
881 570 0
64 764 0
341 669 0
332 927 0
748 903 0
79 347 0
298 856 0
340 918 0
502 123 0
986 950 0
108 103 0
463 683 0
245 395 0
660 13 0
680 897 0
112 388 0
448 36 0
228 302 0
299 837 0
247 224 0
846 565 0
748 398 0
450 232 0
12 718 0
835 723 0
68 399 0
660 370 0
382 554 0
982 287 0
467 16 0
307 684 0
572 384 0
768 508 0
159 928 0
992 392 0
490 460 0
482 162 0
839 284 0
115 799 0
181 931 0
646 605 0
997 784 0
694 757 0
982 506 0
53 630 0
402 795 0
106 972 0
300 704 0
431 816 0
194 885 0
546 731 0
644 961 0
608 854 0
372 871 0
659 822 0
876 562 0
260 779 0
30 342 0
498 813 0
355 268 0
360 416 0
289 220 0
823 734 0
72 549 0
233 946 0
999 20 0
828 858 0
762 410 0
535 656 0
304 520 0
561 242 0
273 654 0
821 328 0
466 791 0
307 290 0
673 906 0
136 21 0
575 151 0
703 219 0
773 225 0
298 433 0
5 7 0
919 421 0
435 959 0
118 582 0
411 937 0
468 996 0
170 626 0
664 134 0
377 417 0
646 343 0
340 550 0
685 144 0
265 607 0
11 724 0
95 945 0
575 857 0
894 507 0
613 391 0
72 967 0
768 713 0
394 943 0
538 929 0
431 733 0
30 248 0
887 712 0
742 933 0
500 314 0
653 530 0
283 812 0
833 24 0
325 71 0
890 980 0
805 216 0
947 924 0
459 477 0
850 425 0
8 979 0
551 157 0
603 939 0
891 303 0
300 702 0
353 179 0
52 119 0
981 661 0
100 113 0
297 306 0
279 88 0
835 149 0
325 464 0
184 449 0
177 350 0
573 166 0
486 786 0
613 658 0
621 759 0
244 414 0
561 404 0
450 356 0
780 827 0
360 715 0
52 141 0
874 163 0
222 117 0
826 494 0
800 533 0
186 875 0
502 914 0
992 362 0
89 237 0
189 725 0
195 793 0
418 717 0
26 728 0
850 451 0
99 601 0
955 868 0
74 539 0
821 369 0
851 67 0
647 663 0
606 424 0
874 357 0
624 446 0
28 408 0
330 310 0
847 430 0
98 378 0
171 586 0
461 794 0
971 545 0
546 569 0
839 944 0
890 111 0
106 917 0
397 489 0
475 319 0
490 802 0
677 349 0
12 364 0
703 581 0
308 990 0
407 46 0
745 200 0
299 385 0
382 956 0
553 169 0
700 829 0
448 158 0
524 902 0
231 849 0
195 584 0
301 334 0
403 942 0
170 266 0
281 872 0
597 809 0
806 618 0
608 327 0
860 596 0
753 587 0
218 627 0
436 852 0
213 832 0
85 591 0
869 756 0
394 221 0
738 706 0
47 556 0
213 476 0
722 687 0
80 574 0
892 651 0
389 782 0
686 94 0
145 132 0
461 777 0
800 457 0
964 380 0
860 285 0
690 386 0
894 422 0
606 78 0
244 729 0
614 880 0
98 31 0
426 620 0
372 207 0
136 888 0
611 110 0
390 514 0
8 116 0
265 635 0
311 989 0
155 14 0
741 958 0
722 884 0
281 853 0
925 420 0
659 864 0
348 27 0
53 178 0
187 774 0
29 491 0
641 904 0
655 48 0
797 678 0
44 862 0
9 456 0
986 867 0
397 82 0
955 154 0
125 766 0
245 429 0
228 910 0
192 137 0
899 215 0
697 282 0
402 50 0
253 32 0
775 126 0
194 666 0
63 93 0
191 842 0
204 649 0
79 37 0
478 893 0
971 645 0
95 150 0
379 57 0
475 444 0
655 104 0
524 185 0
411 957 0
869 765 0
576 230 0
495 102 0
186 783 0
664 716 0
999 525 0
830 962 0
984 129 0
128 818 0
365 291 0
947 147 0
611 932 0
468 978 0
639 168 0
553 870 0
597 442 0
171 175 0
806 441 0
623 865 0
99 324 0
826 182 0
379 280 0
469 296 0
403 180 0
189 197 0
115 542 0
686 316 0
677 326 0
603 105 0
694 83 0
503 534 0
253 427 0
418 133 0
85 969 0
351 375 0
9 223 0
641 527 0
647 201 0
260 317 0
775 991 0
644 70 0
351 746 0
486 65 0
74 625 0
90 988 0
639 751 0
159 994 0
595 789 0
680 599 0
283 908 0
108 153 0
100 35 0
624 963 0
673 428 0
583 711 0
503 86 0
773 819 0
741 537 0
981 473 0
415 54 0
355 679 0
780 732 0
595 497 0
125 264 0
192 993 0
555 481 0
535 373 0
572 313 0
616 485 0
823 198 0
90 730 0
616 493 0
297 911 0
26 206 0
700 938 0
500 124 0
740 73 0
301 588 0
365 453 0
698 56 0
128 682 0
231 916 0
247 387 0
332 165 0
552 585 0
63 803 0
828 577 0
390 366 0
261 239 0
498 413 0
75 256 0
551 642 0
177 536 0
891 905 0
483 91 0
478 521 0
610 474 0
415 135 0
745 131 0
755 6 0
288 873 0
583 936 0
557 747 0
259 968 0
184 38 0
555 434 0
614 406 0
341 41 0
273 84 0
389 960 0
805 543 0
181 540 0
600 3 0
755 758 0
610 622 0
188 214 0
222 127 0
288 257 0
49 528 0
907 312 0
797 321 0
75 205 0
740 139 0
118 951 0
47 638 0
348 696 0
377 61 0
564 735 0
538 440 0
576 612 0
11 286 0
89 792 0
407 262 0
400 743 0
155 396 0
923 252 0
876 338 0
557 107 0
259 55 0
272 754 0
80 693 0
973 841 0
304 769 0
112 523 0
919 278 0
623 19 0
463 393 0
29 609 0
435 18 0
984 699 0
436 130 0
881 628 0
191 121 0
218 966 0
330 69 0
226 81 0
482 496 0
564 811 0
846 209 0
685 948 0
44 512 0
279 930 0
467 479 0
308 161 0
272 164 0
753 889 0
145 255 0
64 447 0
710 761 0
68 501 0
697 156 0
187 594 0
738 580 0
698 995 0
49 241 0
353 998 0
892 505 0
925 60 0
289 263 0
847 202 0
762 965 0
621 863 0
469 363 0
742 949 0
204 522 0
653 940 0
261 547 0
833 34 0
459 720 0
690 825 0
466 571 0
10 101 0
600 458 0
495 798 0
5 438 0
923 305 0
552 277 0
851 560 0
226 114 0
483 504 0
830 58 0
311 140 0
899 193 0
400 92 0
