1000
988 349 357331985
988 293 637168716
349 492 510310964
349 16 624841407
293 70 902680581
293 482 65056685
492 812 882887151
492 485 265440094
16 839 26895188
16 535 246466052
70 395 62311009
70 291 45827940
482 115 286326658
482 802 446614550
812 190 650008342
812 405 235398516
485 934 604575708
485 975 637032023
839 705 647321286
839 225 286463935
535 432 806295010
535 744 341758601
395 754 884207698
395 503 138880821
291 819 393382535
291 188 123275653
115 693 500213850
115 280 317135059
802 26 710683405
802 217 907467932
190 958 868479161
190 62 769973382
405 75 115415802
405 678 340652601
934 724 948706139
934 212 788087529
975 436 708974935
975 66 157569218
705 646 160089921
705 258 646881230
225 561 446241612
225 789 209506022
432 706 130828287
432 406 469253578
744 805 515855850
744 651 582198119
754 625 417639194
754 85 438129773
503 157 969014173
503 809 609672479
819 667 503487985
819 402 696939271
188 755 605544611
188 249 382945913
693 752 765085254
693 855 455839232
280 729 756606552
280 378 511903751
26 650 312740041
26 615 72489468
217 652 218387997
217 722 276038374
958 46 156459178
958 925 115744142
62 841 946307669
62 141 880542293
75 507 833063477
75 779 821783795
678 59 643476735
678 520 653663939
724 360 471321586
724 464 556210731
212 79 541280960
212 741 366641218
436 896 271178224
436 450 565864877
66 940 918277237
66 28 815773177
646 854 375392811
646 229 236307070
258 122 575734206
258 539 803597207
561 893 201596838
561 999 761996998
789 313 502755761
789 758 157714433
706 786 698516255
706 634 1397531
406 849 298353182
406 252 578924905
805 891 967031335
805 614 637409143
651 474 879460974
651 704 656356374
625 565 860417744
625 111 917251652
85 379 7764002
85 204 272054895
157 383 725150575
157 303 234975959
809 370 254116614
809 663 307890926
667 424 306284090
667 763 578551315
402 851 905101147
402 479 593527715
755 129 582219520
755 134 708363748
249 103 82069037
249 457 414106519
752 22 364912737
752 441 851068810
855 902 497422416
855 996 172338898
729 555 302284737
729 862 395145462
378 937 36105505
378 149 48669720
650 997 222165579
650 867 904074375
615 919 82770662
615 267 590249058
652 595 272164054
652 189 138366832
722 542 162935734
722 323 392260296
46 880 537414590
46 914 117637417
925 911 867646173
925 358 908784904
841 554 10342448
841 168 928370930
141 933 755981678
141 681 183426451
507 480 370617631
507 783 98775947
779 106 550067035
779 100 955364250
59 593 504539871
59 268 966990507
520 695 586997359
520 52 146891010
360 628 150741453
360 795 920019828
464 206 666982877
464 223 684757725
79 6 383475009
79 487 795653037
741 715 950852601
741 630 201624887
896 311 194864883
896 308 253436736
450 8 157224193
450 915 685344434
940 253 129388899
940 65 263193937
28 285 907965099
28 328 626540321
854 468 353628380
854 367 57199623
229 108 34016378
229 861 9152905
122 764 731165435
122 524 698688351
539 780 420154826
539 89 702620813
893 567 79451307
893 751 764650384
999 57 429913443
999 894 383953864
313 959 423807969
313 943 704608688
758 345 617301783
758 198 51873825
786 352 520298057
786 790 940583793
634 20 507723896
634 213 740776756
849 771 573516057
849 167 783742443
252 511 195516628
252 813 535792493
891 415 285848047
891 820 64732343
614 294 242819027
614 124 213192020
474 578 320458324
474 215 321496626
704 903 659447915
704 506 804115678
565 981 807400642
565 750 354989915
111 907 524108918
111 985 151074746
379 201 191118477
379 882 988257599
204 29 23534750
204 446 14532795
383 922 779654705
383 742 168284684
303 475 433964223
303 575 200598467
370 592 259364641
370 466 241512878
663 152 93304268
663 61 142123228
424 283 90773315
424 306 91519283
763 25 772254205
763 433 577491649
851 765 652301872
851 156 389942596
479 87 417193472
479 636 635816188
129 150 621711621
129 757 155790019
134 463 357014802
134 214 276314016
103 373 3888703
103 909 328264458
457 570 451168245
457 102 845103375
22 568 883989231
22 641 499342472
441 448 150529127
441 279 283328135
902 655 238526615
902 241 583391583
996 275 556429707
996 797 172252209
555 88 395624809
555 594 942800762
862 369 191550901
862 493 771512182
937 886 290404324
937 784 44908603
149 429 323227960
149 707 670039430
997 673 888677463
997 998 665653992
867 78 981190121
867 682 385432558
919 883 267990088
919 917 853140143
267 155 186485192
267 647 441761103
595 419 559259858
595 860 360659498
189 390 874879185
189 638 111799890
542 76 708989617
542 265 295448574
323 495 731490539
323 486 835566251
880 739 166089857
880 736 931276
914 344 670226427
914 153 835980396
911 546 666760816
911 497 527218489
358 452 927147058
358 826 718772386
554 37 217925530
554 391 627501769
168 224 10700620
168 408 865055536
933 972 478161623
933 590 398650367
681 121 17680846
681 329 209372503
480 798 823802366
480 365 606971809
783 439 250517879
783 3 985159763
106 806 567409299
106 119 250909609
100 829 659691005
100 966 532955923
593 545 275979022
593 381 732283099
268 236 702311539
268 808 884888260
695 472 992224895
695 314 845507042
52 166 958382782
52 514 204689112
628 392 681754203
628 207 534733397
795 685 704451437
795 447 62137679
206 725 786094478
206 80 196533418
223 800 985584512
223 890 969476549
6 281 59903177
6 584 243537253
487 560 126336255
487 240 472221854
715 239 802704274
715 661 641002644
630 825 595779461
630 393 360843154
311 394 334561045
311 505 564905091
308 162 319221766
308 423 795166851
8 428 267606632
8 605 913527004
915 956 66963581
915 473 39876405
253 502 67890570
253 588 475560459
65 442 66064691
65 746 520058882
285 324 430794309
285 232 23035453
328 332 612086519
328 589 512374413
468 913 189391903
468 987 396633053
367 126 128709974
367 850 918152491
108 811 228057914
108 645 568983901
861 43 596361531
861 579 363644855
764 95 783617730
764 616 701384643
524 144 461083735
524 437 882515073
780 717 670109411
780 476 535846882
89 180 416393922
89 101 824999482
567 818 338427253
567 947 196875274
751 580 231780995
751 235 733122271
57 662 683793207
57 649 269731946
894 728 44201862
894 653 541505653
959 288 647794212
959 551 271905856
943 986 927040486
943 9 592652396
345 852 706552775
345 719 927915387
198 320 607806694
198 35 54262430
352 627 695759948
352 10 912859199
790 549 173008507
790 73 373415203
20 537 278719864
20 113 125135331
213 333 601006871
213 509 454971390
771 879 405343899
771 689 530537315
167 292 685116503
167 573 788956904
511 598 773619966
511 471 189799208
813 440 258792452
813 421 678186478
415 816 48462915
415 289 669463190
820 842 4988041
820 182 339443199
294 263 758661319
294 467 633311241
124 708 212529833
124 935 202012704
578 160 541414207
578 257 261754796
215 68 697403438
215 183 810524127
903 284 697795599
903 982 339103310
506 499 495468903
506 701 14680190
981 282 502798573
981 31 855039744
750 154 511519780
750 665 988888846
907 525 36743992
907 234 79801096
985 709 367324868
985 672 17275271
201 133 265016431
201 519 884733938
882 443 274444869
882 643 595939521
29 84 164869012
29 192 766353840
446 169 19536653
446 14 512148347
922 924 822707852
922 23 879100425
742 276 587827201
742 577 381053982
475 398 837771844
475 459 685046159
575 246 20044662
575 540 967022807
592 341 121025179
592 516 556708703
466 174 882416441
466 984 596731839
152 526 746106813
152 962 867869708
61 611 938495986
61 427 197352638
283 612 964812634
283 664 227619716
306 877 223499172
306 339 577903701
25 656 574902810
25 250 561864637
433 837 163275410
433 992 739526386
765 266 416201841
765 657 108550810
156 845 163629580
156 127 944191193
87 498 40613610
87 624 94837100
636 690 135909278
636 425 350227984
150 368 568958247
150 4 38877567
757 840 697483919
757 407 332963083
463 853 159700286
463 297 660736121
214 445 208347316
214 944 490352286
373 316 345423565
373 21 181835195
909 876 95835095
909 430 528509754
570 451 113360166
570 778 486801817
102 721 481110501
102 591 569992746
568 431 632778125
568 300 863211933
641 817 40361048
641 931 928653394
448 175 231424182
448 376 94716998
279 921 710403416
279 916 115466767
655 666 709017990
655 822 259177534
241 553 650250826
241 319 818216897
275 774 613605855
275 777 784137467
797 920 798035722
797 414 46085392
88 350 616497651
88 97 777610824
594 455 376857123
594 99 321439629
369 637 455882187
369 357 433055810
493 128 923308353
493 878 448952357
886 302 750365881
886 481 752322402
784 356 986634565
784 899 681798471
429 351 182108462
429 389 866300917
707 668 212108082
707 740 987276135
673 361 308122707
673 90 125608404
998 609 394613971
998 626 554189315
78 745 350562334
78 107 484219636
682 309 479380369
682 272 940124357
883 536 841444921
883 410 372751422
917 170 601376033
917 699 686986579
155 461 121072738
155 733 613087228
647 660 277924922
647 968 543771457
419 362 583002681
419 858 868043869
860 269 893968257
860 135 383305746
390 629 330885155
390 494 852245900
638 186 776656727
638 603 655001343
76 140 118811883
76 838 46419831
265 295 544716355
265 261 185270909
495 181 746776503
495 527 811692883
486 621 708273996
486 631 368762377
739 965 251424062
739 991 977050936
736 221 180502812
736 727 999831527
344 827 655258418
344 767 792214366
153 163 464410707
153 112 483508142
546 17 777171513
546 821 189503644
497 41 926358601
497 529 986829368
452 81 933047623
452 458 622716745
826 110 624760919
826 420 537981610
37 371 816798828
37 51 327618804
391 865 816113335
391 530 13127133
224 218 918147777
224 330 528528004
408 86 690082240
408 56 710741979
972 227 632577771
972 245 394704528
590 374 484812642
590 58 175380836
121 979 736308537
121 892 457224982
329 434 644949752
329 335 160281549
798 196 716448104
798 55 287673859
365 905 429690071
365 337 173229145
439 856 939011319
439 270 368080051
3 640 827840991
3 219 594076156
806 635 171341078
806 199 181368453
119 34 17363310
119 961 567911199
829 583 146850597
829 601 641181920
966 490 915733547
966 354 835894708
545 550 501890559
545 973 618282278
381 548 402068510
381 586 835952334
236 859 89334981
236 377 879130023
808 945 214686298
808 726 636590743
472 748 945866566
472 756 876906653
314 209 888398620
314 202 123770843
166 74 843484066
166 346 746039300
514 262 979373012
514 259 979369857
392 114 136164759
392 964 444182580
207 791 796786344
207 602 750271091
685 684 517465843
685 574 875435801
447 92 748867099
447 957 147952724
725 908 311591969
725 541 412967931
80 411 669132087
80 995 359620974
800 848 171089896
800 803 310088471
890 130 588125448
890 413 983027877
281 776 652112247
281 449 260071122
584 906 468803008
584 483 396055397
560 18 882815067
560 927 245166584
240 596 854184423
240 93 200914327
239 622 874722482
239 460 602894987
661 315 2014426
661 743 578816954
825 734 686133634
825 679 581541892
393 607 179076183
393 700 639820395
394 534 446693399
394 869 851598890
505 648 755443528
505 900 978318792
162 63 319024357
162 385 513798476
423 203 362326132
423 82 629442511
428 884 541082862
428 620 689624343
605 173 363639621
605 462 340064793
956 244 395801453
956 401 51442483
473 146 439445238
473 597 993186349
502 857 37245611
502 823 64203097
588 184 899847425
588 967 321224983
442 484 178897666
442 951 571706605
746 277 484138252
746 435 352790053
324 38 494422322
324 731 179542302
232 835 179290486
232 176 341803613
332 118 251492402
332 697 860960098
589 960 436362162
589 171 142871632
913 814 70133647
913 523 77260017
987 353 462957441
987 528 861393603
126 675 464656195
126 396 497834533
850 123 797913954
850 372 579324330
811 384 486084171
811 737 1949446
645 120 875520642
645 564 577658624
43 659 521365510
43 310 140631066
579 888 692630347
579 33 805790280
95 538 912744584
95 417 799824674
616 260 802384296
616 978 660327404
144 216 882954978
144 670 162542772
437 953 255193669
437 671 488461969
717 572 213801463
717 96 679779749
476 801 91404546
476 688 486617004
180 400 758837886
180 599 564092336
101 562 578674620
101 143 380954660
818 322 705793276
818 179 245884688
947 177 845591808
947 278 301873499
580 532 927789422
580 762 867616476
235 832 457195464
235 312 389553351
662 993 669130866
662 382 69828414
649 946 836050513
649 48 539788431
728 619 987407211
728 749 591734496
653 454 43170103
653 833 9926243
288 12 686712226
288 533 325037109
551 338 370262190
551 674 70923907
986 91 393622362
986 403 853830047
9 286 66611384
9 387 26470358
852 1 425679438
852 732 24342643
719 938 690080858
719 617 976122596
320 875 66139656
320 910 807127963
35 989 337603104
35 977 211317886
627 770 15306487
627 834 338187377
10 566 919214774
10 248 282304265
549 949 173929580
549 40 423913803
73 254 219704045
73 317 75390556
537 325 502914822
537 208 143248258
113 815 59452182
113 970 881847355
333 552 532442005
333 132 443016268
509 885 7049452
509 453 59562739
879 866 129420287
879 868 845461400
689 200 678527273
689 918 461959786
292 104 770374433
292 510 151934002
573 613 326520360
573 136 222670419
598 11 538178792
598 491 290329504
471 470 798316407
471 508 541487216
440 211 539767887
440 161 551127098
421 185 501678313
421 683 51695664
816 990 434008028
816 942 958161858
289 952 100850339
289 348 59983184
842 760 480129873
842 712 736824388
182 342 599600387
182 83 852648460
263 694 849876939
263 772 477754270
467 388 992732779
467 792 479005649
708 504 766733796
708 287 364682065
935 904 622969556
935 847 544652729
160 766 683191634
160 864 884003875
257 716 643028070
257 687 275316654
68 336 955975177
68 343 512312466
183 775 197987747
183 793 223645312
284 769 835777207
284 895 952243544
982 785 883930835
982 873 926795001
499 969 215103704
499 64 850904149
701 608 979196747
701 444 601134901
282 889 594398184
282 178 953302225
31 971 145959530
31 416 432818116
154 831 647370145
154 145 638891112
665 71 268936234
665 355 116513882
525 7 206039342
525 13 520660172
234 600 247431125
234 164 940509360
709 691 450188581
709 331 197135249
672 142 756705148
672 301 13708198
133 326 493903692
133 928 130936955
519 759 551138750
519 399 763560799
443 581 725515463
443 644 845381459
643 299 810446589
643 327 287906809
84 418 841784729
84 544 945061407
192 522 404648486
192 465 590979456
169 231 239470781
169 148 22865223
14 711 465118201
14 518 368499169
924 714 177129213
924 654 185758472
23 210 254954131
23 912 563541026
276 105 334622936
276 582 717129070
577 5 167655576
577 950 599737257
398 781 215485370
398 932 421381882
459 547 701574653
459 632 520069709
246 30 680971170
246 954 582149591
540 19 100510961
540 501 558274490
341 702 305264068
341 980 930900625
516 340 481310062
516 422 884069910
174 963 27642611
174 936 841131897
984 117 54008992
984 703 18715059
526 836 249150780
526 0 417735573
962 639 763229884
962 273 86225553
611 98 415283666
611 870 331304694
427 500 748429211
427 898 62467059
612 39 742546486
612 238 746418657
664 723 438068338
664 478 142888117
877 194 627325596
877 810 727048398
339 658 38527233
339 730 703257524
656 139 595141443
656 983 557061860
250 923 144243457
250 531 711998454
837 243 703124609
837 94 482006371
992 274 189507500
992 36 468607121
266 929 107215063
266 380 14714091
657 456 754856729
657 799 876508588
845 438 703066317
845 412 324647875
127 713 344115770
127 264 552120504
498 874 52231158
498 887 258333859
624 735 403620589
624 604 409411181
690 242 890211540
690 296 28177153
425 469 455604599
425 698 724118019
368 222 958159163
368 768 928275476
4 116 154241347
4 158 598971312
840 375 266309195
840 137 931564779
407 304 295262918
407 761 763002401
853 2 227873294
853 193 977136746
297 828 418784180
297 67 900939146
445 558 142571462
445 543 68408699
944 147 933499524
944 512 259658832
316 559 328663347
316 45 864972050
21 305 915785394
21 237 250507134
876 165 954734727
876 230 808300050
430 386 257824982
430 496 146360627
451 576 492374763
451 363 361894755
778 426 898183936
778 515 196973670
721 72 501715279
721 633 573251745
591 298 946346695
591 585 682502823
431 871 194907437
431 872 159138796
300 976 888603765
300 720 912587091
817 844 461413366
817 955 860382470
931 948 748581605
931 939 702530379
175 787 553088427
175 863 354788155
376 321 708394287
376 53 986023204
921 676 33651625
921 69 715050398
916 926 143416592
916 125 739137884
666 228 415679634
666 159 679621228
822 718 100377830
822 271 750641745
553 773 53686583
553 334 991502450
319 187 117493525
319 738 283202696
774 782 525176603
774 623 579196126
777 941 839217860
777 366 911125829
920 255 29734249
920 60 984653822
414 477 493398786
414 488 580748382
350 27 717045272
350 804 316252117
97 49 210348824
97 172 921771781
455 42 904343992
455 318 337838
99 138 516509778
99 205 358306072
637 517 914736978
637 364 229779026
357 824 98277381
357 794 473885303
128 846 251895479
128 397 897728518
878 47 442749623
878 692 887312256
302 686 352685902
302 251 603573120
481 307 712356696
481 32 318444332
356 347 313890996
356 788 524966482
899 24 795297837
899 610 121934300
351 513 133758871
351 489 119867776
389 669 693386747
389 290 499061950
668 710 177168824
668 753 648048509
740 796 90569248
740 677 596960899
361 994 679397967
361 563 238303230
90 151 405198128
90 618 158615478
609 521 596189705
609 974 694086870
626 843 316376430
626 557 70283364
745 404 853156997
745 220 826859766
107 247 289938758
107 50 551780513
309 556 72982728
309 571 716726420
272 54 395981574
272 197 214441620
536 131 370903884
536 642 491217805
410 807 486807571
410 606 267803657
170 226 955627537
170 696 661785922
699 359 182410631
699 930 586563057
461 409 150411593
461 830 201350923
733 587 361687009
733 15 771996771
660 256 208745801
660 233 638764268
968 44 15045241
968 191 308651288
362 680 896198639
362 897 396822373
858 195 767584521
858 77 563031290
269 109 98689325
269 901 743653739
135 569 873050689
135 747 350664928
629 881 238033955
