1000
422 324 0
422 150 0
324 874 0
324 569 0
150 759 0
150 585 0
874 486 0
874 999 0
569 168 0
569 33 0
759 326 0
759 772 0
585 658 0
585 953 0
486 875 0
486 329 0
999 3 0
999 418 0
168 147 0
168 364 0
33 93 0
33 185 0
326 460 0
326 882 0
772 739 0
772 591 0
658 12 0
658 412 0
953 701 0
953 25 0
875 193 0
875 546 0
329 125 0
329 495 0
3 54 0
3 542 0
418 419 0
418 157 0
147 690 0
147 174 0
364 131 0
364 178 0
93 169 0
93 639 0
185 631 0
185 529 0
460 610 0
460 213 0
882 190 0
882 683 0
739 31 0
739 547 0
591 615 0
591 28 0
12 511 0
12 790 0
412 821 0
412 504 0
701 340 0
701 552 0
25 98 0
25 498 0
193 906 0
193 1 0
546 428 0
546 915 0
125 947 0
125 44 0
495 223 0
495 920 0
54 567 0
54 544 0
542 0 0
542 449 0
419 229 0
419 942 0
157 678 0
157 491 0
690 260 0
690 978 0
174 171 0
174 577 0
131 357 0
131 399 0
178 238 0
178 619 0
169 89 0
169 18 0
639 940 0
639 275 0
631 592 0
631 525 0
529 888 0
529 47 0
610 640 0
610 443 0
213 752 0
213 123 0
190 328 0
190 765 0
683 290 0
683 931 0
31 370 0
31 666 0
547 866 0
547 897 0
615 42 0
615 604 0
28 39 0
28 926 0
511 469 0
511 247 0
790 806 0
790 605 0
821 653 0
821 341 0
504 609 0
504 909 0
340 669 0
340 122 0
552 70 0
552 704 0
98 912 0
98 367 0
498 288 0
498 867 0
906 225 0
906 647 0
1 221 0
1 414 0
428 730 0
428 787 0
915 497 0
915 32 0
947 343 0
947 847 0
44 698 0
44 627 0
223 930 0
223 311 0
920 675 0
920 971 0
567 142 0
567 770 0
544 421 0
544 945 0
0 406 0
0 643 0
449 719 0
449 455 0
229 188 0
229 516 0
942 228 0
942 614 0
678 447 0
678 361 0
491 200 0
491 681 0
260 795 0
260 934 0
978 119 0
978 451 0
171 65 0
171 294 0
577 572 0
577 872 0
357 416 0
357 735 0
399 202 0
399 389 0
238 246 0
238 72 0
619 936 0
619 319 0
89 415 0
89 404 0
18 922 0
18 646 0
940 444 0
940 891 0
275 742 0
275 151 0
592 533 0
592 165 0
525 881 0
525 845 0
888 781 0
888 904 0
47 95 0
47 56 0
640 287 0
640 512 0
443 453 0
443 584 0
752 910 0
752 295 0
123 352 0
123 334 0
328 129 0
328 549 0
765 674 0
765 851 0
290 438 0
290 865 0
931 625 0
931 375 0
370 689 0
370 948 0
666 870 0
666 14 0
866 813 0
866 710 0
897 285 0
897 8 0
42 766 0
42 323 0
604 540 0
604 338 0
39 749 0
39 731 0
926 50 0
926 278 0
469 536 0
469 60 0
247 456 0
247 40 0
806 388 0
806 670 0
605 775 0
605 769 0
653 15 0
653 988 0
341 355 0
341 695 0
609 286 0
609 728 0
909 876 0
909 179 0
669 269 0
669 722 0
122 917 0
122 368 0
70 38 0
70 893 0
704 162 0
704 191 0
912 245 0
912 836 0
367 803 0
367 854 0
288 342 0
288 434 0
867 127 0
867 429 0
225 898 0
225 716 0
647 832 0
647 565 0
221 532 0
221 628 0
414 954 0
414 92 0
730 426 0
730 519 0
787 356 0
787 575 0
497 957 0
497 483 0
32 9 0
32 642 0
343 691 0
343 172 0
847 702 0
847 513 0
698 502 0
698 793 0
627 401 0
627 305 0
930 764 0
930 94 0
311 420 0
311 839 0
675 837 0
948 505 0
401 87 0
742 358 0
355 526 0
8 814 0
710 757 0
342 972 0
764 517 0
127 782 0
516 703 0
954 475 0
904 559 0
517 862 0
295 493 0
702 177 0
60 732 0
338 724 0
438 553 0
691 626 0
94 403 0
191 312 0
323 176 0
319 991 0
862 924 0
388 30 0
14 576 0
456 995 0
513 623 0
451 859 0
483 205 0
770 66 0
722 595 0
910 267 0
675 397 0
286 612 0
177 271 0
891 726 0
813 325 0
881 767 0
726 489 0
991 201 0
917 249 0
267 425 0
162 46 0
626 462 0
957 387 0
724 751 0
782 160 0
447 946 0
575 624 0
872 391 0
387 6 0
681 656 0
403 811 0
995 49 0
893 792 0
854 424 0
716 554 0
142 378 0
160 20 0
46 980 0
751 411 0
179 36 0
429 808 0
462 277 0
202 963 0
519 69 0
731 523 0
378 330 0
434 369 0
728 80 0
792 921 0
735 981 0
934 17 0
757 899 0
15 651 0
356 773 0
811 582 0
358 268 0
475 613 0
391 560 0
20 960 0
553 662 0
642 894 0
674 949 0
277 900 0
766 586 0
643 927 0
92 684 0
532 557 0
703 762 0
397 251 0
201 405 0
695 853 0
540 822 0
836 508 0
795 890 0
87 715 0
865 950 0
172 794 0
305 473 0
49 606 0
576 932 0
325 818 0
285 211 0
422 109 0
971 409 0
950 838 0
17 113 0
628 896 0
614 952 0
549 621 0
453 261 0
870 339 0
9 433 0
502 996 0
40 379 0
69 481 0
582 583 0
793 721 0
211 258 0
536 824 0
775 903 0
845 431 0
946 239 0
794 738 0
444 637 0
932 607 0
409 885 0
607 186 0
853 807 0
988 798 0
481 58 0
352 494 0
389 466 0
859 4 0
330 236 0
287 360 0
921 925 0
228 826 0
404 796 0
839 562 0
922 463 0
894 588 0
6 34 0
425 788 0
898 564 0
651 534 0
278 579 0
762 145 0
489 869 0
205 2 0
245 252 0
369 37 0
560 105 0
493 97 0
945 786 0
960 979 0
416 476 0
80 235 0
119 622 0
151 362 0
996 914 0
30 783 0
837 785 0
473 120 0
785 83 0
838 802 0
252 317 0
258 727 0
595 100 0
796 390 0
851 164 0
251 215 0
914 383 0
625 911 0
411 590 0
165 707 0
637 265 0
949 652 0
927 170 0
656 189 0
50 126 0
972 217 0
433 667 0
476 573 0
334 879 0
749 394 0
562 487 0
426 809 0
586 916 0
2 183 0
781 482 0
769 104 0
612 990 0
803 877 0
176 400 0
37 392 0
215 791 0
646 563 0
903 593 0
798 297 0
66 220 0
38 644 0
788 750 0
246 736 0
534 768 0
879 799 0
220 99 0
621 676 0
400 843 0
113 313 0
508 717 0
505 59 0
368 102 0
814 500 0
936 941 0
95 471 0
72 13 0
360 75 0
164 198 0
36 733 0
198 136 0
34 237 0
652 468 0
500 437 0
896 886 0
136 974 0
13 539 0
900 611 0
890 464 0
75 152 0
236 713 0
622 994 0
877 474 0
963 161 0
482 956 0
183 815 0
161 955 0
317 322 0
732 115 0
584 746 0
783 761 0
268 966 0
715 514 0
717 964 0
818 43 0
564 344 0
129 112 0
344 522 0
186 137 0
911 45 0
217 280 0
994 686 0
565 347 0
115 589 0
474 812 0
437 154 0
590 91 0
379 86 0
471 350 0
235 284 0
761 61 0
269 7 0
188 196 0
249 570 0
137 677 0
589 430 0
956 895 0
746 535 0
430 682 0
375 153 0
750 687 0
97 989 0
916 304 0
468 365 0
733 359 0
809 454 0
56 197 0
572 11 0
297 892 0
570 986 0
322 480 0
573 636 0
989 823 0
154 27 0
812 708 0
392 555 0
925 77 0
662 697 0
11 711 0
767 175 0
514 831 0
677 274 0
480 141 0
990 496 0
843 825 0
274 587 0
466 521 0
265 84 0
339 22 0
686 834 0
313 458 0
986 510 0
815 506 0
365 298 0
523 580 0
981 861 0
738 79 0
431 694 0
521 467 0
394 943 0
799 465 0
405 155 0
298 594 0
583 923 0
196 871 0
554 41 0
455 908 0
676 477 0
487 63 0
682 581 0
832 873 0
109 641 0
952 111 0
420 693 0
786 214 0
943 107 0
22 780 0
979 983 0
111 292 0
780 928 0
261 227 0
77 660 0
587 101 0
126 254 0
58 907 0
458 382 0
200 149 0
214 485 0
149 381 0
4 654 0
112 568 0
908 402 0
65 856 0
713 333 0
359 273 0
43 327 0
27 241 0
899 997 0
924 218 0
871 234 0
822 528 0
465 841 0
254 128 0
477 830 0
594 492 0
241 763 0
559 386 0
304 226 0
382 630 0
568 452 0
630 863 0
555 634 0
41 210 0
463 478 0
105 53 0
834 501 0
464 543 0
613 135 0
350 819 0
218 336 0
239 450 0
581 52 0
773 664 0
966 439 0
439 348 0
983 758 0
641 520 0
825 743 0
501 10 0
708 207 0
294 103 0
819 527 0
152 195 0
103 445 0
526 266 0
955 263 0
660 85 0
135 349 0
997 657 0
10 817 0
923 649 0
527 203 0
312 842 0
721 353 0
496 771 0
226 21 0
348 51 0
580 209 0
100 755 0
563 204 0
402 167 0
83 603 0
824 598 0
907 801 0
91 146 0
327 844 0
454 760 0
104 975 0
687 709 0
844 797 0
826 158 0
84 181 0
485 233 0
85 224 0
107 106 0
271 272 0
624 371 0
347 459 0
873 679 0
61 74 0
768 741 0
758 302 0
964 90 0
791 435 0
506 117 0
606 318 0
263 884 0
210 740 0
167 351 0
158 919 0
664 212 0
153 753 0
520 472 0
106 376 0
318 121 0
919 255 0
371 315 0
644 777 0
381 276 0
181 984 0
255 320 0
333 180 0
273 262 0
145 655 0
141 661 0
611 316 0
512 729 0
801 250 0
361 706 0
336 299 0
895 199 0
233 35 0
86 551 0
224 148 0
353 248 0
203 134 0
74 71 0
459 48 0
679 617 0
741 620 0
617 133 0
376 253 0
450 446 0
424 860 0
101 556 0
452 140 0
170 810 0
771 24 0
755 608 0
743 933 0
209 222 0
266 987 0
856 645 0
707 816 0
59 597 0
941 618 0
670 346 0
579 829 0
618 354 0
736 29 0
984 73 0
121 550 0
406 524 0
636 725 0
588 855 0
608 488 0
556 977 0
892 19 0
524 279 0
262 965 0
620 307 0
543 240 0
975 457 0
841 939 0
551 650 0
797 144 0
280 440 0
284 537 0
227 973 0
133 673 0
240 345 0
973 820 0
539 850 0
593 714 0
134 139 0
45 243 0
753 398 0
645 499 0
35 503 0
654 659 0
51 282 0
709 296 0
603 531 0
296 545 0
383 878 0
528 778 0
725 602 0
706 156 0
139 231 0
467 902 0
808 321 0
719 490 0
778 88 0
7 901 0
649 192 0
763 857 0
689 880 0
128 718 0
557 166 0
279 566 0
117 436 0
102 835 0
597 600 0
850 335 0
727 599 0
531 929 0
655 827 0
71 993 0
827 219 0
876 805 0
661 62 0
965 748 0
760 337 0
272 509 0
537 55 0
600 310 0
199 76 0
99 789 0
494 257 0
902 300 0
510 380 0
380 26 0
146 779 0
667 804 0
829 374 0
180 432 0
219 632 0
830 970 0
533 828 0
478 737 0
835 5 0
175 665 0
445 484 0
436 734 0
79 944 0
374 143 0
62 635 0
545 696 0
415 648 0
440 442 0
446 756 0
148 685 0
659 366 0
714 118 0
970 64 0
635 81 0
349 774 0
335 846 0
234 848 0
756 216 0
842 303 0
886 377 0
804 688 0
377 754 0
861 385 0
362 331 0
143 967 0
197 705 0
737 308 0
980 883 0
144 951 0
26 259 0
697 163 0
729 692 0
816 849 0
499 461 0
237 937 0
63 108 0
320 959 0
810 78 0
315 138 0
884 712 0
484 82 0
711 16 0
253 889 0
987 110 0
110 992 0
598 408 0
696 745 0
754 410 0
878 417 0
857 969 0
974 479 0
78 384 0
863 548 0
417 776 0
212 470 0
490 541 0
276 448 0
777 852 0
885 840 0
76 518 0
774 23 0
648 561 0
448 208 0
977 800 0
673 407 0
108 633 0
869 194 0
52 864 0
776 507 0
967 395 0
16 363 0
864 132 0
120 672 0
650 396 0
817 184 0
849 291 0
366 663 0
831 538 0
488 173 0
566 784 0
840 638 0
712 124 0
435 700 0
800 314 0
386 905 0
307 68 0
685 373 0
623 182 0
118 671 0
846 159 0
692 67 0
541 283 0
5 270 0
848 96 0
705 938 0
302 616 0
740 744 0
693 244 0
860 887 0
663 998 0
880 982 0
718 968 0
939 962 0
173 668 0
155 264 0
823 913 0
634 281 0
408 116 0
748 372 0
407 423 0
53 306 0
779 858 0
633 699 0
314 130 0
19 723 0
208 515 0
638 596 0
231 833 0
671 427 0
130 868 0
345 309 0
308 958 0
887 293 0
23 301 0
855 601 0
73 558 0
518 114 0
292 230 0
281 571 0
124 206 0
138 256 0
385 629 0
672 393 0
929 187 0
928 574 0
393 680 0
694 578 0
248 985 0
24 961 0
204 441 0
723 976 0
959 935 0
309 530 0
90 720 0
833 289 0
421 747 0
189 242 0
250 918 0
230 57 0
64 232 0
301 413 0
156 332 0
