1000
591 936 0
591 288 0
936 14 0
936 515 0
288 904 0
288 132 0
14 242 0
14 990 0
515 995 0
515 800 0
904 797 0
904 329 0
132 917 0
132 923 0
242 735 0
242 588 0
990 264 0
990 300 0
995 656 0
995 146 0
800 865 0
800 999 0
797 812 0
797 136 0
329 626 0
329 985 0
917 850 0
917 166 0
923 910 0
923 289 0
735 652 0
735 518 0
588 141 0
588 267 0
264 167 0
264 572 0
300 295 0
300 339 0
656 784 0
656 701 0
146 891 0
146 311 0
865 395 0
865 553 0
999 585 0
999 535 0
812 414 0
812 520 0
136 478 0
136 33 0
626 521 0
626 57 0
985 531 0
985 622 0
850 783 0
850 944 0
166 992 0
166 423 0
910 17 0
910 265 0
289 239 0
289 193 0
652 869 0
652 794 0
518 323 0
518 183 0
141 182 0
141 894 0
267 879 0
267 685 0
167 406 0
167 575 0
572 954 0
572 787 0
295 347 0
295 102 0
339 525 0
339 676 0
784 418 0
784 915 0
701 285 0
701 355 0
891 254 0
891 188 0
311 513 0
311 611 0
395 897 0
395 866 0
553 889 0
553 512 0
585 630 0
585 205 0
535 318 0
535 90 0
414 431 0
414 319 0
520 100 0
520 959 0
478 667 0
478 292 0
33 509 0
33 294 0
521 849 0
521 696 0
57 965 0
57 454 0
531 31 0
531 248 0
622 466 0
622 870 0
783 621 0
783 689 0
944 895 0
944 331 0
992 777 0
992 156 0
423 173 0
423 386 0
17 543 0
17 807 0
265 123 0
265 837 0
239 929 0
239 747 0
193 458 0
193 795 0
869 932 0
869 434 0
794 299 0
794 516 0
323 338 0
323 971 0
183 433 0
183 511 0
182 536 0
182 871 0
894 314 0
894 85 0
879 935 0
879 912 0
685 712 0
685 170 0
406 342 0
406 462 0
575 499 0
575 587 0
954 669 0
954 930 0
787 951 0
787 711 0
347 384 0
347 301 0
102 281 0
102 332 0
525 686 0
525 263 0
676 209 0
676 791 0
418 211 0
418 662 0
915 407 0
915 925 0
285 589 0
285 145 0
355 149 0
355 557 0
254 693 0
254 956 0
188 665 0
188 892 0
513 887 0
513 442 0
611 369 0
611 405 0
897 28 0
897 988 0
866 409 0
866 497 0
889 620 0
889 346 0
512 91 0
512 18 0
630 609 0
630 387 0
205 154 0
205 788 0
318 613 0
318 226 0
90 732 0
90 432 0
431 322 0
431 856 0
319 663 0
319 256 0
100 233 0
100 307 0
959 270 0
959 324 0
667 564 0
667 716 0
292 908 0
292 185 0
509 730 0
509 438 0
294 190 0
294 309 0
849 748 0
849 206 0
696 126 0
696 483 0
965 782 0
965 835 0
454 50 0
454 54 0
31 678 0
31 952 0
248 770 0
248 23 0
466 762 0
324 485 0
485 312 0
312 297 0
297 845 0
845 533 0
533 881 0
881 763 0
837 424 0
424 555 0
555 330 0
330 397 0
397 798 0
798 344 0
344 439 0
173 391 0
391 919 0
919 422 0
422 717 0
717 127 0
127 606 0
606 67 0
409 654 0
654 636 0
636 335 0
335 899 0
899 796 0
796 257 0
257 399 0
299 704 0
704 523 0
523 780 0
780 115 0
115 864 0
864 302 0
302 778 0
369 506 0
506 105 0
105 343 0
343 436 0
436 500 0
500 389 0
389 745 0
190 831 0
831 220 0
220 135 0
135 76 0
76 790 0
790 143 0
143 806 0
211 884 0
884 250 0
250 394 0
394 809 0
809 744 0
744 0 0
0 255 0
263 228 0
228 30 0
30 781 0
781 37 0
37 980 0
980 547 0
547 51 0
711 671 0
671 873 0
873 989 0
989 203 0
203 946 0
946 854 0
854 218 0
256 822 0
822 799 0
799 544 0
544 108 0
108 381 0
381 160 0
160 978 0
206 15 0
15 19 0
19 648 0
648 356 0
356 820 0
820 986 0
986 198 0
587 624 0
624 502 0
502 404 0
404 361 0
361 2 0
2 130 0
130 27 0
935 165 0
165 651 0
651 470 0
470 905 0
905 517 0
517 596 0
596 10 0
887 112 0
112 803 0
803 729 0
729 42 0
42 714 0
714 539 0
539 576 0
483 709 0
709 675 0
675 245 0
245 70 0
70 234 0
234 44 0
44 504 0
346 448 0
448 280 0
280 586 0
586 764 0
764 252 0
252 955 0
955 293 0
91 560 0
560 456 0
456 584 0
584 125 0
125 95 0
95 655 0
655 359 0
338 379 0
379 214 0
214 677 0
677 215 0
215 638 0
638 74 0
74 437 0
405 21 0
21 772 0
772 429 0
429 880 0
880 789 0
789 960 0
960 253 0
516 376 0
376 98 0
98 860 0
860 317 0
317 365 0
365 563 0
563 445 0
342 444 0
444 174 0
174 900 0
900 750 0
750 364 0
364 514 0
514 298 0
732 660 0
660 155 0
155 941 0
941 47 0
47 818 0
818 351 0
351 786 0
499 507 0
507 62 0
62 440 0
440 581 0
581 266 0
266 673 0
673 848 0
908 489 0
489 88 0
88 435 0
435 464 0
464 362 0
362 738 0
738 202 0
748 84 0
84 993 0
993 412 0
412 494 0
494 768 0
768 961 0
961 151 0
912 705 0
705 9 0
9 110 0
110 443 0
443 556 0
556 230 0
230 138 0
929 68 0
68 552 0
552 39 0
39 128 0
128 855 0
855 603 0
603 697 0
665 472 0
472 240 0
240 416 0
416 221 0
221 614 0
614 222 0
222 550 0
762 593 0
593 569 0
569 644 0
644 492 0
492 683 0
683 903 0
903 6 0
895 290 0
290 505 0
505 41 0
41 337 0
337 950 0
950 177 0
177 89 0
156 679 0
679 649 0
649 723 0
723 650 0
650 236 0
236 625 0
625 496 0
462 106 0
106 333 0
333 82 0
82 713 0
713 192 0
192 238 0
238 996 0
557 212 0
212 153 0
153 920 0
920 690 0
690 120 0
120 465 0
465 708 0
689 851 0
851 734 0
734 350 0
350 628 0
628 574 0
574 93 0
93 573 0
892 420 0
420 793 0
793 982 0
982 948 0
948 775 0
775 969 0
969 69 0
185 687 0
687 340 0
340 480 0
480 316 0
316 862 0
862 953 0
953 940 0
123 7 0
7 197 0
197 134 0
134 417 0
417 360 0
360 542 0
542 718 0
770 107 0
107 792 0
792 841 0
841 36 0
36 144 0
144 94 0
94 906 0
951 425 0
425 801 0
801 817 0
817 657 0
657 459 0
459 86 0
86 981 0
23 79 0
79 816 0
816 277 0
277 66 0
66 195 0
195 477 0
477 966 0
511 722 0
722 363 0
363 32 0
32 736 0
736 534 0
534 461 0
461 674 0
309 38 0
38 601 0
601 568 0
568 25 0
25 659 0
659 913 0
913 475 0
669 122 0
122 532 0
532 72 0
72 382 0
382 551 0
551 354 0
354 455 0
28 566 0
566 186 0
186 171 0
171 924 0
924 968 0
968 604 0
604 241 0
301 641 0
641 258 0
258 927 0
927 61 0
61 646 0
646 216 0
216 446 0
126 457 0
457 35 0
35 773 0
773 635 0
635 204 0
204 967 0
967 861 0
332 883 0
883 830 0
830 863 0
863 565 0
565 178 0
178 876 0
876 567 0
50 670 0
670 16 0
16 629 0
629 805 0
805 390 0
390 71 0
71 196 0
988 451 0
451 529 0
529 758 0
758 931 0
931 984 0
984 63 0
63 482 0
314 148 0
148 34 0
34 836 0
836 541 0
541 672 0
672 349 0
349 408 0
835 479 0
479 759 0
759 958 0
958 286 0
286 692 0
692 970 0
970 275 0
458 460 0
460 537 0
537 893 0
893 142 0
142 666 0
666 81 0
81 187 0
589 715 0
715 501 0
501 137 0
137 538 0
538 8 0
8 353 0
353 103 0
209 336 0
336 885 0
885 868 0
868 368 0
368 877 0
877 616 0
616 615 0
233 874 0
874 101 0
101 282 0
282 261 0
261 413 0
413 471 0
471 731 0
925 114 0
114 810 0
810 45 0
45 943 0
943 129 0
129 58 0
58 886 0
18 119 0
119 976 0
976 595 0
595 580 0
580 721 0
721 117 0
117 490 0
591 467 0
467 949 0
949 815 0
815 631 0
631 755 0
755 388 0
388 814 0
663 700 0
700 161 0
161 527 0
527 853 0
853 279 0
279 1 0
1 213 0
930 562 0
562 846 0
846 124 0
124 73 0
73 169 0
169 926 0
926 878 0
856 827 0
827 13 0
13 605 0
605 83 0
83 916 0
916 559 0
559 857 0
971 357 0
357 637 0
637 327 0
327 510 0
510 594 0
594 682 0
682 760 0
791 740 0
740 826 0
826 823 0
823 640 0
640 921 0
921 821 0
821 608 0
270 375 0
375 328 0
328 767 0
767 757 0
757 963 0
963 909 0
909 308 0
693 540 0
540 610 0
610 819 0
819 890 0
890 828 0
828 519 0
519 942 0
154 680 0
680 260 0
260 78 0
78 699 0
699 739 0
739 545 0
545 449 0
536 77 0
77 49 0
49 579 0
579 998 0
998 60 0
60 223 0
223 400 0
777 291 0
291 664 0
664 907 0
907 607 0
607 733 0
733 691 0
691 320 0
85 719 0
719 133 0
133 53 0
53 633 0
633 96 0
96 12 0
12 269 0
613 727 0
727 749 0
749 742 0
742 578 0
578 371 0
371 681 0
681 526 0
442 305 0
305 577 0
577 720 0
720 922 0
922 207 0
207 97 0
97 306 0
952 710 0
710 29 0
29 867 0
867 116 0
116 410 0
410 231 0
231 753 0
807 377 0
377 303 0
303 56 0
56 668 0
668 259 0
259 838 0
838 627 0
307 751 0
751 524 0
524 623 0
623 113 0
113 698 0
698 994 0
994 546 0
407 724 0
724 600 0
600 179 0
179 779 0
779 175 0
175 645 0
645 473 0
609 199 0
199 140 0
140 271 0
271 528 0
528 158 0
158 947 0
947 310 0
466 911 0
911 570 0
570 46 0
46 962 0
962 859 0
859 463 0
463 592 0
795 378 0
378 262 0
262 858 0
858 617 0
617 804 0
804 268 0
268 933 0
564 428 0
428 987 0
987 380 0
380 159 0
159 939 0
939 495 0
495 487 0
662 131 0
131 882 0
882 401 0
401 481 0
481 522 0
522 974 0
974 11 0
432 168 0
168 756 0
756 283 0
283 765 0
765 702 0
702 658 0
658 64 0
434 703 0
703 508 0
508 75 0
75 901 0
901 421 0
421 707 0
707 785 0
716 695 0
695 741 0
741 341 0
341 598 0
598 937 0
937 754 0
754 590 0
433 225 0
225 728 0
728 315 0
315 582 0
582 111 0
111 914 0
914 65 0
788 374 0
374 808 0
808 5 0
5 844 0
844 345 0
345 450 0
450 840 0
149 498 0
498 334 0
334 246 0
246 469 0
469 761 0
761 370 0
370 597 0
438 4 0
4 273 0
273 688 0
688 813 0
813 104 0
104 20 0
20 852 0
497 237 0
237 164 0
164 997 0
997 232 0
232 769 0
769 561 0
561 493 0
281 415 0
415 643 0
643 619 0
619 888 0
888 180 0
180 548 0
548 393 0
730 304 0
304 832 0
832 200 0
200 80 0
80 725 0
725 325 0
325 326 0
322 447 0
447 452 0
452 201 0
201 109 0
109 217 0
217 898 0
898 385 0
747 964 0
964 774 0
774 373 0
373 278 0
278 694 0
694 488 0
488 979 0
226 441 0
441 139 0
139 430 0
430 571 0
571 839 0
839 991 0
991 251 0
54 558 0
558 771 0
771 3 0
3 661 0
661 208 0
208 163 0
163 43 0
384 902 0
902 59 0
59 928 0
928 52 0
52 358 0
358 975 0
975 945 0
870 40 0
40 243 0
243 554 0
554 653 0
653 99 0
99 321 0
321 162 0
170 26 0
26 875 0
875 287 0
287 484 0
484 618 0
618 276 0
276 403 0
387 752 0
752 476 0
476 829 0
829 824 0
824 235 0
235 189 0
189 194 0
620 503 0
503 847 0
847 366 0
366 419 0
419 599 0
599 219 0
219 396 0
621 843 0
843 934 0
934 825 0
825 157 0
157 612 0
612 737 0
737 48 0
678 833 0
833 983 0
983 684 0
684 632 0
632 172 0
172 296 0
296 152 0
386 274 0
274 55 0
55 453 0
453 249 0
249 352 0
352 842 0
842 229 0
956 210 0
210 973 0
973 642 0
642 743 0
743 367 0
367 92 0
92 427 0
145 938 0
938 176 0
176 766 0
766 383 0
383 602 0
602 918 0
918 530 0
543 468 0
468 150 0
150 872 0
872 398 0
398 118 0
118 957 0
957 411 0
782 22 0
22 247 0
247 634 0
634 87 0
87 896 0
896 834 0
834 402 0
331 224 0
224 313 0
313 639 0
639 191 0
191 24 0
24 972 0
972 706 0
871 426 0
426 977 0
977 647 0
647 184 0
184 121 0
121 746 0
746 726 0
686 549 0
549 181 0
181 227 0
227 244 0
244 776 0
776 284 0
284 491 0
932 811 0
811 348 0
348 486 0
486 372 0
372 583 0
583 272 0
272 474 0
712 147 0
147 802 0
802 392 0
