1000
354 70 88025049
354 491 509882909
70 774 823279114
70 373 703357106
491 593 878397423
491 577 452644888
774 136 53096196
774 895 435355186
373 713 154550080
373 712 345201330
593 361 150405838
593 543 246818268
577 356 34390091
577 399 691228544
136 154 961876590
136 90 145918602
895 640 529201927
895 328 426840617
713 915 151167621
713 478 951405541
712 385 892954099
712 5 290020108
361 769 897266977
361 876 299132105
543 311 328685355
543 343 498840407
356 212 445425611
356 816 840586952
399 100 607442865
399 139 12432351
154 768 992650651
154 616 876101370
90 355 881561844
90 614 208581181
640 53 962490770
640 906 422828647
328 393 917498067
328 163 642493004
915 524 392980858
915 191 175898194
478 642 831926582
478 289 4525709
385 878 963759962
385 240 565204961
5 178 944947502
5 733 657313524
769 253 617888606
769 959 998065483
876 165 10856224
876 84 257955890
311 505 940980082
311 718 131271489
343 940 935485102
343 326 376577679
212 189 191468529
212 623 174407983
816 839 912507779
816 513 324074698
100 408 547370636
100 536 108521022
139 155 718558437
139 519 599770150
768 558 226380083
768 666 226576143
616 720 969682929
616 683 963711790
355 55 229782552
355 208 258704536
614 367 573650307
614 787 113480012
53 544 631797814
53 588 836393152
906 568 4697648
906 691 64924745
393 751 279662302
393 515 845034575
163 426 995343520
163 54 471495408
524 489 645708308
524 15 839857881
191 750 628156453
191 596 201980587
642 464 433995666
642 909 243367885
289 844 233661658
289 255 496033279
878 168 49637214
878 724 285600124
240 162 490037514
240 407 661538160
178 649 949616843
178 82 123169623
733 414 445491592
733 435 462926456
253 772 501284356
253 574 155336993
959 910 683455082
959 967 425247163
165 8 722052253
165 618 233569183
84 108 406309164
84 134 473176157
505 835 770095414
505 736 983552451
718 827 153508318
718 495 764843775
940 442 963483843
940 896 961974386
326 148 385139871
326 438 545356712
189 838 635720444
189 452 380485804
623 809 91968646
623 919 980788490
839 744 932079206
839 857 256741746
513 573 959580626
513 173 684643524
408 790 122957369
408 783 639095091
536 817 305260304
536 231 797102136
155 89 215434725
155 516 677203891
519 424 327809330
519 325 511553663
558 679 2179471
558 431 833702610
666 87 849581167
666 659 774822133
720 633 240805703
720 610 877555407
683 695 717973605
683 999 793806627
55 850 952215541
55 974 64512095
208 338 413206118
208 664 458562160
367 341 851377325
367 49 212473642
787 249 337338652
787 415 652141082
544 502 451630
544 546 626177090
588 777 539434623
588 349 97056806
568 506 76601218
568 211 309961731
691 232 107894
691 171 344445295
751 991 32418279
751 990 30947162
515 213 440779940
515 48 219888016
426 851 283686153
426 170 798541373
54 217 644243542
54 904 184289731
489 127 432493879
489 268 762150826
15 729 835336702
15 700 118562946
750 175 859293025
750 872 435581535
596 302 887881738
596 602 119735190
464 83 527110905
464 582 850915330
909 648 854751247
909 517 345351728
844 314 787888228
844 39 537910499
255 279 178216509
255 630 805021047
168 303 364967743
168 681 744263025
724 956 669982069
724 533 744228746
162 310 904530694
162 391 480738514
407 441 427438048
407 261 702989265
649 86 109050342
649 107 941874198
82 51 662573934
82 471 884934796
414 74 971136398
414 98 273237454
435 23 779595970
435 531 925506526
772 520 9468120
772 306 597496801
574 594 873872766
574 334 297383554
910 337 704196074
910 113 478276249
967 815 410818589
967 233 775278686
8 585 106699204
8 147 244009631
618 386 7715459
618 260 864338688
108 975 808883057
108 711 832238708
134 383 518327688
134 340 680088197
835 821 951700160
835 969 772488193
736 332 586290796
736 726 619684974
827 196 932486943
827 401 340282589
495 69 101444196
495 996 237815580
442 973 431962549
442 77 182576365
896 157 136832857
896 540 979290207
148 225 185567622
148 727 712015569
438 918 750501150
438 429 761465993
838 117 518498169
838 952 632912162
452 151 771248806
452 747 512246942
809 298 659159653
809 647 335360437
919 61 68930721
919 927 656916613
744 564 286244626
744 873 702169536
857 842 407886013
857 425 604764774
573 984 215828795
573 525 651487775
173 758 888613548
173 860 814210820
790 657 957984598
790 696 595401633
783 756 475841931
783 782 591760563
817 96 389295656
817 834 772382115
231 504 62369671
231 705 197954976
89 41 501673519
89 583 681000918
516 206 157431739
516 246 1304364
424 353 291026098
424 365 23829713
325 28 894226328
325 662 636252220
679 76 740522614
679 150 405072050
431 559 12342663
431 277 188796334
87 994 692528118
87 177 545803645
659 67 622062174
659 269 385689187
633 781 461046033
633 643 164516269
610 805 187560547
610 881 290885325
695 920 592231545
695 397 103735037
999 541 196821574
999 287 536839101
850 856 950943360
850 791 102974668
974 116 456657998
974 542 567017789
338 387 314412820
338 566 368534137
664 455 678722779
664 110 836951800
341 281 386723378
341 324 3890591
49 699 377658884
49 730 576499148
249 252 956886998
387 342 572179596
86 264 34535567
758 13 536056819
397 843 713935710
777 454 383647005
76 124 918891680
349 427 668313262
260 890 744063927
657 228 166805031
74 22 930574950
984 374 217741915
856 587 556740613
246 245 442771469
662 258 887179249
927 766 46020545
213 294 133546527
77 17 688911747
975 439 441176841
332 358 51772235
471 371 389608375
107 965 948384627
594 879 608272744
681 745 482919815
842 511 531021816
415 486 383068011
956 722 258717085
171 276 546085679
747 202 919139321
729 166 727104445
602 902 871724465
904 798 434847831
973 282 92938878
920 459 61682269
391 229 449074050
585 867 980368004
353 797 55664207
821 644 824830103
96 567 674630140
540 579 674658744
791 317 628948196
990 706 826938031
354 201 652243988
525 449 49604631
340 964 762283893
261 141 852990096
303 411 256161360
61 923 742528651
117 1 129295079
851 400 496323205
177 377 41946493
48 535 744687632
996 500 315233015
881 553 920333010
337 972 434008826
730 754 816057867
28 638 481312942
302 72 834351123
756 514 176394886
51 78 630809266
249 404 505428095
781 81 116969885
217 133 22655472
386 188 113442328
252 981 673845783
232 339 333863875
872 922 991147491
699 924 872085941
401 138 673835040
647 624 927392313
233 484 115186517
268 57 198107107
504 243 233435710
269 854 571569084
969 604 739412212
630 389 145321453
952 45 588393004
860 118 553805500
225 254 320715970
298 437 689534941
873 947 906397436
113 492 478342947
279 808 402065653
520 581 119910404
151 375 582632310
441 224 529719170
782 865 583057249
69 796 449124585
541 122 771329578
648 901 787681271
175 658 601539057
564 650 245918304
546 131 658769653
815 609 615840999
127 369 719813418
455 430 990109446
918 627 320325189
110 928 690041059
700 708 656646935
170 25 813432548
994 951 953902746
277 731 963357535
991 194 905834464
531 119 201895628
206 230 610684703
583 475 324612487
559 734 665968937
116 780 409377773
147 301 889357877
542 802 160541368
150 855 596408430
517 482 137839
98 144 100427877
425 384 606889074
365 889 190025861
314 887 708415741
533 64 107236016
502 62 738860145
506 123 607265213
429 382 955411629
727 396 490585146
281 192 20230573
83 79 21138593
834 916 986346158
566 883 498011769
582 799 171470378
383 47 742193302
643 869 14464136
310 97 467800074
324 6 655289202
196 824 137988495
306 988 187276066
711 740 507083573
805 631 149476335
726 468 844391921
67 743 597642550
287 942 448645823
211 190 382327940
705 270 894766425
41 203 493722473
696 682 253148291
23 723 336156712
334 251 807431941
39 38 794604024
157 829 500857147
342 685 816417491
264 977 112626345
13 845 917502504
843 913 139138879
454 390 690060887
124 737 842625466
427 417 169441746
890 444 543401031
228 288 380558773
22 18 604538454
374 479 738664225
587 402 733943773
245 828 638337589
258 941 141449707
766 979 352748364
294 462 303032363
17 563 370891071
439 145 237628678
358 762 907144954
371 684 368639938
965 480 34570621
879 26 461764465
745 448 742854074
511 446 181582158
486 351 776926766
722 578 809673586
276 348 983182942
202 432 968610607
166 236 446970075
902 899 512784082
798 669 971652149
282 34 802594160
459 613 646744148
229 218 690986148
867 193 82333173
797 419 582004536
644 603 190527741
567 472 534007980
579 871 631114619
317 875 514791925
706 601 478994456
201 866 617534224
449 949 651792504
964 776 557324583
141 748 805549101
411 129 474850938
923 534 273776752
1 476 109928610
400 209 406602072
377 499 653301171
535 185 92082560
500 244 37860506
553 620 481379700
972 363 834408659
754 825 344475981
638 112 725195385
72 680 915665586
514 21 819634663
78 132 283584474
404 931 477449403
81 327 139286785
133 9 318905145
188 606 42141842
981 352 343775688
339 153 312968877
922 488 54907757
924 759 699263054
138 615 395548147
624 987 308397977
484 755 478540112
57 109 571157238
243 932 242607980
854 91 622968000
604 313 63590544
389 600 730337353
45 508 306874210
118 473 438460800
254 512 161943181
437 467 706351029
947 241 578935229
492 607 651709901
808 897 671202694
581 223 468155291
375 548 701880377
224 863 550243381
865 995 848493035
796 381 484416363
122 912 748227888
901 652 233959839
658 661 903659865
650 858 904848667
131 717 647762507
609 405 85292525
369 111 640553478
430 95 99080646
627 265 236895384
928 653 787319195
708 335 887455105
25 182 190970932
951 159 416560759
731 677 148311145
194 496 81506004
119 944 479756387
230 575 230793604
475 273 927408151
734 907 946790232
780 104 257329944
301 52 416004783
802 410 32494499
855 130 40521564
482 450 350343318
144 184 470812344
384 376 225955105
889 882 41253399
887 451 507093
64 771 740687110
62 308 694440999
123 172 613895519
382 945 756409419
396 487 821584989
192 378 775091272
79 868 221520719
916 20 791359323
883 216 919567763
799 812 694200748
47 395 355944072
869 126 594958475
97 779 385013132
6 738 999098343
824 297 98267943
988 470 890108715
740 770 387848977
631 562 721072874
468 198 534617153
743 146 771075941
942 898 527104635
190 180 151803328
270 143 928253193
203 36 372087563
682 554 165494935
723 611 696025842
251 636 387446145
38 37 999698694
829 529 358233789
685 12 486658652
977 989 515406378
845 639 166775847
913 510 164798118
390 894 309189374
737 702 624024781
417 811 866039794
444 42 867329285
288 416 54804738
18 765 188265011
479 58 179108029
402 283 435022104
828 221 943040782
941 728 124867233
979 953 857155050
462 971 977027390
563 247 338762427
145 801 860687679
762 660 102114385
684 846 519838
480 595 641889183
26 628 144343251
448 921 855774607
446 605 512354730
351 980 719450380
578 521 194691414
348 911 808500640
432 998 508701246
236 199 213591302
899 746 148400793
669 443 284869670
34 963 223769081
613 286 96060074
218 105 419448695
193 710 453977131
419 823 840633908
603 259 719978390
472 226 254040861
871 992 313871129
875 859 400775639
601 205 71018736
866 73 488845907
949 423 359274825
776 832 255502121
748 968 34647682
129 322 548185348
534 318 345266419
476 398 794416291
209 690 234772104
499 527 666541944
185 329 252152094
244 421 217450690
620 622 452772805
363 503 187236275
825 934 489332925
112 458 183456266
680 409 492471632
21 670 656367147
132 806 611014921
931 795 37247139
327 848 438997531
9 256 165581282
606 833 733532639
352 926 529298214
153 763 794087121
488 580 584316649
759 933 418395762
615 359 293018096
987 692 355025080
755 149 68695853
109 761 893563272
932 299 242787628
91 800 941868279
313 140 264887366
600 709 766308718
508 43 639319094
473 778 363181883
512 864 470678400
467 461 357621260
241 115 32638812
607 102 845668006
897 460 402930463
223 522 239735769
548 645 449341610
863 946 504036897
995 323 623803266
381 92 772853400
912 280 129958318
652 490 673490097
661 900 462501122
858 125 628197161
717 368 262944638
405 739 672432741
111 818 66970899
95 598 758525582
265 176 23868627
653 156 315751681
335 784 839089147
182 767 500348611
159 936 774733392
677 837 421182747
496 538 770102565
944 948 866655300
575 494 980468078
273 33 631604182
907 331 501383673
104 957 351207292
52 169 373373042
410 752 516100554
130 656 680153706
450 693 716913106
184 773 221849654
376 749 466497004
882 663 128908037
451 235 192826818
771 621 350491850
308 394 250003142
172 292 111799591
945 142 205164309
487 807 706725540
378 362 163356570
868 584 781185350
20 161 775395589
216 210 817088164
812 599 596662085
395 215 959754094
126 498 296611898
779 849 512549941
738 304 859203112
297 993 890409793
470 263 964395177
770 565 692495717
562 103 97408788
198 200 83092679
146 403 678812599
898 360 333682975
180 44 110033418
143 35 29648562
36 275 547584324
554 3 853754901
611 413 144046794
636 50 459412420
37 239 346404712
529 56 783853996
12 870 804384060
989 372 723120622
639 278 962308585
510 668 334955412
894 939 733613559
702 917 36268961
811 120 326859549
42 688 122934486
416 830 936812904
765 629 225246107
58 792 387862749
283 406 977036524
221 319 666945231
728 152 718871449
953 186 544995690
971 694 785627144
247 884 200508694
801 80 563007812
660 847 192919530
846 526 533685600
595 877 935625364
628 532 291316854
921 836 568217052
605 764 220231573
980 296 345920839
521 238 843864373
911 721 883578817
998 785 960063648
199 892 952789305
746 523 964352
443 195 121930196
963 960 325263035
286 814 651852026
105 447 54444157
710 379 528634336
823 477 358065194
259 930 108326871
226 789 902623518
992 903 304791946
859 665 423732379
205 704 472762023
73 63 371125998
423 571 732838024
832 938 257230163
968 493 483369212
322 675 373882902
318 93 972656161
398 158 835698820
690 183 799352060
527 474 970228416
329 572 873117936
421 888 405664178
622 592 964640597
503 19 524306719
934 262 332097398
458 214 386961704
409 32 947348467
670 0 833399493
806 970 186049935
795 242 445515336
848 556 928214496
256 667 111439648
833 436 656522736
926 497 996929207
763 530 730505153
580 137 954833525
933 978 975845170
359 625 982800436
692 179 681523527
149 99 553876982
761 707 418945348
299 266 491744285
800 719 660232741
140 167 739503304
709 366 526352943
43 330 16799931
778 741 743753169
864 204 792526483
461 350 696529601
115 862 525234048
102 929 741899363
460 181 60008159
522 725 291484437
645 635 757160960
946 388 826832588
323 646 807300408
92 673 159916449
280 315 941368241
490 852 7510276
900 557 976361552
125 976 860771439
368 678 923868518
739 715 818334819
818 197 882511930
598 250 100060907
176 66 825449552
156 626 586368064
784 886 862161082
767 364 701691758
936 551 668063822
837 59 450361261
538 966 1830799
948 518 980407284
494 820 306983578
33 687 723353438
331 509 780467430
957 14 879118409
169 831 583816548
752 914 795672460
656 651 578771443
693 456 837651864
773 267 793086224
749 7 242852639
663 983 577507166
235 248 216956447
621 654 436795405
394 321 588071835
292 576 559187407
142 440 158126880
807 555 838653345
362 549 889647579
584 570 842469318
161 589 413276440
210 237 397397667
599 445 586507434
215 655 948835505
498 392 4023929
849 788 657920146
304 501 865790256
993 345 627956889
263 775 394375986
565 434 497623394
103 674 164725519
200 874 733762203
403 483 887297431
360 295 737174206
44 85 795460839
35 16 785172020
275 88 185406430
3 840 85856522
413 893 601933089
50 174 228713170
239 121 600659953
56 985 33962696
870 187 513139425
372 160 543675337
278 760 423724813
668 925 693929381
939 453 440173775
917 714 392248578
120 671 165039949
688 463 684062927
830 612 310230711
629 27 947551252
792 24 431215047
406 545 821488196
319 31 581387248
152 71 213616942
186 619 907663060
694 803 331982435
884 274 543604219
80 320 495633870
847 810 830661307
526 753 84865128
877 30 518927070
532 307 394358885
836 861 786676894
764 94 106107325
296 569 100808186
238 701 237550318
721 885 592209769
785 75 658001595
892 961 505937143
523 813 955126280
195 826 795696401
960 819 721794214
814 420 102465254
447 370 245276500
379 608 685866270
477 114 36872170
930 333 928399045
789 106 6082565
903 412 843123055
665 880 16412919
704 481 199469231
63 937 209670264
571 271 870771538
938 46 820016513
493 207 472913289
675 485 935012596
93 732 431163410
158 227 721735689
183 954 813304537
474 537 945836178
572 552 414255631
888 312 978913979
592 164 259924518
19 466 577891010
262 735 962178380
214 698 727562670
32 428 697088338
0 634 75181373
970 597 471189425
242 689 380360820
556 457 694250705
667 316 885668730
436 346 268751211
497 560 820773943
530 982 730715540
137 4 125335236
978 128 650368048
625 958 366364236
179 418 221325777
99 222 411963805
707 465 921842569
266 65 606817291
719 822 287753053
167 591 42242943
366 284 498082031
330 676 507707410
741 290 896357065
204 742 131183140
350 561 916198355
862 220 576045899
929 528 221040823
181 29 359516611
725 272 26970663
635 686 355968583
388 935 385081143
646 347 517449280
673 357 98739493
315 632 975655940
852 986 765024041
557 891 926372810
976 955 686167796
678 60 17342623
715 841 364038676
197 804 290516817
250 135 681040986
66 507 947330615
626 422 885381622
886 433 913307492
364 793 480440629
551 617 569531368
59 697 432217783
966 10 665423739
518 68 417038732
820 794 597256254
687 380 251567911
509 291 549925272
14 293 435641717
831 257 531978851
914 962 519915169
651 219 258197222
456 637 112170242
267 905 846664740
7 539 974493891
983 703 74364747
248 305 862637969
654 550 861431300
321 853 366075568
576 586 645692085
440 336 464101635
555 641 307401494
549 469 699325534
570 309 886003851
589 908 63696696
237 757 760106408
445 786 932090352
655 950 352355046
392 300 975367753
788 943 294682715
501 11 977169774
345 234 417775212
775 590 513448655
434 672 198352465
674 40 153192034
874 997 908020030
483 101 984590407
295 547 142167189
85 716 163165640
16 344 329898334
88 285 734164129
840 2 574286285
