1000
873 481 187566695
873 593 390754081
481 358 547281076
481 49 874198632
593 302 183185985
593 772 480497048
358 417 376334241
358 86 70134318
49 658 998419867
49 186 180375991
302 647 640289194
302 714 891341649
772 163 634170926
772 941 779977660
417 775 469412677
417 78 801229815
86 908 55632257
86 443 758717984
658 135 647274380
658 931 803854199
186 763 223646467
186 507 506051737
647 370 756633744
647 970 304647254
714 151 408782141
714 412 752994102
163 274 417675687
163 848 803093595
941 630 248774559
941 164 663048849
775 791 725958127
775 788 326940532
78 631 717277518
78 521 111975583
908 949 9986917
908 461 268701762
443 404 841936839
443 121 704465288
135 177 127123569
135 928 224618084
931 423 798069614
931 690 34223089
763 891 712067515
763 898 612522880
507 71 718739168
507 516 278144862
370 326 487361305
370 198 972028390
970 899 268353934
970 435 770271884
151 263 764633533
151 501 566108805
412 712 380916920
412 277 36521791
274 20 657940009
274 526 68664222
848 83 352416079
848 342 262263717
630 142 369484941
630 153 532219424
164 260 635463165
164 28 195651727
791 66 215594670
791 13 991178712
788 127 200105816
788 913 635042980
631 102 868969370
631 570 873532779
521 578 41954308
521 21 289488083
949 806 52761011
949 554 157872898
461 353 624258720
461 738 978653722
404 27 104850254
404 9 304255441
121 512 434855439
121 715 622521556
177 783 939327482
177 895 492414583
928 654 811519387
928 915 568011949
423 114 508486584
423 958 842247160
690 802 681615351
690 194 163394825
891 917 848301503
891 640 112240387
898 419 562759769
898 205 155329796
71 590 772728374
71 870 495958309
516 680 597085098
516 11 763449013
326 162 406749177
326 923 150644099
198 740 381713997
198 799 540501766
899 959 137208594
899 994 868630989
435 386 699790219
435 462 750605332
263 584 953520313
263 871 17223856
501 947 997204163
501 587 968627779
712 797 794308475
712 889 553302185
277 950 74738838
277 709 225526476
20 140 170200958
20 618 295034230
526 298 891882232
526 57 837500741
83 682 468642433
83 421 546153509
342 226 132039600
342 724 625596198
142 292 246257188
142 204 279672310
153 469 617950539
153 581 227928568
260 463 902027380
260 488 385348815
28 92 13998166
28 362 642572263
66 708 16394298
66 754 154330767
13 160 722214752
13 79 234236735
127 485 903251528
127 678 64210462
913 545 367033228
913 645 815691958
102 707 597090686
102 580 91699594
570 399 307952018
570 679 326300448
578 702 257162563
578 255 965113659
21 805 729890720
21 10 372881856
806 628 788134195
806 444 591892721
554 295 877623096
554 792 971495487
353 614 865087114
353 374 378591351
738 2 628588496
738 629 676999690
27 717 114199671
27 518 244332666
9 450 988759853
9 117 846967314
512 30 164310526
512 605 43026109
715 101 873184739
715 407 105325939
783 69 54852502
783 529 163418959
895 311 47869762
895 23 953693268
654 555 551187073
654 726 636631059
915 291 46188493
915 248 829638644
114 862 962378426
114 305 403407210
958 511 324807298
958 619 959810008
802 405 891102499
802 766 50717802
194 632 630439147
194 768 282660224
917 478 760692004
917 935 316569215
640 782 499935218
640 185 37847044
419 762 542221491
419 213 155241284
205 207 667773108
205 459 300741497
590 943 726656626
590 552 283713045
870 144 758437651
870 82 39146027
680 534 748067881
680 383 960550579
11 586 128433764
11 280 317567267
162 796 615818572
162 188 799033527
923 546 273213274
923 685 303899038
740 394 800557388
740 111 192550942
799 694 886057580
799 12 600537843
959 973 6599352
959 267 937625824
994 97 911605675
994 223 78461161
386 392 341121489
386 261 717954228
462 561 288190074
462 137 305930647
584 491 363861105
584 677 299047930
871 286 301429196
871 665 504189948
947 65 198684945
947 503 593243420
587 784 590670533
587 402 904610578
797 956 262443480
797 355 417635841
889 416 212249554
889 276 119886226
950 268 678344244
950 181 333971192
709 59 455432709
709 88 729749020
140 167 398195363
140 564 314287019
618 413 475793677
618 234 434977688
298 535 626553000
298 704 505903273
57 154 759481863
57 425 273829374
682 859 251426556
682 633 667754881
421 777 259352220
421 382 585093031
226 997 846710185
226 138 98349287
724 187 705432004
724 689 539931215
292 513 518965546
292 471 334012063
204 104 84060413
204 39 476424751
469 310 431779179
469 955 55303603
581 93 266120648
581 787 603988084
463 910 186510504
463 202 300661610
488 703 931273716
488 648 91760743
92 767 323710197
92 237 514840304
362 103 439301802
362 969 598519978
708 718 492315442
708 929 240274614
754 230 238980831
754 808 739431889
160 585 204310577
160 152 820884718
79 625 847284443
79 303 137833710
485 172 586424408
485 426 966529595
678 623 841519008
678 985 571266229
545 744 716872869
545 333 411559142
645 519 741819427
645 868 652338431
707 856 600976783
707 729 444448348
580 835 473028404
580 547 164404894
399 687 339653584
399 346 206890782
679 489 888360987
679 389 705304908
702 660 18714140
702 967 886734394
255 375 714964987
255 975 927230384
805 398 545421579
805 600 256951608
10 323 852892859
10 288 567364078
628 388 265492372
628 821 322930009
444 411 356600934
444 115 182901835
295 756 962965732
295 771 276641594
792 668 684923154
792 922 276120762
614 769 774562289
614 622 353640015
374 987 694958387
374 364 70877896
2 506 187764139
2 335 565447946
629 990 740708478
629 743 562555907
717 711 306968870
717 601 350708571
518 510 284707217
518 146 894513720
450 332 148868890
450 909 736357916
117 284 603585493
117 603 299505812
30 363 188800897
30 798 768503551
605 875 220676966
605 80 698364178
101 523 500094566
101 852 523434734
407 957 970993780
407 136 929110211
69 557 894324207
69 85 541630695
529 576 917016921
529 189 771494421
311 470 644363343
311 408 855801510
23 300 585182244
23 105 907963978
555 536 459559968
555 125 479213714
726 816 742574388
726 846 736976840
291 914 799819638
291 842 514021997
248 387 930394569
248 336 774178815
862 220 128069300
862 667 801623430
305 320 579784237
305 369 41240202
511 275 886329446
511 215 80994270
619 116 122993712
619 544 436380611
405 482 900117036
405 880 427299994
766 184 352059261
766 960 547991869
632 8 320537287
632 988 45763809
768 170 64189310
768 649 239168132
478 921 234014551
478 36 971963008
935 63 239966987
935 741 303866353
782 24 50010462
782 627 94858395
185 41 129390156
185 781 41517723
762 352 360341692
762 823 487134940
213 209 153720087
213 176 94094680
207 367 379205343
207 361 629656536
459 331 974744397
459 60 136011584
943 31 804746072
943 953 281375485
552 50 828251503
552 96 197073373
144 278 846064351
144 755 465046017
82 56 143344586
82 64 46639444
534 565 372565733
534 635 998667016
383 530 664635251
383 972 561633923
586 610 332459146
586 904 357055331
280 350 566443540
280 850 294643586
796 861 571764580
796 90 253894012
188 659 314621561
188 458 175384238
546 532 834742580
546 53 77436681
685 745 979558674
685 934 994362842
394 498 221734516
394 446 141110104
111 930 145178966
111 133 116942983
694 643 398825426
694 849 922496837
12 606 851989576
12 785 518129327
973 306 41258421
973 963 315083423
267 456 853215927
267 877 304999954
97 837 173549492
97 817 255798281
223 549 63139703
223 430 723263162
392 427 201437328
392 723 512952593
261 829 562006359
261 537 228912309
561 900 162613422
561 233 911906450
137 487 938522350
137 297 937885913
491 818 719500944
491 112 720180118
677 831 69551157
677 907 883561026
286 575 547173164
286 360 568850875
665 998 520101806
665 464 557749660
65 378 882511001
65 558 869323727
503 448 218064271
503 222 624983576
784 15 850623777
784 977 73517643
402 583 816770924
402 710 192961232
956 147 893159823
956 483 935681643
355 577 664394840
355 239 255040966
416 118 226102291
416 428 947062235
276 983 10697610
276 551 323889399
268 801 572225610
268 819 340873521
181 528 376107449
181 210 699580393
59 747 384364115
59 887 203286918
88 296 133931179
88 467 233252866
167 418 776996852
167 390 398200085
564 61 860446107
564 896 381775
413 447 984310191
413 664 818767114
234 737 458359136
234 32 575120846
535 393 623717375
535 128 111858379
704 47 223433277
704 315 375701473
154 155 604311317
154 993 576003601
425 409 84939575
425 73 907440262
859 381 349345371
859 674 804704810
633 722 707307046
633 285 622461900
777 356 812487350
777 351 888906128
382 74 501961055
382 550 273452876
997 339 684728585
997 37 77536159
138 812 550933135
138 897 539636690
187 542 22173756
187 457 216053490
689 410 952284037
689 531 412130109
513 486 245947595
513 574 320231454
471 742 337526094
471 131 256041621
104 996 756283985
104 832 738774136
39 431 394858708
39 764 238042666
310 841 54564067
310 731 798771004
955 890 724816103
955 804 160077724
93 612 689224470
93 541 824733058
787 863 441594479
787 879 968197342
910 424 621431927
910 661 256204079
202 770 569569330
202 938 688560747
703 716 26202161
703 876 701858485
648 813 83306490
648 436 784863432
767 143 120622689
767 686 248476700
237 560 180193047
237 713 555035697
103 894 749840437
103 540 718501965
969 95 298853887
969 803 750961271
718 325 324600
718 70 899579590
929 695 802331366
929 991 808945619
230 224 517614442
230 401 754929650
808 368 137366644
808 294 705626694
585 840 534022693
585 26 417641386
152 54 501469430
152 22 845199126
625 241 276654022
625 607 754630101
303 653 886935984
303 5 73153446
172 981 7823153
172 706 157338377
426 110 760603083
426 494 159120754
623 948 271261437
623 317 636123296
985 881 679900965
985 594 815159082
744 982 989182592
744 484 837153432
333 212 905585105
333 734 691853286
519 130 244581991
519 440 873441799
868 33 9641820
868 946 407077371
856 508 233903668
856 642 773343135
729 14 786545949
729 644 223947942
835 662 310048903
835 338 556592513
547 538 579846837
547 347 635608967
687 598 688683537
687 811 617559963
346 646 55509116
346 684 685445431
489 453 86435785
489 790 886415165
389 34 520237207
389 479 148318054
660 174 930007743
660 109 880921589
967 120 421557977
967 454 53174287
375 314 485920418
375 46 29635911
975 107 18051425
975 639 580542174
398 820 892269482
398 0 325088536
600 746 218730960
600 621 604566437
323 400 777445747
323 758 346837543
288 751 97006242
288 765 398601217
388 825 200139391
388 341 31775537
821 89 207786154
821 228 986044270
411 976 106357611
411 826 334842040
115 271 873765190
115 683 379859001
756 727 24209221
756 287 121210403
771 4 29124546
771 200 761594111
668 18 431693301
668 309 882376824
922 141 344827773
922 25 482237395
769 258 659993286
769 376 499619384
622 980 857822930
622 279 575197667
987 91 110523647
987 733 227940789
364 1 13868717
364 944 150875371
506 201 996461187
506 225 310243025
335 893 578728042
335 100 18888497
990 937 408436555
990 415 71252853
743 719 366615782
743 656 906291954
711 961 322193023
711 257 397831650
601 58 617556640
601 371 828609215
510 166 205889695
510 68 773972592
146 885 693907726
146 971 276303198
332 676 273936022
332 830 869655457
909 240 991570157
909 203 855635095
284 87 406308102
284 449 854866467
603 867 966917558
603 611 222180696
363 340 248940294
363 866 296714471
798 132 136256265
798 72 171466084
875 480 740811608
875 902 644723970
80 925 391491828
80 750 339955999
523 281 908870686
523 445 732262457
852 216 680391389
852 843 245232522
957 509 886694915
957 122 214637529
136 810 823863457
136 515 659863434
557 845 456358731
557 874 869472586
85 150 323084170
85 175 217581283
576 651 990206732
576 250 120283893
189 620 476436514
189 916 456549009
470 692 462895362
470 672 531892726
408 779 755481021
408 406 766127039
300 3 604281489
300 52 253231631
105 366 218286242
105 472 733520155
536 599 452565264
536 650 152750971
125 414 116509969
125 901 286125912
816 579 299393787
816 254 31044909
846 113 939481546
846 6 551441530
914 48 51025539
914 434 864667003
842 844 469686129
842 780 96941594
387 106 120838735
387 468 590840486
336 657 900609730
336 822 550927255
220 793 416032773
220 123 991236566
667 191 960522655
667 232 419668962
320 604 606393983
320 500 33462450
369 149 7392592
369 77 437871134
275 855 129962431
275 397 278576967
215 671 657893019
215 827 214975648
116 834 630338601
116 312 831511160
544 452 986402631
544 221 442679656
482 968 515231705
482 259 181499579
880 283 719071928
880 81 70393974
184 145 678180629
184 179 547505160
960 739 480386601
960 343 172376994
8 539 851326020
8 617 603921546
988 700 164041489
988 321 32556114
170 906 731326100
170 563 345457217
649 330 626308810
649 992 383386758
921 173 126413616
921 158 224925303
36 701 483957763
36 966 274334618
63 688 384529025
63 675 249580422
741 760 714795827
741 379 100009784
24 556 22505062
24 270 815018037
627 919 246781535
627 778 850525496
41 892 118601502
41 148 72992103
781 196 886740130
781 124 546311086
352 98 48179232
352 872 883037153
823 256 699438380
823 984 518324144
209 786 700398184
209 979 982973897
176 595 9165174
176 571 527782872
367 214 684017323
367 365 52698487
361 883 76034714
361 732 662931689
331 492 197429267
331 582 583879352
60 359 708888357
60 99 921056363
31 954 447146693
31 16 552522901
953 794 599406494
953 789 299399892
50 548 347165267
50 44 759492600
96 517 957104560
96 962 256171708
278 911 912875576
278 638 860937144
755 354 591634182
755 422 732384152
56 761 448935101
56 67 413678226
64 905 882150540
64 192 88688955
565 527 542945122
565 322 188004106
635 244 939473740
635 108 195312395
530 945 690903675
530 705 781014082
972 499 136588114
972 156 546837017
610 730 554553062
610 836 991137380
904 349 253282263
904 807 857962001
350 721 646750783
350 159 808355413
850 932 339773171
850 391 431584164
861 525 140526784
861 247 687971644
90 926 48847380
90 38 913177519
659 476 849133568
659 373 919989087
458 429 209570746
458 395 905282323
532 193 48466889
532 329 749247173
53 759 615927786
53 217 100226598
745 438 99917758
745 964 798114856
934 45 712399323
934 219 410314239
498 299 943921885
498 858 297108217
446 266 480105639
446 869 965166014
930 736 624513308
930 753 445018455
133 269 534848481
133 43 821225174
643 301 728118008
643 29 680333588
849 238 485157155
849 206 317670180
606 573 948039849
606 264 370988862
785 182 450480622
785 824 886872510
306 211 136197269
306 641 312633129
963 477 961825063
963 337 236674165
456 568 531062015
456 441 487610482
877 533 868851418
877 636 264018618
837 235 691775749
837 439 476459311
817 474 595884536
817 666 47230829
549 273 850787092
549 865 53556287
430 17 511543514
430 253 827504100
427 884 707595523
427 455 730419817
723 304 724341586
723 490 331478033
829 757 437360602
829 888 174107056
537 609 163824581
537 952 945747287
900 313 549367736
900 451 843449383
233 75 489585377
233 171 510537580
487 178 191617041
487 396 189029585
297 572 362890162
297 227 344619545
818 924 92874435
818 497 52634085
112 504 441150275
112 597 518436637
831 19 338186602
831 344 865783730
907 168 245709303
907 169 745297911
575 553 938940595
575 838 589341042
360 134 934788959
360 912 333914042
998 475 230788981
998 249 78512023
464 126 550163767
464 442 351156458
378 626 593542452
378 569 646638924
558 514 784344492
558 624 331166677
448 864 958579251
448 473 185106011
222 229 158643775
222 327 755227292
15 290 24803391
15 465 858574550
977 608 615980092
977 591 432210402
583 324 485954455
583 878 975360961
710 693 542521741
710 613 93410692
147 7 859944111
147 602 82533001
483 936 233988743
483 974 566727411
577 307 334735139
577 562 806672263
239 197 272776820
239 774 478167298
118 35 838076219
118 231 709232230
428 655 526102106
428 377 67928883
983 815 369859076
983 208 222535737
551 460 385895549
551 559 914324381
801 139 771151829
801 989 205218644
819 76 7175680
819 749 339724600
528 748 869656620
528 927 259477283
210 669 430882652
210 161 530035972
747 800 460353525
747 903 107102498
887 180 750285238
887 615 61287292
296 251 658482399
296 920 562127036
467 670 363213910
467 986 483391194
418 699 42284509
418 833 915132362
390 380 738401400
390 616 955207068
61 773 570091591
61 853 417011606
896 236 136184883
896 696 440977396
447 289 302666411
447 437 708311163
664 195 91032546
664 420 590254131
737 62 4489514
737 496 832701164
32 84 138136702
32 839 550157992
393 262 937009792
393 345 764389239
128 933 146663965
128 697 155760903
47 637 945879876
47 119 198610407
315 334 290893943
315 246 807489827
155 328 485720258
155 282 434999205
993 940 926253498
993 566 312654015
409 129 591174287
409 522 677970957
73 190 288512127
73 828 450388373
381 886 14915213
381 40 249597295
674 698 621096013
674 939 820567954
722 502 702667268
722 243 555608335
285 725 653643231
285 524 743530649
356 809 590701852
356 673 28636833
351 384 568414720
351 691 689498872
74 882 643895537
74 776 564394988
550 847 240279754
550 854 858629087
339 951 821752581
339 965 750313602
37 245 605417662
37 860 549690991
812 199 571654854
812 372 193110358
897 596 704928578
897 728 742778385
542 752 135735236
542 403 155681323
457 495 796185787
457 385 305117929
410 918 353828375
410 272 317323971
531 851 273221649
531 316 154490346
486 183 809608067
486 567 757678353
574 995 876577738
574 51 662108666
742 589 981379748
742 165 873907373
131 592 326832674
131 588 927381728
996 318 218460836
996 55 665953289
832 681 869803059
832 493 49217804
431 252 523453896
431 218 774768790
764 978 54608735
764 543 146372998
841 319 216730544
841 348 779353069
731 242 905491664
731 634 882457863
890 720 170166501
890 520 908064460
804 999 506235908
804 942 188965698
612 663 757471918
612 466 198756498
541 795 727216109
541 735 644519009
863 157 902682341
863 293 221366807
879 814 108895848
879 94 59079120
424 857 254701677
424 42 228694162
661 432 210253612
661 652 302184064
770 505 777856915
770 308 496547365
938 265 297694568
938 433 146286918
716 357 919027776
