1000
518 800 113202335
518 654 472559628
800 300 232856790
800 42 543045418
654 667 906298692
654 543 780004981
300 568 310091736
300 38 694952865
42 496 785517170
42 730 205044941
667 659 904602412
667 160 587404250
543 135 75159512
543 845 25890464
568 977 170638586
568 551 761495182
38 131 421297910
38 993 460111562
496 848 151072970
496 257 186565282
730 188 910728269
730 710 110156136
659 861 377407744
659 863 645818674
160 586 800526108
160 117 586164780
135 967 559818920
135 450 784897574
845 541 786782651
845 165 267345130
977 351 932575594
977 365 425181872
551 661 975221134
551 929 856282181
131 499 200010625
131 261 815833137
993 963 758231205
993 814 858225495
848 101 884361053
848 385 651330597
257 462 594328053
257 404 201239561
188 175 905507906
188 276 562948075
710 976 231672421
710 426 342318358
861 719 596851693
861 998 244901384
863 203 686145236
863 924 873220415
586 346 992105692
586 664 529463243
117 507 78609920
117 311 749676627
967 937 652203154
967 308 139067247
450 288 303188210
450 651 166314962
541 590 962257316
541 726 939766139
165 874 388420779
165 511 759212502
351 821 415492731
351 227 514657285
365 402 869864008
365 356 639603039
661 686 52289618
661 992 391107977
929 612 402295577
929 445 618748821
499 145 866218089
499 3 820237920
261 375 16949346
261 711 121889089
963 856 596679449
963 952 217970017
814 650 517803840
814 707 564274383
101 91 730325875
101 152 192134353
385 971 937619782
385 158 62069951
462 252 701397387
462 172 326761065
404 942 865302775
404 88 442083072
175 166 396375664
175 702 815618353
276 510 14788002
276 617 321699831
976 347 668851025
976 189 981776609
426 737 929497000
426 780 280555620
719 15 936476637
719 372 926165352
998 195 396718316
998 607 591932877
203 827 638619069
203 564 576322983
924 811 255104952
924 893 539771122
346 234 499024776
346 305 751385504
664 163 658224470
664 75 321740464
507 652 718257070
507 609 565800569
311 522 40119079
311 437 135713800
937 67 32300392
937 883 120652844
308 758 308136457
308 492 592118837
288 417 947556296
288 833 243214878
651 793 143025468
651 912 548381302
590 479 899018744
590 787 463200825
726 771 872532707
726 637 464302522
874 400 263962188
874 16 193071789
511 520 606391868
511 162 637586269
821 28 145384339
821 481 694092543
227 763 304902995
227 691 150009732
402 939 745869766
402 783 401544798
356 466 204525664
356 425 872009198
686 890 313012828
686 211 730120708
992 86 281850546
992 54 172398569
612 167 698717577
612 398 32049428
445 457 40496575
445 367 354479685
145 243 854755605
145 681 957394438
3 489 947714054
3 940 693891250
375 169 792213875
375 875 270640914
711 534 387458872
711 648 250611674
856 657 382516039
856 706 69633047
952 394 888554942
952 865 600389685
650 251 398504768
650 338 594831082
707 190 92044972
707 624 146738584
91 108 434119555
91 580 940822147
152 519 135689401
152 34 21098032
971 950 330973176
971 725 323712293
158 828 987180782
158 80 615924295
252 147 83665560
252 867 562951911
172 71 738609143
172 938 159040516
942 364 745698556
942 897 152864920
88 31 332875382
88 773 995449995
166 266 704459694
166 476 649797925
702 52 962309123
702 270 489235672
510 762 822865815
510 236 837923696
617 475 731046653
617 178 647071811
347 818 178468467
347 740 934756445
189 32 302345098
189 413 183762314
737 303 659504876
737 112 507425821
780 892 237172921
780 538 823147918
15 100 443433237
15 932 61212868
372 224 141949169
372 434 601481730
195 85 52520957
195 405 784151305
607 775 220053811
607 626 308574983
827 495 908445630
827 860 645670932
564 341 378411862
564 122 916503102
811 480 211168371
811 665 648397392
893 985 373196945
893 785 517440279
234 18 471381197
234 223 343528028
305 192 853973320
305 869 719911852
163 593 895766715
163 144 381520141
75 304 579395638
75 477 323167115
652 427 568851204
652 73 142120831
609 273 455083327
609 627 100287507
522 690 837146038
522 389 261352940
437 677 628680125
437 78 390147703
67 6 957751159
67 328 780010847
883 110 417664361
883 847 191495105
758 709 462295332
758 629 946821993
492 935 374673411
492 58 907183898
417 880 798122866
417 983 68181795
833 772 273077720
833 242 436524372
793 133 755025114
793 751 973647200
912 561 209079403
912 600 239264803
479 61 746273291
479 570 513851097
787 605 303847044
787 891 109104666
771 708 345326980
771 369 865741690
637 128 158263504
637 501 910354086
400 463 160735627
400 881 187824479
16 990 560546835
16 628 901201296
520 585 729664800
520 212 412841962
162 349 132830248
162 596 748407071
28 94 104791709
28 221 543797780
481 451 901300570
481 926 683118773
763 416 47627204
763 37 914093791
691 508 847584113
691 798 812858349
939 813 21802283
939 0 116912897
783 913 566563815
783 895 658825958
466 610 470828739
466 419 56477356
425 714 843795465
425 196 397138170
890 882 82383666
890 429 251890539
211 540 92243672
211 60 402497284
86 943 456834984
86 699 171893910
54 531 652034246
54 422 610987527
167 238 4524977
167 256 15531150
398 733 908516912
398 29 665830678
457 996 488540758
457 597 645645551
367 373 540343145
367 876 526365487
243 975 844026036
243 572 377996208
681 843 610967269
681 350 617357415
489 296 8227385
489 836 673567618
940 692 202597543
940 318 20096637
169 704 212027536
169 566 935313848
875 391 745156870
875 8 910365332
534 866 278360568
534 509 633252110
648 399 347241086
648 465 485781842
657 299 621257861
657 981 38537056
706 988 604648914
706 799 98353897
394 986 750997067
394 182 719589872
865 786 292027158
865 556 912813342
251 441 998970179
251 957 524392291
338 713 852770831
338 280 237951133
190 744 792980298
190 412 429390661
624 915 418980925
624 685 825155482
108 855 353539190
108 810 376338061
580 109 778242494
580 207 971805433
519 693 847247615
519 39 1147040
34 102 320013182
34 220 839828058
950 14 393821336
950 742 972509758
725 951 639917472
725 636 119223034
828 734 454617072
828 205 583005742
80 247 224871756
80 888 547739303
147 902 649469425
147 113 380626283
867 344 966374092
867 244 816904357
71 382 123761963
71 377 980962540
938 200 451624543
938 322 218743053
364 217 919437261
364 885 47243709
897 655 592435752
897 573 76255781
31 290 421607506
31 958 960528747
773 820 275400581
773 717 241286752
266 263 882348371
266 887 607005727
476 633 175350579
476 370 230037423
52 911 438577858
52 504 691151337
270 49 990780262
270 898 871882841
762 197 264522724
762 978 206218301
236 286 158045871
236 430 673061349
475 994 38551222
475 293 446601227
178 973 754509342
178 729 556288265
818 313 480707751
818 533 516019018
740 703 72408905
740 278 150853086
32 360 55384102
32 945 561113461
413 202 857925207
413 527 24522766
303 309 750788770
303 254 260183522
112 170 219139281
112 395 873355412
892 886 454470675
892 669 88863256
538 643 808684311
538 283 170399960
100 803 740707232
100 697 269954957
932 59 200646370
932 871 40430529
224 682 941738835
224 89 767699782
434 784 180192866
434 639 725323400
85 959 277309086
85 219 506032036
405 287 247298292
405 118 275867584
775 634 663194428
775 954 453504006
626 319 358360402
626 216 977531056
495 339 850534486
495 30 295295795
860 530 112475069
860 521 513011490
341 789 136269590
341 908 715844924
122 589 597192363
122 618 719399698
480 964 262238568
480 327 189852713
665 583 120133107
665 684 610897372
985 759 317237385
985 923 551967822
785 542 364284396
785 191 372122166
18 331 149796165
18 512 36456968
223 779 789476072
223 872 543113015
192 97 468742765
192 578 210138563
869 582 762107375
869 214 180438137
593 26 834975012
593 705 551895565
144 74 593393526
144 640 806776181
304 878 778697219
304 979 740453128
477 673 53423803
477 215 228778613
427 301 532484147
427 57 449856710
73 698 875996951
73 292 363791284
273 155 599089471
273 448 287891182
627 826 734977703
627 623 587168514
690 502 354923590
690 841 727921360
389 469 205219921
389 79 534974661
677 844 167628444
677 53 709403889
78 797 607994936
78 69 196140343
6 949 374824450
6 769 89435341
328 406 418203431
328 208 866182421
110 33 230005129
110 111 437985653
847 718 305432744
847 877 475469996
709 62 403461703
709 933 98509797
629 514 212748121
629 461 638216515
935 368 541392072
935 1 556212002
58 822 511415790
58 870 390714215
880 218 305595115
880 816 951041847
983 487 779249486
983 790 808039310
772 768 280429269
772 474 624945547
242 552 567705995
242 905 831082468
133 918 266499681
133 819 648439338
751 989 69585954
751 548 577107210
561 850 326745548
561 213 268686048
600 24 600240757
600 879 13949644
61 720 740548476
61 98 419591510
570 505 593155605
570 199 121698730
605 297 76718899
605 616 834879363
891 329 987845795
891 796 672576954
708 559 161822323
708 767 875444227
369 415 443149001
369 649 193358706
128 106 521780086
128 72 967299643
501 423 172245813
501 544 792379485
463 249 377438007
463 241 80239975
881 114 423703922
881 842 789378471
990 647 186561003
990 255 174810733
628 248 680775597
628 947 896170767
585 483 432217000
585 374 772042160
212 388 69040912
212 574 413267858
349 743 172851577
349 663 894506155
596 13 738046280
596 620 486041678
94 788 364287791
94 420 999291763
221 486 181689861
221 795 494079887
451 184 723864242
451 601 991431729
926 931 920564564
926 177 730038920
416 298 907361114
416 760 570269419
37 22 788563819
37 493 454805661
508 275 33581841
508 802 333352898
798 82 177086328
798 267 625093105
813 615 585598885
813 653 521208231
0 336 179742819
0 123 567051073
913 560 985000487
913 873 831969497
895 753 579718230
895 380 517083188
610 83 279875315
610 680 251943786
419 581 954785407
419 984 930478268
714 721 628789539
714 12 469432505
196 577 203238795
196 458 973492353
882 853 39311802
882 320 252981186
429 859 533634820
429 5 387948478
540 757 414475042
540 916 945337864
60 532 288014524
60 92 93675935
943 281 849567687
943 183 662700283
699 567 167938642
699 491 774215080
531 433 866514147
531 250 590435067
422 446 766031503
422 120 649725702
238 230 485758533
238 321 635614520
256 81 520715494
256 325 82581357
733 119 124143717
733 851 788118220
29 317 578522461
29 186 38175960
996 125 592346151
996 608 568628439
597 149 271572115
597 225 214482505
373 970 995474279
373 565 783415410
876 96 682979020
876 312 942649608
975 103 89827382
975 745 532956604
572 679 941289920
572 857 828284215
843 557 224223362
843 723 598899998
350 700 937240967
350 384 965390918
296 310 956852880
296 171 726485282
836 362 908411310
836 825 612046524
692 695 123261905
692 407 199806006
318 670 95764813
318 688 156169254
704 602 757988044
704 68 722441227
566 579 154888959
566 63 521031025
391 852 129255605
391 535 774149163
8 20 702684000
8 132 330358502
866 269 283469591
866 95 595796934
509 584 849580198
509 968 328947098
399 927 90020065
399 961 666624006
465 129 702521781
465 194 968728510
299 17 929697445
299 314 851614394
981 622 147481047
981 134 853186601
988 23 187032714
988 914 47675017
799 56 2007728
799 414 410986018
986 408 818477867
986 235 294706119
182 50 42290353
182 917 793841569
786 104 73723765
786 210 464631541
556 676 248177611
556 285 648763205
441 854 90560095
441 421 885200260
957 941 640732524
957 274 834943782
713 323 686355098
713 712 234609465
280 701 362207090
280 906 993853914
744 431 284906412
744 237 972919002
412 392 396878276
412 846 172262783
915 265 722434782
915 966 325109118
685 245 897764322
685 809 44587229
855 862 478164726
855 48 460426669
810 209 456323833
810 65 278051561
109 87 166342019
109 229 202580202
207 907 736049666
207 115 662839537
693 594 10140896
693 291 772993230
39 11 457127210
39 919 547768075
102 139 613833292
102 614 289150462
220 181 221133234
220 41 426253881
14 316 87145234
14 838 924158060
742 868 173985592
742 176 119397821
951 294 601944954
951 43 459077876
636 715 53955706
636 999 875886774
734 226 949096685
734 121 62977402
205 546 589356659
205 143 333292234
247 778 180439075
247 204 104699910
888 777 973273533
888 315 347646734
902 428 111034729
902 545 804997226
113 716 42976725
113 987 687742555
344 393 300283356
344 641 777375605
244 232 975852384
244 903 873720672
382 187 582603935
382 282 565004209
377 40 395262944
377 262 28739030
200 687 968470889
200 498 988026235
322 467 630749533
322 268 533377049
217 756 772856862
217 738 563782082
885 536 782843920
885 750 244647672
655 956 702329609
655 524 321672439
573 776 25200830
573 569 461746114
290 741 388906911
290 376 949591032
958 794 878483892
958 658 191632929
820 562 594307862
820 70 855279104
717 7 579774209
717 668 240772181
263 837 409518182
263 500 248848087
887 456 422538149
887 549 564525766
633 754 2526485
633 490 590266605
370 387 122457249
370 920 334753614
911 284 110292173
911 770 953052629
504 995 616357616
504 946 496805743
49 516 610506159
49 452 69495492
898 638 89623510
898 453 512052267
197 161 148736216
197 470 627240547
978 635 864171104
978 599 172558199
286 449 500843812
286 354 228072546
430 464 95813898
430 21 450039518
994 764 625522409
994 656 603268926
293 839 458903728
293 588 663861089
973 488 646494514
973 731 23858774
729 2 854087796
729 834 372608312
313 334 903379904
313 381 823981701
533 35 263537147
533 675 42781216
703 660 978854206
703 383 69515427
278 157 672457798
278 631 702556249
360 748 955864826
360 896 988135577
945 246 495561895
945 728 967015457
202 159 52324244
202 19 868247396
527 140 816540650
527 840 900360328
309 240 864543470
309 644 655413829
254 747 326890814
254 342 894024496
170 749 284101680
170 671 299933710
395 436 621980883
395 766 942898403
886 503 736016003
886 127 54600861
669 45 657278379
669 537 911605566
643 148 969195636
643 739 31920408
283 606 891646579
283 77 679099961
803 66 968294050
803 90 652659081
697 955 697795364
697 625 866366509
59 900 961769437
59 337 374944296
871 340 883825032
871 130 978776062
682 47 951187512
682 645 141879704
89 494 632950831
89 396 444133874
784 471 329864474
784 259 162558377
639 168 961541756
639 598 536813848
959 528 300336975
959 403 690058739
219 201 669306243
219 150 510596132
287 484 297312797
287 922 89920613
118 781 516682915
118 371 293146796
634 526 356932778
634 25 911700498
954 791 138248287
954 674 686235553
319 587 378664650
319 185 744841696
216 55 592378051
216 611 720828771
339 930 247155158
339 386 94918943
30 972 711443167
30 397 286579713
530 326 519657416
530 378 291282470
521 46 804718926
521 804 191517168
789 335 648870462
789 180 950037460
908 271 431408614
908 765 456695567
589 348 393026668
589 330 865736941
618 525 662957105
618 678 396785572
964 829 902448700
964 277 830138776
327 359 755779582
327 124 164376913
583 563 29933327
583 735 966743623
684 792 416856034
684 899 46475554
759 613 482259216
759 982 616469880
923 642 841941897
923 156 901485199
542 962 169363489
542 76 552482614
191 529 250911925
191 801 148015855
331 64 721815442
331 732 887392655
512 944 619689974
512 142 613143622
779 154 806419566
779 272 669182693
872 353 7181036
872 440 993481344
97 823 880063013
97 324 656893824
578 736 615964467
578 411 851914665
582 517 410957178
582 239 24638376
214 302 943419798
214 352 945894424
26 689 7402253
26 752 374588617
705 343 758548598
705 459 7676409
74 472 143888656
74 603 404106428
640 4 174169635
640 806 40176378
878 258 3750086
878 137 17289305
979 965 705901159
979 260 691240746
673 506 627414308
673 909 716721808
215 805 568963756
215 332 906599114
301 454 673822138
301 619 365260050
57 832 961001596
57 974 596804403
698 478 584260143
698 694 72061275
292 576 974194519
292 460 863240870
155 345 891692241
155 447 574644748
448 36 431750527
448 621 568459468
826 138 109206174
826 84 797611074
623 126 813691256
623 174 938906420
502 646 798147237
502 807 416462679
841 164 876441912
841 442 22800481
469 889 20605025
469 755 91335125
79 746 136477468
79 632 580185864
844 904 180534773
844 295 535755830
53 228 606852679
53 418 63154679
797 358 531707484
797 547 74709498
69 439 95519414
69 539 956759746
949 928 579468402
949 835 701559085
769 604 800223448
769 357 879840327
406 136 640978806
406 253 693037837
208 782 226095391
208 116 582596936
33 849 715176901
33 366 647883416
111 630 887056345
111 969 79797251
718 727 63750696
718 571 947397372
877 722 90902602
877 774 858133280
62 409 258571059
62 666 375814362
933 831 304221903
933 554 285054109
514 107 711951106
514 99 517711261
461 830 406647601
461 953 444631822
368 51 100326118
368 936 385304055
1 864 189310205
1 812 786157231
822 817 80816004
822 473 158586178
870 355 626159592
870 485 708314668
218 361 670789216
218 724 17651339
816 93 33581982
816 808 210606269
487 683 145374527
487 901 326983823
790 672 362272752
790 960 611377799
768 179 350518054
768 991 129464348
474 662 708778169
474 575 747325229
552 198 864184313
552 27 21928304
905 9 273067301
905 815 524363133
918 279 362294529
918 401 563569664
819 151 634009887
819 390 182559037
989 206 4802432
989 146 97944839
548 558 700630469
548 980 487245622
850 948 12005034
850 264 655414559
213 761 574978041
213 10 786219420
24 424 146578138
24 193 818409194
879 141 452277377
879 550 885063978
720 444 726465339
720 438 285975529
98 910 728042638
98 513 869210707
505 153 664119442
505 515 337362083
199 997 47782864
199 497 716565622
297 592 409880479
297 105 249646983
616 824 857394437
616 410 651731200
329 553 743805232
329 432 500522247
796 591 791343245
796 523 433561363
559 173 267905814
559 222 119731157
767 44 583621563
767 435 106523875
415 289 957641944
415 482 969423709
649 379 132075294
649 555 27599236
106 595 513173053
106 884 681781804
72 468 659622105
72 858 401644623
423 233 353313492
423 443 954447735
544 231 715141512
544 333 61696978
249 925 683575484
249 696 446011979
241 363 853773276
241 306 839918675
114 307 857206319
114 921 337915055
842 894 613574348
842 934 14138934
647 455 762063331
