1000
938 127 0
127 864 0
127 376 0
376 68 0
68 274 0
274 212 0
212 818 0
818 686 0
686 725 0
725 310 0
310 708 0
708 465 0
465 665 0
465 781 0
781 418 0
418 862 0
862 949 0
949 795 0
795 696 0
696 302 0
302 825 0
825 974 0
974 932 0
932 235 0
235 244 0
244 255 0
255 30 0
30 151 0
151 996 0
996 543 0
996 642 0
642 720 0
720 794 0
543 431 0
431 395 0
395 16 0
16 251 0
251 476 0
476 858 0
858 201 0
201 911 0
911 17 0
17 202 0
202 973 0
973 231 0
231 648 0
648 838 0
838 829 0
829 566 0
566 181 0
181 206 0
206 636 0
636 283 0
283 347 0
347 136 0
136 680 0
680 568 0
568 975 0
975 889 0
889 303 0
303 724 0
724 335 0
335 832 0
832 517 0
517 378 0
378 997 0
997 315 0
315 199 0
199 884 0
884 528 0
528 278 0
278 48 0
48 146 0
146 763 0
763 904 0
904 666 0
666 952 0
904 298 0
298 888 0
298 865 0
865 35 0
865 217 0
217 348 0
348 544 0
544 409 0
409 874 0
874 800 0
800 488 0
800 782 0
782 381 0
381 678 0
678 849 0
849 866 0
866 719 0
719 399 0
399 565 0
565 71 0
71 275 0
275 140 0
140 841 0
841 373 0
373 111 0
71 284 0
284 670 0
670 635 0
670 902 0
902 1 0
1 706 0
706 916 0
916 110 0
110 116 0
116 519 0
519 166 0
166 20 0
110 737 0
737 368 0
368 312 0
312 742 0
742 882 0
882 353 0
353 440 0
440 262 0
262 374 0
374 853 0
853 189 0
189 633 0
633 277 0
277 494 0
494 752 0
752 261 0
752 6 0
6 573 0
573 9 0
9 799 0
799 765 0
765 507 0
507 589 0
765 98 0
98 660 0
660 101 0
101 99 0
99 14 0
14 78 0
99 229 0
229 556 0
229 714 0
261 766 0
766 533 0
533 606 0
606 984 0
984 978 0
978 630 0
630 681 0
681 329 0
329 662 0
662 913 0
913 250 0
250 980 0
980 236 0
236 703 0
250 941 0
941 145 0
145 120 0
120 242 0
242 520 0
520 546 0
546 951 0
951 905 0
905 105 0
105 357 0
357 482 0
482 473 0
473 989 0
989 812 0
812 805 0
805 466 0
466 190 0
190 269 0
269 423 0
423 569 0
569 525 0
525 56 0
56 479 0
479 851 0
851 79 0
79 738 0
738 328 0
328 130 0
130 446 0
446 345 0
345 168 0
168 234 0
345 44 0
234 821 0
821 104 0
104 896 0
896 83 0
83 305 0
305 74 0
74 867 0
867 615 0
615 215 0
215 539 0
539 197 0
539 505 0
197 58 0
58 458 0
58 654 0
654 443 0
443 986 0
986 344 0
344 925 0
925 871 0
871 352 0
352 608 0
925 740 0
740 2 0
2 964 0
964 671 0
671 65 0
65 210 0
210 361 0
361 359 0
359 289 0
289 972 0
972 810 0
810 7 0
7 501 0
501 263 0
501 537 0
537 652 0
652 627 0
627 422 0
422 291 0
291 687 0
687 457 0
687 585 0
585 369 0
369 135 0
135 177 0
177 53 0
177 840 0
840 734 0
734 285 0
285 673 0
673 768 0
673 332 0
332 846 0
846 807 0
807 331 0
331 100 0
100 856 0
856 40 0
40 936 0
936 892 0
892 414 0
414 42 0
414 618 0
618 273 0
273 522 0
522 477 0
477 758 0
477 178 0
178 906 0
906 174 0
174 604 0
604 326 0
326 754 0
906 238 0
892 716 0
716 580 0
604 218 0
580 493 0
493 697 0
697 757 0
757 478 0
478 287 0
287 10 0
10 196 0
196 157 0
157 721 0
721 878 0
196 32 0
32 730 0
730 371 0
371 886 0
886 831 0
831 900 0
900 122 0
122 34 0
34 159 0
34 595 0
595 416 0
595 644 0
644 885 0
885 942 0
942 248 0
248 657 0
657 529 0
942 833 0
833 963 0
963 47 0
47 464 0
464 281 0
281 516 0
516 4 0
4 396 0
396 894 0
894 674 0
674 179 0
674 641 0
641 126 0
126 424 0
424 164 0
164 590 0
590 385 0
385 593 0
593 309 0
309 456 0
456 447 0
447 769 0
769 282 0
769 253 0
253 684 0
684 699 0
894 872 0
872 81 0
81 586 0
586 31 0
31 877 0
877 405 0
877 24 0
81 741 0
741 619 0
619 747 0
747 897 0
897 921 0
921 354 0
354 184 0
184 966 0
966 667 0
667 733 0
733 185 0
185 532 0
532 397 0
397 90 0
90 756 0
756 669 0
669 337 0
337 827 0
184 467 0
467 750 0
467 672 0
672 413 0
413 161 0
161 301 0
301 992 0
992 646 0
646 340 0
340 541 0
541 915 0
915 792 0
792 222 0
222 526 0
526 3 0
3 75 0
75 748 0
684 441 0
441 868 0
868 209 0
209 321 0
321 324 0
324 296 0
296 259 0
259 346 0
346 194 0
194 934 0
934 784 0
784 256 0
256 339 0
339 109 0
109 102 0
102 123 0
123 547 0
547 491 0
491 786 0
786 588 0
588 497 0
497 268 0
268 198 0
198 407 0
407 808 0
808 43 0
43 579 0
579 931 0
931 406 0
406 817 0
817 968 0
968 370 0
370 693 0
693 692 0
692 538 0
538 364 0
364 621 0
364 598 0
598 384 0
598 169 0
169 806 0
806 18 0
18 180 0
180 860 0
860 953 0
860 5 0
953 594 0
594 172 0
172 521 0
953 0 0
0 33 0
33 560 0
560 578 0
33 487 0
487 77 0
487 468 0
468 220 0
220 63 0
63 60 0
60 132 0
132 411 0
411 39 0
39 723 0
723 600 0
600 118 0
118 736 0
736 93 0
93 793 0
793 570 0
570 475 0
578 982 0
982 998 0
998 200 0
200 691 0
691 536 0
536 21 0
21 26 0
26 103 0
103 577 0
577 382 0
382 895 0
382 45 0
45 160 0
160 771 0
771 823 0
823 824 0
824 576 0
576 780 0
780 237 0
780 55 0
55 500 0
500 232 0
232 223 0
223 924 0
232 955 0
223 173 0
924 649 0
649 790 0
790 994 0
994 322 0
322 46 0
46 254 0
46 304 0
304 524 0
524 954 0
954 664 0
664 113 0
113 25 0
25 970 0
970 121 0
121 260 0
260 327 0
327 230 0
230 628 0
628 779 0
779 29 0
29 107 0
107 597 0
597 176 0
176 165 0
165 85 0
176 835 0
835 625 0
625 271 0
271 561 0
561 822 0
561 830 0
830 343 0
343 638 0
638 749 0
749 797 0
822 320 0
320 898 0
898 751 0
751 947 0
947 704 0
704 530 0
530 293 0
293 438 0
438 656 0
293 182 0
656 961 0
961 510 0
510 70 0
961 233 0
233 839 0
839 266 0
266 158 0
158 503 0
503 876 0
876 138 0
138 764 0
764 80 0
80 879 0
764 69 0
69 960 0
960 789 0
789 306 0
306 115 0
115 787 0
787 393 0
393 563 0
563 760 0
760 420 0
760 380 0
380 325 0
325 66 0
66 893 0
893 616 0
616 820 0
820 452 0
343 726 0
726 67 0
67 668 0
668 513 0
513 842 0
842 88 0
88 655 0
655 297 0
842 239 0
239 927 0
927 653 0
653 495 0
495 710 0
710 943 0
943 246 0
710 286 0
286 226 0
226 308 0
308 61 0
61 899 0
899 463 0
463 439 0
439 506 0
506 502 0
506 389 0
389 626 0
626 114 0
114 144 0
144 852 0
852 412 0
144 873 0
412 629 0
852 313 0
313 228 0
228 617 0
617 73 0
313 914 0
914 683 0
683 753 0
753 225 0
225 785 0
785 540 0
540 59 0
59 106 0
106 386 0
386 814 0
814 802 0
802 430 0
430 300 0
300 351 0
351 622 0
622 137 0
617 453 0
453 243 0
243 773 0
773 804 0
804 772 0
772 89 0
89 459 0
459 437 0
437 762 0
762 415 0
415 295 0
295 444 0
444 732 0
732 417 0
417 426 0
426 958 0
958 909 0
909 112 0
112 555 0
555 599 0
599 559 0
559 455 0
455 553 0
553 731 0
599 191 0
191 390 0
390 338 0
338 342 0
342 38 0
38 798 0
798 86 0
798 935 0
935 567 0
567 264 0
264 480 0
559 154 0
264 845 0
845 147 0
147 54 0
54 603 0
603 946 0
946 241 0
241 727 0
727 962 0
962 527 0
962 813 0
813 940 0
527 270 0
270 299 0
299 581 0
581 659 0
659 131 0
131 837 0
837 22 0
22 976 0
976 535 0
535 928 0
928 8 0
8 279 0
279 419 0
419 333 0
333 677 0
677 722 0
677 679 0
679 489 0
489 512 0
512 51 0
51 64 0
64 551 0
551 211 0
211 788 0
788 601 0
601 920 0
920 950 0
950 572 0
572 94 0
572 549 0
549 203 0
203 870 0
870 427 0
427 718 0
718 944 0
718 124 0
124 367 0
367 240 0
367 163 0
163 84 0
84 150 0
150 534 0
534 901 0
901 410 0
410 449 0
534 675 0
675 558 0
558 214 0
214 388 0
388 689 0
689 448 0
448 129 0
129 213 0
213 365 0
365 922 0
922 379 0
379 252 0
252 402 0
402 848 0
252 930 0
930 139 0
139 192 0
192 939 0
939 336 0
336 887 0
887 471 0
471 280 0
280 783 0
783 880 0
880 843 0
843 484 0
484 791 0
791 637 0
637 319 0
319 967 0
319 508 0
508 712 0
712 445 0
712 400 0
400 755 0
755 859 0
859 366 0
755 187 0
187 623 0
623 170 0
170 316 0
316 933 0
933 640 0
640 358 0
358 108 0
108 564 0
108 869 0
869 614 0
614 912 0
912 971 0
971 554 0
554 355 0
355 575 0
575 183 0
183 890 0
890 562 0
890 863 0
863 119 0
863 330 0
330 929 0
929 224 0
224 596 0
596 377 0
377 605 0
605 195 0
195 759 0
759 956 0
605 903 0
903 462 0
462 509 0
509 314 0
314 428 0
428 36 0
428 288 0
288 481 0
462 592 0
592 486 0
486 142 0
142 609 0
609 705 0
705 591 0
591 290 0
290 571 0
571 434 0
434 276 0
276 631 0
631 550 0
550 770 0
770 988 0
988 981 0
981 148 0
148 698 0
698 429 0
429 362 0
362 919 0
919 987 0
987 515 0
515 171 0
171 425 0
425 957 0
957 435 0
435 205 0
205 624 0
698 19 0
988 436 0
436 809 0
809 398 0
809 167 0
167 811 0
811 855 0
855 857 0
857 245 0
245 27 0
27 257 0
257 717 0
257 496 0
496 985 0
985 403 0
403 50 0
50 531 0
531 910 0
50 918 0
918 700 0
700 490 0
490 97 0
97 432 0
432 702 0
918 743 0
743 208 0
208 57 0
208 216 0
216 143 0
143 977 0
977 557 0
557 492 0
492 391 0
391 188 0
188 421 0
421 854 0
854 999 0
999 709 0
709 583 0
583 470 0
470 394 0
394 392 0
392 739 0
739 267 0
267 584 0
584 272 0
272 499 0
272 774 0
774 634 0
634 602 0
602 401 0
401 360 0
602 639 0
360 796 0
796 803 0
803 511 0
511 744 0
744 318 0
318 341 0
341 387 0
387 504 0
387 613 0
613 715 0
715 162 0
715 713 0
713 746 0
746 690 0
713 117 0
117 658 0
658 707 0
707 265 0
265 472 0
117 651 0
651 775 0
775 826 0
658 632 0
632 96 0
96 777 0
777 801 0
801 523 0
523 49 0
49 294 0
294 552 0
552 450 0
450 141 0
141 134 0
134 701 0
701 363 0
363 133 0
133 834 0
834 317 0
317 52 0
49 474 0
474 76 0
76 356 0
356 990 0
990 729 0
729 991 0
991 745 0
745 983 0
983 948 0
948 926 0
926 993 0
993 923 0
923 125 0
125 375 0
375 13 0
13 663 0
663 461 0
729 156 0
156 92 0
92 761 0
761 186 0
186 62 0
761 155 0
155 647 0
647 917 0
917 193 0
917 711 0
711 404 0
404 908 0
908 37 0
37 945 0
37 219 0
945 979 0
979 969 0
969 292 0
292 965 0
965 152 0
152 153 0
153 574 0
574 607 0
607 454 0
454 442 0
442 836 0
836 676 0
676 485 0
485 514 0
514 767 0
767 518 0
518 451 0
767 778 0
485 847 0
847 207 0
207 307 0
847 249 0
249 227 0
227 82 0
82 483 0
483 995 0
995 12 0
12 128 0
128 587 0
82 643 0
643 891 0
891 937 0
937 87 0
87 861 0
861 907 0
907 460 0
460 95 0
95 735 0
735 175 0
175 350 0
350 247 0
247 383 0
383 682 0
383 850 0
850 959 0
959 311 0
311 688 0
688 883 0
883 548 0
850 875 0
875 650 0
650 815 0
815 258 0
258 816 0
816 611 0
611 469 0
469 545 0
545 15 0
15 661 0
15 28 0
28 612 0
816 433 0
433 776 0
776 694 0
694 334 0
334 881 0
881 349 0
349 23 0
23 408 0
408 828 0
828 582 0
582 11 0
11 645 0
545 819 0
819 610 0
610 685 0
610 844 0
844 91 0
91 695 0
695 620 0
620 204 0
204 323 0
323 41 0
620 728 0
728 498 0
498 221 0
844 372 0
372 149 0
149 72 0
221 542 0
