1000
457 747 682050325
747 719 516254444
719 517 711108788
517 254 26284819
254 898 565125564
898 533 849518968
533 959 893649442
959 511 291461704
511 624 731244942
624 785 407957955
785 322 422405826
322 513 72539242
513 681 172487659
681 841 800706790
841 911 744791170
911 894 696933736
894 181 732746193
181 131 678814863
131 270 826743549
270 822 489852226
822 646 924178074
646 246 500689907
246 318 483423500
318 286 652192228
286 789 617381418
789 645 600472221
645 951 29524986
951 309 458656549
841 687 254822688
687 134 618052440
134 291 128282495
291 733 114454679
733 339 829835445
339 571 13565118
733 331 227699789
331 614 81935981
614 420 105958348
420 29 331714759
29 691 667724519
691 976 450233373
976 21 634419350
21 694 194347506
694 858 959914659
858 596 512305107
596 438 65034412
438 601 937060550
601 164 733367492
164 341 86944949
341 761 276651505
761 495 108627295
495 686 636333049
686 968 231227621
968 793 638773314
793 492 394862930
492 186 170384197
186 539 866580342
539 204 887339112
204 446 454188083
446 235 990436365
235 525 811834165
235 597 38129460
597 225 97452598
225 211 251113900
211 799 78767555
799 365 311290769
365 662 589333724
799 866 421280703
866 992 764602228
992 213 91077933
213 340 993417889
340 298 642006168
298 202 766193080
992 75 56426235
75 38 448678348
38 26 702458698
26 292 59006574
292 138 615796554
138 543 331731906
543 229 794790339
229 418 847619334
418 359 681520179
359 146 134303134
146 156 740706271
146 448 753363049
448 358 647822455
358 510 493011814
510 240 699611704
240 945 41104831
945 169 890193771
169 346 643926520
346 337 172730262
337 385 684466525
385 913 957012142
913 535 250420232
169 466 875577458
466 852 808991871
852 611 805023132
611 787 403654575
787 283 326778595
283 462 865914517
462 859 389994348
462 459 973810464
459 553 262989283
553 556 39849400
556 293 689055117
293 846 358174074
846 711 752699321
711 48 407752785
48 897 594648060
897 559 855729177
559 635 592334717
635 177 132901442
177 389 833761947
389 477 594849338
477 165 526682057
165 862 731621818
862 108 474364706
108 569 139577676
569 637 79339758
637 588 414047313
588 631 5116241
631 88 312963761
88 943 217034306
943 80 489547464
588 689 805437551
943 393 881500726
393 794 802002093
794 854 144848660
854 639 696355581
639 696 419075092
696 3 410450566
3 77 133800216
77 824 998726212
824 461 812223202
3 534 575997870
824 306 738836324
306 957 658247582
957 253 180004492
306 602 956341991
602 812 304353140
812 129 716527961
129 817 982558708
817 429 448226584
429 345 473743700
345 415 478963786
602 529 718429547
529 818 522353957
818 878 248820659
878 990 487284922
990 479 834408743
479 285 225589002
285 109 473064555
109 554 512594169
554 820 648635097
820 504 484692338
820 925 990397983
925 258 644190583
258 765 314703642
765 263 369577019
129 867 765371230
867 32 375460811
32 101 315735983
101 494 158111370
494 613 842731677
613 117 608129229
117 426 159389980
426 591 2993192
591 114 212643633
114 796 131013777
796 375 16696095
375 561 473590137
561 620 782439807
620 232 309361639
232 967 916838227
967 20 121222774
967 458 50475950
458 174 502538682
174 388 552764888
388 226 863207828
226 224 481871126
226 606 610113965
224 141 422460469
141 220 340933641
220 975 138455867
458 550 811022919
550 44 799774089
44 857 459274522
857 910 651528092
910 179 199759729
179 301 579359155
301 917 252248249
917 713 100792180
713 7 299643783
7 99 856279234
99 666 565311317
666 276 872106585
276 619 394272050
619 919 111033677
919 493 862635668
493 579 208671475
579 398 732228822
398 27 555323129
27 217 195907145
217 497 987061848
497 119 69979950
119 565 819140794
565 328 526221122
328 717 226521341
717 163 926223326
163 87 462303800
87 79 534892076
79 31 615372271
31 873 249969079
873 382 120629376
382 806 382439811
806 564 888991232
564 834 710886271
834 143 811574793
143 443 515901799
443 349 772732537
349 180 654686672
180 830 835798601
830 118 504364291
118 750 726309613
830 572 442986157
572 708 680640035
708 107 643702242
107 425 258393217
425 42 358476692
42 722 374651812
722 598 157367784
598 583 463021773
583 889 839236516
889 73 906391998
73 104 787144655
104 317 566089398
317 350 518733501
350 736 25079341
736 654 947579438
654 938 1776410
938 161 302751418
161 487 94127363
161 90 132293806
90 986 437780735
736 536 778790928
536 734 516116198
734 288 453893931
288 428 378874241
428 746 953313561
746 853 652693869
853 880 804831208
880 563 285091998
563 300 218746517
300 809 510278892
809 609 547368913
563 498 969995211
498 264 568577652
264 160 967266585
160 370 97228673
370 902 585639510
902 482 363838632
482 106 403150932
106 126 926844119
126 406 291233205
406 728 635436042
106 850 516014539
850 102 68606113
102 888 160254425
888 766 956847445
766 124 230076187
124 278 262688719
278 937 636369089
937 941 643566278
941 905 827319829
905 203 941287836
203 367 213554994
203 738 737548923
738 848 55622712
848 630 807316496
630 670 960873323
670 191 293512606
191 887 483789332
887 956 43194662
956 280 135243319
280 416 62468755
416 546 214432303
546 219 556015920
956 981 854872623
981 983 584774191
983 680 98018726
680 955 310190163
680 200 423902547
200 128 786429426
128 452 538558794
128 297 337847115
126 405 222671541
405 473 72629031
473 392 263683331
392 704 299208659
704 618 170765778
618 714 604835354
714 60 289646798
60 730 277245727
730 133 665083370
133 144 805110270
144 55 662205379
55 524 778029679
524 638 891957105
638 74 52371170
74 439 108224829
439 508 334804483
508 154 961921263
154 380 101553113
380 69 302367769
69 580 793482006
580 828 978407803
828 972 981056769
972 551 170969303
551 342 246260991
342 431 639754706
431 409 974390261
431 326 803457638
326 122 682361015
122 274 392887349
122 935 567075064
935 659 589309647
659 472 508695193
472 490 151253265
490 965 521799057
472 168 907203225
168 132 84706053
132 871 847657583
871 634 143721654
634 584 145011704
584 877 187801373
877 927 412509126
927 906 201570099
906 467 351576029
467 672 399555068
672 660 105450609
660 125 197067049
125 414 588199940
414 521 404962873
521 194 96949563
194 312 202104421
312 948 116302865
948 907 627989024
907 573 578979268
573 284 77941138
284 34 735690654
34 33 154605381
33 610 283507089
610 43 4404614
43 330 22199762
330 514 269935589
33 238 113198525
238 712 616608366
712 22 248233902
22 803 629618931
803 244 864132452
244 364 785105009
364 94 935508072
22 70 613151644
70 245 461450159
245 71 25060959
245 51 441280088
51 541 292609517
541 548 917793539
548 361 945895262
361 45 394484592
45 652 305305113
652 729 992680018
729 528 308433974
652 557 806026386
557 540 345377440
540 210 472889766
210 940 461837739
940 403 707474376
403 24 992992823
403 931 77710084
931 777 740672205
777 316 925152404
316 958 891446734
958 376 855664983
376 758 395637143
758 147 819703945
147 302 566424880
302 838 631538807
838 821 477974736
838 823 786729798
823 248 588391858
248 170 918761191
170 281 320068853
281 475 201085038
281 1 327870584
1 215 225320119
215 790 661500184
215 422 779634823
422 136 222692824
136 856 184864025
856 807 695424043
807 633 399765443
633 883 784485941
883 275 125495135
275 175 20143305
175 918 417435105
918 651 911888222
651 463 928086859
463 363 846254178
463 849 867650118
849 725 972029171
725 227 710558996
227 379 971161169
379 735 801043291
735 643 108989559
643 239 377362616
239 731 911559356
731 37 859125030
37 971 721188877
643 12 428533382
37 549 786308900
12 433 524090793
433 671 481154291
671 819 586904633
819 395 856732216
395 594 549303258
594 626 441262389
626 445 166124165
445 62 736269161
62 105 471557760
105 208 914401627
208 499 98929819
499 942 773736154
942 507 576220052
507 325 485209900
325 802 804335461
802 386 533482474
386 484 791699478
484 810 204808791
810 969 34718849
969 242 310184717
242 575 253451354
242 16 703034169
16 781 591239877
781 623 69469935
623 112 52044574
112 600 533251271
600 440 806615044
440 963 209245037
963 228 74187868
228 387 181895088
228 268 350968327
268 95 46873372
268 150 694464691
95 988 970498434
988 538 457784998
988 886 842917061
886 570 482106940
570 188 199848873
570 702 100786685
702 40 26284184
40 581 233282849
581 127 383994187
127 324 577877693
324 470 517646673
127 751 683004887
751 335 751058137
335 205 610096049
205 390 99768446
390 59 428001719
59 501 243873054
501 874 131733721
874 421 336549946
421 952 455326443
952 91 831613000
91 14 298815675
14 19 329072827
19 657 172246645
657 130 726521958
130 827 647023258
827 289 466959021
289 644 911451182
644 92 421734080
92 352 499005401
352 413 851380534
413 636 34933441
636 836 246225732
836 882 490578200
352 207 544173449
636 545 236200872
545 314 712493122
314 582 412120128
314 608 983287858
545 334 950829626
334 995 408563238
582 962 627437924
962 162 960561662
162 338 837260544
338 749 388894356
749 934 125438108
934 612 88192151
612 560 580419282
560 417 738584522
560 86 353867682
86 196 154001953
86 795 353592169
795 308 403025097
308 653 443803255
653 576 612450227
576 647 989031718
647 460 400462790
460 221 588705766
221 355 107893145
355 518 254354103
518 791 464632642
518 784 978277564
784 684 744535022
684 676 65603118
784 243 741077360
243 8 230577521
8 617 673110172
617 893 208528723
893 703 308511326
703 123 545166472
582 939 923585302
939 296 275629609
684 356 501609477
356 113 642191975
113 157 897526914
157 832 913910930
939 512 513455188
512 434 667676890
434 509 91756964
509 247 167526430
247 236 189064061
236 744 722508058
744 547 990087762
547 870 120990864
547 451 211652520
451 783 941797424
783 991 269538575
991 400 21747709
400 616 370203274
616 542 306456588
616 478 598168189
478 377 643618941
377 881 189245350
881 441 635986896
441 804 197123590
804 140 201378537
140 775 382172490
775 155 192615250
155 83 758616253
83 692 925655868
692 679 13829107
679 424 668109981
679 489 303666382
489 904 649609075
904 890 205149636
890 527 972984566
527 567 419609543
567 189 619795095
189 47 55721801
47 741 111204030
741 697 294601529
697 924 542081016
924 9 764749127
9 313 978476566
313 665 743247408
665 960 502377864
960 768 448555505
768 816 70938948
816 895 565109980
895 2 164096770
2 18 475479040
18 480 358324147
480 137 390248457
137 847 867501129
847 978 602476492
978 273 27510861
273 82 356503053
82 500 416360763
500 46 472218385
46 759 552635490
759 552 594599407
552 590 267169724
590 218 508106440
218 872 137211976
552 589 995585750
589 344 864105972
344 183 34936446
183 706 659484944
706 411 879836075
706 771 717118548
771 149 496816333
149 315 561126608
315 357 581568804
357 173 682579139
173 241 261106016
173 901 773658444
901 391 278860586
391 72 748099074
72 214 35099216
214 139 932385946
139 885 607424557
885 826 165115980
241 530 296793177
530 23 395037792
23 410 723327397
410 49 340973607
49 558 158058684
771 265 306755742
265 544 762167536
544 690 234380688
544 249 370593687
249 187 71789080
187 920 763221988
920 776 31567947
776 592 228466004
592 673 892218138
673 568 709218738
568 57 625610240
57 837 168279542
837 153 499263933
153 772 678578268
772 655 882821496
772 629 484662072
629 310 1145585
310 360 69319852
360 864 490568690
310 936 118923809
936 394 861457723
394 159 568255738
394 664 426045363
664 347 326056140
347 724 733078320
724 930 884628462
930 574 850296143
724 865 140097674
865 172 446924566
172 223 195581675
223 800 160456911
800 348 637078078
800 770 15856973
770 430 835973677
430 808 273731078
808 994 651486575
994 329 229588882
172 737 469234136
737 705 984910961
705 190 716007954
705 167 346887219
167 896 324266197
167 663 508109746
663 195 414582236
896 66 816609945
66 760 110321806
760 788 543903962
788 980 897021290
980 926 195133853
926 964 532999293
964 815 366378528
926 469 625000382
469 811 819367752
788 716 420315705
716 372 137382768
372 368 401000335
372 427 680140424
427 933 352215205
933 476 838957205
476 192 354543901
192 233 791873660
368 851 650141209
851 537 960524312
537 715 85309903
715 519 161917211
519 250 210820248
250 30 484311755
30 900 386052479
66 39 596899527
39 64 103605720
64 899 681696978
899 642 894882453
642 831 374626635
831 903 324790145
903 65 315372539
65 685 723480000
685 483 378335520
483 923 886057961
923 648 180352649
648 110 465234152
110 151 435101504
151 876 924116969
876 303 639214050
303 603 340988670
603 825 61900479
825 369 731786174
369 96 378492502
96 932 316085413
932 743 826148803
743 251 725446379
251 320 495164552
933 135 969851823
135 100 774471527
100 408 190067179
932 585 337632705
585 271 174931089
271 206 172032204
271 465 539327558
465 754 317471319
754 555 307076338
555 997 178553048
997 234 166912987
234 50 827427951
50 267 243595386
206 148 349386081
148 464 304975710
464 595 127699883
595 397 195990497
397 622 464387177
622 922 603602801
922 520 694956928
520 201 213406566
201 332 770929526
332 740 385010367
740 444 181461682
444 0 116260254
0 407 507196314
0 605 72439825
605 798 666922108
798 506 919645720
506 61 825393962
61 742 217338769
742 656 458318825
656 120 543769537
120 319 321341143
319 503 694106041
319 81 956719064
81 632 318395119
81 327 173421481
327 15 811420981
15 237 122927655
237 294 878813281
15 197 881087541
197 305 303369932
305 669 617420993
669 111 319052272
111 661 139786414
661 987 813971065
987 142 258190119
142 279 893400713
279 709 769098372
709 868 723228746
868 695 706584267
695 282 383998427
282 946 826201643
946 491 575307588
491 929 96397365
929 56 256544549
56 304 439251912
304 295 438645761
295 999 792371987
999 209 864928221
209 786 979832673
786 792 405120207
792 351 264202065
351 171 395387364
171 839 459940396
839 845 36978095
845 231 423096529
231 640 66248644
640 984 180987022
984 682 268781131
682 115 541791145
115 909 302933877
909 266 26853088
266 921 945360231
921 944 368448364
944 774 34361539
774 6 912076198
6 748 776681475
748 677 486506014
677 843 353847806
843 449 785415493
449 468 105407933
468 505 262600445
505 321 745005742
321 699 464380831
699 658 337661719
658 256 149038701
256 586 916647679
586 437 291309342
437 974 562366035
974 257 830906189
257 336 838015577
336 399 588961540
399 269 70298327
269 145 180564577
145 378 683462269
378 17 495478381
17 745 739869520
745 97 887589252
97 53 127391936
53 419 634673854
745 402 423282912
402 884 320064629
884 371 980903975
371 752 119772672
752 627 726546293
53 116 356231632
116 756 161113376
756 566 95326949
566 757 526107569
757 67 480119434
757 41 320294956
41 436 212203028
436 447 296814621
447 78 983301731
78 649 396136661
649 767 960104881
767 607 274022232
607 343 9433450
767 674 159320970
674 262 870213015
262 763 736285274
763 989 189357778
989 193 22315160
193 998 93793993
998 949 457946615
949 915 232198974
915 861 436717794
861 374 906646156
374 166 969956942
166 721 840094284
721 299 60518408
299 869 785125135
869 373 514768193
373 621 681925112
621 928 234069871
621 675 649915778
675 259 460364412
259 35 646650943
35 11 203708644
11 260 560986651
260 184 68828452
260 950 251965095
184 801 263578302
801 485 819208139
485 628 656979750
628 625 454639468
628 404 521832141
404 36 116424268
36 954 762570897
954 230 619902173
230 89 497465280
89 4 758692047
4 13 730057810
230 450 752321760
450 502 530150191
502 769 580954270
769 833 572216522
833 453 890685911
833 650 685685182
650 875 694719867
875 914 397435067
914 604 904117449
604 152 896934094
152 185 120183156
185 456 100498062
456 10 53744508
10 840 344017303
840 454 574418833
454 311 910871129
311 401 410695948
401 396 834978544
401 255 237284350
255 474 99938974
474 442 793861793
442 723 113749305
723 481 924815923
481 486 792756537
486 668 369347562
668 947 12720603
668 25 605975069
25 993 47740531
993 755 466039180
755 641 812025016
485 773 909962815
773 515 274960519
515 76 264731671
76 863 130811469
863 892 531275039
892 68 932995583
68 84 56574790
84 753 651161724
68 52 915201284
52 287 520940186
52 198 667734775
198 720 57633013
720 432 681691179
432 985 127192274
985 835 399990072
835 5 989045705
5 701 960089419
701 996 851767673
996 732 12792459
732 718 155842836
432 842 134489137
842 362 217144417
362 488 800950631
362 522 355558513
522 764 27985765
764 678 412434605
678 523 531587937
523 891 579185389
891 908 108365591
908 726 226609989
908 782 937949904
782 158 154608923
158 272 316903971
272 977 574373441
977 182 466261433
182 562 451963168
562 961 20450181
961 973 878500068
973 778 545912522
778 615 164446940
615 693 92047186
693 383 275133898
383 290 136507894
290 599 512880481
599 176 150914246
176 829 610790713
829 103 111253566
103 354 697699427
354 970 536968228
970 261 97168985
261 252 30716349
252 353 442758154
353 587 773590576
353 222 651650734
222 780 504742693
780 496 466518503
496 577 822064927
577 54 440419236
54 912 599451239
912 199 43975234
199 966 859275065
966 412 289402200
412 688 998129752
688 58 896047457
966 526 961917617
526 916 707748050
526 85 516703732
85 516 795219001
516 844 550483374
844 216 680806667
216 366 734825678
366 739 463620345
739 698 620531004
383 333 32428966
333 63 949919509
63 277 925921347
277 384 728084973
277 710 417249674
710 307 432751808
307 435 203305797
435 813 593113246
813 683 432654788
683 212 750088777
813 762 266219513
762 814 846315372
814 531 784396391
531 707 72355746
707 979 692014988
979 953 147571141
953 700 378575013
953 879 503693259
700 593 326543541
879 28 686756326
28 727 299314777
28 779 200105106
779 121 216119906
121 98 644031264
121 423 787895218
423 797 881110084
797 532 216206038
532 578 614357033
578 178 686033860
178 855 201757826
855 860 988803481
860 93 209582698
93 471 500865153
471 805 139471398
805 455 85366704
455 381 338008177
381 667 432642242
667 982 470490977
982 323 19532488
