1000
594 244 0
594 782 0
782 280 0
244 774 0
594 697 0
280 298 0
774 841 0
697 88 0
298 92 0
841 273 0
88 36 0
92 109 0
273 716 0
36 339 0
109 508 0
716 665 0
339 742 0
508 24 0
665 122 0
742 714 0
24 99 0
122 176 0
714 806 0
99 977 0
176 39 0
806 431 0
977 756 0
39 772 0
431 522 0
756 278 0
772 543 0
522 305 0
278 595 0
543 293 0
305 89 0
595 711 0
293 893 0
89 963 0
711 47 0
893 565 0
963 578 0
47 924 0
565 9 0
578 909 0
924 641 0
9 606 0
909 661 0
641 157 0
606 675 0
661 57 0
157 440 0
675 432 0
57 8 0
440 669 0
432 861 0
8 984 0
669 967 0
861 354 0
984 826 0
967 597 0
354 459 0
826 906 0
597 100 0
459 833 0
906 585 0
100 426 0
833 348 0
585 350 0
426 523 0
348 997 0
350 232 0
523 973 0
997 563 0
232 48 0
973 221 0
563 129 0
48 588 0
221 309 0
129 584 0
588 690 0
309 864 0
584 986 0
690 446 0
864 53 0
986 678 0
446 921 0
53 73 0
678 239 0
921 828 0
73 784 0
239 836 0
828 270 0
784 794 0
836 300 0
270 31 0
794 283 0
300 419 0
31 719 0
283 750 0
419 844 0
719 362 0
750 747 0
844 763 0
362 766 0
747 980 0
763 499 0
766 779 0
980 976 0
499 266 0
779 44 0
976 650 0
266 29 0
44 658 0
650 43 0
29 919 0
658 379 0
43 456 0
919 681 0
379 116 0
456 86 0
681 868 0
116 142 0
86 935 0
868 26 0
142 96 0
935 739 0
26 42 0
96 161 0
739 819 0
42 647 0
161 505 0
819 785 0
647 203 0
505 587 0
785 667 0
203 776 0
587 338 0
667 400 0
776 778 0
338 133 0
400 178 0
778 15 0
133 130 0
178 25 0
15 333 0
130 992 0
25 495 0
333 2 0
992 780 0
495 717 0
2 260 0
780 862 0
717 194 0
260 899 0
862 28 0
194 255 0
899 726 0
28 642 0
255 150 0
726 21 0
642 97 0
150 787 0
21 471 0
97 242 0
787 853 0
471 503 0
242 215 0
853 867 0
503 138 0
215 883 0
867 190 0
138 539 0
883 759 0
190 607 0
539 620 0
759 975 0
607 282 0
620 216 0
975 877 0
282 246 0
216 404 0
877 556 0
246 938 0
404 326 0
556 764 0
938 638 0
326 259 0
764 402 0
638 850 0
259 773 0
402 941 0
850 108 0
773 637 0
941 512 0
108 32 0
637 987 0
512 579 0
32 698 0
987 287 0
579 561 0
698 668 0
287 813 0
561 666 0
668 401 0
813 189 0
666 875 0
401 233 0
189 738 0
875 488 0
233 45 0
738 837 0
488 699 0
45 805 0
837 70 0
699 817 0
805 671 0
70 105 0
817 952 0
671 914 0
105 900 0
952 730 0
914 581 0
900 457 0
730 815 0
581 500 0
457 691 0
815 334 0
500 435 0
691 536 0
334 988 0
435 208 0
536 453 0
988 343 0
208 67 0
453 230 0
343 198 0
67 723 0
230 654 0
198 290 0
723 749 0
654 51 0
290 818 0
749 768 0
51 611 0
818 285 0
768 619 0
611 629 0
285 148 0
619 577 0
629 960 0
148 476 0
577 78 0
960 256 0
476 281 0
78 186 0
256 947 0
281 358 0
186 718 0
947 789 0
358 870 0
718 559 0
789 141 0
870 356 0
559 927 0
141 762 0
356 377 0
927 346 0
762 971 0
377 393 0
346 615 0
971 284 0
393 754 0
615 206 0
284 894 0
754 567 0
206 93 0
894 444 0
567 644 0
93 337 0
444 170 0
644 77 0
337 582 0
170 424 0
77 112 0
582 437 0
424 811 0
112 548 0
437 68 0
811 602 0
548 271 0
68 277 0
602 605 0
271 887 0
277 939 0
605 882 0
887 991 0
939 289 0
882 324 0
991 970 0
289 219 0
324 710 0
970 643 0
219 163 0
710 795 0
643 417 0
163 274 0
795 834 0
417 54 0
274 590 0
834 421 0
54 907 0
590 376 0
421 916 0
907 721 0
376 175 0
916 797 0
721 312 0
175 821 0
797 748 0
312 380 0
821 64 0
748 688 0
380 869 0
64 777 0
688 835 0
869 843 0
777 786 0
835 558 0
843 820 0
786 211 0
558 513 0
820 316 0
211 744 0
513 886 0
316 363 0
744 452 0
886 998 0
363 570 0
452 389 0
998 341 0
570 866 0
389 72 0
341 235 0
866 775 0
72 136 0
235 816 0
775 799 0
136 396 0
816 125 0
799 276 0
396 888 0
125 443 0
276 538 0
888 323 0
443 322 0
538 329 0
323 302 0
322 310 0
329 429 0
302 391 0
310 447 0
429 516 0
391 415 0
447 758 0
516 550 0
415 156 0
758 448 0
550 520 0
156 555 0
448 467 0
520 740 0
555 490 0
467 631 0
740 891 0
490 851 0
631 480 0
891 728 0
851 677 0
480 636 0
728 656 0
677 173 0
636 812 0
656 551 0
173 532 0
812 454 0
551 871 0
532 704 0
454 217 0
871 195 0
704 517 0
217 132 0
195 364 0
517 214 0
132 399 0
364 110 0
214 475 0
399 652 0
110 790 0
475 809 0
652 131 0
790 510 0
809 325 0
131 858 0
510 659 0
325 599 0
858 418 0
659 983 0
599 830 0
418 123 0
983 693 0
830 634 0
123 403 0
693 18 0
634 367 0
403 557 0
18 549 0
367 583 0
557 272 0
549 769 0
583 357 0
272 344 0
769 804 0
357 451 0
344 892 0
804 311 0
451 911 0
892 673 0
311 353 0
911 530 0
673 222 0
353 608 0
530 466 0
222 11 0
608 713 0
466 845 0
11 881 0
713 465 0
845 879 0
881 461 0
465 793 0
879 896 0
461 335 0
793 493 0
896 990 0
335 752 0
493 368 0
990 680 0
752 297 0
368 945 0
680 628 0
297 381 0
945 79 0
628 420 0
381 397 0
79 545 0
420 767 0
397 485 0
545 501 0
767 59 0
485 651 0
501 436 0
59 147 0
651 317 0
436 751 0
147 359 0
317 724 0
751 231 0
359 188 0
724 30 0
231 684 0
188 196 0
30 240 0
684 953 0
196 318 0
240 610 0
953 192 0
318 264 0
610 524 0
192 640 0
264 496 0
524 807 0
640 682 0
496 224 0
807 670 0
682 13 0
224 546 0
670 771 0
13 572 0
546 90 0
771 191 0
572 663 0
90 197 0
191 369 0
663 249 0
197 58 0
369 535 0
249 648 0
58 468 0
535 412 0
648 541 0
468 182 0
412 301 0
541 757 0
182 34 0
301 183 0
757 237 0
34 808 0
183 10 0
237 469 0
808 177 0
10 676 0
469 825 0
177 633 0
676 612 0
825 639 0
633 351 0
612 111 0
639 526 0
351 295 0
111 509 0
526 23 0
295 569 0
509 552 0
23 901 0
569 450 0
552 770 0
901 709 0
450 954 0
770 159 0
709 398 0
954 915 0
159 929 0
398 839 0
915 63 0
929 568 0
839 268 0
63 395 0
568 761 0
268 662 0
395 586 0
761 930 0
662 482 0
586 56 0
930 430 0
482 315 0
56 38 0
430 632 0
315 185 0
38 487 0
632 788 0
185 732 0
487 229 0
788 263 0
732 889 0
229 534 0
263 236 0
889 405 0
534 725 0
236 445 0
405 84 0
725 974 0
445 922 0
84 646 0
974 223 0
922 225 0
646 374 0
223 328 0
225 414 0
374 254 0
328 61 0
414 897 0
254 101 0
61 685 0
897 382 0
101 248 0
685 307 0
382 238 0
248 814 0
307 76 0
238 621 0
814 982 0
76 408 0
621 49 0
982 360 0
408 696 0
49 618 0
360 798 0
696 199 0
618 849 0
798 154 0
199 908 0
849 978 0
154 137 0
908 463 0
978 40 0
137 265 0
463 218 0
40 859 0
265 566 0
218 375 0
859 144 0
566 60 0
375 167 0
144 292 0
60 943 0
167 449 0
292 257 0
943 184 0
449 407 0
257 120 0
184 262 0
407 679 0
120 502 0
262 838 0
679 319 0
502 340 0
838 410 0
319 560 0
340 707 0
410 934 0
560 527 0
707 41 0
934 829 0
527 107 0
41 576 0
829 342 0
107 727 0
576 962 0
342 373 0
727 413 0
962 937 0
373 623 0
413 729 0
937 83 0
623 593 0
729 936 0
83 320 0
593 507 0
936 81 0
320 743 0
507 705 0
81 16 0
743 860 0
705 895 0
16 664 0
860 964 0
895 519 0
664 923 0
964 695 0
519 525 0
923 626 0
695 981 0
525 810 0
626 117 0
981 596 0
810 854 0
117 118 0
596 174 0
854 75 0
118 115 0
174 146 0
75 515 0
115 409 0
146 531 0
515 35 0
409 179 0
531 388 0
35 613 0
179 542 0
388 712 0
613 706 0
542 781 0
712 940 0
706 708 0
781 327 0
940 961 0
708 62 0
327 460 0
961 905 0
62 304 0
460 151 0
905 331 0
304 765 0
151 635 0
331 958 0
765 258 0
635 653 0
958 946 0
258 85 0
653 989 0
946 193 0
85 609 0
989 121 0
193 102 0
609 484 0
121 574 0
102 874 0
484 139 0
574 573 0
874 511 0
139 972 0
573 649 0
511 210 0
972 352 0
649 547 0
210 571 0
352 994 0
547 544 0
571 823 0
994 966 0
544 103 0
823 438 0
966 686 0
103 20 0
438 600 0
686 296 0
20 898 0
600 948 0
296 12 0
898 562 0
948 423 0
12 213 0
562 985 0
423 428 0
213 37 0
985 745 0
428 955 0
37 5 0
745 269 0
955 580 0
5 135 0
269 406 0
580 683 0
135 0 0
406 863 0
683 245 0
0 857 0
863 878 0
245 831 0
857 455 0
878 372 0
831 160 0
455 180 0
372 384 0
160 114 0
180 722 0
384 87 0
114 792 0
722 796 0
87 470 0
792 832 0
796 497 0
470 592 0
832 734 0
497 385 0
592 674 0
734 481 0
385 113 0
674 910 0
481 657 0
113 427 0
910 630 0
657 928 0
427 540 0
630 22 0
928 950 0
540 533 0
22 942 0
950 371 0
533 902 0
942 69 0
371 442 0
902 703 0
69 378 0
442 624 0
703 71 0
378 655 0
624 968 0
71 279 0
655 202 0
968 842 0
279 694 0
202 701 0
842 82 0
694 228 0
701 614 0
82 616 0
228 119 0
614 227 0
616 472 0
119 201 0
227 880 0
472 949 0
201 514 0
880 944 0
949 153 0
514 33 0
944 852 0
153 241 0
33 474 0
852 164 0
241 345 0
474 702 0
164 52 0
345 288 0
702 321 0
52 791 0
288 903 0
321 504 0
791 17 0
903 800 0
504 149 0
17 209 0
800 275 0
149 166 0
209 848 0
275 589 0
166 220 0
848 226 0
589 145 0
220 741 0
226 187 0
145 478 0
741 422 0
187 737 0
478 890 0
422 4 0
737 314 0
890 55 0
4 66 0
314 330 0
55 518 0
66 204 0
330 80 0
518 993 0
204 801 0
80 433 0
993 995 0
801 498 0
433 700 0
995 313 0
498 347 0
700 735 0
313 299 0
347 308 0
735 332 0
299 95 0
308 14 0
332 969 0
95 425 0
14 715 0
969 847 0
425 999 0
715 462 0
847 855 0
999 158 0
462 3 0
855 46 0
158 876 0
3 390 0
46 746 0
876 601 0
390 306 0
746 171 0
601 912 0
306 733 0
171 622 0
912 247 0
733 554 0
622 65 0
247 168 0
554 824 0
65 251 0
168 473 0
824 411 0
251 127 0
473 856 0
411 172 0
127 370 0
856 169 0
172 200 0
370 394 0
169 477 0
200 349 0
394 98 0
477 355 0
349 660 0
98 925 0
355 94 0
660 491 0
925 479 0
94 152 0
491 920 0
479 336 0
152 753 0
920 918 0
336 291 0
753 261 0
918 803 0
291 575 0
261 486 0
803 155 0
575 303 0
486 91 0
155 140 0
303 212 0
91 957 0
140 464 0
212 537 0
957 162 0
464 553 0
537 885 0
162 627 0
553 802 0
885 603 0
627 6 0
802 913 0
603 143 0
6 128 0
913 383 0
143 50 0
128 74 0
383 521 0
50 760 0
74 416 0
521 387 0
760 253 0
416 689 0
387 134 0
253 917 0
689 783 0
134 506 0
917 494 0
783 625 0
506 529 0
494 243 0
625 692 0
529 591 0
243 846 0
692 840 0
591 205 0
846 489 0
840 731 0
205 361 0
489 267 0
731 252 0
361 904 0
267 672 0
252 165 0
904 439 0
672 286 0
165 104 0
439 564 0
286 932 0
104 392 0
564 7 0
932 294 0
392 483 0
7 604 0
294 822 0
483 528 0
604 1 0
822 827 0
528 933 0
1 979 0
827 755 0
933 965 0
979 126 0
755 19 0
965 931 0
126 365 0
19 872 0
931 492 0
365 434 0
872 687 0
492 234 0
434 366 0
687 645 0
234 27 0
366 458 0
645 873 0
27 926 0
458 617 0
873 720 0
926 996 0
617 181 0
720 951 0
996 959 0
181 865 0
951 106 0
959 250 0
865 441 0
106 386 0
250 207 0
441 956 0
386 598 0
207 736 0
956 124 0
598 884 0
