1000
967 463 0
967 124 0
124 469 0
469 832 0
832 27 0
27 843 0
843 326 0
326 6 0
6 941 0
941 777 0
777 288 0
288 605 0
605 139 0
139 484 0
484 916 0
916 870 0
870 770 0
770 122 0
122 201 0
201 56 0
56 397 0
397 637 0
637 662 0
662 228 0
228 771 0
771 646 0
646 394 0
394 300 0
300 583 0
583 672 0
672 238 0
238 523 0
523 242 0
242 654 0
654 348 0
348 827 0
827 51 0
51 137 0
137 37 0
37 112 0
112 559 0
559 267 0
267 342 0
342 532 0
532 175 0
175 820 0
820 192 0
192 55 0
55 577 0
577 108 0
108 845 0
845 522 0
522 572 0
572 895 0
895 48 0
48 789 0
789 925 0
925 972 0
972 697 0
697 648 0
648 645 0
645 890 0
890 580 0
580 296 0
296 204 0
204 491 0
491 937 0
937 752 0
752 767 0
767 63 0
63 132 0
132 592 0
592 367 0
367 203 0
203 619 0
619 117 0
117 898 0
898 146 0
146 568 0
568 423 0
423 833 0
833 230 0
230 126 0
126 774 0
774 167 0
167 792 0
792 145 0
145 775 0
775 325 0
325 247 0
247 908 0
908 828 0
828 539 0
539 0 0
0 7 0
7 347 0
347 150 0
150 540 0
540 231 0
231 881 0
881 749 0
749 9 0
9 720 0
720 722 0
722 723 0
723 407 0
407 797 0
797 712 0
712 821 0
821 700 0
700 226 0
226 636 0
636 773 0
773 24 0
24 621 0
621 838 0
838 831 0
831 536 0
536 627 0
627 742 0
742 344 0
344 885 0
885 632 0
632 975 0
975 421 0
421 453 0
453 349 0
349 793 0
793 23 0
23 554 0
554 578 0
578 431 0
431 624 0
624 558 0
558 961 0
961 452 0
452 459 0
459 134 0
134 47 0
47 339 0
339 14 0
14 406 0
406 918 0
918 786 0
786 653 0
653 42 0
42 449 0
449 402 0
402 857 0
857 31 0
31 480 0
480 451 0
451 244 0
244 556 0
556 552 0
552 864 0
864 58 0
58 933 0
933 395 0
395 168 0
168 376 0
376 5 0
5 443 0
443 623 0
623 70 0
70 490 0
490 414 0
414 83 0
83 44 0
44 861 0
861 841 0
841 958 0
958 729 0
729 687 0
687 197 0
197 299 0
299 199 0
199 884 0
884 93 0
93 893 0
893 127 0
127 74 0
74 411 0
411 656 0
656 435 0
435 670 0
670 960 0
960 179 0
179 104 0
104 686 0
686 34 0
34 766 0
766 68 0
68 641 0
641 180 0
180 107 0
107 635 0
635 561 0
561 161 0
161 16 0
16 591 0
591 135 0
135 615 0
615 677 0
677 836 0
836 657 0
657 483 0
483 758 0
758 466 0
466 504 0
504 743 0
743 501 0
501 862 0
862 874 0
874 917 0
917 374 0
374 537 0
537 200 0
200 77 0
77 563 0
563 419 0
419 271 0
271 661 0
661 142 0
142 303 0
303 346 0
346 764 0
764 754 0
754 571 0
571 980 0
980 439 0
439 555 0
555 343 0
343 544 0
544 804 0
804 22 0
22 272 0
272 53 0
53 2 0
2 11 0
11 892 0
892 603 0
603 859 0
859 708 0
708 486 0
486 471 0
471 366 0
366 823 0
823 734 0
734 103 0
103 21 0
21 290 0
290 222 0
222 669 0
669 962 0
962 779 0
779 783 0
783 38 0
38 312 0
312 886 0
886 876 0
876 72 0
72 946 0
946 420 0
420 590 0
590 666 0
666 566 0
566 371 0
371 678 0
678 570 0
570 98 0
98 345 0
345 364 0
364 927 0
927 391 0
391 848 0
848 243 0
243 308 0
308 564 0
564 910 0
910 620 0
620 598 0
598 799 0
799 190 0
190 887 0
887 432 0
432 703 0
703 873 0
873 965 0
965 115 0
115 802 0
802 699 0
699 690 0
690 856 0
856 753 0
753 983 0
983 579 0
579 526 0
526 441 0
441 718 0
718 67 0
67 149 0
149 182 0
182 96 0
96 262 0
262 240 0
240 730 0
730 314 0
314 379 0
379 241 0
241 8 0
8 206 0
206 66 0
66 73 0
73 921 0
921 291 0
291 393 0
393 923 0
923 100 0
100 550 0
550 46 0
46 865 0
865 99 0
99 239 0
239 596 0
596 954 0
954 375 0
375 446 0
446 650 0
650 622 0
622 510 0
510 76 0
76 527 0
527 457 0
457 268 0
967 548 0
548 928 0
928 685 0
685 780 0
780 759 0
759 237 0
237 973 0
973 266 0
266 236 0
236 667 0
667 40 0
40 509 0
509 285 0
285 121 0
121 102 0
102 638 0
638 658 0
658 166 0
166 264 0
264 478 0
478 217 0
217 218 0
218 359 0
359 640 0
640 840 0
840 901 0
901 170 0
170 953 0
953 444 0
444 819 0
819 791 0
791 519 0
519 507 0
507 702 0
702 110 0
110 944 0
944 682 0
682 335 0
335 676 0
676 974 0
974 399 0
399 897 0
897 95 0
95 253 0
253 30 0
30 931 0
931 943 0
943 442 0
442 311 0
311 994 0
994 655 0
655 248 0
248 733 0
733 97 0
97 461 0
461 35 0
35 165 0
165 854 0
854 113 0
113 611 0
611 447 0
447 524 0
524 202 0
202 280 0
280 437 0
437 250 0
250 136 0
136 732 0
732 765 0
765 3 0
3 105 0
105 740 0
740 489 0
489 497 0
497 778 0
778 389 0
389 396 0
396 772 0
772 790 0
790 957 0
957 29 0
29 878 0
878 89 0
89 330 0
330 866 0
866 846 0
846 601 0
601 111 0
111 842 0
842 531 0
531 85 0
85 229 0
229 694 0
694 516 0
516 869 0
869 338 0
338 816 0
816 321 0
321 903 0
903 472 0
472 991 0
991 978 0
978 649 0
649 33 0
33 191 0
191 971 0
971 528 0
528 91 0
91 913 0
913 683 0
683 189 0
189 713 0
713 837 0
837 761 0
761 629 0
629 43 0
43 159 0
159 914 0
914 912 0
912 663 0
663 587 0
587 310 0
310 210 0
210 460 0
460 543 0
543 858 0
858 476 0
476 235 0
235 494 0
494 64 0
64 281 0
281 704 0
704 834 0
834 584 0
584 505 0
505 557 0
557 256 0
256 163 0
163 602 0
602 626 0
626 422 0
422 984 0
984 368 0
368 417 0
417 160 0
160 259 0
259 608 0
608 69 0
69 976 0
976 221 0
221 323 0
323 496 0
496 181 0
181 565 0
565 896 0
896 158 0
158 589 0
589 581 0
581 915 0
915 147 0
147 109 0
109 877 0
877 825 0
825 633 0
633 567 0
567 360 0
360 882 0
882 614 0
614 888 0
888 36 0
36 282 0
282 826 0
826 644 0
644 304 0
304 479 0
479 904 0
904 455 0
455 560 0
560 183 0
183 872 0
872 155 0
155 817 0
817 388 0
388 416 0
416 604 0
604 630 0
630 521 0
521 365 0
365 214 0
214 357 0
357 433 0
433 369 0
369 351 0
351 679 0
679 784 0
784 955 0
955 60 0
60 270 0
270 171 0
171 116 0
116 405 0
405 711 0
711 18 0
18 951 0
951 195 0
195 448 0
448 386 0
386 87 0
87 852 0
852 336 0
336 950 0
950 440 0
440 41 0
41 28 0
28 380 0
380 907 0
907 305 0
305 988 0
988 403 0
403 119 0
119 80 0
80 726 0
726 612 0
612 506 0
506 924 0
924 891 0
891 985 0
985 597 0
597 10 0
10 814 0
814 517 0
517 863 0
863 329 0
329 701 0
701 334 0
334 143 0
143 384 0
384 277 0
277 769 0
769 680 0
680 152 0
152 809 0
809 255 0
255 409 0
409 427 0
427 781 0
781 224 0
224 61 0
61 424 0
424 964 0
964 234 0
234 193 0
193 934 0
934 352 0
352 90 0
90 798 0
798 731 0
731 681 0
681 140 0
140 728 0
728 59 0
59 595 0
595 788 0
788 741 0
741 118 0
118 930 0
930 383 0
383 495 0
495 223 0
223 588 0
588 610 0
610 378 0
378 265 0
265 400 0
400 812 0
812 392 0
392 332 0
332 372 0
372 54 0
54 693 0
693 1 0
1 698 0
698 562 0
562 513 0
513 956 0
956 839 0
839 252 0
252 813 0
813 628 0
628 756 0
756 853 0
853 511 0
511 935 0
935 86 0
86 738 0
738 79 0
79 639 0
639 404 0
404 358 0
358 26 0
26 274 0
274 227 0
227 465 0
465 390 0
390 205 0
205 616 0
616 493 0
493 906 0
906 835 0
835 643 0
643 542 0
542 981 0
981 475 0
475 803 0
803 301 0
301 125 0
125 987 0
987 959 0
959 120 0
120 186 0
186 607 0
607 737 0
737 258 0
258 926 0
926 133 0
133 328 0
328 500 0
500 530 0
530 279 0
279 401 0
401 341 0
341 307 0
307 929 0
463 176 0
176 65 0
65 947 0
947 684 0
684 315 0
315 996 0
996 594 0
594 309 0
309 81 0
81 747 0
747 617 0
617 673 0
673 50 0
50 599 0
599 724 0
724 751 0
751 776 0
776 418 0
418 177 0
177 354 0
354 82 0
82 144 0
144 735 0
735 807 0
807 373 0
373 429 0
429 794 0
794 551 0
551 172 0
172 426 0
426 355 0
355 468 0
468 425 0
425 327 0
327 363 0
363 979 0
979 370 0
370 750 0
750 213 0
213 284 0
284 529 0
529 805 0
805 800 0
800 952 0
952 318 0
318 123 0
123 824 0
824 502 0
502 12 0
12 652 0
652 377 0
377 966 0
966 818 0
818 545 0
545 880 0
880 936 0
936 75 0
75 710 0
710 900 0
900 760 0
760 668 0
668 939 0
939 219 0
219 844 0
844 998 0
998 273 0
273 721 0
721 899 0
899 830 0
830 606 0
606 744 0
744 382 0
382 251 0
251 49 0
49 851 0
851 474 0
474 990 0
990 106 0
106 533 0
533 674 0
674 208 0
208 508 0
508 695 0
695 211 0
211 320 0
320 20 0
20 535 0
535 879 0
879 194 0
194 810 0
810 715 0
715 293 0
293 428 0
428 518 0
518 631 0
631 84 0
84 289 0
289 875 0
875 940 0
940 438 0
438 434 0
434 408 0
408 387 0
387 216 0
216 306 0
306 997 0
997 445 0
445 356 0
356 618 0
618 178 0
178 806 0
806 286 0
286 169 0
169 573 0
573 811 0
811 503 0
503 894 0
894 665 0
665 757 0
757 982 0
982 88 0
88 19 0
19 164 0
164 458 0
458 138 0
138 129 0
129 659 0
659 538 0
538 488 0
488 963 0
963 492 0
492 709 0
709 225 0
225 187 0
187 948 0
948 541 0
541 39 0
39 114 0
114 902 0
902 481 0
481 350 0
350 287 0
287 850 0
850 157 0
157 968 0
968 141 0
141 101 0
101 696 0
696 398 0
398 553 0
553 313 0
313 215 0
215 485 0
485 473 0
473 78 0
78 294 0
294 889 0
889 995 0
995 436 0
436 651 0
651 969 0
969 795 0
795 883 0
883 94 0
94 547 0
547 739 0
739 719 0
719 52 0
52 233 0
233 808 0
808 337 0
337 185 0
185 212 0
212 32 0
32 156 0
156 331 0
331 148 0
148 546 0
546 787 0
787 381 0
381 691 0
691 871 0
871 714 0
714 196 0
196 586 0
586 922 0
922 905 0
905 574 0
574 763 0
763 660 0
660 25 0
25 796 0
796 514 0
514 642 0
642 746 0
746 949 0
949 675 0
675 993 0
993 575 0
575 745 0
745 333 0
333 989 0
989 263 0
263 362 0
362 173 0
173 707 0
707 822 0
822 254 0
254 62 0
62 162 0
162 324 0
324 45 0
45 815 0
815 412 0
412 785 0
785 725 0
725 512 0
512 71 0
71 470 0
470 634 0
634 188 0
188 613 0
613 207 0
207 298 0
298 768 0
768 945 0
945 276 0
276 13 0
13 385 0
385 576 0
576 938 0
938 317 0
317 855 0
855 4 0
4 847 0
847 970 0
970 868 0
868 316 0
316 413 0
413 249 0
249 525 0
525 57 0
57 361 0
361 302 0
302 246 0
246 748 0
748 498 0
498 297 0
297 782 0
782 755 0
755 482 0
482 430 0
430 569 0
569 919 0
919 986 0
986 260 0
260 462 0
462 92 0
92 275 0
275 762 0
762 456 0
456 131 0
131 477 0
477 340 0
340 499 0
499 319 0
319 600 0
600 911 0
911 585 0
585 705 0
705 999 0
999 609 0
609 174 0
174 977 0
977 450 0
450 184 0
184 515 0
515 415 0
415 410 0
410 727 0
727 689 0
689 322 0
322 860 0
860 717 0
717 534 0
534 520 0
520 593 0
593 909 0
909 130 0
130 278 0
278 153 0
153 716 0
716 209 0
209 17 0
17 467 0
467 801 0
801 549 0
549 942 0
942 295 0
295 932 0
932 198 0
198 353 0
353 261 0
261 292 0
292 464 0
464 688 0
688 15 0
15 849 0
849 867 0
867 151 0
151 269 0
269 647 0
647 232 0
232 625 0
625 920 0
920 706 0
706 582 0
582 257 0
257 736 0
736 692 0
692 671 0
671 829 0
829 128 0
128 487 0
487 154 0
154 454 0
454 664 0
664 220 0
220 245 0
245 992 0
992 283 0
