5
200
218919 168930
641726 806217
666997 190758
916011 573785
783654 847907
185835 837201
167815 998433
750563 143480
553325 564564
204668 223604
750475 889481
772813 88074
414535 405032
244571 438674
360817 778485
438840 783055
545238 727789
191940 647049
73469 192004
114239 364757
696537 35800
23609 683708
179632 492002
241808 429758
867527 826716
534695 730064
656034 66599
426430 899574
738810 352641
169811 886235
142141 824366
381354 724460
802996 525124
688487 312086
812043 176659
244887 497053
892832 235775
734058 42014
267577 464765
93056 139401
18515 126738
130622 7506
724217 322621
990340 839717
917572 131327
997944 159041
886857 702243
618472 480649
380022 117022
764561 720492
9925 929205
695804 942388
901471 51433
184929 508586
921069 640157
781873 252651
964579 732992
997273 79668
908747 743969
730284 606877
489987 519289
503980 221489
253301 490422
878728 745065
32660 232523
739676 365813
30311 616185
563364 815214
68644 222600
849498 528001
723130 251262
691434 387555
341223 773014
724630 344885
638194 974826
309943 896891
408723 421871
714388 877378
230329 254349
330884 776910
754412 991163
921702 682359
546249 920487
132663 215297
269876 231324
587154 590743
355962 504198
649039 576923
944375 861500
187065 51295
927832 911209
339517 141821
587151 73349
482731 123426
508473 324790
338163 188954
581106 617404
513472 393845
345941 31778
55157 93309
266603 381532
132791 225518
83799 790727
167465 125945
43127 174350
955008 194929
518775 7438
486264 843965
583999 36922
96714 807019
60847 138056
31673 508225
403104 577411
307592 772657
544872 958731
734007 154043
509053 894008
961903 444280
272330 28260
258172 660252
493130 205408
754795 437771
417955 779716
730680 167816
337221 367347
241081 117102
504212 908203
585952 384858
704142 904078
177581 681270
215980 186381
907733 278919
231426 661133
26047 247234
589346 484873
64974 739218
553792 817591
335228 36320
291261 546711
751267 239810
68647 217107
943061 166356
863646 466943
906415 683594
64121 189977
467112 255848
244827 509820
506080 279935
536515 553596
499381 191652
322869 552794
756615 493022
15774 962980
252965 403567
11383 280203
203530 990739
569224 256135
889194 9245
887460 593177
623182 867614
847703 59842
949173 453656
268643 676756
813318 677061
592446 630799
932845 447581
973466 98579
425969 62755
170408 814901
199330 443830
54612 145391
21622 945064
684621 461482
734335 386037
33290 860268
868001 406595
916761 524134
215104 101660
933081 891094
917026 558944
866428 388294
754856 846969
387479 150736
242688 141220
798269 555015
645187 745799
774719 58408
646963 781338
252441 90576
899696 834466
784294 450289
327199 390207
245130 354949
455600 883359
131048 599627
264252 452368
997161 722807
44909 853964
673043 710233
449563 683287
