4
40
696268 938051
701317 125424
707829 410217
52699 401676
64891 386975
300426 481224
63124 328571
503705 296766
831187 705532
404696 497632
74142 179898
647846 961490
513419 328036
645298 136517
680964 327881
388665 164803
859825 38481
437770 804265
341089 821403
634935 703536
841845 620430
639104 727632
702265 147683
23004 527151
151954 760727
847381 923141
315084 292625
141974 48367
965196 34801
282557 509974
776502 806457
236701 146108
352361 842999
428676 677022
188225 160218
271959 286351
632517 958570
586404 365629
929697 101413
661728 339941
