1000 1000 2000
457 968
456 39
156 761
442 621
365 279
419 211
3 311
227 817
442 828
129 271
386 900
314 590
125 970
461 451
380 213
241 317
456 165
111 952
222 745
390 579
187 401
225 191
316 281
117 428
207 163
12 763
26 664
389 778
310 280
440 640
55 205
402 757
231 700
147 464
124 801
447 97
318 6
57 508
209 533
266 48
358 435
274 962
255 715
365 444
254 549
41 16
338 778
151 224
341 564
494 72
84 153
63 398
293 605
71 926
442 467
58 961
147 992
453 448
456 441
73 401
58 639
102 178
418 939
36 45
270 381
458 463
219 579
457 258
492 920
148 63
125 619
362 426
191 519
389 418
275 468
309 774
478 898
331 398
198 166
217 735
171 733
426 795
393 848
124 122
172 137
355 755
152 26
233 833
381 84
213 956
280 382
327 798
6 566
474 458
130 65
77 754
44 832
342 73
175 529
13 136
131 851
173 872
452 778
452 306
319 397
287 793
424 811
332 55
318 956
340 28
415 583
187 517
144 245
181 811
151 29
285 410
171 46
213 185
311 419
207 592
173 469
422 85
383 383
422 261
147 733
332 27
344 73
232 264
152 731
240 62
329 556
31 383
382 140
203 543
57 62
74 150
11 178
24 16
213 289
498 392
134 817
450 712
259 466
179 624
187 147
404 42
216 514
342 45
134 789
157 246
186 915
276 785
117 102
371 786
115 954
488 118
248 814
484 702
27 127
405 204
95 250
336 680
264 332
491 319
121 375
480 55
15 488
183 453
255 845
194 723
201 712
327 940
399 500
282 724
470 39
40 886
466 252
161 440
306 723
166 741
165 842
66 930
92 658
302 725
103 845
326 690
456 801
212 833
478 930
363 422
449 893
90 352
390 748
218 421
427 488
465 266
295 681
468 862
484 775
431 322
217 62
25 978
402 639
76 961
276 510
340 157
22 107
268 534
83 38
449 428
192 738
369 407
180 458
394 563
58 382
359 727
84 171
37 268
25 71
303 226
481 179
333 343
127 889
311 295
141 377
384 472
403 235
61 978
74 523
209 456
248 904
103 860
46 570
217 968
12 525
401 533
308 915
330 945
447 574
108 227
88 480
61 531
444 614
214 742
154 578
173 424
397 151
386 463
381 540
453 558
340 780
54 220
33 187
451 236
77 256
195 412
287 419
68 573
166 516
74 740
331 989
413 209
421 585
297 508
13 318
265 76
342 406
74 399
494 444
141 204
483 100
486 564
499 695
371 444
418 172
151 879
460 856
386 800
201 520
142 35
244 655
358 917
253 125
351 766
132 841
206 973
486 99
262 100
463 957
128 767
80 145
345 176
221 247
208 398
215 723
93 268
79 930
85 688
197 78
422 626
397 162
311 753
204 540
76 851
345 852
318 474
325 175
449 359
178 391
345 34
19 330
189 249
182 825
142 310
411 471
460 406
279 71
26 822
255 929
173 935
190 963
51 155
443 474
337 415
266 206
462 44
218 350
331 570
451 588
491 530
318 148
389 186
340 644
15 845
296 413
109 415
395 278
13 423
420 381
175 789
420 632
361 998
353 333
125 851
376 927
336 654
285 173
39 589
31 371
323 687
473 920
199 99
109 88
129 489
318 13
270 251
416 183
103 433
227 946
325 347
28 944
186 573
30 543
137 410
343 829
171 939
40 598
304 200
336 631
111 837
374 80
277 74
438 299
334 0
10 151
88 934
293 303
77 652
195 533
206 906
406 723
327 401
478 959
61 823
177 180
19 160
140 798
80 820
223 145
285 442
449 519
453 662
206 662
462 560
216 344
294 13
269 227
85 168
407 529
9 462
283 457
405 734
184 928
308 44
42 179
113 992
361 349
33 945
150 352
161 743
444 497
174 417
176 223
19 950
56 981
17 993
55 620
246 149
68 518
14 474
303 70
246 376
190 994
40 997
284 178
363 168
85 246
137 720
378 375
254 542
301 960
452 822
64 442
216 62
419 415
496 505
140 30
154 279
374 607
140 543
274 19
38 954
113 424
65 393
280 93
15 587
278 183
336 810
10 339
334 918
380 293
475 115
119 778
99 858
480 318
385 509
325 906
80 920
429 601
98 505
166 22
97 884
86 635
242 930
384 584
41 972
33 504
477 734
337 398
299 613
166 697
457 871
50 554
19 230
348 765
176 244
319 641
305 695
171 373
189 366
458 163
68 865
408 307
406 80
434 925
136 79
384 502
410 131
373 478
95 683
49 516
472 340
374 95
321 491
331 146
183 584
470 65
156 770
315 681
380 686
330 543
285 991
161 911
472 193
180 475
462 117
390 687
118 53
408 465
24 762
42 497
269 270
271 88
141 950
437 435
48 672
153 895
474 237
51 923
52 95
401 286
242 525
355 411
320 822
68 243
64 39
65 724
337 728
18 34
269 764
401 528
8 961
478 695
166 870
330 281
22 529
175 598
186 433
488 386
114 134
170 285
219 899
465 6
36 867
198 493
13 93
228 506
252 946
182 836
127 934
203 107
151 382
36 388
283 209
270 110
199 958
130 7
459 920
4 557
191 136
55 749
484 328
184 363
446 871
355 696
236 767
196 932
487 162
269 917
396 212
473 891
153 263
421 400
73 979
432 528
304 981
87 538
479 107
407 283
394 679
98 65
285 668
411 738
205 540
464 842
101 415
440 253
66 787
83 911
383 417
52 940
320 265
118 699
166 83
484 946
232 163
377 359
284 181
456 648
472 153
485 637
226 745
249 477
300 448
311 359
425 57
173 670
130 612
5 557
242 143
35 839
18 242
120 140
30 616
234 124
118 297
367 520
33 984
274 629
20 383
189 877
327 833
313 442
43 520
435 848
382 228
374 624
365 6
349 671
227 539
124 571
320 844
3 169
67 204
322 939
69 455
205 238
325 828
492 179
239 781
247 686
282 659
152 22
419 422
341 547
373 677
52 326
444 586
26 747
489 862
442 112
14 28
250 216
471 937
365 916
30 284
65 310
230 140
376 440
324 425
400 50
11 115
471 931
345 348
132 436
438 176
273 579
472 950
400 899
133 830
412 592
48 196
198 961
321 416
57 454
66 399
178 30
70 544
343 8
271 295
325 93
345 398
223 432
342 592
148 238
125 209
115 335
455 275
432 619
476 244
428 345
420 413
360 279
185 48
106 156
455 655
331 104
498 469
60 47
335 652
371 30
375 226
30 517
23 103
490 110
154 246
142 432
398 403
281 441
3 591
350 513
85 452
296 133
17 450
177 92
398 729
414 759
278 232
324 691
116 975
183 62
438 781
117 60
360 717
291 636
4 103
340 617
173 768
388 57
352 117
362 264
335 241
406 846
196 282
88 319
420 722
212 839
317 510
100 900
250 41
382 389
327 452
5 592
444 501
392 192
266 248
104 578
415 715
493 585
153 835
344 614
88 713
93 126
360 115
475 273
186 320
75 956
62 174
435 57
200 807
388 381
131 507
102 846
49 728
466 993
314 110
328 301
494 75
216 770
414 230
87 661
320 659
107 510
475 673
474 943
341 577
136 829
325 533
224 223
265 18
409 920
135 164
5 495
81 75
265 428
95 647
239 133
218 190
194 955
389 485
250 225
375 90
25 867
438 670
461 664
436 450
314 326
393 279
389 540
214 327
221 27
50 155
421 548
35 391
203 477
168 793
437 892
267 297
298 508
471 95
200 415
288 599
233 400
244 372
245 471
253 790
356 458
289 801
91 748
306 225
440 351
111 433
297 217
17 804
337 459
425 124
84 971
326 659
213 683
233 776
191 249
358 557
361 777
63 135
242 644
271 137
268 516
108 379
109 913
134 971
366 863
252 786
337 593
257 742
424 515
76 96
103 422
237 881
312 119
129 969
34 715
458 307
239 779
468 564
472 921
134 446
25 67
189 449
186 900
486 933
150 327
50 937
22 494
101 156
176 537
48 1
480 199
406 855
255 163
343 137
363 185
63 195
232 256
79 840
37 768
457 922
72 334
485 426
80 538
132 793
46 617
338 368
442 357
195 133
285 229
472 380
4 772
202 577
278 828
137 906
485 641
377 168
252 959
335 270
41 371
484 773
359 880
242 579
198 479
141 887
307 836
443 826
396 461
229 829
356 149
478 250
56 125
394 938
318 3
293 844
117 787
289 992
480 88
445 866
135 597
108 893
260 642
105 990
231 608
445 310
298 480
386 986
82 700
141 290
401 561
200 906
312 218
473 316
220 350
17 460
335 352
492 903
150 933
342 213
226 266
421 343
163 840
370 970
77 807
463 501
121 271
59 700
372 934
147 416
392 797
48 276
331 69
487 201
476 233
486 693
124 498
440 208
307 738
308 950
247 125
117 765
228 74
36 806
454 708
236 316
354 643
261 924
301 588
26 778
31 386
149 356
113 306
212 315
88 86
397 787
266 659
348 347
49 244
397 291
284 5
301 182
21 897
478 646
218 63
344 191
228 324
265 268
318 902
356 615
107 736
269 801
290 314
450 929
185 148
428 304
99 366
186 184
365 361
117 374
33 687
280 97
186 917
70 141
11 112
89 237
347 143
241 670
1 10
2 10
3 10
4 10
5 10
6 10
7 10
8 10
9 10
10 10
11 10
12 10
13 10
14 10
15 10
16 10
17 10
18 10
19 10
20 10
21 10
22 10
23 10
24 10
25 10
26 10
27 10
28 10
29 10
30 10
31 10
32 10
33 10
34 10
35 10
36 10
37 10
38 10
39 10
40 10
41 10
42 10
43 10
44 10
45 10
46 10
47 10
48 10
49 10
50 10
51 10
52 10
53 10
54 10
55 10
56 10
57 10
58 10
59 10
60 10
61 10
62 10
63 10
64 10
65 10
66 10
67 10
68 10
69 10
70 10
71 10
72 10
73 10
74 10
75 10
76 10
77 10
78 10
79 10
80 10
81 10
82 10
83 10
84 10
85 10
86 10
87 10
88 10
89 10
90 10
91 10
92 10
93 10
94 10
95 10
96 10
97 10
98 10
99 10
100 10
101 10
102 10
103 10
104 10
105 10
106 10
107 10
108 10
109 10
110 10
111 10
112 10
113 10
114 10
115 10
116 10
117 10
118 10
119 10
120 10
121 10
122 10
123 10
124 10
125 10
126 10
127 10
128 10
129 10
130 10
131 10
132 10
133 10
134 10
135 10
136 10
137 10
138 10
139 10
140 10
141 10
142 10
143 10
144 10
145 10
146 10
147 10
148 10
149 10
150 10
151 10
152 10
153 10
154 10
155 10
156 10
157 10
158 10
159 10
160 10
161 10
162 10
163 10
164 10
165 10
166 10
167 10
168 10
169 10
170 10
171 10
172 10
173 10
174 10
175 10
176 10
177 10
178 10
179 10
180 10
181 10
182 10
183 10
184 10
185 10
186 10
187 10
188 10
189 10
190 10
191 10
192 10
193 10
194 10
195 10
196 10
197 10
198 10
199 10
200 10
201 10
202 10
203 10
204 10
205 10
206 10
207 10
208 10
209 10
210 10
211 10
212 10
213 10
214 10
215 10
216 10
217 10
218 10
219 10
220 10
221 10
222 10
223 10
224 10
225 10
226 10
227 10
228 10
229 10
230 10
231 10
232 10
233 10
234 10
235 10
236 10
237 10
238 10
239 10
240 10
241 10
242 10
243 10
244 10
245 10
246 10
247 10
248 10
249 10
250 10
251 10
252 10
253 10
254 10
255 10
256 10
257 10
258 10
259 10
260 10
261 10
262 10
263 10
264 10
265 10
266 10
267 10
268 10
269 10
270 10
271 10
272 10
273 10
274 10
275 10
276 10
277 10
278 10
279 10
280 10
281 10
282 10
283 10
284 10
285 10
286 10
287 10
288 10
289 10
290 10
291 10
292 10
293 10
294 10
295 10
296 10
297 10
298 10
299 10
300 10
301 10
302 10
303 10
304 10
305 10
306 10
307 10
308 10
309 10
310 10
311 10
312 10
313 10
314 10
315 10
316 10
317 10
318 10
319 10
320 10
321 10
322 10
323 10
324 10
325 10
326 10
327 10
328 10
329 10
330 10
331 10
332 10
333 10
334 10
335 10
336 10
337 10
338 10
339 10
340 10
341 10
342 10
343 10
344 10
345 10
346 10
347 10
348 10
349 10
350 10
351 10
352 10
353 10
354 10
355 10
356 10
357 10
358 10
359 10
360 10
361 10
362 10
363 10
364 10
365 10
366 10
367 10
368 10
369 10
370 10
371 10
372 10
373 10
374 10
375 10
376 10
377 10
378 10
379 10
380 10
381 10
382 10
383 10
384 10
385 10
386 10
387 10
388 10
389 10
390 10
391 10
392 10
393 10
394 10
395 10
396 10
397 10
398 10
399 10
400 10
401 10
402 10
403 10
404 10
405 10
406 10
407 10
408 10
409 10
410 10
411 10
412 10
413 10
414 10
415 10
416 10
417 10
418 10
419 10
420 10
421 10
422 10
423 10
424 10
425 10
426 10
427 10
428 10
429 10
430 10
431 10
432 10
433 10
434 10
435 10
436 10
437 10
438 10
439 10
440 10
441 10
442 10
443 10
444 10
445 10
446 10
447 10
448 10
449 10
450 10
451 10
452 10
453 10
454 10
455 10
456 10
457 10
458 10
459 10
460 10
461 10
462 10
463 10
464 10
465 10
466 10
467 10
468 10
469 10
470 10
471 10
472 10
473 10
474 10
475 10
476 10
477 10
478 10
479 10
480 10
481 10
482 10
483 10
484 10
485 10
486 10
487 10
488 10
489 10
490 10
491 10
492 10
493 10
494 10
495 10
496 10
497 10
498 10
499 10
500 10
501 10
502 10
503 10
504 10
505 10
506 10
507 10
508 10
509 10
510 10
511 10
512 10
513 10
514 10
515 10
516 10
517 10
518 10
519 10
520 10
521 10
522 10
523 10
524 10
525 10
526 10
527 10
528 10
529 10
530 10
531 10
532 10
533 10
534 10
535 10
536 10
537 10
538 10
539 10
540 10
541 10
542 10
543 10
544 10
545 10
546 10
547 10
548 10
549 10
550 10
551 10
552 10
553 10
554 10
555 10
556 10
557 10
558 10
559 10
560 10
561 10
562 10
563 10
564 10
565 10
566 10
567 10
568 10
569 10
570 10
571 10
572 10
573 10
574 10
575 10
576 10
577 10
578 10
579 10
580 10
581 10
582 10
583 10
584 10
585 10
586 10
587 10
588 10
589 10
590 10
591 10
592 10
593 10
594 10
595 10
596 10
597 10
598 10
599 10
600 10
601 10
602 10
603 10
604 10
605 10
606 10
607 10
608 10
609 10
610 10
611 10
612 10
613 10
614 10
615 10
616 10
617 10
618 10
619 10
620 10
621 10
622 10
623 10
624 10
625 10
626 10
627 10
628 10
629 10
630 10
631 10
632 10
633 10
634 10
635 10
636 10
637 10
638 10
639 10
640 10
641 10
642 10
643 10
644 10
645 10
646 10
647 10
648 10
649 10
650 10
651 10
652 10
653 10
654 10
655 10
656 10
657 10
658 10
659 10
660 10
661 10
662 10
663 10
664 10
665 10
666 10
667 10
668 10
669 10
670 10
671 10
672 10
673 10
674 10
675 10
676 10
677 10
678 10
679 10
680 10
681 10
682 10
683 10
684 10
685 10
686 10
687 10
688 10
689 10
690 10
691 10
692 10
693 10
694 10
695 10
696 10
697 10
698 10
699 10
700 10
701 10
702 10
703 10
704 10
705 10
706 10
707 10
708 10
709 10
710 10
711 10
712 10
713 10
714 10
715 10
716 10
717 10
718 10
719 10
720 10
721 10
722 10
723 10
724 10
725 10
726 10
727 10
728 10
729 10
730 10
731 10
732 10
733 10
734 10
735 10
736 10
737 10
738 10
739 10
740 10
741 10
742 10
743 10
744 10
745 10
746 10
747 10
748 10
749 10
750 10
751 10
752 10
753 10
754 10
755 10
756 10
757 10
758 10
759 10
760 10
761 10
762 10
763 10
764 10
765 10
766 10
767 10
768 10
769 10
770 10
771 10
772 10
773 10
774 10
775 10
776 10
777 10
778 10
779 10
780 10
781 10
782 10
783 10
784 10
785 10
786 10
787 10
788 10
789 10
790 10
791 10
792 10
793 10
794 10
795 10
796 10
797 10
798 10
799 10
800 10
801 10
802 10
803 10
804 10
805 10
806 10
807 10
808 10
809 10
810 10
811 10
812 10
813 10
814 10
815 10
816 10
817 10
818 10
819 10
820 10
821 10
822 10
823 10
824 10
825 10
826 10
827 10
828 10
829 10
830 10
831 10
832 10
833 10
834 10
835 10
836 10
837 10
838 10
839 10
840 10
841 10
842 10
843 10
844 10
845 10
846 10
847 10
848 10
849 10
850 10
851 10
852 10
853 10
854 10
855 10
856 10
857 10
858 10
859 10
860 10
861 10
862 10
863 10
864 10
865 10
866 10
867 10
868 10
869 10
870 10
871 10
872 10
873 10
874 10
875 10
876 10
877 10
878 10
879 10
880 10
881 10
882 10
883 10
884 10
885 10
886 10
887 10
888 10
889 10
890 10
891 10
892 10
893 10
894 10
895 10
896 10
897 10
898 10
899 10
900 10
901 10
902 10
903 10
904 10
905 10
906 10
907 10
908 10
909 10
910 10
911 10
912 10
913 10
914 10
915 10
916 10
917 10
918 10
919 10
920 10
921 10
922 10
923 10
924 10
925 10
926 10
927 10
928 10
929 10
930 10
931 10
932 10
933 10
934 10
935 10
936 10
937 10
938 10
939 10
940 10
941 10
942 10
943 10
944 10
945 10
946 10
947 10
948 10
949 10
950 10
951 10
952 10
953 10
954 10
955 10
956 10
957 10
958 10
959 10
960 10
961 10
962 10
963 10
964 10
965 10
966 10
967 10
968 10
969 10
970 10
971 10
972 10
973 10
974 10
975 10
976 10
977 10
978 10
979 10
980 10
981 10
982 10
983 10
984 10
985 10
986 10
987 10
988 10
989 10
990 10
991 10
992 10
993 10
994 10
995 10
996 10
997 10
998 10
