1
14 3
100
65 6
28 80
50 83
60 94
74 15
82 6
82 6
89 48
28 17
99 4
84 11
0 11
21 34
31 73
74 65
10 22
81 62
52 66
28 100
37 29
88 65
92 22
52 63
45 40
68 57
68 37
59 89
80 80
33 39
46 32
56 90
86 51
80 3
2 5
54 4
46 18
4 0
41 90
69 11
30 47
57 62
97 63
48 18
73 88
36 28
14 2
46 91
34 16
21 80
77 12
57 72
98 30
53 61
23 93
90 80
3 13
96 20
81 99
20 97
83 9
32 19
42 41
65 58
5 92
10 15
98 24
13 2
25 64
98 72
42 18
57 56
91 40
50 68
35 85
7 29
100 74
38 61
94 99
85 14
100 33
64 89
87 54
22 53
24 28
9 42
44 82
70 9
4 72
92 72
21 24
39 59
49 88
6 6
65 74
0 5
62 76
43 29
67 70
59 46
36 98
