30
23 0
8 9
22 21
21 28
26 18
15 28
28 27
18 2
15 11
18 19
21 24
3 12
19 11
17 16
10 27
4 8
10 18
24 14
28 18
26 6
28 21
21 23
6 20
6 21
7 3
26 12
6 9
18 29
2 28
9 13
1000
773 724
819 199
892 183
326 895
611 539
448 633
264 440
124 543
956 162
440 438
818 18
240 627
217 132
212 175
284 506
251 427
317 712
536 181
830 840
981 153
873 957
40 894
944 865
999 671
160 29
228 119
461 50
843 275
179 306
272 771
141 900
579 176
674 424
259 741
211 396
286 676
668 458
890 571
205 669
320 746
759 712
744 556
737 942
212 380
736 487
665 734
416 530
767 374
562 551
534 713
459 546
508 450
720 349
967 372
889 658
237 77
562 306
861 463
728 840
763 703
88 170
85 206
862 525
892 930
874 199
401 819
509 419
980 474
615 636
440 850
229 410
722 601
966 889
689 531
94 34
860 792
205 523
635 786
694 895
1 165
870 367
676 72
355 339
293 58
722 46
14 378
148 197
840 623
907 733
168 441
700 27
809 174
210 162
896 217
391 985
421 38
491 201
511 583
527 6
841 877
89 265
399 97
287 195
185 387
509 737
629 358
725 299
363 249
270 41
929 472
183 456
32 309
507 650
591 22
735 58
239 556
746 705
173 717
30 917
709 382
781 17
876 591
451 479
878 203
359 396
563 290
992 966
217 969
502 66
69 44
38 605
302 890
608 383
732 866
46 244
488 958
63 643
193 917
93 752
516 867
367 146
117 436
260 194
77 314
856 991
137 383
62 325
277 888
887 6
970 302
683 582
991 797
683 211
124 317
347 523
997 403
3 88
336 153
860 935
895 923
690 723
717 639
721 793
285 804
949 506
122 320
796 46
492 357
457 568
307 894
995 595
653 753
367 473
356 921
524 544
57 885
652 954
38 972
232 473
573 664
586 839
259 721
682 244
820 228
958 378
975 593
214 522
320 182
420 27
124 912
265 695
168 455
194 981
356 410
755 912
971 793
235 58
859 532
740 262
869 371
900 572
561 267
196 532
575 704
646 422
98 953
786 266
970 997
465 719
909 326
753 168
437 904
961 498
846 201
681 545
138 368
149 414
697 484
756 465
304 956
164 631
180 973
56 994
705 201
441 618
687 489
454 280
409 212
257 226
737 219
214 857
985 690
97 113
848 283
58 314
646 296
117 13
903 97
696 902
82 637
108 114
783 594
736 437
474 445
795 778
419 179
583 202
598 0
402 71
746 542
272 237
877 603
636 984
91 183
719 548
634 488
1000 918
2 597
746 923
318 868
768 590
134 404
530 611
980 641
227 48
994 777
513 102
615 343
627 954
398 276
771 417
890 97
595 332
290 930
682 88
369 248
297 692
737 694
417 885
665 585
527 651
885 488
970 974
728 61
703 646
463 318
41 52
897 664
134 686
263 242
551 174
487 739
414 592
711 340
511 636
484 461
12 82
903 980
133 846
720 59
520 110
620 758
906 329
316 494
940 582
329 901
621 473
837 691
706 962
610 829
212 651
930 657
24 40
906 83
954 726
26 941
517 300
876 41
651 275
267 503
149 253
880 304
359 113
760 551
778 733
42 85
384 386
870 207
473 516
372 319
154 503
382 670
142 645
870 626
628 382
558 32
92 650
881 394
634 784
759 923
250 797
966 359
694 819
353 291
731 808
424 646
262 735
971 995
400 501
132 957
518 937
490 839
787 292
691 11
736 186
414 267
916 474
45 91
258 856
651 934
678 541
710 101
705 37
882 42
136 266
808 685
682 908
683 828
913 122
402 432
316 757
917 262
329 448
678 388
873 428
590 253
506 333
896 57
79 806
294 359
627 582
96 478
319 271
305 715
758 337
747 182
640 971
468 650
162 867
786 861
778 842
894 500
763 97
572 693
488 58
172 537
371 420
437 209
340 171
661 206
128 965
531 574
807 389
454 240
736 931
909 272
415 708
71 740
874 780
80 675
653 428
231 762
614 192
201 198
396 722
841 123
849 708
588 48
854 400
557 682
14 874
229 460
990 698
903 544
274 602
937 929
610 999
762 104
314 41
837 185
723 654
640 696
622 141
929 679
105 499
132 187
908 95
356 114
124 226
348 32
628 99
117 707
28 970
675 203
672 650
504 456
274 166
965 277
187 51
544 383
43 651
756 229
527 935
469 132
766 826
231 645
181 691
342 299
92 595
58 815
416 97
834 820
48 198
952 482
427 501
33 489
352 5
69 357
289 545
663 261
332 625
344 380
398 493
197 138
266 861
593 696
950 345
453 629
619 69
563 92
100 267
342 902
442 323
656 927
401 275
693 241
450 624
54 983
68 149
621 347
819 487
687 712
45 316
674 786
172 926
654 928
545 843
941 239
69 943
115 551
846 444
178 494
543 153
959 547
870 665
244 694
365 685
842 491
622 440
138 185
774 169
144 988
597 486
714 999
958 434
957 730
100 823
659 270
393 696
220 962
105 824
133 25
423 785
435 303
0 536
612 540
645 342
376 458
588 952
129 627
533 805
496 270
496 617
389 107
949 191
24 171
761 31
220 282
998 397
60 620
644 34
443 860
2 769
218 201
766 728
209 177
849 316
607 551
818 374
139 105
393 344
842 558
3 364
320 272
474 517
651 728
381 125
617 627
549 699
224 417
311 250
921 675
760 945
820 754
423 969
497 461
959 20
671 32
810 817
851 771
338 371
743 330
557 276
609 416
523 630
791 594
671 219
676 443
21 295
251 323
163 369
11 817
569 75
935 501
717 555
361 91
868 847
519 760
928 166
75 83
528 54
800 90
803 268
666 394
86 285
147 206
753 87
995 220
476 895
982 129
823 561
8 437
79 778
657 963
906 369
254 615
99 226
40 544
967 201
863 857
966 888
387 84
31 979
22 23
452 630
985 564
85 128
43 276
73 920
218 293
139 235
437 945
695 425
257 289
116 486
717 466
517 934
252 402
692 54
883 896
930 718
388 417
578 100
373 331
634 261
323 439
384 577
118 749
44 600
905 208
383 699
824 329
759 422
627 981
918 100
641 467
117 513
477 966
71 925
635 684
70 335
251 536
97 83
312 357
471 118
602 4
560 565
612 82
626 70
24 996
530 727
1000 919
696 330
771 816
330 502
769 545
795 659
369 693
81 278
211 698
260 5
762 881
915 892
37 638
519 146
926 829
670 751
87 357
794 551
203 637
28 432
975 125
698 543
272 490
752 328
150 636
17 195
881 645
355 304
499 531
855 575
547 68
99 424
567 301
138 309
365 82
135 751
620 393
134 344
620 110
568 718
770 760
723 144
285 334
666 105
40 859
847 447
542 752
998 943
350 858
585 67
255 393
341 202
151 520
346 125
487 170
78 461
320 966
843 836
530 714
687 666
629 241
707 16
686 931
285 750
882 920
73 828
701 366
244 946
741 51
971 64
852 802
971 609
148 214
399 286
76 894
366 761
190 147
104 205
121 198
318 699
852 752
671 331
93 250
9 884
926 758
930 503
202 302
476 516
706 841
157 222
121 217
401 659
596 490
909 803
372 282
559 744
390 7
359 866
769 886
502 360
773 78
534 541
139 162
945 554
359 36
64 397
526 255
988 489
778 549
181 295
517 642
131 164
16 422
21 900
908 702
156 111
928 277
72 774
666 917
86 246
160 856
543 4
93 556
427 180
421 792
517 375
14 600
447 400
913 841
467 743
113 410
663 925
259 822
609 796
18 723
888 372
241 101
728 989
769 564
613 471
217 56
376 688
209 764
129 481
793 563
433 659
330 777
414 266
172 113
946 132
639 481
737 265
48 933
545 865
677 19
351 112
81 741
76 546
157 379
29 933
72 517
196 270
827 673
1000 712
281 580
691 704
155 690
643 55
927 321
254 596
279 436
415 874
948 868
718 681
913 936
105 718
680 747
371 857
376 909
579 337
647 122
537 885
331 734
649 121
15 298
532 669
778 237
859 567
582 212
301 507
823 929
333 110
396 706
910 94
521 114
347 910
964 356
589 763
29 182
983 693
330 509
603 659
78 131
653 988
792 433
317 516
759 188
132 469
888 467
543 132
451 907
421 609
761 21
896 521
624 97
249 781
865 807
489 161
577 623
454 198
78 395
919 226
388 795
101 986
321 150
744 891
337 104
430 192
700 304
810 622
481 153
664 455
752 442
519 44
842 494
924 111
324 81
247 318
65 612
352 979
436 838
903 527
785 3
244 899
37 873
340 247
510 192
566 386
881 575
710 616
849 136
279 646
609 277
974 825
198 892
813 589
877 711
60 636
829 326
297 842
219 495
1000 614
77 912
134 421
607 695
947 314
563 818
758 769
98 380
196 25
760 161
883 167
309 141
92 504
43 140
983 720
15 743
874 363
139 582
593 616
28 826
868 524
426 315
465 20
781 641
83 894
983 315
202 818
963 729
139 441
307 865
984 237
112 986
366 138
381 653
781 643
787 862
856 58
702 686
757 63
379 669
825 483
477 269
899 117
458 19
668 89
302 462
796 101
643 857
900 306
288 146
917 349
536 303
122 971
947 546
16 316
674 47
283 983
935 630
498 821
630 159
639 485
883 302
713 70
51 88
107 400
751 719
32 747
217 877
151 469
610 844
19 829
272 44
224 910
986 467
617 883
860 657
938 546
647 745
