30
15 28
19 19
25 16
0 4
12 25
8 19
0 28
11 13
1 26
22 2
26 22
29 24
22 1
26 22
25 15
3 25
10 14
29 2
11 8
10 30
30 25
15 0
4 21
1 12
13 11
15 13
29 20
3 21
3 15
5 15
1000
128954 141724
19711 58256
38594 114422
928 12989
156700 157308
134372 67480
47311 16499
85938 44733
77650 154574
98978 61199
143563 154850
126702 12414
48499 135776
14958 140446
27379 51810
1615 6803
14934 3610
8340 9893
51814 107119
85114 10018
30579 31997
70763 149579
2608 14166
136353 111962
92306 63785
29836 49646
34428 50830
134211 105466
52026 40180
36636 105888
157593 107002
138132 13094
56749 149296
157451 122871
27250 138199
64264 30820
79142 74804
30399 15463
9193 139009
155794 60179
44196 71709
127172 120358
6641 38956
131257 151058
38634 43053
59545 88644
17637 35964
11173 148949
139482 51752
42479 109004
89086 91360
141394 15601
115836 83083
107209 49644
9777 122501
1768 59411
146665 87762
29110 115905
137806 22398
14719 37315
54742 10314
100677 147085
24031 11381
24189 93986
53630 36772
22494 63621
124365 10050
5547 103935
142052 5493
116199 101821
72501 54302
85952 142802
91459 11980
140280 116979
125344 32113
82782 135201
21834 65649
120601 52807
18294 52798
108525 144259
132493 116199
131904 80703
120070 137294
92392 67358
42349 76079
131853 152727
145310 84720
47977 60583
118382 39412
146727 100386
122840 43140
159249 120824
73769 107951
133078 139199
56102 145791
52450 57701
30737 22166
109730 35774
96889 81245
72597 111959
100650 125065
52935 66030
121593 1735
84733 135370
141825 47063
34978 116146
134079 82659
91268 86046
43956 105358
19099 85635
98925 136032
23442 159358
124957 125255
154428 93074
28580 60975
108039 18029
28270 131139
56495 135080
115436 158795
158926 53474
21869 85738
60794 125493
150978 61088
21587 37478
3787 152935
66488 17679
5066 103938
152307 148959
31653 71360
55561 107706
140559 140661
120242 47828
123445 30694
20900 2833
81555 41555
65357 68143
3946 72202
85717 15183
97478 26683
87158 100382
147097 13980
109254 116091
88176 122343
83695 8318
52476 23057
16144 57271
104456 60155
44098 29534
66975 75526
114849 39775
81101 40521
58307 124553
149238 109788
153445 156925
147885 129289
49567 158997
92832 55579
107421 109474
43873 157199
92523 36863
75243 16734
82051 134180
9513 18951
40902 138538
70445 92298
18308 105612
151186 102269
123279 113887
148995 122714
158480 62105
36455 102728
102343 34181
60833 29013
98657 157041
144200 151319
29693 107479
147762 102272
108609 106019
152932 64478
68329 71346
113374 19484
120243 118091
33765 10765
93816 64293
36152 19544
69840 62610
150726 125912
146196 97789
119040 597
10486 131968
141984 43757
111631 65896
27170 28752
119091 103958
110472 105320
103755 13616
156095 107854
52854 24031
90993 81502
7403 38930
27383 63267
157703 23841
146498 129036
9766 56931
12599 51766
70869 146980
136628 59244
134402 124377
67936 157130
84215 19401
74684 159466
140783 28545
100632 126878
22030 52611
143713 49080
121994 27878
131907 111065
7280 21972
156994 79589
82503 82719
44839 91819
79384 56475
73370 118990
16524 110450
98599 30652
83749 125471
27090 63752
49194 149589
13654 78878
16809 108325
50917 128053
111679 1378
25410 39243
67580 139233
159644 66214
5026 155646
30931 89489
144147 52405
71297 88261
64058 15221
85650 145996
132542 135002
64533 25024
90534 128315
11659 129390
119079 2166
135400 23187
91013 12750
91732 41538
93148 150265
46321 146134
43833 159301
88285 36836
21777 70122
50161 46927
126186 31730
145850 16369
92569 45019
73227 128508
150083 67797
102167 56439
85128 52409
83424 113480
156015 51153
20023 10549
40140 140185
102614 95357
82604 89083
144726 15483
104355 135459
153012 18662
129947 63730
22615 131756
30928 136964
70852 131207
107901 22444
107973 140006
64853 36544
54254 142465
137779 147569
50441 28217
97737 90389
142525 116068
92074 83729
22140 67852
85351 45781
88353 142125
53608 53398
68153 66160
15597 31643
53128 130593
14963 137424
116877 59993
117237 158644
153522 46049
103608 25036
134390 3254
12318 146746
81302 8989
117829 103895
65758 113002
73033 143464
128213 3365
26045 31492
19588 102321
133680 12076
50102 5803
59210 125565
134555 24285
107902 126073
36228 1495
117032 106262
1423 106572
58251 30071
41536 18498
36184 67740
127352 136440
150892 116423
23228 27167
119430 83973
24538 79740
106722 106309
51395 65220
103438 139257
101870 83856
76893 33753
22205 68434
38079 103913
101807 121647
54604 151102
134706 9577
54367 13541
47294 9607
105075 98650
19284 61175
31218 106617
128005 78972
117667 31254
66752 21016
75187 16373
73863 62988
98782 22152
86120 44030
90841 32972
108483 107774
47242 143652
53663 129982
31399 24505
73568 117130
91285 4445
39103 45707
76001 105465
70759 116939
14078 94599
113916 55789
49763 110724
155928 148609
61645 19920
28492 148927
14541 72615
153976 98671
58616 94459
101539 90636
66489 7719
41477 21412
128002 134455
59839 95552
75986 155502
10591 40205
128318 153324
74747 74953
154651 147143
151585 38014
83159 56576
43098 152152
82105 116627
94313 22662
36620 18235
142342 91877
116603 91874
24033 150374
41092 86959
27946 56571
87375 9805
150363 89040
14604 73994
116487 155403
154613 6552
151640 97845
132151 30519
52356 151768
2837 111980
117050 10295
98643 119244
3056 25339
721 159753
50062 72441
43064 47857
8994 131137
39457 99796
90291 130437
34724 129624
62444 81585
95880 46672
102416 56729
60540 1188
19736 159307
130248 101431
114350 139794
143810 141808
131644 101604
52127 42260
138082 54147
75567 131487
10175 122058
117840 130365
26924 31099
106063 76035
52785 69974
37357 3193
32424 130963
33240 54238
20424 122043
132831 61078
38596 116737
155859 156042
150393 90224
114771 127981
87943 26803
127320 130671
99719 70676
27998 144862
21789 134422
150915 45258
41607 113138
85853 106393
4312 86561
95952 23752
34993 126398
16846 30617
78063 4709
118507 158903
159258 152283
78995 140484
22510 159497
60143 10092
133141 123203
69415 82795
42855 37772
98758 70108
76562 95875
143398 141436
59962 41103
130011 65048
122549 75995
117001 25626
16388 29070
74103 104584
32092 152876
31217 125146
146776 58855
92232 56992
26178 69956
83085 152250
99658 69001
126426 116123
99532 92743
81054 65820
48118 154458
94484 116051
69739 142501
107889 43310
125776 43147
148365 140677
154 71045
155589 125313
77812 72627
155650 117602
69174 131059
130830 43942
59610 95566
15009 143252
118862 78712
20177 100186
144365 103977
64207 84552
129838 88703
147189 143872
103213 99088
6339 31691
69965 88374
33633 64994
15635 143156
73410 40454
151488 66314
146859 155868
10636 127932
154890 92704
21282 161
104484 97347
147454 50410
126207 12586
24622 111835
158184 136756
45156 136634
1739 59189
63902 16279
65780 127167
799 3543
100414 95481
40639 110736
115157 48949
136459 125103
147317 136996
16580 20888
75878 118190
74560 96545
53688 74473
80894 137352
10317 9757
147807 148220
128106 143376
19316 66183
91348 142039
253 71930
103978 21447
33138 81279
110856 143858
99870 82282
61760 147899
137389 8963
82580 49630
65630 79664
56407 52963
117533 33440
9574 125435
54908 62026
83629 106647
4996 127680
110834 82825
21440 106066
32340 110250
39718 70086
63700 119513
48169 2769
128039 131090
130717 73055
110458 63970
47772 100527
60669 102284
127228 112426
5651 131585
105439 141514
27480 123342
97157 105876
157306 109903
137694 97467
75638 69035
112345 115595
87886 12058
100426 76724
126556 35415
143255 20112
96329 28207
130006 38228
104700 159491
119710 155095
120050 115034
62956 85668
83212 1109
113798 25620
87641 141239
100585 38919
71737 12152
25741 142333
103527 21659
21037 43203
53189 104456
31686 122507
77149 129800
41485 127502
36621 29331
57262 96785
37029 152799
127315 89722
70339 68062
149944 44843
129846 113414
101618 18264
113762 76954
10567 59388
51662 126496
75247 17840
88439 143092
47676 974
89438 48964
81351 55491
152906 142085
87145 14085
78296 2388
80789 132617
9974 24893
69946 93251
65691 97045
17800 74707
147297 129141
104476 58542
51160 125952
124262 11925
42254 88518
19849 2935
145354 138524
53906 19472
158020 93831
36281 34437
72793 69145
137872 5088
159821 128003
26493 39524
10338 29480
96795 57359
35529 86596
129126 134096
99245 129994
111554 69231
1836 129283
73900 129218
98272 4953
59332 45469
89839 112728
45723 115763
106446 60133
46339 102530
58424 133693
88726 118182
116048 17559
109324 155942
94798 44657
70995 55634
149226 88344
14689 154485
59070 155101
24616 100448
125463 151231
36841 149711
123656 33231
111928 54319
3312 91098
8840 137711
116582 115970
109753 31896
145830 65152
141707 96284
38867 26137
132770 83018
109702 132791
147937 40580
124362 98093
122728 58922
29658 134270
142558 72177
144696 81400
38373 7442
91937 132771
59701 21287
130693 101075
95864 88793
31600 71050
157371 153889
96360 81118
50630 28396
122830 72308
156597 133467
98328 139454
34474 26287
76630 121673
154911 136606
139237 65843
89623 158390
11255 75647
125947 71519
151403 19767
30877 66506
145621 109296
44026 40518
8615 114545
96618 4349
156147 65259
47163 53976
152168 60363
64608 42174
42738 999
28653 82732
46464 16303
28411 101290
120651 65553
31748 45490
81360 152026
118007 88734
146510 49159
68570 75669
26597 8802
78378 87785
58115 152834
40287 46226
84891 49803
104856 21923
149241 151746
143532 125226
58254 71423
41369 155058
80282 84692
78650 124322
100556 114742
7520 146767
156520 25382
90145 114355
22440 97833
83860 106557
158509 125881
112137 114971
39180 73470
124714 146194
124499 95850
18054 141176
9537 74945
83597 43681
1542 95510
151190 37158
49008 122344
27230 74476
156847 73712
56508 16168
141475 34861
69011 47793
128661 153213
139355 45145
133228 133107
133571 139318
24371 149655
88700 91381
59610 50491
15707 8348
140439 41982
129960 85464
2068 159081
107775 74903
52481 83508
69145 5646
85389 123866
83114 113000
137716 156756
97049 34026
68891 81781
149312 101210
68886 133713
88457 128233
586 44243
69628 145212
16994 142735
121124 96333
82747 29483
35144 94580
131603 117932
118181 75021
86902 141862
16030 50434
101099 18642
100508 134452
91866 150090
74370 80061
110882 60105
98623 65986
16160 114792
93733 93953
53898 19370
133368 146048
149582 23108
148611 21348
76245 75072
74267 46549
57748 103379
70312 134191
45293 66294
57198 126388
125512 117548
126097 157729
61506 55695
1178 104723
29360 123448
69484 124644
153403 49988
78490 2761
150630 79533
67089 155238
149084 123885
142263 119915
71338 36032
101720 154267
156688 44668
80060 10184
151368 111774
15102 61575
32005 20820
149719 73823
86592 41114
113792 22000
14641 92557
31132 150793
75142 56626
51562 107432
11559 117416
48334 136635
17566 81311
58629 139252
14066 23137
120015 125530
62659 78255
98457 72898
147056 151721
3406 18638
43040 145856
111447 76090
20264 94651
151119 54082
147771 33855
70582 94003
143598 48021
11998 30044
140929 33227
54215 66641
4130 147088
115478 152149
120228 91117
59999 7735
82818 49269
33093 545
112321 98208
6362 106484
112475 106143
10286 115588
110327 156274
88161 82998
123698 83124
121995 131021
110242 1360
20057 12866
102171 97217
154692 20990
74779 8972
79219 79707
73139 105058
9360 13266
157412 24194
56872 443
137994 145266
147082 122421
143160 65225
102713 92749
110944 25697
88421 68323
72502 135133
64518 100052
114684 92376
36922 129394
156911 12283
28333 60983
156376 2182
33409 154509
8520 44009
63820 145877
20595 79361
131776 73252
89810 95737
7893 104311
4960 114763
132553 72006
121096 79517
58246 103048
39502 41647
1120 31567
94401 145743
150199 74093
65818 61014
66197 26475
83938 52749
99380 91037
109214 128788
77189 103056
90144 141976
118383 107732
155457 78745
115239 53905
71728 159
12040 70166
27895 50960
248 89699
2286 29552
143727 81704
39021 115151
78020 39929
99477 157241
145703 13352
83245 100332
107691 51909
45519 134141
93545 51703
114420 159210
153975 62895
30159 93395
107889 82268
55151 62571
92589 76968
3796 126311
32579 25508
64634 124899
90323 128310
52288 68202
63912 92922
90883 120951
27526 122420
16882 63313
87529 93579
74275 4704
139446 9154
72722 32419
77295 152673
91763 131626
125547 63460
120100 46997
9962 120852
132499 117442
49603 152080
155702 60535
133933 70509
129995 46929
89236 53162
153886 73252
83642 142007
51346 50206
48694 59681
84805 117355
43756 107132
76183 36058
4889 140839
159759 105984
105116 112628
3317 14353
139406 92065
11752 113778
89204 105464
17727 56769
13761 46226
94942 144258
8175 79737
58342 156194
59656 103004
44357 65123
145223 144438
124002 98598
49137 4089
69557 88729
83268 144457
47831 2663
41388 105624
83592 114439
4913 136610
39119 55145
88068 92691
73730 158817
72013 496
141109 126047
11760 54838
73137 133548
145358 52457
36623 150141
847 9339
126572 79769
23023 59435
14049 80559
33533 5047
155300 137920
51912 89415
157856 128553
105456 48547
28409 127573
15339 124566
142557 48424
76031 144329
63255 140206
14936 53159
115520 75063
141844 138173
14336 132106
128352 102154
100284 91753
116602 4051
138402 90274
9439 17939
10588 59913
