30
5 3
10 7
29 4
25 20
29 13
13 30
28 29
19 5
14 19
11 3
2 10
6 12
1 26
11 28
8 15
4 20
3 6
11 1
25 29
24 26
30 29
2 0
28 11
1 23
13 22
17 8
24 26
26 4
14 19
18 29
1000
160000 160000
160000 160000
160000 160000
160000 160000
160000 160000
160000 160000
160000 160000
160000 160000
160000 160000
160000 160000
160000 160000
160000 160000
160000 160000
160000 160000
160000 160000
160000 160000
160000 160000
160000 160000
160000 160000
160000 160000
160000 160000
160000 160000
160000 160000
160000 160000
160000 160000
160000 160000
160000 160000
160000 160000
160000 160000
160000 160000
160000 160000
160000 160000
160000 160000
160000 160000
160000 160000
160000 160000
160000 160000
160000 160000
160000 160000
160000 160000
160000 160000
160000 160000
160000 160000
160000 160000
160000 160000
160000 160000
160000 160000
160000 160000
160000 160000
160000 160000
160000 160000
160000 160000
160000 160000
160000 160000
160000 160000
160000 160000
160000 160000
160000 160000
160000 160000
160000 160000
160000 160000
160000 160000
160000 160000
160000 160000
160000 160000
160000 160000
160000 160000
160000 160000
160000 160000
160000 160000
160000 160000
160000 160000
160000 160000
160000 160000
160000 160000
160000 160000
160000 160000
160000 160000
160000 160000
160000 160000
160000 160000
160000 160000
160000 160000
160000 160000
160000 160000
160000 160000
160000 160000
160000 160000
160000 160000
160000 160000
160000 160000
160000 160000
160000 160000
160000 160000
160000 160000
160000 160000
160000 160000
160000 160000
160000 160000
160000 160000
160000 160000
160000 160000
160000 160000
160000 160000
160000 160000
160000 160000
160000 160000
160000 160000
160000 160000
160000 160000
160000 160000
160000 160000
160000 160000
160000 160000
160000 160000
160000 160000
160000 160000
160000 160000
160000 160000
160000 160000
160000 160000
160000 160000
160000 160000
160000 160000
160000 160000
160000 160000
160000 160000
160000 160000
160000 160000
160000 160000
160000 160000
160000 160000
160000 160000
160000 160000
160000 160000
160000 160000
160000 160000
160000 160000
160000 160000
160000 160000
160000 160000
160000 160000
160000 160000
160000 160000
160000 160000
160000 160000
160000 160000
160000 160000
160000 160000
160000 160000
160000 160000
160000 160000
160000 160000
160000 160000
160000 160000
160000 160000
160000 160000
160000 160000
160000 160000
160000 160000
160000 160000
160000 160000
160000 160000
160000 160000
160000 160000
160000 160000
160000 160000
160000 160000
160000 160000
160000 160000
160000 160000
160000 160000
160000 160000
160000 160000
160000 160000
160000 160000
160000 160000
160000 160000
160000 160000
160000 160000
160000 160000
160000 160000
160000 160000
160000 160000
160000 160000
160000 160000
160000 160000
160000 160000
160000 160000
160000 160000
160000 160000
160000 160000
160000 160000
160000 160000
160000 160000
160000 160000
160000 160000
160000 160000
160000 160000
160000 160000
160000 160000
160000 160000
160000 160000
160000 160000
160000 160000
160000 160000
160000 160000
160000 160000
160000 160000
160000 160000
160000 160000
160000 160000
160000 160000
160000 160000
160000 160000
160000 160000
160000 160000
160000 160000
160000 160000
160000 160000
160000 160000
160000 160000
160000 160000
160000 160000
160000 160000
160000 160000
160000 160000
160000 160000
160000 160000
160000 160000
160000 160000
160000 160000
160000 160000
160000 160000
160000 160000
160000 160000
160000 160000
160000 160000
160000 160000
160000 160000
160000 160000
160000 160000
160000 160000
160000 160000
160000 160000
160000 160000
160000 160000
160000 160000
160000 160000
160000 160000
160000 160000
160000 160000
160000 160000
160000 160000
160000 160000
160000 160000
160000 160000
160000 160000
160000 160000
160000 160000
160000 160000
160000 160000
160000 160000
160000 160000
160000 160000
160000 160000
160000 160000
160000 160000
160000 160000
160000 160000
160000 160000
160000 160000
160000 160000
160000 160000
160000 160000
160000 160000
160000 160000
160000 160000
160000 160000
160000 160000
160000 160000
160000 160000
160000 160000
160000 160000
160000 160000
160000 160000
160000 160000
160000 160000
160000 160000
160000 160000
160000 160000
160000 160000
160000 160000
160000 160000
160000 160000
160000 160000
160000 160000
160000 160000
160000 160000
160000 160000
160000 160000
160000 160000
160000 160000
160000 160000
160000 160000
160000 160000
160000 160000
160000 160000
160000 160000
160000 160000
160000 160000
160000 160000
160000 160000
160000 160000
160000 160000
160000 160000
160000 160000
160000 160000
160000 160000
160000 160000
160000 160000
160000 160000
160000 160000
160000 160000
160000 160000
160000 160000
160000 160000
160000 160000
160000 160000
160000 160000
160000 160000
160000 160000
160000 160000
160000 160000
160000 160000
160000 160000
160000 160000
160000 160000
160000 160000
160000 160000
160000 160000
160000 160000
160000 160000
160000 160000
160000 160000
160000 160000
160000 160000
160000 160000
160000 160000
160000 160000
160000 160000
160000 160000
160000 160000
160000 160000
160000 160000
160000 160000
160000 160000
160000 160000
160000 160000
160000 160000
160000 160000
160000 160000
160000 160000
160000 160000
160000 160000
160000 160000
160000 160000
160000 160000
160000 160000
160000 160000
160000 160000
160000 160000
160000 160000
160000 160000
160000 160000
160000 160000
160000 160000
160000 160000
160000 160000
160000 160000
160000 160000
160000 160000
160000 160000
160000 160000
160000 160000
160000 160000
160000 160000
160000 160000
160000 160000
160000 160000
160000 160000
160000 160000
160000 160000
160000 160000
160000 160000
160000 160000
160000 160000
160000 160000
160000 160000
160000 160000
160000 160000
160000 160000
160000 160000
160000 160000
160000 160000
160000 160000
160000 160000
160000 160000
160000 160000
160000 160000
160000 160000
160000 160000
160000 160000
160000 160000
160000 160000
160000 160000
160000 160000
160000 160000
160000 160000
160000 160000
160000 160000
160000 160000
160000 160000
160000 160000
160000 160000
160000 160000
160000 160000
160000 160000
160000 160000
160000 160000
160000 160000
160000 160000
160000 160000
160000 160000
160000 160000
160000 160000
160000 160000
160000 160000
160000 160000
160000 160000
160000 160000
160000 160000
160000 160000
160000 160000
160000 160000
160000 160000
160000 160000
160000 160000
160000 160000
160000 160000
160000 160000
160000 160000
160000 160000
160000 160000
160000 160000
160000 160000
160000 160000
160000 160000
160000 160000
160000 160000
160000 160000
160000 160000
160000 160000
160000 160000
160000 160000
160000 160000
160000 160000
160000 160000
160000 160000
160000 160000
160000 160000
160000 160000
160000 160000
160000 160000
160000 160000
160000 160000
160000 160000
160000 160000
160000 160000
160000 160000
160000 160000
160000 160000
160000 160000
160000 160000
160000 160000
160000 160000
160000 160000
160000 160000
160000 160000
160000 160000
160000 160000
160000 160000
160000 160000
160000 160000
160000 160000
160000 160000
160000 160000
160000 160000
160000 160000
160000 160000
160000 160000
160000 160000
160000 160000
160000 160000
160000 160000
160000 160000
160000 160000
160000 160000
160000 160000
160000 160000
160000 160000
160000 160000
160000 160000
160000 160000
160000 160000
160000 160000
160000 160000
160000 160000
160000 160000
160000 160000
160000 160000
160000 160000
160000 160000
160000 160000
160000 160000
160000 160000
160000 160000
160000 160000
160000 160000
160000 160000
160000 160000
160000 160000
160000 160000
160000 160000
160000 160000
160000 160000
160000 160000
160000 160000
160000 160000
160000 160000
160000 160000
160000 160000
160000 160000
160000 160000
160000 160000
160000 160000
160000 160000
160000 160000
160000 160000
160000 160000
160000 160000
160000 160000
160000 160000
160000 160000
160000 160000
160000 160000
160000 160000
160000 160000
160000 160000
160000 160000
160000 160000
160000 160000
160000 160000
160000 160000
160000 160000
160000 160000
160000 160000
160000 160000
160000 160000
160000 160000
160000 160000
160000 160000
160000 160000
160000 160000
160000 160000
160000 160000
160000 160000
160000 160000
160000 160000
160000 160000
160000 160000
160000 160000
160000 160000
160000 160000
160000 160000
160000 160000
160000 160000
160000 160000
160000 160000
160000 160000
160000 160000
160000 160000
160000 160000
160000 160000
160000 160000
160000 160000
160000 160000
160000 160000
160000 160000
160000 160000
160000 160000
160000 160000
160000 160000
160000 160000
160000 160000
160000 160000
160000 160000
160000 160000
160000 160000
160000 160000
160000 160000
160000 160000
160000 160000
160000 160000
160000 160000
160000 160000
160000 160000
160000 160000
160000 160000
160000 160000
160000 160000
160000 160000
160000 160000
160000 160000
160000 160000
160000 160000
160000 160000
160000 160000
160000 160000
160000 160000
160000 160000
160000 160000
160000 160000
160000 160000
160000 160000
160000 160000
160000 160000
160000 160000
160000 160000
160000 160000
160000 160000
160000 160000
160000 160000
160000 160000
160000 160000
160000 160000
160000 160000
160000 160000
160000 160000
160000 160000
160000 160000
160000 160000
160000 160000
160000 160000
160000 160000
160000 160000
160000 160000
160000 160000
160000 160000
160000 160000
160000 160000
160000 160000
160000 160000
160000 160000
160000 160000
160000 160000
160000 160000
160000 160000
160000 160000
160000 160000
160000 160000
160000 160000
160000 160000
160000 160000
160000 160000
160000 160000
160000 160000
160000 160000
160000 160000
160000 160000
160000 160000
160000 160000
160000 160000
160000 160000
160000 160000
160000 160000
160000 160000
160000 160000
160000 160000
160000 160000
160000 160000
160000 160000
160000 160000
160000 160000
160000 160000
160000 160000
160000 160000
160000 160000
160000 160000
160000 160000
160000 160000
160000 160000
160000 160000
160000 160000
160000 160000
160000 160000
160000 160000
160000 160000
160000 160000
160000 160000
160000 160000
160000 160000
160000 160000
160000 160000
160000 160000
160000 160000
160000 160000
160000 160000
160000 160000
160000 160000
160000 160000
160000 160000
160000 160000
160000 160000
160000 160000
160000 160000
160000 160000
160000 160000
160000 160000
160000 160000
160000 160000
160000 160000
160000 160000
160000 160000
160000 160000
160000 160000
160000 160000
160000 160000
160000 160000
160000 160000
160000 160000
160000 160000
160000 160000
160000 160000
160000 160000
160000 160000
160000 160000
160000 160000
160000 160000
160000 160000
160000 160000
160000 160000
160000 160000
160000 160000
160000 160000
160000 160000
160000 160000
160000 160000
160000 160000
160000 160000
160000 160000
160000 160000
160000 160000
160000 160000
160000 160000
160000 160000
160000 160000
160000 160000
160000 160000
160000 160000
160000 160000
160000 160000
160000 160000
160000 160000
160000 160000
160000 160000
160000 160000
160000 160000
160000 160000
160000 160000
160000 160000
160000 160000
160000 160000
160000 160000
160000 160000
160000 160000
160000 160000
160000 160000
160000 160000
160000 160000
160000 160000
160000 160000
160000 160000
160000 160000
160000 160000
160000 160000
160000 160000
160000 160000
160000 160000
160000 160000
160000 160000
160000 160000
160000 160000
160000 160000
160000 160000
160000 160000
160000 160000
160000 160000
160000 160000
160000 160000
160000 160000
160000 160000
160000 160000
160000 160000
160000 160000
160000 160000
160000 160000
160000 160000
160000 160000
160000 160000
160000 160000
160000 160000
160000 160000
160000 160000
160000 160000
160000 160000
160000 160000
160000 160000
160000 160000
160000 160000
160000 160000
160000 160000
160000 160000
160000 160000
160000 160000
160000 160000
160000 160000
160000 160000
160000 160000
160000 160000
160000 160000
160000 160000
160000 160000
160000 160000
160000 160000
160000 160000
160000 160000
160000 160000
160000 160000
160000 160000
160000 160000
160000 160000
160000 160000
160000 160000
160000 160000
160000 160000
160000 160000
160000 160000
160000 160000
160000 160000
160000 160000
160000 160000
160000 160000
160000 160000
160000 160000
160000 160000
160000 160000
160000 160000
160000 160000
160000 160000
160000 160000
160000 160000
160000 160000
160000 160000
160000 160000
160000 160000
160000 160000
160000 160000
160000 160000
160000 160000
160000 160000
160000 160000
160000 160000
160000 160000
160000 160000
160000 160000
160000 160000
160000 160000
160000 160000
160000 160000
160000 160000
160000 160000
160000 160000
160000 160000
160000 160000
160000 160000
160000 160000
160000 160000
160000 160000
160000 160000
160000 160000
160000 160000
160000 160000
160000 160000
160000 160000
160000 160000
160000 160000
160000 160000
160000 160000
160000 160000
160000 160000
160000 160000
160000 160000
160000 160000
160000 160000
160000 160000
160000 160000
160000 160000
160000 160000
160000 160000
160000 160000
160000 160000
160000 160000
160000 160000
160000 160000
160000 160000
160000 160000
160000 160000
160000 160000
160000 160000
160000 160000
160000 160000
160000 160000
160000 160000
160000 160000
160000 160000
160000 160000
160000 160000
160000 160000
160000 160000
160000 160000
160000 160000
160000 160000
160000 160000
160000 160000
160000 160000
160000 160000
160000 160000
160000 160000
160000 160000
160000 160000
160000 160000
160000 160000
160000 160000
160000 160000
160000 160000
160000 160000
160000 160000
160000 160000
160000 160000
160000 160000
160000 160000
160000 160000
160000 160000
160000 160000
160000 160000
160000 160000
160000 160000
160000 160000
160000 160000
160000 160000
160000 160000
160000 160000
160000 160000
160000 160000
160000 160000
160000 160000
160000 160000
160000 160000
160000 160000
160000 160000
160000 160000
160000 160000
160000 160000
160000 160000
160000 160000
160000 160000
160000 160000
160000 160000
160000 160000
160000 160000
160000 160000
160000 160000
160000 160000
160000 160000
160000 160000
160000 160000
160000 160000
160000 160000
160000 160000
