30
1 16
0 3
0 11
0 17
0 16
1 6
1 12
1 14
0 25
1 5
0 18
0 14
0 8
1 15
1 11
1 12
0 18
0 20
1 16
1 22
1 24
1 5
1 19
1 15
1 21
1 7
0 21
1 2
0 6
1 18
1000
49 6
413 8
956 14
892 6
545 8
539 0
493 17
108 19
341 3
49 6
117 10
668 0
430 5
538 16
101 19
385 10
119 12
189 8
416 8
207 1
113 19
380 19
657 0
161 0
939 19
409 6
687 19
933 4
148 8
525 8
109 1
886 11
845 6
586 18
972 12
542 4
131 10
297 8
625 7
804 12
783 13
903 12
624 12
873 13
994 6
265 13
253 5
244 9
666 2
575 3
958 0
826 5
263 5
857 14
506 20
466 3
964 15
863 6
37 11
55 10
632 6
650 18
850 15
667 19
165 9
504 12
195 0
140 3
922 1
665 6
671 18
767 0
913 9
837 4
515 5
1000 15
518 2
16 15
537 12
164 19
822 0
894 16
29 7
319 15
360 20
59 20
716 20
184 0
95 1
963 3
99 8
393 7
765 13
461 3
528 14
569 20
803 2
81 20
576 2
714 2
576 3
271 10
535 2
776 10
593 6
367 8
560 17
179 3
894 8
140 14
936 19
1000 11
940 1
714 3
431 18
243 19
115 0
649 13
427 19
636 9
355 13
363 16
813 16
510 8
460 6
503 15
606 1
882 0
489 7
301 1
0 8
137 4
164 8
241 5
388 9
28 20
827 13
333 16
784 1
41 18
601 18
627 10
75 4
184 18
403 0
752 16
867 9
939 9
621 0
844 1
37 4
999 17
623 5
349 16
112 16
721 17
745 3
798 7
496 5
923 2
529 12
162 16
793 10
149 11
49 11
267 7
102 13
462 7
432 4
218 15
928 2
828 1
765 9
561 0
942 12
948 6
366 19
725 4
983 3
398 1
385 10
917 20
936 3
674 19
704 5
595 4
393 20
356 10
687 13
655 3
97 17
532 4
140 10
253 17
525 13
708 0
134 12
548 19
553 19
294 9
747 3
701 13
257 17
98 1
760 8
994 10
763 3
701 15
128 4
356 4
696 6
70 1
719 8
340 15
847 16
767 6
362 8
136 11
442 2
838 6
585 18
278 14
174 16
977 19
475 16
943 4
815 5
240 9
463 20
65 14
193 20
969 19
872 9
165 3
50 3
57 13
867 12
62 6
694 1
997 14
376 17
746 13
754 16
832 9
915 2
656 5
743 11
64 5
366 6
72 12
21 5
102 0
103 14
53 17
757 10
644 17
627 15
783 9
832 8
943 12
983 7
657 3
665 10
75 4
764 8
282 11
698 12
740 2
525 9
918 17
274 0
95 5
599 5
231 10
417 19
325 20
505 1
777 6
391 16
481 0
114 7
650 3
548 4
794 17
219 3
378 20
326 7
717 20
940 18
499 5
696 12
544 12
65 0
943 0
224 9
547 2
143 4
667 18
397 13
578 20
25 2
686 0
940 5
253 0
894 12
839 19
165 7
811 16
849 17
127 4
196 3
637 11
142 7
283 15
389 7
695 8
509 4
951 9
427 19
356 4
325 15
861 6
865 18
728 2
130 2
266 4
772 1
53 12
363 9
506 15
932 10
226 1
341 3
81 3
13 5
353 3
264 20
233 3
802 6
95 18
769 10
316 17
764 2
283 16
210 6
347 18
246 4
941 3
53 10
719 0
382 12
924 1
116 20
824 3
734 16
868 10
656 19
201 4
575 19
807 8
47 19
141 3
817 18
660 17
374 10
953 18
97 1
148 3
718 14
199 8
210 7
559 15
447 9
740 0
679 11
795 19
243 6
233 0
147 6
14 17
93 2
117 4
488 13
263 4
705 8
41 11
873 18
980 0
611 5
644 14
762 3
163 16
544 18
594 17
40 9
444 0
336 16
439 11
939 17
517 2
664 19
38 14
650 15
651 5
419 15
251 16
689 3
481 10
716 11
440 0
694 4
259 15
686 19
265 17
120 12
651 17
534 9
508 4
45 9
986 0
192 18
172 15
772 17
23 7
604 13
341 20
884 19
569 1
353 19
332 0
899 20
894 7
864 20
368 13
579 3
985 19
994 10
484 20
965 3
804 12
758 14
736 17
827 6
576 5
505 3
902 0
724 7
846 1
972 13
720 2
291 14
494 14
36 1
268 11
914 1
363 0
66 8
11 1
395 13
612 14
451 9
231 4
337 12
393 10
684 12
771 18
813 15
917 8
178 6
217 0
584 9
944 18
822 16
31 16
232 6
182 6
356 14
492 18
297 11
307 17
802 12
676 2
941 19
307 7
367 15
715 9
162 20
191 13
398 5
907 9
296 8
955 20
237 11
358 18
459 2
316 15
435 7
846 14
989 8
308 4
399 0
766 18
212 8
904 14
589 7
912 7
379 3
628 5
273 9
898 8
498 13
565 20
468 12
266 3
465 5
751 8
358 17
691 16
530 3
305 17
190 18
658 6
22 3
494 19
396 5
420 8
862 16
3 6
541 10
453 16
351 6
163 7
925 0
296 18
819 15
571 7
927 9
932 15
779 18
895 4
833 1
1 11
249 16
16 3
771 12
71 7
907 16
194 4
222 11
954 15
461 5
897 11
565 20
505 16
606 5
68 18
317 18
97 4
27 5
73 19
390 14
479 12
625 14
614 16
636 20
482 2
737 11
50 12
489 5
35 17
373 9
162 2
541 3
285 14
93 19
553 2
628 7
44 1
338 19
653 3
274 4
370 18
521 19
662 9
748 20
203 16
250 3
99 15
689 3
483 15
890 16
302 16
982 2
170 17
471 9
748 16
369 11
179 11
388 13
600 17
611 13
16 5
96 12
669 15
746 19
588 19
925 5
250 9
450 17
518 9
753 10
12 19
898 16
900 1
59 20
794 18
781 11
967 14
443 3
579 18
379 7
780 20
201 4
782 4
430 14
456 11
243 17
575 12
855 18
77 15
205 20
483 8
719 6
303 18
747 8
152 3
603 3
100 1
596 7
547 20
560 10
577 12
786 19
477 8
623 9
875 18
304 3
748 1
730 10
197 10
763 1
582 5
159 2
879 9
422 11
291 1
470 7
240 10
111 19
321 8
656 13
34 15
465 1
468 8
934 11
327 13
393 2
934 17
788 1
688 9
379 18
807 9
360 13
419 5
517 12
154 7
979 0
77 17
698 11
484 0
543 9
329 18
353 5
753 1
878 9
346 19
152 2
402 15
123 11
266 8
138 8
19 17
936 3
305 20
647 20
698 12
107 13
430 7
121 6
532 15
291 1
486 14
141 6
762 12
81 16
137 18
712 4
757 4
921 12
148 0
425 20
500 6
16 10
329 7
959 20
583 19
521 0
761 16
522 16
638 8
127 18
602 20
185 9
2 18
453 2
447 13
833 3
979 19
964 8
587 1
974 19
519 5
211 8
340 20
953 13
355 15
973 15
980 7
691 5
859 13
522 4
782 6
689 19
811 14
437 18
851 9
594 16
630 2
832 19
231 7
963 16
558 4
972 0
529 7
852 17
775 13
748 13
847 8
900 14
221 15
249 9
748 3
637 20
413 17
889 17
16 13
717 16
253 15
735 14
99 8
40 13
46 1
678 13
36 10
281 1
85 18
24 20
430 3
174 14
584 10
337 15
473 8
469 5
371 5
805 10
393 15
388 8
937 3
513 0
966 7
145 6
604 6
981 12
398 19
431 15
10 10
988 14
911 1
634 6
75 2
374 6
699 5
601 8
876 7
743 12
570 1
73 6
170 20
912 12
91 3
89 10
608 7
651 15
29 11
779 14
267 10
406 19
622 8
565 8
16 14
782 6
230 19
992 1
956 17
847 11
327 11
280 11
155 19
973 10
724 1
327 13
569 18
355 7
764 4
641 11
198 8
506 8
306 0
155 10
826 15
33 5
307 3
182 19
679 6
808 9
8 18
48 19
469 11
376 19
340 13
296 17
612 14
524 20
353 5
86 18
426 6
923 12
409 14
4 10
830 0
257 3
863 2
97 20
688 10
20 11
498 11
807 13
66 16
567 13
588 19
524 0
86 14
150 16
379 17
729 16
274 0
302 1
845 14
945 8
894 5
238 13
738 3
292 18
913 5
88 6
270 10
533 7
51 5
51 6
476 16
19 9
603 14
822 6
149 14
950 17
934 20
497 6
257 4
686 8
802 7
309 0
205 5
879 20
182 15
905 15
527 9
61 13
884 13
759 3
834 18
559 16
473 0
439 8
75 5
921 10
737 11
908 14
91 13
503 2
840 7
948 5
582 12
170 12
576 17
780 18
11 15
83 4
506 12
112 5
799 3
525 7
639 6
876 11
530 16
828 13
984 14
843 7
737 4
982 8
85 10
220 13
54 2
795 2
545 16
843 10
728 8
639 15
322 12
189 7
765 10
108 5
909 12
342 16
991 0
901 18
14 17
731 8
360 17
360 12
168 11
290 14
32 10
278 9
949 8
613 18
439 16
635 10
797 20
204 2
509 15
165 16
105 18
577 18
720 12
416 3
488 17
531 0
505 17
232 1
163 20
422 1
723 18
202 2
268 15
460 6
2 9
727 6
541 5
40 5
830 6
403 15
584 12
130 7
247 5
926 5
824 7
435 11
16 20
774 12
197 13
