30
20 0
25 1
15 2
26 2
6 1
25 1
7 2
22 1
14 2
20 1
15 0
17 1
7 1
20 0
7 2
6 2
22 2
24 0
19 0
10 0
16 1
3 0
15 0
29 2
5 0
26 1
14 2
8 1
4 1
7 2
1000
8 79462
4 157341
40 68543
46 105535
24 27312
45 119860
42 9324
14 121711
48 67098
18 139069
45 92302
55 54409
39 41856
37 134974
19 109468
40 393
43 11677
3 81652
14 4351
5 120564
49 8524
34 89233
45 35596
20 89650
45 112058
2 57022
13 61272
60 17926
48 150246
47 137044
10 50411
16 12846
44 47183
19 96809
12 84069
5 91558
5 113467
36 132900
13 64048
60 153869
25 54690
4 99473
58 55356
60 117265
34 33354
54 48346
21 53437
46 135552
53 5235
1 71103
15 17952
49 97746
44 71652
33 17708
17 95899
44 21749
22 111063
34 125473
21 42345
29 140795
26 120703
30 32707
27 155390
16 108993
4 137690
26 39453
6 56682
28 31311
25 113630
29 56964
56 112296
49 137722
39 141306
14 20246
29 96283
10 20057
35 101165
16 63122
57 12759
16 116540
33 146507
41 59969
48 70861
5 102705
16 42828
14 101260
21 56300
54 106240
5 13780
14 17392
20 82245
33 53130
27 131001
46 90252
15 67151
0 46449
18 132830
8 64156
53 125609
16 137321
58 23945
54 29866
22 105145
42 115859
39 110436
55 139493
53 61186
9 11720
10 94504
7 15578
35 11393
19 55308
17 113231
41 4696
14 16977
53 24229
32 121285
36 119283
58 128840
36 28000
27 37440
33 102755
30 73251
11 129161
8 67862
28 153536
30 111869
34 74846
24 15527
53 8177
60 99705
2 116607
26 149431
15 151514
45 87049
11 37589
20 95100
44 84257
39 118797
46 85935
11 138067
60 78625
43 44124
33 101120
26 133346
21 18266
58 38153
12 117214
47 135814
4 30857
28 61720
30 104834
18 44276
5 129613
52 122215
20 151381
57 11121
47 87893
9 125777
3 83470
48 106369
45 57044
23 137174
6 40723
34 15654
30 130122
50 105473
30 73729
58 94646
54 156421
50 89550
6 29399
44 130448
20 25170
51 95245
58 142706
50 98506
45 113663
20 35744
11 23229
11 109653
25 123420
57 67787
44 96326
41 135430
34 102727
22 136197
60 33032
36 116500
21 112532
8 76785
37 150646
58 96773
8 73152
25 134864
28 56227
51 116672
44 124300
51 31134
16 69800
27 39358
12 70633
31 81262
45 57772
2 18773
16 74056
10 24817
20 23307
60 72398
47 103579
46 52474
44 101695
27 22522
56 56624
8 147445
33 27035
57 43231
56 97694
46 89131
50 127298
35 78114
29 14889
49 65045
53 91424
28 82946
24 6823
27 151977
56 80934
14 10002
54 106491
24 63990
32 135270
21 125055
0 134617
41 48107
34 117588
20 56002
48 38518
50 34221
7 85371
52 108591
33 43494
58 114099
24 83765
54 1603
10 89584
13 27908
30 154701
45 107679
46 118889
21 111246
3 39554
12 50191
19 4160
1 130635
58 149937
3 109385
60 18647
35 35240
10 50158
27 68376
43 23714
37 73281
0 98239
32 41241
52 113795
43 92917
12 9746
32 138906
2 29924
2 118061
13 24662
18 15
6 143076
57 60168
31 158836
28 84863
8 84886
48 157429
47 55964
36 54565
14 63167
5 148494
47 149883
20 81282
48 877
9 119377
28 7071
35 116523
25 149027
33 80247
7 7783
10 18272
47 1626
17 121502
22 126994
41 58518
35 71919
39 87832
53 158144
17 156543
12 16069
40 38888
14 131207
41 106687
16 54779
40 141260
6 61894
20 149752
21 15991
22 156340
14 158751
30 28116
26 69000
5 45312
36 141491
42 146631
51 43077
37 3341
53 21350
48 97141
55 17020
12 18649
29 12198
6 9982
57 56143
53 94784
39 151934
41 35529
45 50872
6 86629
52 151376
20 121644
4 79248
49 151104
60 41471
22 144059
40 37269
59 32320
13 71628
40 64657
7 69846
14 105194
36 85942
9 153260
14 40897
5 3823
55 56667
53 30720
44 144752
5 46992
52 75089
49 115969
13 100095
52 1146
43 36552
58 153626
11 15391
16 93861
20 17551
2 89708
56 82850
39 41970
59 96856
25 152243
14 10397
29 16058
19 78880
0 8506
43 26824
23 136055
26 58988
21 150440
44 103508
56 91895
32 72377
46 25482
43 63106
54 66317
18 158207
60 69743
3 6766
8 122814
27 47773
38 51844
3 146011
38 140071
56 108489
22 67308
56 143023
13 117989
52 75820
0 145268
35 159694
27 41857
16 132852
38 108613
25 62396
19 96320
37 93507
52 22785
30 43099
16 40851
26 51681
57 132954
30 73444
7 38242
33 158875
49 112558
30 100121
5 105872
27 6562
9 119117
41 18187
29 141830
20 52860
21 117193
55 46765
50 157019
25 150616
46 75197
55 84465
2 108580
1 103831
34 26303
12 108335
41 85125
53 120472
17 108835
14 122046
10 18079
7 90167
36 108726
12 105607
21 91232
58 30100
49 9763
28 66986
42 6274
23 83876
42 89472
11 110962
5 144802
44 116923
19 110944
34 68955
55 198
38 105138
16 7624
50 116112
54 115888
40 2263
18 44781
30 124843
29 88311
25 11500
47 143707
8 45670
18 146403
56 60399
5 25164
45 8528
37 107394
8 8110
6 120602
23 134608
9 85823
32 94635
59 82758
32 115622
43 42114
58 106997
8 141824
44 59313
37 69488
41 105815
28 47283
46 143722
54 159829
33 110088
38 151984
4 79746
3 56363
57 47131
34 55628
16 45053
5 88801
2 141080
53 91008
48 142277
24 89588
5 3802
39 101356
2 90140
30 61307
46 28957
6 1466
12 41031
5 104803
50 109149
60 38989
17 126436
38 35614
0 135873
47 37435
57 39716
20 150480
57 3760
34 143709
46 45023
38 145441
57 157993
39 45903
56 51584
49 61698
56 87629
34 70460
45 6734
59 119760
58 92840
27 151459
2 157300
17 97695
23 12255
21 24129
48 69001
18 33252
3 143173
29 12396
9 75930
2 135806
6 69732
39 54255
33 2330
56 31384
44 30910
16 133161
2 42342
57 96537
31 89574
14 75467
59 58089
23 73793
16 24427
45 143974
54 50452
48 99512
38 34357
44 90570
37 148354
11 114778
7 39773
48 93560
58 132607
27 123212
3 87981
43 121675
36 61297
60 23235
40 59485
44 87979
6 42757
42 112854
20 105976
12 16621
46 135001
39 80347
23 36026
14 44053
12 129464
3 73214
5 72507
9 13129
20 71081
26 113572
5 38745
14 28654
14 86818
26 48129
51 157407
46 2234
53 33136
32 117821
20 127043
5 58641
27 14658
46 145160
44 35503
47 9501
48 151632
4 58257
45 118323
26 104269
13 73250
18 93344
29 96893
34 107780
56 81263
34 20066
14 112947
31 21190
32 124642
19 120164
45 18712
37 124781
34 4120
38 53168
44 60110
55 85272
1 11031
58 113312
59 56413
55 130488
41 135001
20 125285
46 143835
54 12557
5 19819
20 154121
27 78359
39 76317
9 116458
24 27734
39 144633
50 135939
21 13006
30 122238
14 42524
32 19650
15 110705
58 72634
36 2413
21 69099
38 96349
24 11107
39 22907
14 94871
26 68013
24 67726
42 60817
43 158894
25 85284
33 824
29 11921
3 114268
8 30630
29 107456
42 9331
23 18916
24 155703
47 26676
31 113291
14 115428
46 26605
34 149927
28 116329
58 106723
9 145135
35 58052
60 73251
54 70948
45 1952
22 51229
23 156074
40 71809
23 61322
35 149914
23 76823
48 68985
22 37947
33 71276
8 41877
34 40340
5 125867
51 125122
30 90175
45 21739
19 97844
37 73248
35 158182
3 139999
17 34649
60 10263
16 145747
11 32680
10 100173
57 120144
50 38007
2 158469
30 70398
0 147048
41 96654
37 153695
2 124513
58 155933
39 31946
10 63553
33 128443
60 136934
14 38269
42 124017
50 148529
5 37919
13 150763
43 82498
7 99896
44 48354
25 109052
43 34970
27 62244
41 107208
23 118194
53 136378
46 28132
21 158903
49 98847
33 92457
32 58542
28 9108
22 128911
58 155626
21 126966
13 14688
17 17526
18 1317
60 156052
1 63698
21 67257
49 154141
44 38889
24 40964
36 149969
2 114853
36 111114
50 31934
25 3625
17 124612
32 101464
55 20383
26 124863
50 46099
47 63876
36 122976
24 43981
25 102701
22 142760
41 145925
9 116812
36 131239
49 106250
13 68985
46 136214
38 152956
45 76454
0 71416
43 21508
47 119597
11 57901
6 27104
18 71265
52 109481
22 126646
34 47219
28 102634
26 88551
9 83038
50 16344
49 126317
30 63406
45 5277
26 45187
21 130668
42 113306
59 28413
32 96433
0 105514
27 33066
38 27669
28 145529
28 47547
27 23248
5 140567
3 63240
56 5211
46 55630
51 90363
17 25455
20 146231
11 121290
52 19401
3 123374
11 97470
40 54950
56 84403
28 104493
55 147985
13 116884
48 157804
24 146347
15 95077
55 54206
23 17648
3 31085
8 60811
22 81493
10 10759
8 130608
16 27086
56 113139
32 8916
33 81333
1 71464
19 111280
26 124019
45 139796
28 118256
20 95224
20 58944
41 135144
59 104290
36 157654
54 139285
2 33089
21 60734
43 37311
13 57837
56 52678
4 47998
2 33642
16 46749
27 118225
34 144741
35 83415
5 58212
29 44269
35 21539
7 64769
11 112
59 101495
12 10271
45 2451
58 18487
10 19035
49 108774
43 72463
29 146410
11 147442
42 60787
6 12249
56 147521
49 159952
24 60163
43 134446
24 110509
9 21250
11 132480
58 127996
1 134536
41 123586
9 1567
1 11047
54 109366
16 138577
46 109089
2 72397
19 40574
18 95317
22 131859
7 58615
55 59819
58 97619
4 128277
5 54032
2 128301
55 122282
54 11087
56 34739
5 108202
11 31836
43 49146
3 15353
41 44592
40 155133
50 13579
27 5188
50 17889
53 137627
23 38404
6 70432
30 62049
56 137527
0 144048
36 39090
55 144616
8 5407
60 20124
31 75336
9 115251
28 54114
25 89213
18 136092
37 34324
26 129300
34 52535
47 94812
4 65857
8 95705
30 66282
46 43598
39 59351
21 43725
18 108218
50 41699
36 14209
57 58818
35 143357
0 101838
17 59509
53 115682
51 88486
21 136970
59 158142
14 29443
60 96014
52 11926
10 15410
42 78805
49 90508
3 15953
28 137520
32 119590
27 93704
19 45539
8 152799
51 15695
7 51710
58 91463
22 32666
20 92695
29 39086
5 148436
52 25234
2 18104
30 57914
32 15426
25 43461
60 37462
41 83679
16 62633
46 146526
1 87649
36 143546
47 70305
17 105418
28 140426
44 119729
2 150518
48 95707
23 34644
53 21774
56 50744
23 145563
59 109896
51 141128
35 115451
4 95038
6 107065
21 71948
42 64555
27 93584
52 138265
27 135370
27 59192
49 63547
7 28235
14 41526
22 63292
12 8264
0 151283
37 114224
20 18639
18 117951
25 132079
7 113590
15 15445
15 152434
10 21771
6 17727
6 118107
21 154905
53 46851
53 81181
29 44428
58 149113
37 142327
9 75538
42 116221
40 29255
10 110304
22 110333
