30
1 1
2 2
4 4
8 8
16 16
30 1
30 24
30 7
30 3
30 20
30 28
30 27
30 0
30 26
30 16
30 28
30 30
30 22
30 25
30 19
30 26
30 26
30 28
30 28
30 16
30 3
30 15
30 5
30 6
30 21
1000
2235 148936
43874 39030
115514 155355
76376 47868
90158 5224
50539 38370
142629 105449
40346 135636
146725 126743
61813 61019
45059 49937
126256 18713
108317 31832
140342 102575
99541 104289
42201 20884
136092 158546
129177 101133
95153 68393
96012 156781
78990 131766
149843 27458
116796 671
33851 107375
29006 123042
114166 60632
89276 136274
111561 65235
134073 65229
65238 70739
133493 29843
88273 143815
63236 133592
36081 102402
157314 72778
42681 151763
132793 139847
44795 154983
95354 63409
154299 155868
144910 76091
30522 3649
60017 147062
42236 33791
103619 103208
63126 110611
46656 136302
10056 24614
90542 80526
46186 30138
63762 139847
110268 136376
113530 13638
55835 66508
64498 31114
2947 23326
125848 14471
153845 45574
65799 144641
129371 67119
83036 99321
157722 85983
55331 98871
3531 44070
147715 23671
16417 97949
952 136394
91909 106577
20266 20162
27861 98122
158366 54257
79904 20673
89354 95072
68464 76167
96168 44212
150894 95082
57412 119801
133455 46913
111124 89900
22547 135339
7947 76964
97985 45229
68759 66611
125176 61800
116617 115324
21146 42155
105023 14669
103322 35481
107992 66883
17251 9382
13733 137774
56285 14842
101722 6995
75483 21941
11136 53775
44417 34357
119449 102410
147561 91708
95731 57192
17977 57259
75847 70166
77698 18309
151902 80843
113205 130128
80894 5133
149870 80938
3451 27761
140464 87114
135747 153425
153663 65900
103529 76484
66575 68222
62101 92749
68782 246
20976 27152
21099 62910
67937 46923
140834 93575
67756 143106
96196 59063
108407 46480
44526 76062
94704 113918
156877 153329
90306 114501
29275 95875
5717 51186
154353 6909
110928 5009
44525 28070
91169 79241
125243 119042
3864 154622
43813 89985
102464 8462
42768 123779
49976 18176
84480 26936
140558 117719
126026 127162
106590 14862
57840 133193
134339 102702
124811 86601
50650 90431
7317 22287
122179 140666
27015 123978
91680 44996
100680 140768
142157 107772
97667 34811
33030 56319
61275 20546
63401 39644
17890 62822
75815 38494
158752 26600
90216 28444
72842 119018
78543 113307
74246 17272
14223 154017
134159 159820
134114 119319
144073 110278
52571 159135
129428 17309
35626 55750
28165 53918
148361 139131
117839 64218
117168 133590
22857 48195
59413 123762
142031 50281
114161 109253
18403 147271
30007 156076
99225 1917
137448 22981
141989 31576
105317 51853
158839 23541
66775 84398
102724 156047
56384 42597
27772 78555
56490 76005
41912 22674
14892 131682
66980 77548
146279 11209
135595 113126
157963 123271
22421 93231
128222 11202
88903 154976
70994 33684
52041 139702
142430 77447
110390 111437
55072 26697
129571 112421
90511 29803
117689 5590
75021 91532
59549 148244
14097 86449
6644 131730
117401 128811
122685 140245
88427 57106
59951 118166
42949 34803
52658 7460
120479 145506
142637 135243
51929 75
24488 100391
128882 132821
150010 20968
156072 91155
24849 83104
42996 92672
144193 50125
32487 150079
149579 1762
4890 57506
124691 131438
6133 122674
32042 131162
56294 54269
117973 99630
13532 110337
89790 64379
158852 92089
149811 138792
60313 152271
14392 58226
89218 32053
23341 57906
134669 135776
123564 43347
155894 38687
53200 6885
135527 7215
1916 20756
158347 66024
1980 144711
65690 131939
1693 142415
60232 49804
69761 158729
69469 56099
10857 9278
7254 69762
66183 113906
6788 134378
107710 48391
7930 157538
128669 103912
92236 111781
67319 27433
19409 92915
114137 13620
107864 138372
93965 110947
47588 145064
92019 32383
65656 24489
149223 54942
156202 45811
158220 26194
139224 78221
133716 137084
48759 152634
1716 140787
148172 43880
135015 26574
126835 43290
41738 69627
28398 14680
133235 152017
68959 21490
114466 8085
31993 35129
118435 126286
139395 125231
89494 105542
113314 72479
141506 63653
11719 67764
125469 7180
3874 119130
136638 105105
114857 154638
47568 50564
102303 66428
94390 64874
148716 115816
132140 23040
77724 155575
84856 59420
27 33633
62744 106935
14869 63889
155368 159585
105461 148864
69667 84008
140988 124889
68301 15918
58606 9619
141598 27828
58774 19358
88898 77889
51662 18630
55919 83593
20006 138430
752 17099
133530 148586
36726 30238
125127 88973
65930 71339
33891 93512
155398 101435
51551 48937
132073 34795
23452 96439
3552 95148
26542 88831
126002 24785
35902 99698
27369 121184
65582 123718
134930 85443
132221 117249
83655 59970
22496 94980
127503 155814
130948 22520
130397 106301
28380 104524
124559 79468
142990 147661
88472 23693
1862 37384
66 156359
18981 147907
133015 9306
86648 1646
94449 132472
13577 109306
42619 144839
35817 21448
156252 29862
141790 55806
123356 127695
22073 147136
32427 57576
82548 35569
74365 38266
110682 62214
88638 28842
35728 17429
122748 126565
42227 3703
85355 83628
123712 135716
45256 79786
148301 21191
91765 118852
67631 158360
7746 76751
143292 103478
105613 20919
11677 7222
149456 156199
71638 82270
20534 47388
66197 90201
109127 144998
30390 66010
132624 16454
143615 106137
71656 95719
129882 154399
52607 48209
91740 29656
16897 143275
108628 27505
93821 13572
7682 62380
108151 93456
23401 143782
81593 156673
68731 129165
130853 147838
118456 2475
146679 108787
114596 94459
82228 125525
38111 143059
48066 50039
72495 127602
64602 26805
143955 65315
20431 12275
131558 127511
98880 40337
54358 136985
27719 50942
70293 62725
7367 126190
105939 10400
44871 123610
27566 66770
117230 103037
55726 26748
87799 7440
33442 59809
22517 102995
43077 119078
27792 43232
7250 41045
49355 54364
141138 93149
78624 45108
68668 146451
144906 105519
31902 130083
5866 103737
64497 66426
16993 11211
105453 63616
140501 155655
131167 96909
41694 105045
29062 25960
70537 51518
9414 141843
126000 155459
124461 138738
99454 69132
49951 23211
135108 64352
26690 59483
69002 12522
102587 5840
71535 60397
32691 94621
115642 130850
67821 72962
78103 150439
49209 101822
34704 143976
16079 104224
98817 20652
63406 15064
46193 54949
26204 147836
66663 52311
30410 81057
131158 12721
49543 43729
52194 150712
867 4894
124185 133286
57785 51067
46087 122596
117762 53347
97540 95660
76070 145895
78444 149030
147381 8521
37280 1838
47109 64258
81061 149658
59725 31363
80963 126210
80375 92018
34988 150983
154306 154107
4003 148796
24603 145573
69514 5603
97509 101536
107169 127019
29987 118356
146677 147859
156141 8931
110420 68421
158657 137220
106693 92015
48649 124908
34571 29996
60282 131753
28972 137090
67407 136209
108468 125003
102128 122308
156962 145159
56743 32752
158489 19774
42290 68323
35099 109269
125444 58811
25162 62405
117884 154475
46349 113534
130123 101857
156307 149447
152052 41168
139319 94913
12942 18868
26737 143709
52035 3213
108768 53305
125356 65803
73236 122140
67327 123942
60403 55006
13727 156837
159317 154367
145505 70466
90991 151701
89824 106247
117346 140335
6541 150079
62392 50440
104326 105016
64718 112020
51151 56296
67238 134243
106865 80786
47176 156091
25598 133521
59742 99391
16194 138089
110149 135811
80958 155312
37448 67686
139121 83020
129907 28371
43430 47898
61988 156143
71470 55446
86015 22661
80137 27094
2344 155224
72831 130794
52886 66630
138297 27706
57249 23827
131238 80672
151533 78887
145454 92451
63640 159534
31109 37653
100795 50509
97716 121764
22897 49458
143849 127080
138612 3956
109784 3537
82650 73442
57252 103539
78482 74636
88475 62414
82980 136234
15877 35814
103928 115518
147673 43987
67014 116428
30049 68530
75599 7724
55506 27895
49407 81084
46190 84710
63146 49949
60133 79142
131189 80727
53969 94647
21564 30460
149624 59551
80990 68699
129491 122872
61788 105068
39426 33154
155503 139040
60251 42594
108547 26692
112724 86683
112158 40040
133836 72038
44982 23244
82383 155281
139854 44444
35039 17976
31342 11110
63606 112658
157192 71229
137017 58460
41712 48081
93646 6885
150115 19863
79193 47562
141973 3392
34305 132256
103837 50585
47302 86058
142776 88351
14124 95205
64769 141433
56461 18552
94050 24831
146054 84154
157736 59829
13248 22134
51665 9646
158606 106954
134983 84977
77130 22690
38318 123102
98541 107398
141533 158851
13810 127579
78623 97455
5589 110703
110551 79619
74145 151953
73179 156843
43726 62968
115421 15588
134445 40140
48884 81384
106067 153250
51989 159829
31751 2526
109954 152230
75148 50736
17506 80435
74027 125563
92035 92498
154235 82902
60057 75459
49826 80194
6884 121155
57685 126730
150218 122803
18747 103909
11606 45939
57587 88313
125084 119182
98957 11544
110233 152110
52137 132788
6690 121890
61368 116607
20114 85163
120909 101307
96928 99107
72502 140476
21432 86618
135285 766
47466 37331
151457 121512
157800 135407
48818 117159
155872 142801
109077 10495
45410 106595
62403 19527
52740 49203
147566 126135
53240 110659
8858 38694
60878 26413
146815 157110
117442 73544
10367 68353
43244 100666
125743 73312
100439 129687
98181 9941
34732 91619
112628 69028
6753 101343
27810 109746
47998 156337
10976 38839
77801 59869
93999 137716
155691 44108
149014 107263
37332 56124
52527 110234
99574 92754
65266 69571
57774 157593
63752 90920
125747 98429
122314 130730
35699 52707
19435 15579
20905 95831
121553 35652
53495 60456
111261 93926
119069 143631
130894 64763
118127 154274
130703 152138
38571 74583
96183 79274
63732 108081
104764 132744
106764 136403
10438 131616
84947 83734
80837 99927
159518 7750
112767 98003
52361 66935
124953 64067
126020 149792
17110 137383
12903 122376
36935 51087
145359 72946
73481 86029
77833 28860
8513 57450
214 27574
40583 103289
110640 8966
80687 154719
85481 59093
156791 97310
122951 152447
83852 109879
49334 37719
92620 29317
146390 63260
49116 10773
144366 7376
99339 23145
48430 146014
43593 43811
95411 37162
95447 96119
17796 26777
53757 46844
91214 77538
91690 124711
68463 147547
6158 27410
76302 102028
86289 40766
88590 117604
116038 126290
117029 54619
81894 156750
67593 143372
157164 119303
40029 8312
138247 24252
125818 4227
154185 114040
50817 157782
112239 124004
101786 76979
97193 71556
62286 49838
76896 155574
80508 142867
82617 83585
33297 118636
144177 117785
10205 37124
57585 138938
72686 153950
30738 4278
67832 94971
93598 139241
29185 11268
32599 115584
55665 142795
139026 71777
119544 27762
92706 110987
119793 25137
60694 148336
133393 142697
11531 42390
119129 153189
76280 125019
151840 140638
137944 44302
52850 57628
10559 94529
154015 71050
31211 33772
120920 56954
133537 30236
104397 132454
108902 129418
95671 124998
73427 115665
17229 96020
105226 64591
74654 30920
2178 144780
98727 82002
125218 82954
159912 93385
81849 58084
116210 109098
19549 56821
11206 79813
140992 58906
58051 52461
30808 84651
75977 445
21129 141168
153908 45368
32545 147278
79897 73805
3258 58809
17066 149844
12545 41437
123568 121993
27694 127028
42439 123867
97690 80003
123089 12328
87179 21571
29905 142582
126779 85674
2338 134728
96162 74171
149108 47467
64732 53307
77872 64264
58189 86087
43261 8059
22597 147835
150850 36086
149723 98538
59760 31714
159077 112774
108884 79339
141762 159663
122315 55072
23728 98618
54003 135910
66896 53911
91377 151579
50674 607
16934 37059
18433 65684
7883 136275
36707 154027
145760 33772
130784 50729
89532 40869
36107 15700
145180 109662
125214 70363
109581 118050
141839 38982
3253 96236
95549 93884
66442 8542
99214 135525
52445 23168
35979 69147
153397 158686
113997 68258
30039 13098
66328 29178
6909 102703
2866 66893
147944 73228
7086 20202
17722 81517
127577 78580
132173 148130
86503 139886
62008 3498
32316 65877
68527 120364
54824 153214
126368 63460
132407 158890
113652 66759
71165 121363
83053 17762
105073 73627
107409 32938
133545 63041
108574 105626
46072 34620
148699 91569
125348 142624
113987 22827
67955 38727
104075 39869
27934 13004
148647 30860
22711 54290
100938 64040
105592 5099
110451 152024
128164 65038
71605 47557
50965 99515
141084 104000
119672 122462
20778 86683
99956 66112
77848 63039
115580 114023
146510 5224
114355 147378
114916 9567
37916 88734
39694 74533
7906 49595
12936 8812
143337 56889
45812 107754
114772 62495
46989 46152
83883 69398
82104 35735
155012 30179
98521 114614
123700 7173
20678 141022
27155 77557
49501 16202
65076 118767
77233 87558
116272 12297
81978 91130
27908 148050
117154 72456
82824 16736
75542 36894
108029 83202
18979 96181
123207 158175
82393 19290
37386 36483
28431 58651
131666 17345
42044 27513
58184 36994
142893 4409
106199 35594
71507 144862
144932 76127
149246 150035
36205 127874
158736 33072
136761 99452
84153 118901
42564 34985
35467 89471
54860 71474
16553 75244
36294 139246
56197 88465
24067 102367
138026 76206
103721 124688
22848 63572
28373 77350
137167 150786
157159 126992
142756 79988
114577 91941
40803 42786
14703 149997
119375 149978
64226 121047
70890 16528
118841 21175
61526 46593
75093 47546
60120 39817
73591 75016
90804 60748
39473 134032
123703 113912
114069 143231
123191 7527
57505 2214
96658 56931
