30
1 1
2 2
4 4
8 8
16 16
19 30
0 30
17 30
18 30
1 30
2 30
11 30
29 30
21 30
2 30
1 30
23 30
7 30
28 30
1 30
2 30
16 30
18 30
24 30
2 30
2 30
26 30
9 30
14 30
6 30
1000
401 115
596 587
971 995
257 735
804 409
655 840
847 664
646 564
951 462
487 661
168 633
908 590
0 333
419 21
347 160
589 839
435 787
919 105
567 536
304 645
531 39
187 439
407 273
487 459
793 259
212 253
114 609
818 486
119 576
704 354
753 18
423 959
330 400
809 438
403 601
289 642
134 207
679 515
258 561
459 583
692 114
125 806
434 682
967 645
565 708
424 594
802 290
924 557
101 968
606 440
7 952
568 795
484 477
358 106
498 852
751 530
563 660
784 158
933 606
825 317
220 240
635 277
496 202
943 799
603 42
79 640
743 54
727 449
477 84
438 645
202 276
118 578
72 12
325 213
850 807
586 215
172 104
181 418
717 516
256 438
42 530
212 49
366 254
530 337
349 440
750 127
969 893
47 893
653 263
271 758
741 556
742 449
857 349
573 782
6 954
102 431
183 653
978 248
56 667
952 121
299 342
820 81
214 160
874 274
856 395
259 344
189 474
330 219
813 35
992 33
790 981
518 545
340 534
879 256
163 304
509 973
104 376
342 308
221 740
901 676
450 129
771 181
12 901
824 189
44 886
453 506
71 614
266 302
61 387
987 737
638 238
879 9
303 406
110 138
909 956
146 449
439 524
333 758
779 92
286 155
260 429
150 870
322 354
91 162
63 220
67 403
97 247
821 929
472 878
432 970
80 612
228 399
333 247
951 876
593 132
497 565
977 940
542 627
384 350
163 399
614 1
774 686
673 980
904 75
414 158
682 170
842 816
602 864
829 618
770 789
688 930
853 831
438 999
587 727
654 649
923 734
686 877
533 332
845 638
828 517
285 797
425 223
227 955
423 568
602 960
135 605
555 700
49 948
770 67
227 454
3 309
195 700
475 30
657 88
298 143
171 434
309 308
778 928
934 892
300 629
626 354
166 164
442 445
934 386
308 656
626 452
565 466
69 960
624 542
309 392
864 546
822 57
482 768
458 773
683 715
480 823
675 880
620 384
525 958
174 49
280 653
751 350
31 417
52 400
308 720
682 862
986 801
288 26
880 205
531 276
776 582
611 63
313 628
372 802
3 958
505 700
613 57
119 68
880 831
61 591
895 540
217 16
306 389
108 40
305 356
876 215
644 696
4 205
103 423
833 156
296 216
521 813
400 300
350 796
208 937
773 404
299 935
522 74
604 966
136 493
308 544
157 702
427 147
197 624
715 494
559 395
644 710
912 501
821 33
132 519
426 400
734 346
260 291
354 538
136 587
15 304
473 812
762 880
984 527
173 98
923 752
745 335
30 196
455 778
306 10
270 657
366 632
39 707
375 462
801 33
858 456
877 656
505 100
549 548
848 762
693 151
469 854
197 853
571 711
974 787
63 686
720 480
66 216
650 56
115 592
211 945
97 336
997 68
653 403
931 544
633 272
101 845
366 3
477 281
501 813
926 507
593 240
270 144
741 254
273 721
311 725
729 471
720 112
195 502
981 129
315 593
789 248
21 14
841 390
583 224
645 732
848 7
722 953
543 848
56 59
587 592
116 430
757 524
78 350
719 922
153 524
999 347
464 447
939 86
18 74
347 872
667 966
37 927
315 329
381 331
138 620
603 316
476 487
513 256
401 110
444 80
356 360
783 802
602 722
743 739
169 918
49 405
388 339
858 190
895 562
390 944
715 82
150 328
392 561
937 274
627 691
526 911
608 361
250 241
162 945
422 84
709 243
533 239
281 498
121 622
925 110
382 795
65 793
255 426
486 219
837 206
88 628
53 569
67 994
509 438
389 971
550 308
267 768
338 597
939 417
229 611
826 385
411 430
668 247
158 63
470 614
8 227
299 754
281 912
224 969
605 875
998 549
206 521
611 908
300 751
961 413
533 809
78 341
108 944
8 837
645 986
261 459
513 720
771 803
637 968
72 600
526 877
387 881
684 193
679 627
986 911
422 265
470 12
868 182
764 198
882 668
122 340
985 841
129 913
22 633
729 694
724 659
800 629
296 854
99 219
525 23
495 510
122 415
406 490
599 32
586 703
917 229
570 182
88 400
372 161
584 678
65 313
634 851
934 487
668 244
965 799
225 477
893 685
708 398
616 537
504 719
653 379
323 436
879 19
628 264
242 650
655 602
961 895
853 6
252 799
479 950
17 424
711 528
56 493
197 452
267 18
129 969
317 46
492 187
692 781
190 454
306 917
20 463
613 395
917 842
597 669
38 682
197 484
588 639
172 666
906 251
365 847
994 592
579 660
458 246
713 493
459 454
218 706
776 395
221 683
868 606
845 694
105 789
904 796
447 791
336 543
323 764
297 183
299 835
657 759
915 850
348 418
251 780
226 167
25 608
463 801
218 637
669 732
82 376
938 899
297 481
327 218
26 323
77 69
557 618
358 606
193 219
160 267
604 545
716 387
348 766
25 859
620 802
437 2
431 929
953 865
716 566
803 661
756 329
467 570
626 335
823 962
754 157
779 886
71 932
770 957
927 120
204 89
19 153
367 426
342 947
72 228
612 722
729 693
248 151
391 377
706 710
390 258
325 288
703 531
768 558
243 273
116 417
681 197
395 219
33 555
867 297
495 190
124 381
821 796
152 668
676 860
989 369
264 208
293 812
267 973
674 262
580 482
716 311
706 310
502 956
783 643
756 164
706 804
207 558
317 691
983 232
118 146
920 540
251 77
729 175
419 973
901 992
571 768
198 357
322 934
566 225
22 448
47 300
139 318
386 368
941 865
301 851
125 735
201 617
674 197
998 29
466 341
317 947
290 789
263 223
996 545
935 329
564 804
192 639
298 480
497 363
982 537
191 343
703 179
162 348
637 956
812 39
465 520
631 291
338 543
27 402
642 340
853 865
312 425
603 118
501 720
366 841
145 784
41 426
11 297
846 859
898 987
160 398
204 695
617 412
226 837
566 743
381 942
731 322
593 878
218 317
97 687
578 826
45 327
592 736
847 200
105 733
816 154
785 332
500 522
645 331
341 80
510 319
419 381
91 958
662 556
932 218
470 177
988 842
380 888
514 8
137 901
682 62
364 727
242 826
540 436
33 517
576 892
95 610
920 377
381 566
594 343
638 671
778 966
81 658
989 914
740 451
850 193
530 55
543 335
371 478
599 409
625 207
938 999
153 410
111 508
815 192
223 546
762 171
893 111
641 43
953 258
636 195
823 359
129 78
929 966
863 294
593 288
370 968
652 528
100 731
692 368
426 246
956 141
253 367
657 433
509 874
619 215
356 436
498 22
581 886
633 872
71 362
875 423
894 968
452 324
767 258
252 511
388 267
222 306
415 680
983 741
197 698
89 276
711 32
841 754
175 756
342 935
154 846
98 5
702 167
911 974
194 86
51 895
519 496
558 782
18 287
979 692
325 410
36 73
133 144
667 357
903 970
445 385
492 794
974 129
490 468
311 81
989 231
311 47
393 164
113 850
551 669
893 706
819 229
765 561
980 867
816 748
274 883
869 631
531 491
535 649
968 145
602 252
352 443
6 841
370 817
287 387
459 234
189 466
143 989
795 350
259 20
572 291
517 655
44 449
539 862
296 912
855 256
302 11
322 795
359 194
66 397
21 366
314 892
278 236
167 588
218 335
502 425
285 602
789 385
767 774
252 723
716 643
28 723
249 192
864 468
974 191
589 770
85 399
986 735
734 398
269 326
777 162
700 443
589 702
386 222
116 987
462 415
159 622
765 559
982 643
211 716
729 426
548 404
230 943
21 450
494 218
113 936
363 786
18 902
106 776
791 432
11 790
513 708
856 880
224 975
740 345
718 53
19 694
940 264
998 724
171 813
891 108
825 658
156 322
195 137
570 142
387 828
475 678
925 540
246 566
664 597
544 802
951 560
629 669
420 290
739 737
225 533
175 262
438 550
225 998
265 580
846 668
650 917
492 891
583 936
927 122
23 330
914 660
694 158
27 572
660 283
819 618
732 331
536 952
64 471
56 967
121 661
37 1
621 69
977 366
187 406
619 175
92 836
814 425
36 594
78 563
890 107
345 784
300 830
50 623
903 11
994 354
354 478
328 167
790 435
407 274
620 263
587 496
505 268
937 236
280 196
770 480
107 313
872 229
376 317
854 549
472 268
376 561
271 706
923 440
200 416
754 430
528 449
213 127
54 326
713 595
761 483
725 396
897 286
524 864
902 890
75 484
962 28
472 864
372 894
509 381
825 884
893 499
354 740
179 32
34 611
161 118
607 342
566 352
947 50
504 991
791 953
83 524
971 202
208 864
611 433
801 322
521 565
285 677
307 223
402 913
24 270
313 797
865 770
821 593
992 479
169 461
959 565
806 885
895 437
342 458
129 589
838 668
635 950
659 864
587 716
674 9
937 137
195 722
431 919
326 777
553 442
365 325
231 52
50 383
992 675
491 447
301 334
151 390
232 616
439 134
560 754
265 839
125 140
541 623
718 277
637 787
919 238
518 384
36 357
819 288
950 893
605 296
558 805
396 324
897 55
777 476
575 257
587 704
77 825
248 872
359 522
229 239
306 605
661 328
696 843
717 292
