30
1 1
2 2
4 4
8 8
16 16
20 30
15 30
12 30
15 30
7 30
15 30
23 30
2 30
10 30
2 30
9 30
4 30
24 30
10 30
2 30
14 30
21 30
27 30
11 30
2 30
28 30
22 30
22 30
3 30
0 30
1000
145 1213
1566 1560
2571 780
979 1107
595 575
1975 950
1634 1382
2285 1172
406 212
1662 1756
1183 1597
2136 1088
19 4
305 845
698 1760
370 1414
152 464
2721 373
688 1501
2683 328
274 2741
2580 2311
1197 793
1751 1451
2901 140
175 928
2421 2993
1292 1070
945 67
2102 1721
1379 1205
953 2767
1263 2815
1689 864
1997 1398
1115 1171
670 2071
863 2723
108 442
1202 625
1234 1206
2119 36
2519 796
2462 1670
130 2225
803 1822
1379 2134
1401 449
1540 255
2484 505
538 2738
1850 1033
2353 1939
2230 1714
2900 1890
297 533
670 1117
2955 1052
1527 1648
1933 1596
649 2675
2823 1312
584 511
497 1950
1681 1020
527 1212
2685 1735
2733 2854
468 2143
2354 1566
1564 1475
825 698
874 698
555 240
2961 2244
2923 2786
881 1935
828 1343
2613 897
2992 2402
2243 1907
451 1774
1803 2177
822 26
2388 2162
2737 2211
2833 110
2928 70
2723 1580
170 651
680 2934
2109 2105
1399 2587
2132 177
2622 2106
2253 1160
679 452
2612 774
1291 1484
1772 517
2597 2968
86 669
1076 518
2373 2834
1105 2066
114 2970
2941 1678
2067 1505
2324 612
627 2690
2552 463
1877 1299
1463 2305
1826 2463
2101 2679
608 1087
1952 1966
1203 120
1623 2294
255 1454
1763 1681
2809 1828
1051 2565
336 385
741 2889
960 1780
2679 371
119 2868
2610 143
2498 282
803 927
2032 119
1286 2166
778 2014
273 344
181 1040
1401 2180
2173 514
1920 915
706 2212
1274 1551
2182 884
1377 1367
2030 1766
679 1898
643 594
1787 2843
983 437
2134 2243
2101 2750
2356 1321
350 2222
793 1763
585 1358
165 1260
1746 980
1761 262
2106 1752
92 2837
709 1720
1497 1194
239 2382
505 2119
2692 1403
65 2481
2618 31
1675 2453
2116 2849
1301 1223
58 1733
2202 288
2641 1991
1818 1527
1865 484
696 2808
64 2933
1742 1007
2307 519
557 999
566 327
643 2092
73 3000
1839 4
850 978
2518 180
2477 1301
2730 1698
2757 2009
618 2388
1764 2525
1333 1944
1274 1562
2526 1243
2045 1570
403 586
2405 514
1642 2212
632 451
33 847
1955 278
1642 2339
2299 1741
850 2491
2304 2878
1222 2750
141 1204
367 1882
2272 1726
608 551
1588 366
2242 620
1151 217
2951 559
2764 1164
590 2025
1481 2355
348 1253
2425 2146
2231 2033
2883 1157
2237 365
2450 1299
237 1600
265 269
19 487
2596 2510
418 960
1557 2986
2567 2210
1949 1418
2641 972
1937 481
1150 1804
174 1928
2941 454
1315 2167
1752 40
2815 745
664 1771
1224 977
1358 358
1404 1267
211 1981
2868 1985
716 2996
1657 1129
1049 2383
2617 1671
578 577
2315 680
2569 2013
1441 977
1389 1725
963 1859
2090 389
1940 507
613 2148
734 973
1265 18
126 2902
1241 2048
752 2838
2580 2449
691 1034
1976 2233
1993 1676
2741 2069
1497 2184
1062 770
2631 167
934 1713
2549 1228
2694 914
2522 876
702 2929
2754 2626
2222 130
1299 2210
980 3000
425 451
200 289
1043 1124
965 366
149 1542
941 788
516 2270
511 2881
1240 161
1050 1483
1405 812
2987 2684
1883 2269
1905 2923
1145 1754
429 786
486 2323
1833 2263
155 2320
223 2284
2353 268
817 1800
1443 2435
903 345
2974 313
159 1535
1645 456
864 1518
110 157
1812 2847
1161 3
101 2352
844 2600
425 1484
1116 1348
514 1018
1995 2742
1052 1586
1709 302
713 729
1193 2196
1695 1227
1881 1977
2603 1567
381 178
1141 2957
1992 19
1493 697
2345 1532
2537 2516
2289 882
1275 2830
2128 1791
2575 1757
2328 1985
2636 1577
1013 1736
125 1140
598 2819
462 461
468 1484
2948 2895
1957 1814
154 2072
1331 3000
257 2916
421 1746
2615 204
2248 2890
2130 1740
157 2213
1661 2736
936 1437
2228 1245
761 188
2745 2231
519 2961
510 2348
414 2906
574 763
1107 771
1665 963
2886 2404
2872 585
170 913
707 468
438 1629
223 1224
1302 2914
517 2810
950 460
1093 321
1122 2597
354 764
2309 1337
297 2686
1793 1725
1029 1258
1239 1362
673 165
861 2360
389 1081
371 1658
1291 1582
160 1714
1575 2015
2738 247
1523 2119
2719 2650
2163 991
2107 1511
2515 71
2231 2254
212 2072
1993 2823
1199 540
947 1832
2677 708
421 742
683 2081
2515 2810
696 192
2401 1957
2013 920
1024 2896
139 1699
2147 2384
463 852
2423 2308
2989 2595
1427 933
2502 2602
1091 620
62 415
2885 1473
2140 1852
2744 2701
165 2038
1147 2199
2289 147
1797 2638
2792 2606
814 2616
676 1016
2417 1776
2753 2885
1433 274
1891 388
1433 1703
1033 2580
2965 2191
207 2786
245 2051
384 2286
685 1897
471 1205
290 89
849 1926
649 996
2529 1186
199 763
1445 1759
1922 2832
895 530
1689 1715
764 262
1346 2231
206 1979
1683 2328
409 441
365 775
1785 2144
1978 433
2969 936
1718 1398
1378 464
883 2325
1437 404
2192 1004
1142 2034
767 387
1516 2636
488 2332
2692 1590
1359 1575
2480 2436
2519 665
619 2602
2260 2929
201 1042
2385 1358
2806 2668
1046 2469
1513 1340
280 1307
1952 2473
2104 2876
2130 161
76 1685
958 715
1842 343
558 2919
1139 768
800 2978
1999 1091
2773 1603
910 1164
444 2594
2838 2663
669 153
837 157
1155 2450
1734 1063
1719 249
2288 797
1514 1117
1465 2014
1334 2301
415 2343
2840 102
324 1455
910 2015
2804 2253
29 343
2082 1644
479 2924
1717 274
1327 820
2217 378
2875 1567
2585 870
2329 1768
1758 1231
2177 1535
2375 2102
2690 1761
2595 621
1289 2999
1904 2144
1676 2662
1986 1690
621 1918
2455 1997
469 143
2736 2662
2278 1537
43 341
1671 1761
2643 1458
2775 1869
1898 2163
890 2185
1072 455
2342 764
2354 1334
903 1484
1177 2594
1454 195
2404 1370
2811 2720
397 1838
2494 1396
574 1138
1119 74
2945 1139
2306 1965
2728 2158
2050 288
2653 1740
2667 2774
460 2741
2150 2549
2033 1178
2138 2710
271 1836
2543 1124
1042 520
173 2249
1552 2638
1997 1006
529 2777
283 2585
1482 611
1325 1085
1206 2107
1286 2307
1 1824
373 1891
156 403
2740 2552
274 338
1249 1462
2109 1096
1526 2988
1954 2389
2442 2564
2045 1047
2633 1525
1302 164
798 447
1382 747
1444 399
1577 1431
1079 1462
1121 817
2564 1068
829 1313
841 1344
2012 1419
1236 2281
746 2735
2164 1878
620 965
2043 2028
235 45
1700 2712
2399 277
1872 2965
401 1971
870 566
503 1786
2773 1790
1340 1673
2911 1860
2370 1950
1719 219
2265 2324
2726 1331
412 536
1789 1708
1234 903
1574 2573
2137 2634
668 1652
1545 1422
2369 602
482 1704
992 1974
1017 2157
407 2226
967 787
97 661
1860 443
2137 2488
1972 1708
193 1943
1719 114
1538 132
1039 1358
2136 841
1653 1711
1421 1695
717 2929
2332 1824
1517 617
803 1195
642 1386
2043 352
1092 2378
8 2843
846 1876
2347 1940
2786 2900
1230 2697
2312 1713
2741 1982
2679 2991
798 852
1020 2013
82 1577
1644 247
1004 833
2028 1986
2635 50
496 125
1164 2110
2900 40
1530 1792
1887 2197
494 2829
325 963
139 2463
2276 2168
2488 2138
1416 2023
49 2654
2204 1220
717 764
762 1234
1591 1825
2895 495
1333 509
2639 889
1919 1995
2903 569
2814 2930
1542 2611
2262 2477
2100 2638
2875 2980
935 1217
2986 2647
1036 1924
2127 2407
2274 664
1704 2094
1222 1473
2153 1569
2967 1233
1760 2048
2391 1844
2394 1981
364 2665
1379 2778
2943 622
910 496
1887 2510
1248 1180
659 15
9 2240
2061 1416
2351 1475
1168 1481
2590 2142
584 2789
1085 1642
2163 1786
502 231
1815 2521
2171 1581
1865 1412
180 2503
88 994
111 1372
1737 883
2797 809
2237 1649
1651 1969
2367 1927
841 523
844 1189
302 47
636 1396
2744 1574
104 1444
2999 2880
286 2653
2828 1871
380 162
1199 2416
730 2159
984 2283
2925 313
469 1664
353 1627
2405 187
1336 2558
2963 295
274 361
1681 1890
736 2570
482 2801
226 1458
2130 929
2153 620
1054 91
1901 2300
423 575
1494 2717
414 416
574 2410
271 800
784 1518
2223 949
2737 2537
1189 2896
584 1798
2696 1084
57 2825
2417 1583
2459 449
1444 910
693 2701
182 1237
621 1744
2404 1426
945 2391
1977 1626
531 2084
516 1580
1660 182
1001 155
2058 838
2819 746
816 546
826 1984
1359 2360
220 105
1646 2238
46 2355
688 1144
1857 2688
2330 2139
462 1267
2065 786
1306 2385
2776 542
1262 787
2883 1022
220 2590
1079 318
344 2931
26 1742
2011 1105
493 2956
1535 72
593 523
1120 708
2961 1887
1704 2588
1112 1653
424 1667
2203 256
1592 642
2774 785
833 2210
2075 293
2120 1354
2749 2564
921 1204
1265 1597
1960 916
1501 2256
1214 2777
2742 1306
2140 2496
2846 2847
1130 2629
620 1251
1520 992
218 1880
743 1193
700 2608
2856 1050
1518 341
1205 1965
327 2967
1320 2622
111 2961
1226 933
1744 807
1884 1319
241 874
2187 616
469 1463
1270 862
696 1127
410 2312
2973 919
2556 2255
2127 259
404 2766
268 2300
2224 1986
1795 1840
1122 114
2340 2845
621 876
985 233
2099 2441
219 322
264 1915
2384 921
2988 2634
187 221
2967 300
2211 939
552 1586
1228 2409
1294 91
1741 2318
1959 1867
2891 250
2807 2308
401 1458
2361 2513
1394 2294
2756 2345
406 2582
2671 2353
1163 2923
2321 1439
45 1967
663 785
2512 496
1450 2054
1772 1229
1389 1483
249 2238
2212 1818
2396 2533
2883 1387
449 777
32 2132
1369 2649
1540 934
2593 1118
2903 476
2613 2314
1635 731
433 1948
2886 1318
1903 1948
2986 2299
1301 168
1894 1147
1583 2300
2413 1195
2962 440
2092 2071
1991 625
1035 44
1506 2558
2695 1060
202 234
2304 2653
2910 1519
669 1017
2033 2738
1466 2793
318 57
350 688
2873 2778
1941 2768
2157 1692
656 1557
2781 2296
1827 230
1175 1946
2894 2275
984 2692
2112 1022
2722 409
105 984
2096 1299
870 1775
1567 2575
1856 2387
2605 2646
1195 2703
2676 2976
2751 2637
1264 1288
553 559
2818 1280
2542 2677
879 2508
1037 1465
2599 1006
2761 214
1322 2289
1376 1505
2887 163
1826 838
150 372
1969 2675
748 1996
2700 521
481 2083
476 682
966 732
1458 1988
2254 1390
1785 1577
2640 282
2151 1179
1437 1679
210 2438
2420 1520
2256 2965
2323 1625
1789 54
1997 2940
501 1176
1772 566
2746 1760
2044 1257
170 1841
2440 1705
1077 1767
2570 318
545 1175
267 2495
9 63
1445 1903
228 1902
2680 34
2136 2626
2611 2545
1258 2886
1682 1995
2908 400
296 381
1772 2493
1644 561
1251 236
215 41
2376 1676
2109 590
2491 1844
2025 66
2455 1900
1806 810
54 67
31 139
2160 130
142 2018
988 891
2162 479
499 1443
1998 1264
