30
21 1
19 0
22 0
8 1
5 1
4 0
17 0
25 1
10 0
10 1
17 0
27 0
15 1
20 0
25 1
26 0
9 0
11 0
15 0
11 0
10 0
23 1
6 1
20 1
8 1
16 1
27 0
13 0
3 0
28 1
1000
2 83
4 495
3 691
15 902
16 224
2 300
17 445
14 887
2 411
20 319
13 973
4 755
17 115
9 568
13 278
6 438
3 132
12 381
12 214
7 97
19 411
5 427
5 70
0 554
19 154
20 740
6 672
0 341
10 11
4 999
1 486
10 685
20 209
8 606
17 265
0 795
1 413
4 694
13 682
7 78
1 747
17 117
11 417
3 671
18 22
4 160
11 29
11 145
16 930
5 217
11 152
6 973
3 740
4 710
1 341
18 675
10 729
20 340
13 24
14 23
17 341
11 919
2 54
15 130
8 896
20 42
4 556
17 21
18 346
0 55
13 906
13 716
0 308
10 102
19 818
18 611
7 99
11 904
14 356
20 799
7 751
19 851
19 344
13 924
13 579
10 967
10 208
12 641
0 101
2 668
17 667
6 31
18 188
11 228
11 684
14 153
0 777
2 173
17 554
15 613
12 518
5 390
7 731
10 903
12 264
8 168
0 184
12 797
3 169
7 899
9 587
4 170
2 121
16 516
3 873
17 690
4 143
4 270
9 909
16 749
2 420
3 994
6 127
3 796
2 152
5 216
19 40
16 338
11 993
19 805
15 281
12 639
7 668
2 714
20 99
0 118
14 412
2 153
18 695
3 648
9 91
17 431
15 18
7 807
14 580
3 474
17 292
19 104
2 680
5 40
7 373
2 17
15 342
20 318
5 678
11 137
12 94
7 978
12 840
7 816
17 313
8 605
19 863
19 162
13 805
16 112
6 72
6 691
12 393
4 602
15 368
15 470
6 359
5 522
18 403
14 609
15 759
0 643
2 539
20 515
3 231
19 807
7 939
6 266
16 348
9 790
17 131
17 195
10 823
5 370
8 876
11 110
2 727
20 588
16 717
3 876
15 232
16 939
18 505
20 690
0 754
9 239
16 379
8 712
20 992
15 795
19 954
18 280
18 847
5 964
3 133
17 375
17 652
6 982
12 86
12 492
8 922
6 986
20 963
5 884
18 849
3 750
1 97
1 807
1 817
17 993
8 251
14 74
14 674
5 710
16 973
12 115
7 68
20 711
11 285
15 201
14 898
1 971
16 110
2 581
15 84
3 877
10 14
4 613
10 148
0 546
0 276
7 981
11 290
20 352
0 298
7 294
2 915
19 810
1 879
0 913
15 122
9 76
8 628
15 427
5 720
5 709
3 310
14 911
20 466
16 35
12 400
7 715
12 934
3 526
16 731
8 481
19 781
5 551
8 405
13 237
14 784
6 165
0 352
9 529
17 816
11 428
1 579
0 69
11 590
14 457
10 826
2 932
10 441
19 268
11 799
3 608
9 88
12 459
14 917
16 26
19 250
8 677
8 251
17 448
8 735
16 631
15 477
15 625
18 393
19 945
9 572
7 348
17 19
9 50
13 114
12 527
2 984
17 603
13 910
7 123
1 348
16 13
3 427
7 546
20 932
16 558
20 355
6 833
13 278
1 219
6 719
20 181
5 514
7 682
20 258
0 803
11 3
10 365
7 715
16 231
10 808
17 749
20 376
1 228
4 434
7 787
10 718
4 534
12 380
8 836
8 655
14 563
9 929
4 822
4 523
1 530
17 736
9 979
5 965
12 136
13 346
2 731
9 752
18 886
2 517
18 704
18 343
14 681
20 356
3 682
14 992
14 592
20 603
5 466
2 771
10 907
13 252
17 607
6 101
17 643
4 59
8 861
19 277
10 416
10 231
13 926
17 999
6 609
15 645
17 187
12 816
7 811
7 674
19 781
10 849
10 929
18 458
16 822
9 308
5 634
11 633
0 503
10 492
18 413
13 567
19 153
4 597
9 17
8 995
8 329
9 461
17 117
10 103
1 692
10 309
7 856
13 736
12 963
0 666
7 623
7 39
2 449
10 686
6 309
2 405
10 748
0 723
5 774
1 987
0 178
12 364
7 170
5 689
11 197
3 984
2 695
4 367
16 941
9 450
16 340
6 548
3 463
19 159
9 80
18 620
13 50
12 346
1 955
8 872
5 149
9 487
3 110
9 224
10 36
11 325
0 302
7 328
10 395
3 303
10 664
10 331
18 714
13 445
11 161
12 118
6 892
1 382
17 302
15 745
19 111
12 204
6 503
8 643
12 905
2 230
19 314
18 270
10 986
7 794
20 826
1 750
14 525
1 212
15 662
9 78
8 453
0 882
3 869
2 643
18 513
7 568
11 233
13 794
2 949
17 672
9 983
11 8
0 79
17 97
6 854
18 198
12 828
1 189
0 442
14 348
2 662
6 366
12 617
3 701
10 156
19 699
6 629
6 907
6 266
12 719
15 390
12 954
7 68
15 614
17 866
9 921
10 182
10 33
2 89
2 577
11 931
0 532
17 356
20 295
6 565
15 291
5 549
5 7
19 295
9 132
2 679
20 861
6 457
18 830
12 122
7 935
0 294
1 446
15 250
15 719
3 285
6 19
15 617
8 302
17 123
7 456
20 827
12 112
19 650
11 85
9 565
2 724
8 895
11 445
6 485
8 579
5 418
0 161
10 836
6 794
16 537
19 344
6 22
0 133
11 339
7 525
12 41
14 194
18 431
8 257
4 777
13 819
20 306
8 941
12 958
14 112
14 357
8 565
20 557
2 804
8 101
18 292
6 780
3 145
17 927
19 501
13 294
18 476
12 697
11 602
14 930
17 447
18 549
12 380
15 406
2 463
8 452
5 975
19 886
7 394
12 622
3 25
13 146
17 333
9 618
16 141
5 328
16 378
0 25
11 810
17 474
1 18
8 562
0 414
15 413
7 377
20 854
17 138
8 383
6 864
18 615
13 932
4 885
10 970
11 598
13 715
6 383
9 724
3 969
9 781
0 68
6 33
19 357
11 618
18 261
18 472
14 618
2 686
18 96
5 549
5 919
16 374
4 798
19 897
18 536
7 226
8 490
1 248
4 280
19 97
8 790
0 232
4 679
17 57
2 235
17 634
16 357
6 866
7 554
17 571
8 870
4 873
12 501
0 40
14 721
4 859
8 122
2 185
3 876
2 504
16 267
20 148
3 756
7 450
13 628
17 878
20 11
10 826
14 353
17 133
16 155
10 227
4 439
8 742
15 691
3 78
2 625
1 236
1 50
7 706
14 622
2 814
2 946
13 584
2 232
2 437
3 830
2 330
5 973
16 395
20 943
12 765
4 121
5 949
3 961
1 318
18 89
19 421
20 422
5 459
8 467
14 420
2 874
16 400
17 188
18 973
2 16
14 194
6 109
8 150
0 909
12 332
5 26
10 413
13 626
12 709
10 488
15 646
7 805
17 102
5 312
2 49
15 332
20 70
3 595
12 877
10 428
16 992
10 527
14 389
15 481
9 72
19 668
8 897
5 873
16 735
7 738
14 741
12 72
9 307
16 375
1 408
10 869
9 793
11 66
4 603
0 804
5 18
18 977
6 286
5 868
9 745
8 973
7 9
0 270
14 998
18 953
9 394
7 799
0 287
10 817
7 901
14 658
17 382
0 828
11 51
16 672
7 345
2 717
17 21
19 893
16 746
8 361
19 286
15 315
11 337
1 256
0 291
6 609
19 464
1 703
6 908
20 77
9 61
5 998
20 175
16 631
8 301
4 631
3 550
15 703
14 720
18 481
2 371
4 584
7 439
17 910
12 881
3 43
8 304
17 46
8 519
11 471
16 481
7 143
1 542
1 791
7 251
17 924
3 113
9 967
4 8
5 958
11 775
20 713
10 535
20 87
6 446
6 589
12 903
10 312
0 389
9 407
4 588
8 710
5 247
15 531
3 899
7 20
11 482
2 203
1 860
11 697
15 439
20 704
5 608
14 651
3 831
13 717
7 679
3 770
19 867
4 393
1 908
17 556
3 17
6 248
17 300
9 84
2 229
15 734
17 685
9 246
4 930
3 5
16 14
9 288
18 15
20 730
8 495
3 912
0 264
3 432
20 669
15 664
3 546
14 19
4 827
3 106
16 272
5 434
6 305
0 670
13 895
5 131
6 130
8 212
14 806
7 241
13 129
13 306
18 903
6 917
11 224
14 793
17 124
3 693
2 856
19 545
6 57
5 641
10 460
6 663
4 818
4 331
7 595
19 159
3 583
6 543
16 549
19 993
5 667
17 674
9 212
16 118
5 666
13 372
15 995
16 778
20 333
7 66
10 341
10 112
2 128
0 13
18 971
8 171
12 220
9 597
17 729
2 951
2 810
13 80
5 526
13 111
8 663
11 335
9 187
12 937
19 606
15 681
20 22
0 262
1 763
7 301
1 735
13 764
0 261
18 314
3 79
8 439
18 955
4 903
4 257
7 338
5 135
18 444
10 75
17 465
11 474
12 146
17 955
19 983
8 374
0 120
9 403
13 98
3 596
5 155
17 316
10 386
9 776
19 384
0 974
17 785
7 286
13 466
6 425
1 1000
10 465
6 827
18 745
16 250
1 987
2 260
17 163
2 707
2 785
0 198
5 191
10 114
5 957
2 807
3 904
11 604
9 36
4 421
0 89
12 51
