30
16 13
24 20
15 5
24 18
10 27
6 18
20 4
16 27
14 28
16 6
27 5
30 2
8 24
15 17
3 21
10 0
4 18
19 26
14 0
19 13
24 14
9 7
23 9
30 0
26 24
27 21
10 10
15 15
23 13
23 2
1000
598 870
964 288
747 518
688 828
11 16
527 235
301 905
306 771
859 401
917 829
647 869
227 395
422 203
579 901
204 172
912 57
270 727
183 874
365 453
52 630
617 97
286 176
134 620
975 456
590 609
985 210
532 800
74 858
175 669
528 828
228 292
592 447
573 619
11 144
842 969
22 923
902 990
840 339
245 82
617 64
192 96
947 737
205 521
852 624
63 864
624 496
718 827
682 41
342 408
367 886
778 325
439 569
433 199
543 36
5 384
72 702
497 825
306 422
609 118
378 391
501 199
52 759
202 537
743 319
805 29
975 756
885 852
883 311
196 660
811 68
383 166
365 267
931 180
805 909
164 261
459 960
61 946
286 778
964 568
117 180
695 561
331 105
526 467
767 326
873 485
377 833
932 692
807 558
179 356
464 711
606 881
482 462
891 800
292 461
981 9
673 232
295 258
544 492
156 427
37 81
892 486
473 260
383 391
97 667
766 935
283 353
210 598
345 951
751 145
408 831
585 584
163 175
602 2
469 80
695 231
56 16
299 506
933 773
844 932
342 376
495 661
440 97
690 300
954 200
533 857
750 855
607 602
400 716
501 187
17 578
376 440
105 532
883 118
777 631
227 124
302 283
671 729
557 667
695 966
277 844
616 919
285 201
908 962
275 91
836 909
651 451
443 44
65 967
977 270
908 286
910 60
840 151
821 211
915 525
211 100
202 630
191 231
889 549
972 719
66 406
89 267
554 64
394 595
760 284
603 608
963 103
788 918
706 277
598 837
372 330
329 566
176 354
123 711
272 599
490 827
365 398
484 297
693 512
352 558
954 365
397 558
744 116
591 255
126 570
99 9
358 887
225 823
781 382
221 419
463 192
767 25
101 698
342 13
307 610
791 311
800 984
853 950
194 810
719 135
449 789
58 942
144 918
271 320
64 910
458 48
409 839
395 439
307 142
197 657
414 634
659 354
725 995
882 800
36 760
577 455
772 535
212 510
392 36
756 951
362 380
552 978
306 546
61 738
174 238
627 148
193 748
75 443
74 619
676 275
764 580
447 134
804 184
206 643
930 667
164 91
370 69
556 452
3 906
255 922
721 509
743 62
75 958
114 589
496 966
897 798
482 417
373 627
501 314
946 989
279 855
606 131
638 996
165 722
326 643
765 644
34 290
602 960
803 917
692 18
913 675
615 748
629 830
573 732
677 28
526 570
601 806
320 253
837 606
129 62
530 923
96 678
155 349
682 685
933 86
234 410
391 920
340 450
850 215
872 66
153 808
422 173
250 113
280 355
131 358
279 453
266 201
725 910
58 412
350 100
211 591
482 185
173 261
137 562
570 438
688 235
188 176
20 64
294 167
952 101
24 340
158 13
957 539
997 504
537 211
357 294
946 343
175 490
961 879
553 332
310 124
900 946
843 356
472 626
204 186
787 679
34 984
387 406
959 140
224 622
599 206
822 349
555 260
908 309
576 985
511 601
917 65
229 263
696 207
140 931
529 527
699 291
391 949
517 709
63 687
347 477
322 47
35 477
126 39
331 705
178 440
759 721
256 893
755 120
332 183
140 557
177 204
579 941
73 588
585 560
123 188
152 722
69 952
718 315
589 644
116 738
883 269
920 36
310 493
914 82
723 22
287 172
446 739
691 639
58 637
822 435
104 493
279 23
20 5
737 385
661 970
747 457
680 112
491 806
623 623
476 667
625 157
993 773
234 473
434 851
542 13
294 602
392 913
904 963
318 835
876 285
20 998
725 36
469 817
370 171
579 475
154 872
507 371
906 917
688 106
266 406
812 733
768 720
714 52
247 755
129 4
338 804
490 110
608 331
953 264
486 215
798 861
493 336
359 668
955 29
428 67
159 267
540 720
330 377
859 526
827 34
727 143
34 54
290 803
595 459
766 393
612 242
803 941
99 465
644 943
256 465
319 695
784 252
37 945
720 738
952 45
879 602
394 268
688 567
802 428
893 263
485 814
660 250
871 986
884 852
238 21
153 353
751 702
454 20
680 198
155 869
650 927
557 869
231 236
220 656
401 941
336 745
560 320
398 63
795 326
715 994
246 945
637 669
748 382
479 673
318 515
356 2
412 879
643 974
541 35
43 503
857 277
102 994
739 2
132 204
571 503
177 883
557 596
327 264
281 756
759 15
423 6
96 287
234 923
373 458
98 374
130 802
211 36
904 289
495 811
437 844
89 416
348 795
839 219
840 419
808 545
18 983
368 73
899 729
26 86
391 342
100 427
96 198
62 738
773 111
120 460
254 472
44 812
703 764
430 159
165 259
264 667
534 766
507 501
247 774
214 682
269 707
399 582
97 413
79 8
452 90
945 689
601 956
147 794
163 410
359 935
957 302
587 206
56 209
664 988
130 661
379 158
649 207
44 838
286 54
631 3
312 349
798 116
382 92
660 358
999 223
13 189
335 99
748 86
425 616
804 319
539 474
628 646
26 203
299 610
186 584
488 945
91 433
488 972
671 630
504 265
929 639
579 245
305 493
503 64
408 458
768 778
755 778
855 308
803 358
949 575
132 16
712 16
839 246
166 713
880 21
805 980
305 978
545 318
665 736
901 342
500 520
313 567
369 827
419 417
626 739
603 345
267 912
860 99
818 171
747 307
219 784
67 263
874 702
343 932
206 76
721 489
312 982
319 393
643 977
658 448
148 338
174 371
520 480
620 522
520 511
68 537
543 796
441 648
905 73
657 983
158 808
676 615
368 213
387 810
70 874
585 487
239 735
257 166
611 94
34 747
599 86
635 343
347 21
542 298
506 187
764 107
348 509
255 422
700 26
824 858
890 920
880 499
46 155
997 589
131 658
740 104
574 677
892 681
199 989
330 276
224 902
672 672
559 927
426 566
276 144
643 24
721 510
859 189
86 833
677 903
483 784
620 699
61 789
58 79
244 282
473 852
156 469
234 476
167 923
661 107
923 559
526 922
868 533
158 124
184 901
533 498
289 198
824 743
330 670
349 468
725 286
751 125
319 634
301 712
598 532
505 500
165 347
104 376
938 339
762 39
419 891
215 52
312 920
428 519
911 55
800 720
547 155
287 793
340 346
494 280
64 826
751 898
373 190
947 965
910 991
886 503
331 127
591 922
868 814
863 836
86 9
107 516
398 696
182 834
112 739
549 931
419 17
99 693
830 556
371 417
25 807
287 233
663 865
779 155
409 655
342 169
55 47
216 586
56 787
128 785
388 76
517 28
355 503
103 608
303 87
756 754
608 237
294 536
573 502
875 757
435 487
955 147
308 647
576 513
562 47
501 840
385 142
822 829
249 83
109 430
516 974
337 799
238 450
201 334
978 925
690 691
999 673
630 52
444 776
204 303
423 503
697 351
272 700
501 659
761 539
929 801
409 953
353 457
581 998
441 312
195 420
711 209
347 602
285 795
66 6
898 816
389 400
310 899
821 811
63 741
83 221
208 182
684 489
467 788
521 601
871 515
728 86
406 944
329 308
951 102
379 683
804 423
196 797
373 180
31 773
220 41
762 789
371 142
801 90
372 299
443 446
890 585
222 463
158 164
140 495
566 685
802 768
875 812
982 546
382 847
234 389
739 917
921 972
346 36
367 51
216 719
24 31
273 899
826 702
177 178
111 712
295 450
55 443
229 434
394 209
113 856
992 570
566 894
377 264
533 456
716 850
613 494
670 826
593 295
267 984
185 575
290 520
458 45
754 773
884 852
779 437
780 475
716 199
30 193
363 44
612 362
749 457
484 658
169 231
95 601
110 802
828 381
956 145
352 169
871 26
581 571
137 591
647 382
835 766
7 262
406 680
494 990
71 519
0 346
300 613
184 798
326 373
100 263
442 259
643 965
318 866
947 102
217 470
642 59
625 74
325 521
448 29
725 192
234 824
910 582
663 76
995 130
658 686
678 982
257 351
514 257
553 534
810 736
302 20
577 215
801 465
551 855
856 741
243 959
720 985
941 104
604 681
745 683
206 395
132 480
137 366
390 691
137 1000
970 745
893 676
801 701
952 402
406 214
530 981
630 83
374 275
383 647
264 689
975 554
80 764
126 299
29 544
925 383
366 981
110 303
44 694
627 591
109 674
692 493
715 584
43 731
689 973
256 839
614 653
895 432
528 50
639 389
69 228
405 83
506 266
651 797
452 407
281 601
984 25
469 370
619 190
32 910
868 352
480 776
80 379
318 995
885 872
575 909
929 366
283 387
361 888
44 356
887 819
691 706
619 751
533 305
888 335
339 869
682 986
126 930
642 133
731 211
781 723
989 97
395 769
978 792
19 500
908 631
844 56
319 526
426 195
626 552
125 792
887 802
318 520
139 274
868 192
406 958
647 809
32 645
797 156
316 614
70 966
881 260
470 930
285 26
386 790
487 765
76 185
367 215
589 218
344 503
972 335
439 305
217 918
629 625
782 689
386 685
477 149
652 931
626 627
897 121
289 380
13 662
858 346
824 203
340 11
798 809
491 113
792 903
735 56
208 672
966 105
113 502
275 228
731 791
91 773
596 935
780 96
177 761
