30
29 10
17 23
15 20
3 24
12 13
14 15
10 11
10 14
30 4
20 18
0 16
3 23
5 24
7 18
16 16
22 21
2 11
20 30
20 18
30 14
1 1
23 13
27 30
15 25
3 17
12 30
6 18
18 21
12 26
15 1
1000
56141 130793
33436 109599
74078 23224
136815 34880
53962 59159
101136 47041
901 52382
65642 123793
139412 27741
6520 21676
157801 27088
61041 129858
8500 24023
86270 19860
118341 33531
109954 70388
47150 131938
468 93419
158279 123342
90152 4282
52675 33738
143187 130194
89622 140603
56968 114705
159349 19280
40306 150077
43320 129669
112973 142562
4455 54594
139437 68554
12246 87119
115181 72111
132542 62342
23531 143839
117488 61325
6040 91810
86121 62284
68112 122686
72837 65864
24264 125709
71677 147235
112399 151773
1309 17643
143416 38730
57952 101460
51911 75267
69995 31029
58344 39561
11512 54477
72376 134642
75220 109036
152013 6512
34312 19184
97939 9211
39031 126874
155274 151655
24299 113490
149617 121116
106045 44375
110437 37528
125262 129427
132110 32754
149955 98534
17808 151535
7453 125492
28740 7028
157470 71935
119133 81911
52819 83743
100879 37662
144591 112775
83205 100050
107384 137532
152493 85619
147583 25023
157489 14241
78106 79846
21841 101582
143283 71674
119321 42119
49196 107745
137131 11340
108489 84839
116080 61725
102823 86427
47468 64534
70314 124762
28371 10335
342 50683
152755 67257
121930 73669
83951 95142
142106 115443
119099 96889
8735 4461
147134 110193
11165 77317
150862 129989
117374 121683
105574 61934
99608 149201
81474 103333
15644 64806
146257 112245
18718 46195
147292 5347
47314 31397
13765 81571
4285 8456
92319 124775
46301 14489
27706 90370
35310 92430
148373 37790
110950 97682
1982 52040
88213 124984
91746 9011
43539 152579
101 157762
48076 72576
24031 154692
155296 92031
107363 32360
3482 19258
156927 12035
68024 81874
6461 138236
74251 29703
122350 109292
146700 59719
117624 61856
104835 55886
59112 139559
133397 51860
13901 151719
69027 140110
104720 26277
140886 17736
133440 87653
48301 92635
36187 55101
135725 69915
154240 124959
103492 102673
52831 130974
12507 59249
146559 33715
28162 9723
3023 91728
157234 118585
58781 104996
116321 49641
68345 81433
142537 96760
119449 36955
8959 71170
136802 151730
132002 6053
93973 117434
67372 70783
78036 41324
107643 119115
82438 137363
48142 91286
92807 97013
94258 34479
107798 76275
63351 94483
158584 65736
143621 159834
129950 9313
124152 101310
125132 20232
85220 93141
68374 115610
23920 82114
63976 159107
68902 123747
98813 137173
19503 84054
67961 10216
4087 66687
45043 114167
50822 136087
155422 103439
43896 159575
74801 56525
20107 96424
126517 124675
56469 24538
38403 31271
85150 23117
67097 5245
147263 69327
140812 15442
5262 134089
35903 145637
34718 123441
132907 60642
107449 129328
354 22248
19786 58512
32672 22344
131989 63453
17384 24752
57780 53349
41717 134227
39862 30915
48008 98279
86053 104046
22074 64923
23995 65326
12430 100499
54271 152011
80789 145752
104718 32110
152215 21343
88385 98626
53145 71205
75596 82238
137490 88014
138286 111426
139934 25754
129683 8213
16411 29719
16526 116301
103955 156827
81999 50365
117175 53260
54178 92649
155309 125941
69928 138141
146023 73765
89458 154459
84738 79287
138913 31101
46442 103020
159604 93489
8201 6342
41949 83645
140950 135179
119338 54719
55603 47738
62003 95858
63287 1985
6799 33511
133970 116013
20029 86022
33354 74998
56223 4024
76209 7992
85239 151332
83864 8660
155711 137119
99879 136978
59721 77598
5587 14911
116663 60623
113554 158862
82502 87474
4650 31576
145197 22435
23225 147663
25571 45719
98050 57666
149231 148087
146904 63203
147476 145711
73247 75623
154636 113523
42844 16909
3026 90170
66364 85038
30180 78291
74394 19266
86913 114286
27117 106913
138219 44974
37956 20670
60820 95061
121311 50424
113112 60168
145892 133354
5284 156390
62730 79179
121547 153251
113990 57254
136272 42670
154373 96994
84482 82569
19547 7515
60507 72173
43649 147636
112774 61547
23333 70016
27524 148437
118145 140510
140482 88703
22661 5037
156109 1588
85998 147845
12850 96471
34040 154570
27769 144389
153944 15874
123218 37512
79030 58732
1589 97589
137726 20351
47596 148611
9862 85827
55552 48720
136346 135431
4800 151485
80975 68241
121453 14663
39336 87414
152090 116877
8849 3091
88329 123727
84879 38925
51868 10371
78545 152552
71568 111418
76673 48255
133992 65718
54743 86232
106923 143284
8321 14517
51699 57496
5762 10035
50504 104968
87479 113740
132668 16872
124817 22223
6292 65125
72664 44494
156402 8753
24217 149635
95266 20201
12723 46064
99725 127512
79754 30178
16044 56223
149602 49071
40978 145734
8405 155685
30109 2315
63245 48897
9712 109262
105877 148452
49031 86162
99791 145886
76835 66118
24543 58254
133612 53691
47860 117429
156939 135841
54400 56964
125365 91809
50366 41456
56488 41042
111861 151312
45262 50765
70063 62087
116403 82071
138631 22959
82784 99470
3406 79624
23488 151814
73411 124282
25283 29322
158473 88605
158925 12886
124589 12199
106981 147617
50906 105612
56511 3478
39724 35962
100490 93644
109638 8313
8207 89817
51743 8496
45679 13371
135326 99483
33079 157962
137835 120444
67836 131777
74678 6605
29251 33263
13437 57811
107789 108300
94484 115151
23394 116480
51226 49131
49585 114677
33794 26807
63714 143134
35302 89625
151566 8607
71143 92383
123570 9380
43519 150314
26409 148967
4670 42718
102533 152466
158805 34398
141122 65200
79441 4998
33484 61960
29819 225
134347 136118
104181 142803
57835 149242
21469 73261
78275 118502
143583 136048
23468 58660
9810 19395
73765 136259
99485 57819
22188 122733
45798 120286
90022 137120
63457 122659
55850 112579
111661 101158
118475 83117
110125 117652
25286 52147
35192 118568
156505 145704
145825 104138
151060 31164
76775 65490
22741 130397
34080 43979
63629 141933
5896 125787
67347 11063
7632 143378
26479 119683
108135 107328
32126 78138
54126 154351
29214 146808
46661 120086
38396 46264
144535 105411
2145 110587
109975 36919
24272 18686
35556 57433
42239 143862
75164 154188
34015 152079
57157 39408
12095 65102
23760 69989
19309 106084
11196 40790
107599 110537
153129 153579
27555 33432
82112 85688
149065 50907
80981 16638
145765 151835
103369 51154
16433 55750
145240 133637
134047 79912
146950 28604
30094 95293
119717 68930
19902 46794
44226 110484
36185 45961
121812 129283
13977 15711
40232 144043
113059 85695
32708 157604
152408 133646
11605 144958
47495 82640
79387 63499
22822 125643
73120 1273
54725 119677
6072 125757
1085 34356
51070 98649
42016 22352
125239 93785
33596 121748
130096 74773
133224 102486
39380 124521
17528 21427
71301 16252
147543 35642
72667 9277
148347 46405
90340 1180
110280 86171
127098 72243
112586 100841
44502 131079
29825 142098
102248 32941
145450 93946
8973 103850
152781 111947
146463 8639
82114 53953
117564 142744
125659 54739
98846 13941
62937 129878
82792 12147
64635 88789
118280 145190
98934 36199
104326 48182
98401 129235
109256 20745
114002 157824
150718 85819
52154 133071
5611 37337
25393 4312
62402 91141
85634 41022
41701 152377
16417 129914
106475 16292
29235 38416
10581 103890
122867 72786
106889 65847
63634 120355
103722 76629
22492 74460
89187 21438
36347 86581
124924 113119
2468 61474
26470 24662
107526 7215
87863 93526
47805 140841
72539 110203
158661 15095
156084 103780
132268 4314
140366 7956
17125 111102
139949 92923
110952 54295
85478 55541
121324 24737
13841 59946
7277 61122
18220 98319
12332 152553
15618 65205
148688 44875
105987 94162
49410 63085
141132 122302
11975 72724
89065 95385
84280 84183
149559 22615
140946 159786
17772 30525
5261 8091
86083 95376
122626 25152
158605 136749
22550 23121
40125 36980
134107 79962
146342 36506
75573 159695
115655 120647
153483 81125
77001 13278
87976 6011
106060 125405
116187 27577
139127 142078
92360 44752
12646 9208
97577 43013
77123 59444
122796 445
5550 9060
25350 109460
64087 45772
31143 101637
36916 83499
40871 105009
105423 56542
129000 21198
41634 116998
120317 691
80570 230
6613 11260
53914 93742
19847 65502
114747 122891
131164 2644
70944 150801
24030 49095
119398 8399
142521 32636
135343 34436
112565 83036
147559 409
7904 155004
74472 133712
40679 134704
134155 114772
54593 3159
96205 126292
7751 14514
10230 63440
65191 71155
41207 9128
102562 59986
63829 157243
75722 72741
130196 114436
143426 25201
3651 44606
46174 20646
54973 84450
55498 85569
5289 122050
17915 122789
23454 141610
25814 78338
16562 138096
85062 103762
94853 3004
34178 84385
53113 75851
96900 73510
69836 133757
93857 60597
7658 118921
8838 34850
37337 111516
38965 76623
88121 72946
43642 113370
32061 82346
145652 144838
121035 94106
86266 111927
102515 151233
137673 94722
151863 78736
77848 57988
85049 96445
156340 94899
17288 133406
139595 39106
103895 151666
63340 36328
64032 40599
64083 47762
22994 25796
8422 7248
60796 137539
61183 54582
8981 79940
155166 139097
126537 4266
44443 113953
142477 30684
52788 40622
82810 91154
79462 61348
115037 3894
2266 80833
63828 73355
119072 115249
53839 109957
40879 70673
159726 101179
62910 76596
146495 142349
127844 93748
95965 95439
11547 12365
21373 132310
87203 53353
102128 122595
107923 47106
67321 139531
145850 18556
47602 61328
26116 26487
101315 95690
81234 8798
38006 121486
71357 34078
54683 94556
28366 36770
136711 43420
19667 92951
38953 156240
2908 126863
9413 119171
71878 26568
71829 11464
22371 54371
130199 52333
109540 33732
16534 11487
3998 92318
131013 63157
158250 97200
126344 32884
154805 32151
2722 111100
106319 80613
53015 102771
153928 122550
62373 92541
105121 73442
123487 114682
112742 4053
97447 130707
94771 124257
48419 106696
30053 149375
95146 129104
16090 88026
27169 153705
108184 114174
114113 43613
80338 108627
23007 61800
82894 98277
115376 4380
6798 70436
62089 115588
93663 96614
27001 119371
71572 62777
80407 131208
147627 29114
53515 125459
37431 29440
131097 23322
131204 118530
16478 147698
2910 45141
69335 86002
37431 56114
103392 125197
33979 11775
131410 45582
83976 48396
88264 138732
81433 126351
22051 64356
131269 8112
99569 149897
37387 104221
58566 129198
33948 84179
47915 154421
127387 79084
65151 134575
43 127963
105276 128337
4743 82959
152191 82134
31200 95744
59185 95139
6451 72391
99149 46108
1960 129763
44070 54614
90372 130718
5905 108339
25318 57273
127993 61683
32298 141477
54079 97623
23724 71242
7094 41419
85634 106582
35410 152776
67322 70689
120997 117306
115676 53242
132134 138099
76829 16923
148875 17634
35780 60082
86599 106518
16909 154646
10972 2157
29568 80582
136693 48140
87241 104506
91653 38581
123769 104659
158604 143645
151337 91384
109573 26357
142179 56444
65331 106160
99776 65980
19592 4661
75365 126873
80753 15541
145798 139717
70184 42856
140055 106641
119600 90765
106248 133844
93425 108204
39780 140625
20291 82503
28769 8123
12589 116181
115314 3914
109278 125659
123641 78924
24630 18589
7552 106462
39018 117092
7240 121023
34941 59965
61072 99429
89618 73856
146057 17028
99355 157472
100564 8129
120878 51078
42107 6045
53456 37572
14683 102133
60689 8597
132717 26451
83541 101721
39528 89668
1602 106594
65428 136697
60408 4532
105383 126637
97618 83459
77798 34605
105514 37253
116121 49487
34149 29681
70700 32031
9662 193
115408 62994
88363 96417
123941 23058
6996 12797
131314 69450
86096 68686
154579 90501
4458 30704
24505 57084
50866 116289
73666 86214
100347 77303
100512 99872
55293 106803
50167 141077
95501 62616
43817 58125
25771 111521
134620 132169
33508 139434
67348 82691
2920 74274
111231 104305
141419 42524
123804 22706
51700 157366
152892 34123
16903 117663
114664 73757
124025 17534
120688 79042
110396 9705
67170 16256
139505 75622
52138 130849
121136 35281
34288 12541
29528 81554
77906 137134
16193 18350
73527 146071
5051 2514
50730 119780
116171 3373
156945 15565
83496 97580
102360 85252
95498 146714
134057 75900
66773 4276
94740 18562
92665 153788
114196 155933
72601 5668
29074 10107
131637 25779
88823 62988
16108 125135
127335 72502
146516 6462
101851 158003
116281 144662
159908 28596
40860 38903
75886 43382
86335 75348
155353 122170
73000 97473
140357 151486
155562 64781
85802 10433
28729 32763
82813 5369
105987 51309
140581 51143
142874 16463
90896 144666
98648 144982
87275 4606
112215 12564
78014 88017
139685 128089
134654 150615
40600 86020
150978 56345
15986 128716
81017 46319
57100 125795
104672 17526
159086 100108
75626 108522
79218 54489
150204 141762
3563 148017
17062 2023
56992 153895
103960 67491
41005 147707
124034 128005
147055 70082
62710 42043
12354 127561
46732 32323
83841 7873
121967 33820
68585 93053
135364 2697
109465 82264
49942 140217
36743 96286
54863 56481
91229 71840
76746 100462
99541 24610
39274 68866
5360 130050
36729 107682
132007 4887
57818 75127
65679 8374
29273 129483
134177 116641
2013 18918
12317 35485
50547 102131
145423 58912
112062 158467
10970 25491
111343 60572
48056 148207
99793 139112
54521 27564
62112 6243
94183 14281
