7
7000
531541 425261
16739 773128
110750 495384
664384 30686
533756 83426
676924 787631
869098 827333
536518 127600
77703 901437
954590 81415
891691 285885
695701 69287
949582 48471
994782 444059
722887 804953
354192 119813
51633 205930
188172 963008
841818 611914
809121 948389
818812 886876
307126 472749
873685 593958
114779 243817
558679 809964
134281 216129
109562 981459
709521 839030
320809 88062
752221 382253
496000 50857
44236 183501
238401 160019
195205 716163
724049 117741
64141 901954
350475 648191
594125 119581
360918 784924
763848 392750
524618 820100
619878 257480
719354 621747
231755 556368
174457 829384
577263 341660
202416 774478
571264 121431
767190 676623
400719 730870
848468 378504
6087 356733
347310 357950
964812 292691
997723 870104
95530 513906
52004 248653
854767 436202
183205 91187
398719 850064
53985 672695
750997 989427
430356 957658
321028 283611
639966 819348
476412 662850
692798 11072
99774 166856
539865 765261
4185 995748
648981 922995
908970 798785
958524 171508
917240 937901
665110 808866
620785 56172
629129 810898
465404 135440
198965 516251
180342 885259
274027 443929
801791 297463
346577 820197
853220 168915
851763 236356
168899 918115
364911 16638
290541 539887
608713 391301
310942 249310
671242 919467
943823 211415
887146 960689
719639 382107
314449 699598
313577 466425
787371 620572
933702 443066
916476 942766
602898 374901
901080 40995
46091 908400
225638 721133
634977 621242
178996 444049
810358 24047
682655 86245
404564 842860
55147 200466
698792 874770
958343 606258
962512 782864
587627 984162
974608 69160
590370 609263
30076 232633
457599 701316
875467 762396
901350 707849
759043 951762
31947 574165
583015 786445
365921 564454
716455 642605
995559 247470
383699 257584
609751 280593
256465 51298
810803 924879
929351 792197
587857 694939
746539 282957
812468 667092
518439 350940
806651 8785
28423 990743
160086 177079
103513 859415
723118 725812
569227 909423
952523 140030
348016 544088
874528 695923
296505 412684
787290 47633
500730 362576
250780 219121
848355 76861
382819 889216
847314 340881
529737 656920
974705 974088
45891 286486
802887 16384
332543 841298
335007 535639
641187 336093
440159 560504
835181 582423
65181 168958
886288 959660
239493 561418
257727 163121
198499 945025
535302 337783
408907 708184
715418 639405
450668 487679
628876 759334
378452 45759
67352 317819
464034 413750
584606 549750
325376 958502
139742 519711
227155 589521
285869 454775
327936 937808
489284 661382
147359 843164
130272 944972
302897 111667
501493 369385
36014 444806
452505 601625
512167 469856
956586 878096
781634 789451
129258 671484
390973 560904
355204 910315
579448 337719
527705 15495
751842 792927
367646 107458
997206 970945
429179 813520
218877 948430
569570 800403
232534 61868
257702 593541
452077 262782
711273 980559
113357 804297
347001 906834
950275 717517
770862 430629
104980 965128
432194 903941
752224 594042
75375 649785
963102 116761
589242 780813
240882 443235
446083 683314
907165 553815
685098 483984
484742 977832
127321 879168
274698 174128
649125 437157
210692 291611
959351 381098
194631 669181
503773 837976
494792 773438
298665 594401
599947 708590
553830 392515
392645 978464
81517 866470
435787 722526
982932 396621
743948 380938
589866 160303
702716 13706
286596 539895
852183 574777
891201 820466
628595 357599
742648 500482
747924 632526
365352 734767
853159 426301
266315 661709
77056 969415
905436 555033
858053 396727
380981 464701
490608 854247
99197 491904
154523 717113
909249 350685
130981 980889
231315 369291
645084 341370
734203 381925
460543 68580
534828 18685
114762 959689
512605 439104
897141 3687
583190 823532
958351 35848
41021 747410
890276 723256
938283 589798
950562 787731
400033 725091
482344 842079
442904 590930
6748 202025
376911 626754
688758 100011
932173 715976
833651 337900
763383 806433
987938 494675
66708 604231
443848 224629
748448 554024
2756 279228
98566 363483
92778 993180
644565 849465
151455 720544
317065 350704
643869 837263
606984 489476
730431 869528
889085 678131
496160 280941
901045 66184
992997 649582
786244 321406
744152 477612
125443 226916
164282 347978
111291 19528
983211 424060
321984 600135
677854 406965
172856 141049
126926 155806
450957 142219
867147 896546
442468 628416
686630 1075
105482 313005
484775 829933
506181 41253
447912 876131
884053 22009
350192 121897
933152 585328
559375 984718
545454 331280
180293 801197
190305 464303
96497 950071
279642 518031
212721 201186
597010 397154
317807 679706
378978 9160
659499 821675
849174 12226
579111 51788
243170 29205
742987 502869
972353 950767
323026 780679
156878 70469
528884 832830
937111 517245
749621 106813
228056 488137
545198 489513
684881 224977
364969 715776
606524 676956
346760 992020
615199 688364
155650 946077
713142 397193
696133 263382
257217 195434
913829 322495
662516 535563
729308 750361
576407 433055
839305 638344
927613 125880
151680 968643
535099 154533
171957 71070
451670 253291
820162 364337
130389 358917
949130 194855
388946 560656
973902 285141
114409 479599
458044 874255
711290 738817
684932 295553
30720 836114
268889 919890
646433 101065
874563 533734
210055 284924
582135 251007
768345 61715
86141 860819
429804 156572
534668 381604
695516 987712
761907 134195
655117 705614
856941 226349
694039 281766
713007 184905
269237 817306
429935 675101
281975 27781
737807 644850
160820 499770
871391 55977
858983 270849
923803 369137
394193 315256
849162 423759
128892 991745
340619 710064
506178 387647
923233 849106
798477 948455
917522 911099
766076 984297
442155 566352
873673 714740
689301 128688
390642 768594
453335 692035
462018 799605
385116 112602
647547 484204
280060 858114
987492 650032
713443 667070
752373 699685
526665 344533
961175 791764
49145 72592
649411 509137
728152 135322
54058 189308
304409 866036
52359 628645
110273 911163
33338 15747
440121 575081
342301 985116
735376 570348
492054 682893
975420 155819
81000 874468
341683 29709
332678 820319
311128 492803
331532 815373
920698 65394
751355 627098
868303 377039
793151 49212
396655 21714
44635 488020
675262 23842
581173 172920
832169 501735
855023 403261
475918 857834
566365 536333
256444 734641
43656 269941
841659 594828
309634 8059
902740 624655
266334 8467
642796 288269
913725 466564
785453 441714
797585 659626
379472 410241
226059 451926
36911 735334
599127 337113
337062 963294
191698 807546
122258 692485
620932 512507
442245 610911
345744 687567
162418 773823
50097 969344
902617 717927
986892 266764
144188 973848
937818 432397
606917 637513
701979 565677
882113 904001
101959 768403
831888 208861
737682 491601
429392 806699
550658 722258
495334 889685
143687 538489
524461 717290
178301 258109
934931 738755
225107 980209
406448 821452
468764 755255
313821 584859
787931 106837
383448 722056
962301 322166
467101 516726
15946 625557
34099 202356
76238 514277
499295 352050
139289 714834
774561 538764
135397 175035
69845 884317
764192 198956
937267 518798
16086 591344
709189 593345
98258 214576
957495 831435
869633 996862
561575 181982
41551 740984
588987 201222
453738 624487
463022 171768
484443 331135
813917 289704
682926 423593
940740 110066
60676 270308
541234 624952
2774 387338
750298 696701
213509 196711
271313 715527
677341 90201
56183 87634
705897 249400
516104 820874
78267 685497
416898 786788
749949 394928
867746 876269
996301 17024
901697 167472
887155 989121
586094 266617
135157 641297
239660 4393
579519 285286
194649 889045
901013 32914
938888 757254
584581 31126
43622 797657
72278 473705
607551 453592
180130 154783
91242 766057
446692 346853
347695 186706
952698 256768
538642 688536
875422 490102
442036 410904
711618 41144
611834 761870
162185 201154
168823 940911
150255 612484
475848 864738
414682 81883
584644 378890
82041 323243
999000 726535
962916 746754
124159 519828
151469 108794
188756 642341
300010 952095
786363 286736
477668 258766
727197 866320
136108 566827
53185 325604
664199 967432
527164 596772
87109 374848
961112 127412
740466 521186
439029 15374
632119 806211
546907 681028
808232 540642
690192 818706
225522 69071
703296 596482
210822 502822
751961 161666
508715 716680
470937 203841
676476 831308
990511 239689
313237 158219
670334 972397
786865 836768
493054 485393
791703 341221
629308 585109
908025 262474
27306 29633
645434 226659
750439 621549
756127 797311
661935 151983
316098 514952
343933 220429
153425 231900
476168 574503
176629 497812
138899 518349
130719 33371
818983 248797
124043 847403
508030 787965
183674 264366
576988 862940
909601 36484
494477 837884
147564 222182
360468 291423
924873 86042
660279 504155
584385 152981
335375 599463
975793 593255
813721 973540
530732 88663
208837 969497
411489 790880
166065 689537
938506 276535
50045 512234
130412 292747
395735 742399
737712 911927
90008 567552
838744 824984
912416 77446
937330 717363
700860 877116
949252 235535
119893 940596
809409 497327
144516 229052
229092 462734
682326 910198
645565 248764
832983 62434
439580 650097
671619 537569
611368 457453
814177 718829
629365 635316
724355 766696
398542 835677
771537 645737
290531 480801
369982 5980
853739 550888
371234 65870
940503 382022
623061 166973
649604 962804
663717 873282
447144 221866
387326 518560
585328 652104
85180 325494
886555 31729
110136 869459
581692 308334
32111 147554
730637 795741
978597 232751
421540 466072
557182 141093
965570 296613
776925 685960
843886 237069
718011 6200
780866 49450
796934 486388
639756 781127
850354 53641
623043 607240
188309 698011
451547 46037
485887 24415
527619 680185
761982 79797
624028 955640
678910 47596
714074 30346
763581 486042
307958 855446
609375 97213
224203 620665
325183 25147
760803 537692
970868 457029
151655 925547
684796 958796
299044 470640
159564 589641
208182 579674
979946 268983
398152 783592
546767 296937
526509 188424
540730 485935
561367 265511
786095 213263
542468 903792
223748 706101
336316 94553
731127 93124
607667 447606
215746 299563
676890 216930
789336 423097
337193 456826
994447 175283
747876 454003
427584 591108
844369 239922
236422 839939
505494 248834
34280 890910
527633 561091
735784 132208
619012 679924
970913 484730
573978 277158
351980 537714
902812 205093
698431 363566
968691 529124
350649 714010
747300 456874
603221 409507
756765 570472
461883 104924
613784 888180
661167 112458
532206 165935
61032 18750
988123 833257
903646 623249
758258 975681
539406 466609
697389 913006
103884 376921
881513 304255
34763 566155
215099 308948
768695 536794
711098 762559
835167 712184
586389 282416
200238 497461
948095 55030
496732 474521
593063 791197
800580 831856
982602 477007
349110 67159
363201 944423
736752 601337
518255 193213
55886 472955
361164 392743
14882 710092
961807 186015
978683 18858
411947 624536
909544 153027
195503 887610
396067 904582
704328 96206
14996 721949
566301 483305
817358 312222
96469 245444
60587 355460
372565 168297
418720 164875
335733 424168
113864 925273
827500 795684
15624 321421
762333 908243
927021 41983
935656 651125
801888 758916
529838 280797
47040 895421
401729 884884
983716 68715
302316 740511
363830 698811
657816 91628
186812 927056
238822 738867
176112 84764
805460 787157
613146 803711
833253 578781
30041 779886
567244 357153
957759 70516
948638 49965
302398 972391
629223 620291
981000 754195
535817 434343
67814 441957
434079 579452
445 434102
296807 16873
668402 935485
569790 264607
481879 995115
172199 175052
514124 687096
155831 882429
139298 596266
607504 511187
994158 73889
9475 631878
464951 447036
952128 457229
471481 980077
199036 156191
583281 447536
50599 69320
980817 687186
262339 47882
974399 269897
106558 542558
244182 481666
796380 991077
334004 160324
978979 742651
320367 686600
649063 430454
815428 793686
261395 140195
205082 149549
249668 793427
745650 648958
289387 782836
179996 774262
490283 14383
989899 635817
427653 614396
640016 559282
868541 319037
613169 146694
804914 865627
616595 978165
359713 506844
294898 832142
833504 582638
44307 739626
424607 729596
856559 911768
8154 984540
385109 155579
190380 338153
915088 613038
14944 427516
438871 746465
907786 247175
968143 413608
619596 46298
387481 715529
336074 471813
240716 449511
759824 41607
723887 96690
675819 124825
239725 746566
502433 974723
601667 739081
65302 327720
802381 754697
155916 544767
579883 463191
691355 790983
811738 775238
749315 477475
894191 892273
101209 788669
222343 899682
338057 489603
814293 867070
190041 366151
907293 777253
422364 400886
935689 31317
333937 647854
79693 25303
324205 836396
763858 162949
200867 576402
747783 493981
581400 541421
940862 592132
277769 376971
421707 25263
766743 729502
851377 624242
786740 462936
781190 534135
321426 557473
298250 362075
459542 291640
577566 643127
924572 975539
258551 735399
585067 813828
549337 888614
24543 862188
790953 823203
663809 970205
555694 795160
769016 506071
117434 644971
635772 608615
608587 639616
274503 981522
988281 482495
565582 425009
78023 735464
844221 651347
607067 807124
955295 39331
229496 416450
606339 233200
558667 680151
89158 73095
172880 959404
141541 996145
171630 400990
316257 21429
426906 884972
849535 911433
957218 340213
243550 519802
626302 347637
360479 983410
93827 108780
473251 269603
467145 369106
971194 676856
136810 111000
625245 247961
624163 950649
14993 616675
654140 446591
288768 267467
385665 823369
487483 832686
318042 991107
484532 689896
211786 528246
71609 407904
401279 537701
939446 468549
191568 323007
340847 329487
783531 61031
752168 458689
834397 706331
159421 321338
261002 905137
826130 128637
872679 41925
385953 789220
10947 312927
874250 370635
814940 85368
917840 521049
487801 218078
797054 867423
407034 554135
899906 866463
291876 857033
664243 754353
451007 358886
6787 949843
51833 918695
221424 647865
803425 530065
255589 769362
725242 994806
942297 590050
800012 33925
929768 827475
498887 404180
950260 688041
570818 173591
316387 757083
120249 610299
191638 370683
296543 732206
717174 219373
169366 299097
123092 523607
449798 926477
596592 536132
248218 113685
533307 172977
640587 80974
434643 898346
642778 804486
238835 286114
363896 168182
789485 124624
555001 860270
457093 128085
408089 483441
570971 420919
626322 775887
485399 929156
855400 767301
384006 786560
93373 154126
916168 779198
346399 530976
909592 982728
870987 914714
256865 653224
113459 287265
267820 948589
5192 802871
89770 181273
487039 90822
489190 931727
261273 938360
909960 630434
275661 251536
421781 957123
80392 299590
94508 777587
431992 272980
515960 835246
37590 34878
764380 716837
271223 959684
907509 258953
55436 140557
621414 996361
893125 723021
580808 285206
14081 590787
105256 625870
981301 108428
969307 846728
250529 105197
494503 285181
286549 332377
840864 701597
414612 364781
416543 632776
728261 78293
581419 819429
303775 162585
110188 23335
951761 532175
735601 795978
196235 948046
226786 272134
412345 131810
468222 280667
514927 581226
637465 276573
37886 932034
875545 601968
584174 733186
807828 970334
588770 146719
592472 660631
469310 700518
667343 800798
192184 412508
494970 666206
189217 717198
33447 489408
462968 589918
829801 908626
594137 278624
150233 944811
541433 541025
209039 849458
558347 464045
960271 595536
994035 451133
412132 912239
914673 51137
155523 625787
212049 746366
13238 650028
690798 142762
29689 267241
440210 714134
766211 925445
945201 173476
169778 932668
783176 745810
652377 987174
632730 372863
96566 624191
962609 773078
981745 661963
704536 494795
697214 200725
796667 138520
330681 741567
852383 10070
727233 888291
135039 217996
281006 842921
259390 548682
22791 742226
54504 87390
100902 856896
16616 891624
925716 873219
71596 978275
253301 834997
623286 832154
415313 64714
368460 630055
792081 270361
27584 148777
440763 537340
473957 767756
915378 94463
935788 46361
891236 938678
232332 537652
923516 825572
873232 778917
200445 765259
48182 785637
736412 692731
382549 774399
993597 66578
536730 687792
648010 142215
319137 128688
223561 16824
421196 984051
151856 813390
543765 576952
914989 977113
645352 369087
81518 524552
164026 760356
925628 16039
701970 601194
221593 628159
578569 95680
860635 256952
397437 186791
886376 134013
612107 220333
773326 93702
42679 239115
128221 727301
34682 618130
65708 309184
639264 6220
253724 299931
277336 183091
26232 643697
882848 155240
184091 2962
673106 717570
31155 631943
377303 936583
26535 757731
814459 372643
509219 53083
285378 581408
495816 318
934705 450467
983576 604238
256448 815713
352135 997096
491671 32883
15900 557827
178565 842225
653083 609445
983849 99656
928837 428057
852788 656919
570287 430631
858622 621062
528726 555043
971105 22206
933565 876664
180383 723924
784614 678735
380645 508106
688090 912832
428198 239169
864226 324033
988120 798005
702153 807624
979071 635370
978316 853993
99770 840628
866124 375044
352649 306095
541619 861242
701734 657654
748577 484629
241814 422839
501931 633330
918101 241
302265 911353
512042 440568
875671 345483
236472 915833
867701 759097
1949 984939
923846 573568
759799 890512
863919 455039
428094 941156
403718 73666
152948 303915
743667 681521
679336 552587
71688 494533
926644 815274
59397 702262
492854 864068
14432 278493
323816 860156
456623 519524
799882 887941
472547 629192
504597 419558
89489 444986
61868 104980
322134 986491
687406 737504
368783 213496
407138 571350
446027 996455
911280 408273
319328 270785
723849 718154
961111 872891
78940 950838
489707 90059
962595 805398
45044 599547
654660 179099
561766 662942
405035 833627
755709 623138
109625 270121
106411 15751
379439 385588
788716 883870
98928 208720
106666 876048
832781 398059
851936 544049
458592 684636
137169 229731
212609 390964
106853 216989
100378 376874
66204 964578
567963 370282
777933 320313
820734 531242
738441 538668
356890 234503
265949 122835
922410 638579
786159 836895
25818 67741
865556 874503
3830 746821
918441 193507
377332 805346
117061 66104
4042 356599
306087 369726
480180 174776
26372 981978
149883 605609
591321 882826
133018 15696
26615 76499
811418 58382
849567 618609
455919 260016
757036 941372
169354 188312
869302 602762
594873 239256
735899 964497
402259 221536
577469 170471
518398 915572
647476 620638
44049 598252
939340 926664
649089 227335
437410 538858
985922 118543
275553 134609
440869 897596
990016 351218
475760 691515
47513 751296
351820 589464
648923 639124
121359 129983
490937 228171
570089 5666
966098 303665
587056 183151
5976 520856
678828 673330
162944 219768
516565 29412
926135 707954
246058 918477
814861 704129
502997 609801
16819 230105
838160 810126
182628 487448
864548 670914
597273 553368
68031 771905
793641 372671
456643 600943
417250 630272
875180 342054
671455 461187
971800 61607
404307 885999
533133 547303
362098 353684
605099 79534
302809 334021
716459 601847
71564 678450
69693 544926
929334 694614
975103 195929
902277 62010
452510 191390
182161 704706
25687 356856
755354 527844
236643 150755
529227 729296
240069 592154
643630 276217
375138 115974
530697 351507
10187 97004
665777 521367
982370 270075
609252 484897
56745 896468
92600 547950
15741 454989
597254 902791
343327 698402
601610 344669
512975 792578
385146 476893
181732 504506
141214 306518
83151 311787
296789 520929
664269 221804
465650 417153
369436 342076
216590 417152
615192 278767
546238 139060
485612 628915
555730 995692
100359 253310
347205 913009
845907 1783
802314 90563
278239 411683
262329 393077
73602 326358
193727 588694
902481 315977
685157 605841
401830 651257
788047 280720
96064 860389
689375 928688
197144 82846
264289 162307
710550 71177
501394 76902
564467 654662
590721 512402
397516 203699
86302 211773
347958 389672
384864 169803
431198 696790
645276 544061
322393 666035
130398 331644
459528 138413
990456 414809
41379 950378
557425 789869
470837 654145
51870 196934
860205 599391
852951 25285
547896 643753
162274 302962
774049 293409
83168 160435
154815 786326
281374 541639
224778 975807
471309 423887
11837 223252
81145 645880
208249 254299
935970 916562
592211 903774
819169 610280
143702 645936
670967 556070
346720 767808
603512 864897
964914 854102
180966 214368
68157 212018
520834 784631
745731 730380
966969 651471
585207 380885
607488 42737
31365 632403
373250 479887
811942 249417
976906 79948
800679 823216
431381 708585
947918 134498
163903 568290
144087 893824
273495 532682
12193 121680
468299 514409
532000 457010
374750 604951
999690 771368
900487 267525
170652 808931
184871 542789
634704 22438
177008 167607
29666 950803
305474 514898
897907 114119
351227 359061
170470 70160
880618 922218
1429 281665
744075 129540
407111 498589
100712 666981
783928 416143
429585 249012
874148 405958
701742 499823
962917 963574
248944 741753
140568 452650
568395 149050
292497 682260
274600 585881
435655 62752
104062 815297
405874 612728
482131 656667
697472 155011
186867 730342
393453 359380
717052 805152
190838 982858
610358 120434
315553 679412
673248 314520
266624 142695
158859 797192
927663 341952
933414 854131
626167 504647
233687 792938
317301 566866
527045 51458
442265 967234
791444 900461
703005 195403
148332 238007
358178 495472
227860 282371
138557 46531
765230 19581
967927 422100
960687 423855
443379 569774
127709 859247
952053 323843
200534 711298
189331 828516
15232 416253
410485 621663
14622 481354
299945 453279
298586 449383
279054 895559
305896 375049
401701 674695
838782 84080
560641 497437
231145 231049
490219 902190
458237 766784
74240 662471
941206 110037
566334 602529
496280 389846
773036 525637
589958 298306
259139 239199
214819 579670
750239 508676
283002 979021
689953 324368
672839 861609
120859 57923
316374 145431
737936 208290
780574 639624
607938 365605
79009 921177
292195 864077
577762 898986
648696 3224
197205 483032
630011 852063
283413 363188
471264 192360
373707 583034
637107 784373
552580 388613
877990 533431
136520 760608
475699 46832
648872 777331
782552 394093
825580 657480
337063 702167
151844 360443
385917 357095
592541 982234
409407 51962
51274 125956
778045 177262
129721 120644
154850 221037
111491 56680
301632 643017
293374 856007
664994 71113
721288 85108
508951 111220
931664 494587
843306 743868
783078 107200
42789 185573
530411 192937
845273 148895
402728 36899
627141 168352
79661 913970
41564 451346
62351 254084
210590 248234
432389 458175
977203 425261
462260 90531
767881 576189
509608 468519
111722 320488
70799 906234
194415 597623
884407 127573
510173 240412
836567 896922
249339 944776
418357 606172
876544 686764
720101 826327
550055 123919
716136 468931
247712 155422
650752 780437
802169 61360
684679 577028
332123 823916
961202 173790
601237 495438
936230 240240
384875 226411
32046 950550
97765 372047
131917 355913
1767 529937
671666 643766
296064 687275
536474 403936
913888 86181
989115 782914
944065 907132
422490 552070
734902 18613
885985 485369
839498 600694
291641 74747
128139 642030
277479 869123
79817 34516
152462 126555
364476 527324
31076 84979
745091 597864
444238 402134
838650 725383
56578 477606
644699 878609
356590 320527
761167 792933
483752 645541
21179 668270
407864 588428
984618 806092
626587 788878
427466 910983
163130 398872
322967 64004
158591 199190
689983 554193
73411 15014
811499 563752
271700 715379
226848 198027
380940 663855
779863 366049
498998 739752
251554 275005
942086 227167
220901 676548
189004 60607
965791 371766
553978 854235
1662 756993
955855 752661
209719 318169
661986 544928
374543 911196
346245 683130
176654 498568
786210 592400
131548 20467
143704 210959
838174 386456
756986 374871
691184 27555
771537 238189
611710 75596
741621 51221
481533 930451
365619 179661
515765 4661
885978 641041
679669 67194
123627 246613
407494 773287
914304 140095
291605 170515
191905 220441
555536 950339
796990 233629
678216 807108
150874 104592
934277 863424
843257 166859
482452 366643
927106 827552
983430 454408
327990 906888
316767 741303
165395 127604
497024 482738
942426 979908
993224 219307
59969 450569
30623 491029
419995 971452
950434 648199
439622 444831
177392 711820
391901 660830
132873 651203
856939 161683
567341 861701
639702 105643
732148 841256
417570 337323
558144 230366
24948 325632
218800 202794
672738 453312
443473 446869
30463 348086
711034 627247
954128 369657
79352 280462
92762 527514
201694 504676
757053 752447
663531 129407
50296 133426
467557 658870
783797 458717
657040 656637
79655 348307
701837 546628
691377 641850
315154 208758
599394 223980
916222 811536
797389 341112
776812 593708
757573 271678
237335 996308
497822 277686
859823 204795
675920 775444
690964 165367
540000 17152
96725 223760
642627 430261
126909 772576
353471 385134
930173 519453
869821 632557
182608 661236
886741 660066
401812 94750
461105 497492
978395 562921
698748 400719
534489 177025
455373 236375
362725 761492
245277 806707
59910 792582
439206 309200
594065 159836
787642 826803
718522 450203
309087 311248
491108 831679
989709 302063
962867 919463
178531 633194
321643 345243
759374 505085
132714 125608
931481 441642
459608 511502
895528 225161
417183 218420
250880 51517
699064 541540
377074 618986
142279 760759
240855 486692
782830 396784
778249 995335
174966 483771
735874 343496
887400 653066
381693 761518
406858 146183
691089 745202
682113 215607
181504 131720
31647 693309
996181 894239
93599 335048
219328 224185
142654 427497
314877 605634
886341 320474
408143 653642
543150 792203
402186 326710
310839 440706
59409 204498
877808 669850
827876 4976
979699 409631
95161 425640
390591 979043
132912 461851
726338 147635
232858 464773
404717 830672
131984 303337
274159 965438
21761 18134
313974 490063
614668 247185
234670 400020
891168 535999
517351 792689
785471 314841
433447 97605
764610 681178
682716 157024
459023 62598
179538 580495
47363 693159
710447 716126
190111 630347
714465 744086
822401 366739
81142 83296
612325 881098
204592 831675
373539 913176
720105 948506
939438 580877
390325 702939
968393 590781
89396 544196
384959 604055
722588 46699
294811 199548
836538 844132
334180 450964
618954 418664
504007 627823
285857 380759
597292 94803
628969 572471
542525 260640
577310 340738
679098 520669
237456 794575
260645 999283
814911 7300
969169 973926
167991 788474
676451 147263
13034 542506
899640 999194
941152 213545
254255 30259
313618 749649
738640 183792
266528 59515
930793 283616
722044 371499
407305 723969
963909 302795
77935 461600
31531 913945
442094 604384
306161 768193
100393 33937
498504 228798
886943 192691
703496 299089
395609 467770
116277 166467
658995 342188
723827 493151
239081 572091
879010 993040
74680 544571
470552 97981
622026 492476
906302 11854
690577 50090
649409 657328
183116 847374
459990 193795
570725 964704
826240 297207
94404 560808
280974 836932
372303 232470
57411 332040
904131 254765
897472 502453
468503 960794
216333 83874
309010 135320
146949 923068
604217 839149
899327 604970
193731 234829
657048 286233
265516 579269
477578 6821
159095 434677
216709 570435
635270 943607
570260 190594
101823 354090
868615 353191
894758 357819
916111 422498
771680 255494
130838 708604
851379 837352
764510 540651
78240 747040
908560 289789
957325 410647
397116 385300
489903 519220
346809 694223
558082 977485
261467 491386
126922 963618
927632 582981
604606 658
108970 320368
813760 194613
733517 707009
979126 938880
777880 219353
332279 219553
281539 725426
346333 135659
671497 883162
87728 682951
146420 736987
695856 222353
65714 518228
96799 629952
619320 832356
179328 659195
205075 308214
953095 397236
482220 62014
915056 941948
958261 519721
33274 681863
325679 806198
601397 557246
293269 556626
105077 680324
471520 380380
423618 141191
195453 864359
611224 857521
221478 153183
804237 210118
240892 545888
980471 745897
872635 810227
584349 226636
783268 848754
261955 794015
222542 128845
954610 605234
219964 715960
197877 509390
270837 941831
800194 8695
828467 797054
503142 864248
330534 134188
208980 898406
345734 184237
829819 543452
572698 255096
97374 3130
130546 165158
884361 151584
689139 548752
397120 6164
252577 575524
147872 864999
761878 629446
58722 27121
921300 340709
136083 425080
2396 78047
149658 418411
652673 602826
696945 610033
839430 685225
936986 764472
746212 952987
193016 738078
181446 819176
572721 49473
658457 441211
746617 75691
880872 691193
270321 217896
74384 855150
410361 352612
393737 219072
668740 239147
935296 662424
470214 207000
757390 849824
577474 502888
364555 461050
330409 928500
143605 253263
887034 884546
849567 646380
886819 567356
946514 478367
604619 412373
289767 661132
994847 859712
218322 635067
698479 568211
841059 961655
70609 815127
14470 504183
238947 854784
74003 593242
476457 489743
929158 438500
294320 895329
132060 970447
959644 439393
883765 506606
454675 289024
678925 903191
707374 930497
496831 31409
140118 401110
649567 605612
578612 466084
42434 385674
2471 43237
812961 128984
538839 430366
664663 5447
759766 631256
69144 908083
631871 754441
864994 443244
172219 767395
511903 48000
806918 840934
561822 924529
326835 144962
927093 479688
784922 398450
104007 346770
329341 523148
432376 348088
284176 725004
796285 141909
485025 326469
135812 424060
642240 272156
853407 386756
197102 850710
344016 940527
681340 807944
427326 892884
342898 711303
306538 800344
686089 678081
229520 619669
198633 820045
102939 627262
188908 263170
869815 402292
377599 837641
233026 573603
529795 940035
894598 975773
171188 723379
963156 270487
500367 671208
704293 270307
273831 873483
631573 7221
810387 881463
528698 52669
744527 673602
341500 375460
118490 208636
166306 589182
887557 307409
657530 204282
275197 434095
4870 714827
993906 987497
68217 752793
662373 236092
253341 646908
392034 634598
521532 150897
420063 174858
148812 347030
460284 820544
687167 732084
478800 818031
717311 981419
416027 478395
162688 791006
982119 354377
227130 480580
632629 535103
503870 536268
616135 903380
110305 155306
239545 277491
108256 130556
287529 423556
668141 841814
758422 653891
888924 106201
800672 551375
259335 342413
943097 304764
378444 438553
552865 119097
884157 892993
343818 26565
428251 121714
299046 826142
830634 885446
200262 800813
674485 805300
682849 672195
97863 361934
415882 354683
367117 127242
117295 881427
718042 21346
952457 216636
576325 416212
341350 711643
317417 432164
945192 712575
490673 716503
80450 310529
629702 535319
466812 815535
416583 467528
756107 210646
126659 76154
959707 744872
387600 986854
582325 735730
908473 98102
336665 260587
195918 4916
112652 838261
734053 931031
180638 902107
207889 184828
430725 305755
878570 816989
553272 736624
504822 273616
456059 135931
635848 878758
657325 696167
469454 141403
835948 126057
167342 324010
812557 963811
83273 426240
542241 736664
767296 574925
486797 955191
807190 813348
979520 788548
22954 665208
181935 879401
286100 366131
10255 109051
411408 512332
18531 606109
841173 684795
6055 122376
376907 845552
583773 541088
850592 614587
847361 566373
87948 104489
618432 393179
310472 468981
999071 8358
719642 56325
936171 992872
957375 862587
883652 863607
842896 801204
290383 732055
96953 304591
828871 167558
977724 198264
912469 853737
608507 348917
293418 305470
697406 710555
769527 301288
362264 83094
34509 224999
172763 153322
560741 665151
426782 710383
85764 789607
358937 402162
177302 534920
903835 521904
713456 668144
529635 444689
692442 267474
297985 754037
893113 613225
37632 332759
416476 584432
853628 691482
837287 330379
210750 780527
239777 407168
937427 756475
667578 52469
743191 909792
812671 718306
440325 392735
412596 127424
35718 249425
548835 703320
316565 912308
925647 127198
405309 914862
508486 391348
549172 773903
426074 271150
323260 728750
234696 936465
334136 400149
819445 483622
144385 343877
968563 84088
845865 171399
695291 884614
682933 497011
931202 962409
46676 498683
986695 552502
550967 582315
895905 927071
391232 441263
78926 284380
653336 451960
751091 329410
657975 337714
511560 721597
168634 939588
925290 219289
431033 896539
201811 925976
752453 902658
222121 816537
126623 654628
232120 931671
864501 916888
946042 266689
4820 451256
203342 554056
435702 156690
216178 307786
638962 670574
631974 272603
926477 242358
656467 672428
874665 447508
167887 771315
204332 99681
195426 449079
379804 170358
736951 378722
627928 886747
881657 748500
5189 206397
74771 98114
642122 477558
996864 988186
594037 340893
110267 841757
739718 256344
839223 552281
337062 539058
746197 213851
929126 896245
877558 42402
397504 931956
860713 367126
22570 738957
207992 998736
513444 867048
295627 931484
608880 936888
208643 468050
245518 532670
644044 130436
150935 378640
942545 138448
451401 204656
728100 547215
13554 661732
604183 855421
174207 454914
353375 322667
601267 637860
351423 735964
18478 31680
755546 240020
388820 474907
368603 357882
599408 266601
361469 245237
377583 836193
556810 836925
508550 272061
578094 636650
28970 898813
589710 172101
726035 420383
140361 175243
802816 486372
165147 411581
7146 895518
831697 300752
38568 896595
905390 472078
500407 547355
42965 140537
417754 217140
804434 992778
551102 704902
654991 470901
522605 434505
306854 789964
775452 667547
990665 542530
250612 344292
357407 125770
452436 942113
624144 162764
815290 483283
423691 892465
69613 1640
826443 643417
538514 517077
719037 253727
456493 933074
370250 659143
27335 116508
502405 286653
770177 903191
661010 134704
98295 884833
665878 629294
75328 784345
177109 582986
324700 94593
812490 448826
779394 807876
253093 697745
888672 584038
332839 677924
437151 138369
142331 716147
370583 598630
208340 594670
89198 375503
860268 717634
848200 536798
70729 577543
779009 75904
690475 637451
924886 706008
922963 381479
403110 619845
525202 183942
277916 544905
241642 990007
666287 299678
863355 432945
765563 285475
700462 493493
25708 774064
66438 409801
330205 687316
352317 450584
285427 69378
19572 172658
452198 690549
214518 827369
123962 970398
785183 189204
346271 775413
935783 448919
110552 566758
502301 284797
644226 571321
597970 536201
205312 169548
744690 193951
4880 58012
926206 791637
642754 858187
289894 642764
296418 3864
277544 965088
396303 386426
57773 252484
229324 713220
770657 374873
575999 110141
549136 644644
454290 900531
375468 786075
939238 503351
135600 601466
254803 185976
163794 214752
629283 1632
281729 814832
836912 215827
277763 214819
780105 759078
378518 900020
206118 446499
182117 415543
766001 911935
694949 459475
288372 219408
217116 1192
832516 966642
947850 933810
364579 473261
569193 76762
629376 833826
149850 566002
521138 386311
28263 590290
954260 318644
408233 391715
301853 208063
952242 696946
431588 174909
528680 795899
264093 7387
474976 45076
596022 504267
416103 559582
247441 610693
945353 50550
901886 249858
541647 63929
149096 840110
670033 960768
698548 318020
811045 285882
641011 175790
691124 182889
139022 383922
438156 82196
598698 344089
680618 374486
921915 256375
127455 611175
59857 505865
745947 653827
630552 814862
281323 593703
266576 408960
486735 958976
857416 307369
741296 311825
94582 311753
394285 241181
243629 13649
853394 58932
928986 367640
984796 743891
495487 782930
736741 690075
398371 669685
282030 373085
165786 829388
295598 983431
447648 529205
448497 138140
101539 35217
829173 237835
865219 628185
223365 928764
455930 801063
789430 512996
393120 687761
585867 535469
163003 666368
83905 58355
855672 990113
670532 881108
567857 952229
873668 971392
75971 71854
516199 243359
28349 56965
852445 272289
553223 840204
975375 276253
4575 475055
861950 720293
181025 388272
11319 492582
92110 254025
398499 266131
600714 703366
840403 561894
532420 401559
83000 374532
544389 226966
141109 949013
414937 392916
247870 227343
82362 433965
587294 131186
705983 230161
75925 222570
147270 206547
974731 754784
382267 885289
880751 886058
460625 645655
326264 102082
847058 653988
590743 862951
117376 231360
14239 202672
707635 60654
456049 711794
324792 400281
963766 243511
233954 326294
467029 268294
681076 257875
651865 630148
142008 654538
147811 916048
479428 992218
216734 797025
496879 173973
898827 670890
968823 664835
407610 921951
389555 870115
582025 991286
79265 690515
322579 438650
402940 20774
707096 702902
387073 94130
348926 412915
942799 679177
323056 233795
837062 488300
758450 732080
382077 499679
297997 975403
155809 634524
746119 782759
178469 578720
194343 174120
220789 869128
249804 151779
147738 394823
457356 338703
819297 97553
915596 556672
217509 921403
25520 137524
592778 153345
194241 431273
859960 510353
6089 126330
914065 394010
567093 597486
948521 1293
615467 402491
632875 310240
937768 704931
299762 815421
706694 512403
900219 305181
248147 777216
991848 802352
138769 576208
97321 200022
58410 594736
880660 357898
436690 372216
997076 925477
251999 175119
586359 155026
695955 331656
768563 800162
994670 874476
633919 314535
36369 550709
966873 45235
907817 138223
626145 310339
222761 778831
895470 160930
960715 780197
307789 307293
429229 604619
799838 534213
858419 569168
356 848958
881523 394046
520587 554549
648906 411195
939020 847518
732438 560192
958542 560419
986215 61656
671981 888481
259547 317303
755610 107676
991675 454165
364299 314911
571146 294779
720833 280348
959401 484713
223347 442807
516441 548964
304324 612003
973703 827899
632343 515168
70907 649464
479851 495048
296817 673037
202813 27590
228925 209961
362853 169263
102947 193417
288630 187636
951249 964584
743251 439646
271001 634185
827975 719234
649289 897063
224171 405330
557766 319733
479416 512219
955913 22760
268506 798181
340521 850097
719907 568631
456773 704660
300207 143573
527600 809389
411332 513333
634139 556866
370302 352992
635035 82036
916033 481159
541413 691811
159848 953249
594461 41875
228002 639070
137880 298258
270037 641601
617512 777777
395523 300288
340229 884558
139483 884176
218876 16150
271087 543682
839498 255559
184952 193322
104359 593715
100740 196158
855497 996360
684791 883443
158688 867821
161966 253017
284275 1122
376236 96284
393407 8619
337939 988548
447630 931295
907595 720733
938524 421011
859677 444559
314877 245713
441637 909115
220137 26740
384974 913067
618219 119976
695203 129315
369499 382792
308566 645150
71670 824212
633790 407933
121048 994982
382367 482897
972716 195950
628446 893168
480682 787086
280379 746400
847308 913194
364519 939285
615943 361080
170737 720863
876548 124507
773216 244885
52905 599892
604577 873535
60235 973327
770049 544748
701140 578105
781323 445078
507939 169509
792921 353655
387158 708917
32797 524088
254305 880449
975125 192929
659713 814830
966078 479987
950587 420935
250482 133736
424190 810968
31367 263328
580695 423956
583630 457543
827039 53393
717886 20623
557979 605778
692282 590404
834595 299099
637801 606884
514455 482320
463644 732325
263804 220892
287209 482021
318071 948730
506131 996372
600545 316384
114044 202195
188758 398052
780373 318264
620200 927154
246112 118690
899662 763993
65107 380974
468172 814393
407903 254907
54233 872807
261508 831618
873748 437842
859626 845015
982875 71650
177822 294066
681901 116864
692073 633406
88636 163497
896386 368144
676997 950533
693473 316357
344116 420580
840007 328624
853236 97758
25053 141138
605220 711240
623972 647278
919843 726638
115613 479921
429676 509031
248655 398251
107659 460276
802420 677355
983316 835223
833675 78534
689178 650038
378585 329552
971673 606159
962046 248717
485668 227216
509923 353390
9085 954480
47659 356549
49936 982488
959091 801964
473619 10200
546728 203354
635151 474507
527803 377392
975985 685066
785668 796138
273853 16313
913414 791267
689640 129974
510378 87029
694955 941784
203790 80320
523568 705863
86142 735467
50375 113601
426005 283250
102899 401489
775850 562589
539362 97472
7694 646695
954726 936277
765954 963458
982715 556632
370865 976516
93338 869134
456039 838223
548573 257598
25002 299481
652482 15569
197839 334666
307399 418781
376208 696586
531143 602466
218357 331800
751163 187515
65708 21505
473182 958517
452139 623697
889389 317222
189923 482233
892851 225544
883646 113840
555405 89217
130336 114885
571327 717555
294833 70777
912550 734306
977744 112611
9344 895712
799453 639115
608397 209253
405254 881448
547767 43759
581533 371639
919403 335813
112737 216442
891546 824349
246690 35546
103610 117973
645194 184259
559146 44506
697802 264045
413606 383894
842094 144632
601904 763530
801100 182987
56475 30710
781305 638904
393257 877051
886100 579398
637170 730511
15760 624190
946888 323429
387044 325262
943405 825898
843563 112505
425371 782747
556346 856691
32234 68825
244309 806304
626920 854651
403433 420402
569066 296190
907381 30451
307153 285988
81569 217822
341422 283468
209285 209024
176349 414732
355846 408149
581441 864458
303511 133512
818330 221907
26930 970006
244894 342929
708204 753533
664247 372942
614100 582004
514966 409620
638353 682238
823123 462824
748226 246990
792829 932424
448649 395687
524971 432474
305065 152121
126045 756967
335553 662426
400376 867514
473058 136080
722277 868274
361821 402091
457725 287957
522538 213031
952189 444806
195498 451187
6851 56254
237266 429507
914165 781168
175569 143726
534942 521866
716070 837856
110138 776012
71247 257085
84443 821369
154046 836516
162523 990566
943681 980932
881666 179704
657539 895586
630468 482311
354050 490533
844377 936803
732953 373326
783411 609987
694289 435614
18842 88977
435940 899509
586676 586923
93929 286756
417728 556072
921567 865226
374446 811608
97400 157465
825793 239046
197411 158623
846769 585672
637290 525726
600440 451344
839489 393758
503598 239024
939394 844720
816334 701929
522948 339462
984873 10178
668558 816163
274993 671321
83569 525051
394428 545222
134869 789663
875980 480763
702824 349668
877347 554777
403194 241594
307771 901088
734929 573370
860926 92324
747447 847811
998386 789781
573102 856640
507894 742364
156471 454161
141278 957000
172119 142652
473842 513048
476116 248854
814216 192844
837022 967004
611003 476563
208137 733942
558585 756150
236353 184548
15366 749089
521538 966267
40529 414071
393993 806600
653618 600042
224701 646284
699262 487177
92828 818063
408647 728834
261369 513921
844286 611601
213908 18801
102113 996041
831102 996813
779556 177928
693878 738132
588155 229450
467133 187447
22966 291758
660305 73274
445071 690369
422707 61035
155418 783913
282523 852056
603660 313721
958163 512288
599003 461439
453207 488795
139914 78002
787050 503831
142232 10627
441949 238631
863669 448518
916145 50208
1339 426254
336111 962332
394249 739220
825067 154532
512968 879364
798280 194484
674211 436312
527666 882564
799697 195787
343092 288626
706619 865101
232441 465620
181328 945447
607436 871320
697399 627640
228266 330326
250611 55475
40948 960013
769411 179738
985212 916704
507420 740539
264682 169348
489701 78559
975609 964906
670660 391592
261131 395973
822494 901822
272652 526013
331043 190604
777709 935789
774042 406624
651313 200898
674218 77642
766307 327831
556549 216404
276538 52915
821720 432262
230175 464214
866153 103724
647597 51522
415524 610968
892776 785614
18998 361655
684628 855607
183839 319580
602368 262792
582792 860255
584366 455810
235064 529661
334717 403233
742122 503455
635224 781097
220221 871189
989177 723151
135482 869416
22762 502448
29399 209518
558087 610604
421360 174477
467624 706530
873484 778096
902946 936797
466981 713351
344596 58385
85028 630449
364306 496725
290879 141119
264346 932442
722453 768999
60883 671644
936918 639395
784998 185138
876310 712247
136746 261311
297273 366828
727422 87385
142450 122068
456968 229279
849533 473253
408377 290603
194360 541825
670981 279872
479375 984148
522351 386354
780613 414207
950020 322635
118668 891346
602584 684359
883105 934305
662684 165984
521122 685345
219940 109498
175397 629022
587068 78946
310773 345197
222007 92928
985990 815976
546973 684441
721588 790388
886124 544490
386208 561671
908204 774857
72701 205980
342350 734230
884673 23575
963395 794720
772703 761463
279754 66521
528544 63811
52007 983881
468702 119660
969406 762153
135840 567729
139363 73855
173654 82007
913833 731205
758138 322423
616840 361827
515362 597727
531323 703733
713196 538840
816521 210466
664623 930636
381262 435011
285933 161007
538724 950611
975093 12937
342873 369363
524091 427675
994750 982484
945240 367924
367515 285280
509334 794294
910073 934990
467694 638006
418801 41817
706368 196720
468103 459092
964032 898045
967932 458257
730075 933092
134467 790223
442177 518416
739068 390772
207297 372893
518961 194582
665388 736330
380741 575774
900728 948922
307720 744111
246650 394756
8171 23312
747473 893409
508922 195638
973349 439979
741948 756191
513251 360263
217858 495896
607102 270664
898887 879946
186766 946203
581219 691244
642779 576857
443704 726357
44717 885235
121343 313268
668743 97965
296860 240214
710577 723574
314870 519908
914651 201021
931867 596332
990799 286029
749584 883386
150040 761448
761688 960227
678487 318965
684340 77598
168947 910261
554898 558867
272128 770316
323922 526561
137620 192568
433399 954404
261038 466213
490974 963760
363227 601986
54578 176811
335624 552813
681593 640172
867362 76018
420151 274895
185526 299507
712067 758557
558377 63583
289683 663902
972323 319774
507568 432889
410119 640649
822620 274695
910946 165922
838646 371429
543337 829861
988208 352937
115742 294635
63648 821606
344003 677091
527389 107008
303402 845732
725380 976940
833642 238168
8749 811320
759660 641512
983583 922702
944782 693769
26423 537419
199375 938483
732838 467663
86460 942192
860485 86378
567323 674636
56339 362740
891920 96220
553681 889792
261683 401420
643593 897173
115766 946691
235971 708172
671110 472274
179782 174504
578733 646951
760611 461218
42713 179010
378531 353380
98629 584865
889103 623415
252044 280397
105618 111344
355040 334770
874900 353277
144686 490126
483876 275401
412392 182367
168069 577902
629553 716534
120301 178826
101656 84272
437418 231562
927428 512461
435440 707731
514931 529904
307770 807306
411462 489498
874256 637862
282570 630072
446079 905178
965292 53729
307166 253746
131432 783919
673323 278886
125392 276821
526541 180647
909722 696735
814929 118249
415418 840914
813584 452662
272829 77940
602144 742954
776893 662562
326515 339884
36172 632144
407482 164403
676315 337454
605878 406892
184787 917833
147078 658195
955637 228576
25379 940909
409466 781841
957985 769297
576664 658699
343810 609894
229378 120132
556626 368275
827709 904052
580707 281291
616904 882786
119551 454119
947299 639671
401619 476236
740701 629233
569637 991221
863579 187657
848312 384539
334625 601746
161373 822101
127867 619047
452383 602297
654248 219262
751890 827104
132949 455322
656823 918404
958723 282349
234391 544312
373773 144216
472484 371209
811277 655324
323320 137076
447391 795553
887840 956794
292226 635431
6940 273228
262964 196878
189445 361734
985277 745553
335557 520105
162727 447271
552386 565116
68320 818035
514150 334257
627843 264688
205254 972871
291222 111830
914271 247860
509849 726067
224755 509832
595120 581692
247543 909459
632130 233090
880520 486860
94132 925504
356812 435107
286775 162230
877849 309974
841681 559391
761159 166403
113720 600661
497960 281212
14293 624430
869697 896791
530635 300556
878171 240069
911354 30807
37166 367824
911395 442745
99342 872913
746373 168128
708991 610341
695587 228757
230304 220843
835734 480425
717248 319548
639892 303116
933433 263533
330869 107821
654153 56426
174706 908954
730135 391096
559608 325669
58806 795777
588819 974883
915649 357387
102523 976173
898358 608368
822980 131751
891362 809885
772835 704600
108502 777382
545621 273304
294476 881430
896702 714703
805974 107201
471769 358046
148598 316594
311562 408536
194830 292645
449837 710907
774569 683943
435132 448285
540491 225369
10233 302830
527671 230348
489427 661535
416151 601001
333296 220346
723548 118889
528424 930419
832603 322129
851885 270288
63142 886619
726816 719547
328582 94096
611337 737915
706005 211905
15869 991883
744860 814840
745359 95841
109046 310529
920871 523649
757496 18711
536424 601194
504809 112086
785763 895795
421232 437735
25877 32612
540283 942286
909894 164122
473577 713550
293663 703791
143829 14317
109799 207532
816712 468458
504126 786949
302228 182809
389629 170415
544893 665138
382692 563160
84845 336599
553379 189050
191506 624278
9783 282914
994203 506436
908582 29739
892601 197076
378766 852207
954941 496631
766089 716950
796818 878804
427336 249918
79685 585450
541792 873858
169288 359329
24366 558658
68680 799492
429954 624326
723368 234594
646703 46883
519804 721298
99361 7653
133700 372372
669135 886002
601678 114673
750690 429437
647669 896449
9051 638550
597324 298983
537770 117443
382576 13569
120616 879262
482086 895249
956851 914044
714649 536893
644023 622609
820155 281144
138999 103726
187008 593476
758855 626044
288431 850471
295985 935940
132334 125261
818739 247721
747801 978908
125715 609034
232219 114564
537088 667591
118452 6271
337396 433211
269666 108290
602811 668744
61586 169928
295915 820024
895745 994850
499615 615489
912255 749975
222934 94305
785721 518018
766371 863657
825887 367840
885153 394167
948300 216195
744959 221815
931145 929571
181181 959466
894771 581175
694482 377344
165687 451710
739620 789548
868045 624268
817370 865924
332134 850442
54975 70069
437845 288375
569810 907440
726255 770216
706234 90540
72554 875175
541140 18630
806069 516290
898817 298651
563431 51590
329886 45930
257494 316861
459913 655936
144517 66460
49129 875319
723215 363304
849313 31957
736050 328766
656899 989814
528381 805250
583975 919684
869225 399018
943677 601656
241494 65233
792419 560947
191378 806049
406662 907966
741101 370830
199579 754854
151688 869545
111277 160104
37945 557413
377376 384356
604571 197132
969323 447115
268598 831089
534818 76057
478637 851241
361526 381297
251882 490939
326500 624327
691797 669628
624289 346900
685764 9636
950094 254065
487863 188481
652779 205100
357121 962482
175395 522390
19316 858759
740675 840422
511794 235110
396655 823255
969216 130209
804204 321946
534853 172501
860367 823100
97244 315348
66111 282350
247471 280723
196163 899693
232610 459357
75390 757929
151390 590206
944568 446563
728880 152908
855076 191782
188080 52472
766717 811203
182918 335419
944998 365438
952589 946072
722060 926012
618326 111242
906917 715746
406849 615557
615849 402119
373620 625292
66215 206760
645565 471899
909575 130656
249903 853793
305084 179067
236204 176671
439072 164268
43568 22842
365183 796518
804261 574378
908945 152215
354019 762231
672019 516941
564713 15914
415150 686366
799054 327970
307230 62698
463703 314007
455506 426373
969150 67186
585688 326589
268231 797345
674576 298055
570923 77269
532460 165050
556340 340884
706499 862793
765492 450714
197686 374633
792113 153907
239828 396112
87064 676322
154790 139367
839730 130863
925578 846586
250620 418904
436189 815547
192813 421810
540818 414048
887090 808802
690351 504341
781398 698072
688312 462628
594133 884393
398881 685356
799297 346801
921263 673580
387598 865648
484326 690695
243032 599846
991015 598640
423314 936320
860415 520513
609881 975479
941360 47851
443226 710846
14396 161215
80851 407461
646188 290033
506419 440274
41507 232474
612564 526581
372212 84877
604789 952677
276780 235236
911560 58201
337493 653280
561844 670876
961623 946714
777035 145260
663624 601543
185031 579862
573637 157285
822841 581068
9140 945573
739266 884488
413304 464655
380540 855645
892555 135555
906040 600079
395084 438969
375000 784925
343156 225201
432391 76023
94778 429369
54896 127918
808147 627198
659287 855459
730930 722487
490806 843827
406300 600021
303481 608777
452131 420076
87435 652059
921967 542172
242281 224541
14110 934429
242035 390263
126629 428691
464887 758396
9581 377234
436434 364040
714168 901117
29003 865532
538365 482023
105585 462762
870703 853501
733177 354700
213459 16120
182699 424980
815968 187553
132110 716990
481762 703780
757447 109751
124552 161044
938804 813427
994776 213048
992107 353317
200391 276107
663695 611515
863325 642311
210643 608964
909362 278448
308731 420715
665366 798201
481678 685410
860886 429928
165392 827279
923432 218635
794398 404439
223698 700545
601869 41845
395207 726278
623372 444227
771919 639921
805012 701539
624470 722689
978353 401925
191463 394780
769347 247402
830580 988742
538457 43019
338003 619685
134478 29522
560533 791739
77186 461775
864311 135451
425539 53165
485691 727688
257494 121891
874847 778241
830580 638573
38430 526187
92331 699315
152276 689911
202781 690960
951984 159503
660249 580683
680430 633576
943552 659537
367306 485134
155372 871415
846658 102941
76322 938758
699082 751083
687678 317206
922295 39745
801856 735689
123624 43925
76980 986230
120920 816435
936970 15541
644702 369534
137848 162485
146473 806452
242204 177521
626895 890403
640399 385025
114013 200559
815968 54658
793405 826534
363651 846705
110663 352477
844291 910743
418431 815945
362659 41157
619087 118358
864304 951539
439796 896376
837233 306836
849737 685459
249400 445431
489402 641442
501978 77736
237818 939639
628366 398480
854027 997783
978961 219001
344232 155278
258042 199038
559706 774010
203274 68758
65438 698631
652309 831350
171883 609891
241664 258961
143497 348997
150239 934977
883233 24515
39543 58982
593720 121178
104714 942033
283731 221901
324256 501181
881569 138088
437150 385215
404491 758471
788890 747591
753876 629820
23626 6002
712229 205071
183512 357384
882920 921185
401397 930337
458751 409929
494717 420590
37285 985393
881797 122151
194500 719323
269582 158772
978947 33703
171052 897350
824690 854848
661915 590458
708561 947537
728888 922906
608592 316651
604792 179051
525406 775051
210978 432609
361366 532486
194138 776251
508477 458035
946201 275560
706626 383322
557342 473609
200244 870888
926647 372553
195978 504602
843154 762072
74033 380083
873482 611591
123474 29241
846358 358887
930377 734532
661895 565682
499231 425699
74033 572230
499636 838488
933753 461252
761545 548969
365316 269144
999336 378073
361911 295580
971185 581443
429542 942261
161260 164396
556622 505536
703402 37095
177144 593504
384184 891649
757903 668192
804120 531983
244666 575097
200312 611037
227626 124240
514618 495442
907251 199982
575897 378624
944926 491207
123941 772214
847551 199409
902541 844117
991555 705275
594561 253101
687274 27394
446844 870267
729290 417284
344170 740814
983892 540305
243514 238165
846240 23172
160044 552440
961938 354213
859695 371496
629860 761139
492775 18788
658246 224360
490989 604806
90596 689191
132078 418662
928140 15984
528101 575292
981973 461688
342453 672487
99170 616577
245466 210463
774590 471641
320010 940406
693620 442952
139998 314881
791983 359068
762317 957758
154303 526333
465024 16905
821415 991229
292895 607544
885870 112630
946118 256674
806763 675866
835347 49126
279123 977206
457859 168257
400239 509936
748046 491173
79224 316486
402629 936956
780023 782449
197882 163780
929798 892397
302170 588352
316707 818493
81404 295731
383930 608958
612379 945649
854277 882069
83964 372482
810380 412723
296061 54736
417031 451920
305205 86798
92183 83672
978973 381005
544184 692487
579642 274958
371913 102831
519657 737333
204178 342102
794266 478273
680086 261650
61743 940588
865477 822113
500721 357643
562500 956000
653058 907791
825800 888904
171834 200719
655791 100247
934815 239026
293631 58205
127334 662990
657824 338794
996189 6263
935145 780592
985004 418124
775379 597832
153469 1551
231854 219587
734337 205119
46854 501277
643980 543764
876146 400373
254545 540043
875658 892616
241581 193042
791038 611484
323727 964995
800361 471933
116409 880566
55880 373221
531679 450560
807209 803289
637735 735622
280683 702185
168937 327914
310438 697540
161205 720688
946912 379442
813728 687406
458918 940202
908482 153319
143344 497417
616007 390637
73450 248622
204313 237114
10103 380622
999592 896711
556890 704613
63912 288872
226920 287780
559887 210221
295490 354194
586380 866152
352350 792205
111898 360219
769144 97214
991079 437706
499772 704139
589103 267527
464923 476246
812170 892404
533720 753285
463086 117249
953782 393907
193045 741532
966324 501077
276443 780664
522878 995530
825857 571325
650297 936816
987799 48403
949100 935731
31462 619163
248173 697389
387140 314106
424371 264075
44868 284157
541303 606833
315882 610248
395555 244969
260953 342936
154479 808391
426190 310519
928527 932603
824567 157470
785521 110556
706954 517715
34681 229651
423834 383476
965339 808579
39848 982836
144426 116371
193624 34466
381634 122315
223136 6670
116970 616442
805719 569923
587258 261343
141004 502580
192428 928330
789154 775080
521750 100780
307057 917068
109628 312584
1923 991864
414650 586066
154050 913476
807956 634442
414044 294656
905861 651824
260701 781803
486526 52596
949588 972202
185119 539183
601991 849176
279214 70626
337477 457616
921627 299144
928021 450713
457133 498753
182436 823896
438990 873469
978805 51664
286794 840519
66004 199024
907389 149059
652493 118003
671680 356940
102482 414150
303148 845673
180818 876267
206632 98794
676709 708620
477032 196111
185853 250881
889025 343106
300995 469686
960152 564415
545776 948656
595446 704268
459083 907783
620971 686875
293568 650367
105940 349659
220611 912806
801121 983833
19154 405885
691398 437121
942039 534021
316469 133632
478449 837718
182316 510275
158392 64010
655483 872843
729679 187653
190179 257044
338817 21722
105826 923813
61414 390552
146021 26585
315771 445004
292026 822741
524564 914790
715860 167637
320040 190869
994446 136615
438659 334036
129465 41828
166942 169308
194255 388212
66404 608214
541895 820501
828251 142761
765331 336087
625496 119153
378024 882021
77911 983379
15136 802965
202577 245574
50129 630624
245106 134376
109997 902754
793506 391438
797276 27425
819388 843565
505098 242228
202037 655522
525111 299893
898720 205772
387121 611858
423199 166540
175614 562837
6367 881983
414248 674518
35847 285616
585500 168198
805519 770492
690806 923015
695583 496795
226340 763084
920247 28947
587817 567461
412101 120346
113394 207684
778043 367997
560286 935692
144464 141457
43194 697663
943016 402528
211969 780207
548721 641429
673847 755703
197461 725772
576852 293023
374661 621457
728180 627646
436956 622616
308892 496471
103138 248842
288675 632045
841340 119246
764402 65873
781352 985496
846651 175585
63393 492188
713914 331469
135629 364403
843873 558176
306460 468330
205891 720659
898980 716863
791867 287354
935584 945971
563102 590750
486428 147950
796828 111128
911793 948456
485643 989011
835110 329648
509959 230636
837457 975313
480010 665695
310999 973397
725417 53699
277667 255629
907548 415683
256825 897823
747920 877918
853913 267463
245678 757248
988624 21980
865418 52213
736160 754774
198390 193724
431993 709467
733524 44178
905767 554441
850828 592134
732446 523963
53628 46838
343647 152403
323294 427561
683099 580363
577766 664871
111019 359559
526907 651135
51493 871611
394116 450019
908044 91385
50704 559609
276267 222661
406319 969059
292268 689649
654005 484990
44677 387420
829615 437068
180951 720738
542436 729596
351502 129326
983352 307791
821253 583465
244407 845873
385 895644
717555 831431
194150 345873
556347 680596
514460 66032
690916 497526
154664 128680
594763 40276
687139 857848
211110 335113
531655 331049
202023 419904
789115 20679
356393 864899
633886 751954
272395 53019
732977 307601
860928 296382
952831 994291
755551 108367
306531 863149
472967 380339
5949 479429
826690 272300
633450 64329
519234 808540
524189 86603
685143 625986
918732 51165
179826 138093
124355 698630
17806 757520
456954 98088
556076 690435
476603 387996
293170 61073
912412 488132
884023 249227
263507 433169
36146 436777
518353 722965
336913 738903
933773 677206
64680 696006
295595 903333
742061 968687
737275 280723
926934 505378
348640 593673
273434 858575
441101 802120
637707 544325
33377 456641
977647 178497
760136 748815
402286 424216
384718 511520
867341 413912
831250 498587
859673 314791
220625 699951
198319 755849
18877 659227
913159 220997
974379 82209
24102 356530
376783 756958
700975 804676
603744 571790
152682 818082
398405 896119
832919 587304
235957 44807
413169 2728
77543 870567
852107 242932
70049 85183
990856 681129
717575 13972
651162 583322
203604 136788
11511 658501
562947 562881
205905 523001
496728 988638
259007 847193
988886 518153
876445 800180
7727 870331
810564 721785
946331 821367
266630 444214
897531 771922
480796 74422
325630 122956
369732 112932
149714 21225
351329 269879
398914 138656
743338 923193
447503 326522
345267 808326
304561 479291
497953 728238
573334 512914
818887 26765
539391 563700
608584 18797
12004 8511
821424 417915
256240 142505
589941 127243
858355 744604
683203 699793
295731 394234
3149 7991
690296 164917
775553 536208
339171 191565
41108 236582
808057 516563
562471 980553
637728 860584
894436 819265
407303 424209
169888 643820
461774 732804
101071 520354
558168 342528
791237 29947
587956 569626
201701 506581
907891 363721
812210 908711
835355 719062
701958 351804
713683 786666
619657 61790
481570 341017
34024 73261
483634 336669
71905 512652
163838 327473
733406 952268
204356 404504
73145 316980
133810 522054
757283 77346
238521 845340
126579 186923
294138 4544
329538 702144
141065 21766
202206 963022
313296 944497
907356 158974
341470 633247
785417 48136
858461 141763
852992 75304
982280 479258
543531 596389
278312 307350
60235 978106
17688 233241
13536 951662
668757 847651
955488 948232
770134 837934
562430 283267
478428 947915
31077 396816
872881 779163
883030 815390
286956 189420
936681 29
469752 494227
978810 623360
359729 654229
320437 968266
605901 907660
565163 948071
323932 969988
869908 925246
13313 949120
579972 625187
103682 558442
338296 440946
101775 838873
2289 710109
688717 625910
478879 473396
753665 722595
389395 566098
892906 909672
868712 808200
42295 458607
237388 472578
540438 504306
780088 928297
473907 340106
851400 429179
417610 6157
775718 577170
89104 779024
144523 381690
579132 893656
560481 805031
886254 508882
588064 98433
716978 817523
722038 196605
324385 662076
400100 418726
210794 934486
622617 915501
146911 480722
39469 214502
915429 234249
510697 12597
803234 562342
241402 341955
907084 157104
636758 504262
992349 232221
869454 117501
605581 776974
833181 885749
163836 815529
751527 70890
664392 551688
73203 590366
902647 485465
641005 595601
999234 603568
295440 232190
25945 213337
589554 602465
63615 138382
987788 330033
60950 746232
443699 156463
472764 621102
780925 517151
355341 868904
934921 812058
477201 765326
38147 340440
22991 41859
448253 136506
477515 213294
438361 639396
93363 735797
226350 794437
290974 529250
846474 76417
824351 222056
719066 240906
323716 265187
481543 488874
908580 267603
720809 658589
316703 892292
683379 760606
225687 253252
521331 571756
229753 689861
355348 988566
636086 633487
375000 718358
835882 945450
478842 588039
649000 159117
25708 323646
496655 454311
576480 155594
662275 762510
296286 650276
943928 491644
919304 465943
290223 847337
29643 298096
517564 313927
526107 756619
617446 301732
943244 961081
162048 861575
426457 501958
341053 556036
846316 88084
351029 373980
735870 111883
725480 396607
303280 804865
852805 361532
611909 385932
637718 881155
422546 35382
277136 198297
729708 407040
666639 842818
267609 545863
826501 440320
469834 755200
2613 538564
396601 988175
418880 462679
858028 388269
163003 681757
429578 934531
589539 634086
546928 915628
617615 504137
670596 772995
177445 575452
616770 771567
372509 295661
956940 696544
59112 114149
110639 261451
375088 726953
847333 544095
741285 476663
603763 65064
498357 127366
801828 741913
329236 462041
395819 562687
713284 651487
115544 636129
929054 676756
464106 330004
822193 221468
731933 640876
982700 662845
504637 380999
663217 119214
995800 568662
684421 932138
100817 873747
852895 223981
184529 714789
942038 6241
716988 299634
83326 373804
722640 656890
574937 791362
12394 548112
896174 30023
691552 421147
181260 530067
57416 442369
237228 123303
623075 940972
241165 818663
187346 780422
548468 883085
833107 650878
598879 818001
681777 35091
349201 354996
87191 400930
847229 959977
382521 715949
924073 385268
465462 458404
740077 510878
577490 906262
258140 346107
415561 550115
42518 115561
898246 188736
273124 301013
291115 665820
507086 851442
412539 673683
330344 49673
748662 247708
755417 427110
632935 34879
8188 638462
406155 891969
649586 128101
771493 219732
686596 190382
329506 254141
734798 326117
310430 81241
17934 979816
330013 412396
758628 452393
387047 833870
117664 58099
660354 994450
67669 819219
511230 127818
997832 627190
645941 735957
601560 233949
36311 677711
315143 47347
194485 730816
678699 712921
422075 831551
348840 66770
891236 801841
828764 62336
551498 38886
782662 676052
419172 118236
861064 973863
744034 854648
684716 604112
811966 46399
732883 866703
181003 777184
578767 308125
671698 689018
724090 237469
219082 996158
322685 478843
810006 530468
859642 214784
116626 566525
638049 162012
888054 966789
402501 267535
610282 881328
924953 388832
390562 540793
445840 38259
32044 784782
742851 31953
717106 231218
566533 836173
112997 107304
483237 341481
839393 697407
98244 550516
206113 52303
244947 307616
414995 904869
383410 154873
5217 987591
322023 517590
303361 892437
35547 615428
458192 62290
878406 48989
852516 886272
478365 167773
872802 517288
281304 150952
947761 545918
623553 961154
278899 983739
661707 34618
574520 689593
932433 741562
511973 478055
162535 978924
918899 736824
207563 330169
620810 908618
251908 295284
297436 238417
245396 745718
697193 166749
550684 798928
339141 796844
167 384795
170651 574350
905633 955616
155703 585749
20115 935755
676764 561136
827769 509789
756572 628243
597348 787399
618082 648391
533953 556710
384380 700480
112063 865966
500939 305434
378337 509254
895338 388457
783383 273578
268709 994826
183573 182658
333953 728115
123035 894769
332866 160475
145517 361792
782678 185152
290207 159007
213019 511477
199805 34703
112721 87471
50234 803473
737922 124372
524547 516808
263480 159119
964798 596529
120871 437580
362304 187765
271973 267638
91764 808382
252676 164269
546040 253529
15610 363698
826809 260370
738250 311449
605164 687615
60827 345717
717413 58073
940613 597757
791407 526236
583785 351006
929868 899414
441965 486493
69542 82099
847820 201743
690626 316808
59787 166145
305248 173082
117813 47589
922611 792183
221428 766263
474294 512355
225978 938643
223555 204466
193226 600125
524231 263281
462107 131013
207023 935517
479815 672460
184881 703700
181833 953946
829111 479231
442003 671280
505143 500040
496730 434674
600487 423674
403563 155098
975035 282347
168015 52703
186121 897804
678999 462848
131303 63833
769234 649087
886387 467591
734121 261485
194314 171581
582675 93221
857310 696821
224903 761912
357672 824187
132114 792638
88860 898854
278486 559799
530646 488748
455458 758921
582558 480640
316981 152265
336795 313064
509089 30198
383542 903933
89307 238472
410891 195022
870489 360826
760183 244109
751391 549352
221072 542225
778671 736237
426090 244577
601993 45992
307108 57728
462353 544174
145040 618557
452093 198257
36604 954463
140374 60769
130509 802708
363303 456088
112920 254379
262146 85918
906907 325834
519786 520225
362471 36830
944401 582064
219515 465227
132951 276945
919893 764945
286178 590914
867000 477762
419074 34896
718374 139388
13880 125630
531945 934441
606451 951918
279706 688698
456927 177749
250630 801160
987692 319276
819492 170071
616897 570271
153068 690013
419831 737178
230760 440785
624001 662941
899076 633583
802335 606421
968663 196191
726020 554919
83791 745425
862594 33953
397833 818870
569123 40439
177913 435369
247266 613169
923490 759651
621095 281177
136646 560485
65899 482847
647796 474474
563736 254842
250245 730248
362637 929999
774797 70675
630293 274913
153513 896018
248083 658613
608398 446307
262997 119529
339748 554422
343974 667026
153408 275703
916094 344204
827655 372138
182455 908420
515410 157765
461809 34192
945718 483913
290976 880196
198852 373901
748024 339549
448369 478571
875913 621294
131096 535733
391108 423850
264820 33174
687012 218975
938298 817359
399938 965501
307298 426185
115522 59299
658033 289954
899934 532595
223469 609234
248821 323217
842426 599174
10029 760709
419043 430538
992839 269281
131782 772299
567325 921241
706086 470595
317126 855303
647143 732971
188756 797720
230284 324394
658566 758520
185804 463257
371371 964540
372010 681690
993935 993522
962198 770569
836481 460290
705008 760177
931776 415249
298267 792201
718126 482863
109670 458663
999193 4126
635434 365585
335182 934284
948776 884647
732913 580789
331541 209063
594744 244290
451140 346697
604680 892481
806571 286967
208174 603019
808148 83368
891271 897050
947592 210087
372181 267738
744077 959362
552929 259089
314551 330347
702197 716176
29504 278532
729481 356436
272598 564948
271394 629760
803008 914263
725611 801850
518786 122114
716450 156778
602178 933611
384714 996310
108150 224993
596599 642743
632313 99075
25544 833258
124807 759966
33721 61051
924660 263522
971947 949994
234407 164015
311835 662351
716017 904161
930795 260402
485802 687414
460556 86320
710324 62448
975771 282649
376436 429341
118691 557636
722116 960224
397076 839737
493602 198455
797978 17349
761178 118569
536658 899629
251880 317731
896198 5505
945374 838863
728376 614638
68612 443468
990825 843267
912411 293231
502397 896481
341256 583672
580531 476432
830890 799790
192794 48086
960739 237943
840204 970601
146583 753563
610304 359883
711054 667887
478710 95344
380125 412217
195607 921291
882033 818641
84140 708757
111761 110281
224244 551648
309803 326449
601075 613378
548679 730672
113587 72220
989088 411964
115079 319637
356251 724913
719657 207706
448945 55678
460713 741729
43072 432574
464511 80349
81414 898912
247345 710723
96228 687145
831742 769118
965379 575514
36612 633729
238082 289275
595579 550730
277828 374
2109 805938
399040 427093
918218 374522
769757 457481
371650 636309
11813 81520
525876 522902
674714 384484
969533 86102
302957 919647
241426 555578
997358 256549
607468 987914
260604 106630
332779 735629
430572 343712
964348 155990
997304 556227
566013 626546
667549 449198
182973 397698
105977 973281
400649 492152
202821 951995
158051 260138
770264 887497
524600 243102
143299 74695
706320 239900
363709 68704
466451 424138
826405 884625
721471 586882
700909 899403
305471 661307
223070 162481
990066 229765
868619 629137
906164 347950
356727 588320
162678 615716
301239 732078
619422 938919
913301 468715
454564 23010
95775 664525
670892 882116
995528 356861
588709 945712
26306 645092
845453 343865
832661 396982
13152 806218
757308 345795
892581 128986
271677 796136
52249 572359
791302 931351
395726 555449
379850 76555
60061 924530
901442 194416
426313 387136
304758 151419
147523 6135
511374 424274
550186 912703
504639 445258
562441 405614
192918 218456
790463 286040
417663 553439
853476 770180
396799 659355
708044 131141
545381 591255
766176 432702
379981 652473
192514 257652
78532 120421
487866 530837
65245 222417
111535 451370
944977 716136
710217 722875
461860 946342
597133 640273
678064 890435
108472 9530
815461 54967
818774 23156
251317 898983
436038 300601
134526 429943
537031 619520
549942 696996
376318 475966
343080 763024
15839 131694
57069 933557
429763 504322
420861 118997
776677 854352
749522 675983
896854 914380
321040 977797
633753 23717
508817 636533
471880 493783
185723 638568
704268 176442
250643 141888
172934 163192
204686 613876
778395 754648
496090 822130
374365 33281
500976 889152
140842 558012
135082 422666
168917 688693
369888 859638
28685 247640
520737 219039
858846 162880
455745 676872
249872 491924
731841 852350
855093 728979
43275 133472
262191 142517
139235 735986
135008 857357
41595 94701
961083 625702
237669 456183
111442 912681
108029 97869
224133 449035
955350 163513
482701 8465
536780 401854
324214 699510
964833 597548
959198 720062
579867 332628
325869 18324
262915 688152
371949 303061
288958 838456
875943 435420
800130 52729
86541 857314
20166 251369
884924 704215
768924 573167
198718 371170
673876 572923
504422 973523
671059 147973
37508 37349
742933 604652
643245 578036
645838 659679
88351 768927
40167 94241
891446 982188
629580 140280
213563 711730
43581 177222
90466 586595
576268 374607
492262 859571
793725 738560
103578 905915
863242 856395
388391 600398
17061 958555
651770 485238
440993 867901
456658 883602
787619 229546
261695 298083
27194 896170
305079 137434
632452 820655
86691 575266
148162 444579
906672 366786
662154 248216
785849 446481
919830 485538
163558 364013
593180 104794
333652 451082
996637 53684
923786 480821
816559 886759
625553 835371
140602 967296
319154 174603
897324 613306
359824 193233
706635 735826
109979 218041
262733 204376
71949 940610
40069 138183
42131 176005
19965 494793
41507 554584
479652 39652
41273 494982
199987 94381
454972 300608
34644 663596
292734 548205
32626 608541
99759 273871
197411 160647
662729 981436
110389 399564
759392 591788
748644 621295
234475 121148
517361 330513
928411 645865
506501 908509
892294 12500
364982 746034
760081 643079
771997 314525
388005 516516
154776 160671
594147 27291
525486 164808
599465 663180
211245 447813
46637 608937
699539 666335
438211 567053
311993 470084
207223 838111
79667 96507
323431 791710
793218 887262
499280 420438
241621 529502
636222 571400
679118 442317
179209 380085
254240 600269
56246 383758
146897 890320
534988 492811
511010 199973
321939 277493
280442 55844
686936 549409
75113 359978
225018 905188
114904 175080
921793 237232
763822 949191
227844 729027
427116 709983
471083 289617
114462 948444
314735 456074
740571 380787
861612 818977
728194 295406
475940 518102
616615 732907
564956 933230
200803 714917
746365 356761
585311 789412
654065 895935
856633 719658
469317 131382
915162 928586
9891 316616
113895 54973
391681 504287
657738 566108
868149 871770
824149 866632
951740 193392
210509 87028
334991 238115
848402 638874
31715 643293
198836 284875
561664 993495
107192 422892
918355 93477
868351 588037
646623 546164
440176 991526
847893 252255
719809 54842
916703 347794
798218 392988
216385 646125
538925 873236
609287 553888
889705 751675
64556 223951
275377 231893
517242 321004
804772 186855
718234 644420
439940 216496
789602 946169
483684 464557
895171 226473
33010 3775
15077 900541
451402 456493
500555 776493
639861 46732
554343 258350
344301 362614
109336 1382
977166 223732
888400 630766
401893 551181
120966 623824
516880 487649
89486 16109
124142 776288
745695 302629
559758 224774
210191 729287
134932 379969
285706 355392
894445 907597
831242 254730
604806 688991
798980 90749
776712 796866
433293 371817
334339 572467
407619 287001
438727 951010
671948 340472
958336 612174
703668 991626
283534 980047
6545 301265
126929 945954
611646 284861
245663 363216
969541 222501
594483 472278
596995 25073
412546 609397
592412 850401
362571 599735
388574 646009
186551 289700
423865 947721
839817 680984
846793 320294
393527 797326
163039 708489
941392 609658
570806 749869
778674 789686
208513 159889
393471 375402
767659 456135
937334 86263
267291 933692
519174 977390
808679 467422
413448 630480
573363 770066
743052 708028
404997 565867
991053 266496
216227 245681
244428 706718
991652 358752
704255 377153
411227 229914
529395 624731
749566 47989
664194 329977
847147 722684
178264 436433
403007 367151
593560 701180
955428 489077
504218 591591
708001 153471
579575 920626
568963 506958
265078 231692
141480 605896
261562 501681
353631 505440
996017 860710
941095 2766
614957 862929
843033 388631
343360 893433
267473 18035
125946 806485
944305 775682
270982 56097
65557 166779
991872 169981
702733 666576
514264 935479
366064 250823
665910 969704
343873 799596
367083 323244
303595 165811
286171 979623
462551 991070
796223 959957
661196 989773
146571 29256
77097 377848
129564 168578
101689 791746
241630 976533
308758 563257
353526 218306
142643 820339
779773 22381
786684 497022
526382 986469
555243 944886
474013 981711
142117 106049
413782 104572
197137 561336
170027 291248
286548 955743
351128 971769
724749 105974
343364 476773
944959 158489
914493 716084
218877 484560
97728 24043
324382 111583
997478 906870
514993 658548
323520 115426
808893 690565
666516 435359
446607 897555
243132 936163
755539 532761
520540 108324
207443 760268
961131 185394
810138 454459
104976 154230
751785 599380
191785 405966
797981 640824
916430 223493
541001 910884
305179 396566
529505 473515
637925 383115
114607 409315
431939 45872
758294 972667
675318 250816
253484 441530
618044 308241
935595 105759
961222 142211
289890 187
411454 523579
431864 398072
666903 195906
184492 942963
213566 734856
273166 300934
350388 630921
561842 899106
220711 540338
726667 998174
550426 648000
846591 292558
799839 923896
927746 287031
858235 132800
180506 586428
956514 541973
885071 970436
548249 230240
394008 13480
551305 53474
419979 825727
176888 42668
596896 988685
7241 573124
138192 915349
273189 893892
926969 42463
310279 805650
161664 497774
532212 333449
630078 220552
581343 627633
562588 537687
43699 889155
811778 517802
175716 357864
932426 251791
194229 68047
607631 864587
762812 236464
583053 453959
65000 18371
202351 763600
155882 82149
736430 972737
567883 51715
57801 390780
913405 918182
391844 302568
357799 505898
614142 495396
266417 512027
565272 916665
264696 480933
501914 334939
595259 7093
402126 849300
551579 557529
883428 520373
879935 414057
169900 357239
399210 840865
779785 12726
542719 660622
414276 636214
661484 714864
237753 205453
326442 425437
468647 340849
257711 586604
624176 487793
264228 332821
877755 254749
197466 992937
227370 56113
221634 699392
614859 374085
416297 680638
744552 852336
933973 971153
191522 688659
403162 694852
110784 196989
114022 363798
361371 891621
962067 594193
890095 954438
541116 755454
977156 662861
362779 680882
900411 338388
374712 286368
36003 683203
502502 385661
521787 524173
134397 432886
351424 711992
667663 918198
621242 830000
376251 685494
31928 899469
340106 426394
701437 99624
200333 606218
710612 227304
294423 155667
449953 844051
832491 916470
815073 621107
770405 789492
638615 777578
538910 860376
401285 283106
604269 135057
368043 717939
128575 122117
68180 789481
336978 32851
699578 779508
369060 206944
497343 865664
539024 247476
244155 731773
871378 334235
253502 26685
886402 161258
449902 64628
709042 498759
654362 455097
52939 577473
789148 490959
745915 160827
659781 215989
83070 12460
600014 305630
459530 786100
552084 431809
564045 197723
546555 108697
500143 712645
864070 37543
778116 672346
627973 62097
115277 703165
909328 490437
252514 231682
205445 640897
972084 248122
114308 721021
229978 527500
949341 922622
117111 587132
548641 418185
194092 616199
701920 270074
688771 374936
348993 904276
330273 111884
549387 148138
385142 68400
951479 475762
989816 918909
218824 897465
458676 410477
909927 819365
253295 969019
592217 550812
433024 827593
549526 16418
521906 56947
194124 145321
362431 866951
114233 376576
965632 375814
234970 565051
245944 844474
130391 283801
779360 138929
292048 400389
557082 463201
233251 504748
836619 495330
219921 310333
826064 898071
587221 815440
56556 675160
676362 204735
118045 298382
558134 250699
241156 103406
93788 807277
232071 817548
419363 325244
888785 457246
703391 670077
254632 634807
276582 436308
516902 951234
651685 579340
893905 183712
286443 492029
638087 380929
340628 653427
126946 543691
628286 535999
515792 636033
656816 795125
895674 139971
64548 920867
796058 967390
426516 610582
766836 445859
326512 387829
959997 703545
376854 27061
216308 664209
782285 332458
900639 186216
396993 637509
869227 202993
426858 210942
358620 162022
224064 102760
309684 159209
285500 360494
907775 234755
638670 869806
315542 409665
759626 854823
574657 997842
285485 61338
107276 22221
790879 966429
222915 180650
735333 957215
359458 205577
304379 909701
116621 713175
82950 965773
933472 881111
569868 662999
659906 953453
688836 712537
498446 253502
268547 897226
757957 740287
904812 707435
905029 875379
789021 941765
195401 549144
45105 342682
664880 57014
995901 764140
682562 361593
469393 201085
941443 912288
932038 673995
112378 211528
399502 144295
531843 953496
16436 245646
426589 142967
100045 778502
544969 128348
54984 575241
823232 390125
673452 667938
277384 732586
876911 76466
615341 872788
304624 492962
122424 145427
241190 384944
198495 724807
221838 103781
572289 869147
491591 274666
507839 294972
333963 537526
276658 308771
307758 336811
767504 115695
186381 171147
547667 503144
711524 73740
869373 688486
893010 616878
672289 648175
859739 43400
209816 49491
445532 27372
813408 30145
87996 625599
431348 376393
516363 937598
421033 183596
148818 725604
394082 147130
314565 961281
881802 949452
250786 437410
503318 305254
284211 154567
136136 605965
553899 656115
376290 488547
289397 872365
918853 42856
233185 453242
790060 10441
26245 606303
132017 910639
407338 346431
211066 513755
858720 794735
431957 765526
811181 371274
550020 335790
314695 299620
632908 239411
999251 360747
349675 213211
20405 935702
716081 929291
292881 74963
764347 475718
194084 832510
876283 734533
986149 271762
153751 633511
861211 239007
812605 103302
644843 797519
944240 364771
328334 529075
475071 875899
521195 536363
745290 711545
656991 779985
664936 60785
713684 133056
445863 703090
482304 224033
855361 923405
190388 483561
819431 3265
167742 903713
227000 228607
701808 507069
223612 946513
732826 341003
955713 470080
303636 734918
842672 103687
500537 996125
443237 255095
914969 656800
499312 990742
116251 259793
733408 999267
343682 722642
327756 669507
607199 50669
471657 137974
702596 550170
145946 8791
163836 581642
866673 354895
35873 558677
111456 357177
196145 598501
2626 854065
679107 119313
226734 891930
895164 218167
372570 454050
91061 577579
550396 564115
950876 697821
914103 353299
967066 288567
828663 715398
42565 848229
224304 967603
336547 683303
105439 597192
192291 362591
718315 376661
688779 525565
84397 460925
616333 651489
232366 684363
451368 631891
568881 30410
169340 804856
271891 17003
499541 50477
350446 456301
707438 782709
865403 523094
667713 259939
715279 240560
748472 582572
174980 565710
679463 821570
566967 828049
458886 641306
802409 539980
543270 517872
813583 766305
993360 307333
329214 106822
603566 790654
540009 623529
9382 154149
937745 65425
275659 683725
154750 765903
530824 968876
806829 118480
297059 194345
593104 421710
58497 700220
161509 381095
662130 738229
427561 415275
783195 331338
721597 461514
532754 488605
596144 958957
500050 292757
90693 44296
843427 806529
519599 674576
192176 305891
183840 23724
519421 627930
300206 311014
591555 120069
140817 13861
641476 354977
527219 822218
941645 152154
293017 669525
738922 755087
576307 594993
698178 924319
85553 196017
696240 593926
927966 368494
148987 861375
466188 574388
524671 757046
475856 429026
221063 763135
231219 927426
104294 83531
919127 59136
318334 222767
790461 131199
275888 227073
999382 631663
787164 456247
89973 927600
610662 152136
373335 269805
420603 374417
551981 444944
587273 763117
371794 391187
397087 485087
72185 319051
899827 225635
678099 593699
49120 516880
685500 357613
338449 236287
469882 83268
274448 960829
794074 730118
537256 620113
248427 852643
667725 473350
925954 991551
713681 122011
21103 627631
637032 98971
326245 350531
865664 257510
22743 127764
719448 957485
164529 226702
477490 403176
647718 787803
853882 161673
873753 641011
71502 614075
289800 195042
738149 733607
242352 740906
444246 632703
951778 213407
350015 78648
115942 454391
43109 964761
406346 731986
907257 942782
647292 628236
458059 105445
684973 288201
557783 532694
231794 595694
686381 705268
121444 446457
754087 188363
348539 36731
23467 313866
871817 5303
625359 872102
704560 988520
737024 186916
208986 540397
545948 116579
557169 860160
58104 539819
900453 704109
593785 481729
872518 219379
98165 524992
917167 927169
694057 170570
878257 821520
357890 357410
170034 260767
288676 558248
997025 943978
104090 779132
177788 210158
630791 651534
589103 789904
643471 494512
92381 143715
631393 381285
543047 435491
349349 623167
713603 235469
117645 152432
723322 514718
496745 848138
59638 675306
879652 696319
593418 53046
792731 467354
357038 246683
763429 434227
799317 423712
461927 60644
941180 587679
398000 787055
215583 393984
998497 728106
455280 810664
974176 12715
775501 331478
610241 500444
430579 921248
788815 911729
480887 304715
181095 52959
447048 882816
320190 458771
491589 55527
453480 786733
585444 753011
353288 651132
259048 516400
366946 759802
568027 677816
806081 168996
991903 479106
639845 909421
312115 547352
933002 347923
962814 47272
180604 256922
220874 114110
292544 648880
681239 768196
739113 184049
425647 764275
780100 405329
16800 725708
681267 267348
715521 239346
937664 877182
561461 279448
879253 344123
726853 929865
1483 780549
452203 194223
691119 215823
18769 319201
659667 486400
41981 199655
971815 926995
73064 683174
46143 379143
817392 27631
471472 553043
400658 455895
883165 349827
218024 112122
149086 126721
226751 338164
921542 653930
997645 943558
624413 781184
821076 649081
977453 567397
586090 777035
799566 256920
768349 482908
194738 647532
513635 774913
893887 300509
542187 141882
875977 75384
58175 168120
516788 485492
49374 317381
21170 13443
390213 300485
9173 715599
141050 320285
384652 612316
599720 874755
129169 740579
435965 559337
567669 724528
814850 102558
124737 265276
800375 851338
975922 258430
466823 957788
863744 938807
201447 843052
435216 209457
896259 62188
265932 126715
612643 805804
668795 17964
529962 421020
467739 214655
674217 982629
936473 470020
201065 617447
84943 792719
509809 54902
76948 386989
184165 406025
160179 494438
493051 632808
88012 63779
1888 360376
731139 14115
387071 398699
342322 711107
878001 541737
560123 782001
936887 956754
377194 897599
627717 32319
467086 712010
322273 609557
488736 727022
569950 666456
191585 307792
582911 230639
681845 852631
137662 974858
713638 656758
824347 385358
870973 652049
629859 39652
320285 531125
554550 968127
663935 685860
868225 135467
757337 413164
432731 366615
228887 114707
190991 377168
943104 324888
523909 482632
715504 686365
767841 723015
938164 91039
442723 859799
171374 643612
879858 891398
58492 601359
773686 885055
335437 18186
477634 154764
26257 704760
409959 505272
180891 913628
574642 178989
53325 960747
958889 735530
827466 64911
105105 826786
852800 128652
195221 617838
75972 195595
775184 342365
269926 992912
995456 138657
714722 740797
580717 174807
510070 7276
110279 553523
266725 336364
751658 50168
340432 67934
482812 535939
787478 243992
650219 707468
143549 271097
685829 960392
817414 270594
425639 527290
756340 769769
158156 648168
468998 388472
632271 256029
11374 523256
826211 188470
636749 643676
332562 204997
296056 185314
915270 83037
323414 772530
174305 265907
169743 851373
39171 483884
623738 600244
860351 963484
426305 308106
284949 394425
519805 845882
777525 90499
598466 423066
599889 241347
571713 692453
129505 643784
115877 415120
649294 147257
441977 145141
559617 939824
203006 744112
762155 610558
254660 575074
445418 545425
467856 83067
867995 608724
817572 208721
274872 312498
102452 185335
550934 742594
129528 519459
81619 539562
111345 762682
833855 295185
898940 993733
121012 890755
110808 912759
298628 142913
904844 121007
214367 204118
738204 757419
632562 354403
920897 305188
605748 606411
782180 714986
233692 425736
878196 856152
446257 976739
626490 256220
978275 291949
914502 202537
779882 220606
117230 222082
608630 355779
748473 644010
73760 166822
821929 102404
504194 384610
471902 206025
271933 677766
720731 325092
248001 629339
626643 221742
33117 74777
461418 173007
737570 980289
680991 384132
48636 309146
940418 960271
411690 938681
414034 155033
483112 226475
487662 578593
192221 455291
807496 827066
212411 456350
782818 975670
149921 261280
450342 147743
785160 846312
538816 827253
186968 983518
542595 253449
850801 495230
61290 819747
914569 641015
841770 917002
884842 389432
512667 573497
682805 185479
63569 155785
673973 982614
930845 850940
955378 661618
966474 106500
903489 502396
978726 544748
819374 236617
71316 217623
885438 514930
898231 113574
967322 41914
971894 376330
186435 692839
326136 681713
178894 547518
454946 93564
366036 400725
427716 552554
41084 776676
798922 473196
54872 642068
891894 444101
847961 495563
740546 590062
297829 583134
884458 630287
985341 149159
96508 323118
154653 729596
963008 339894
976450 874333
499521 694280
24744 576846
738166 817848
635920 37636
542832 849303
313418 435310
800844 200264
987255 564450
499948 228655
110071 362587
172601 740303
959789 193129
832169 919145
655651 915697
563049 313098
957016 145080
61558 233404
352465 484178
670541 32953
382438 898623
217134 267265
535543 403554
756042 985046
325271 51979
157657 598984
20743 535725
373126 469268
628834 240916
279658 371104
916067 636836
369070 804427
733755 12459
317162 773614
336601 217129
807804 259713
842406 364022
231428 10445
518928 258387
725668 884152
337147 396183
697780 374502
79065 136040
445120 78245
525925 727483
848881 887063
753430 751106
714841 663641
440452 161008
960731 41722
169262 247936
809663 551795
60714 602348
975671 688248
793716 319433
222946 55102
934222 487480
259168 187502
722535 450933
593429 181951
992759 896834
259167 996751
884566 9304
693973 913731
12901 983139
71849 491444
602520 698044
234147 376644
141649 300571
426586 810457
602373 809971
597807 834273
174847 326789
630737 863217
599972 545316
81889 704494
324411 76386
619734 266412
696814 691042
674203 996494
112076 37284
414949 662482
594267 310083
247083 723199
17209 915664
201012 580797
832317 791642
271779 295958
594742 446410
112145 667333
827363 856583
410501 52188
979016 248615
388656 22448
315496 160696
347146 131240
308027 116457
106658 65943
570016 403721
471269 861605
614008 829942
701646 101273
808359 33965
473082 989677
640154 539563
831364 652308
243720 677764
129916 234630
248848 3134
713469 600421
475979 810896
187643 330983
638558 648277
775872 242876
987133 859163
459747 472233
812391 493777
993026 382362
456949 467355
146973 836207
235399 68311
266602 31100
579489 177720
114018 80870
174013 283434
929207 942381
145719 107233
68680 622657
548505 343225
713863 742900
387936 991434
42647 521611
639504 373050
911564 123474
906812 996193
483094 334840
837375 435957
130869 546022
909159 992810
200134 797021
189922 659575
895507 721194
324180 933684
754027 716868
186523 863601
423672 17084
796286 471628
795653 117127
31599 630442
812167 270220
479735 458638
83388 270768
737040 624899
524404 95403
718631 836348
491145 211291
450687 854367
199003 236146
264811 76455
698913 896998
398457 562012
953012 469508
751043 436062
309090 996637
290493 751303
667026 102481
61242 329694
896459 702502
481920 661930
66566 301558
161530 893693
592062 2028
287539 88637
957978 586839
267717 834858
992807 355429
417870 5699
276038 783170
708234 346557
192744 211087
687607 944431
595493 581227
565798 558544
267426 945582
613083 453618
742558 646324
632784 603331
839155 394742
244801 867019
349356 358954
160292 18691
598538 681335
436673 86760
870014 483896
790547 834546
705981 439644
981997 854194
190871 978929
80580 477854
436667 928668
86102 874897
992629 828979
385875 965384
262364 309362
28167 130600
97433 671782
450115 824106
535699 485238
739784 963607
735884 656771
169693 442121
883730 389333
794857 841211
204361 77320
808404 779402
194776 697210
759178 778187
510309 348670
130417 569553
655583 213988
255856 318723
291769 305393
269033 561474
545902 484212
397873 622500
268890 191376
182058 689482
626214 297912
997929 8489
378953 669952
205789 352856
211426 629080
491556 877744
752673 538701
394341 65148
136900 15312
260307 148751
540605 445892
973622 445945
64083 787407
328710 808545
285640 11645
925754 431750
849551 833182
116235 874478
59854 776575
448438 13955
236701 467979
215033 622284
344100 852453
174740 802375
246402 336334
777618 816552
318251 648582
166837 393091
455118 403716
973569 274307
314772 935165
975580 890014
272828 862353
706077 88692
45521 60502
581437 302435
624396 220338
226816 253916
431784 365655
371174 873225
783194 76294
491190 873486
73006 70426
227142 716264
471665 411272
112871 127054
813070 986913
438990 728528
576188 337722
772424 893112
375879 193809
850721 79402
98564 162868
179496 761379
827590 922015
834878 487094
154137 339625
152257 117280
382145 283703
770809 331949
827037 748700
694882 471652
503180 763111
148410 163027
926522 517273
307037 216418
130754 425361
924380 666045
250419 607842
46980 165433
392358 284711
215216 474920
42383 168647
643176 696608
960929 481579
558889 159646
291699 5542
274789 953796
184739 805586
765455 893468
933114 380329
752844 228314
107202 645986
984106 857700
802094 72467
840851 116136
949170 240421
909866 677651
593435 999272
460952 914609
928263 7995
148998 11166
417402 278524
419919 839957
603967 674282
938373 531938
131615 768781
784935 620704
646077 856301
589069 205022
537289 501119
609185 624396
730117 435389
967457 421503
553399 232502
73037 47150
440055 448899
556847 186397
114567 49325
668704 441917
347040 784985
272040 525434
442940 344791
181403 441826
480041 339405
9820 932179
838324 421460
339045 928957
879789 66269
752271 900355
354521 859308
365380 921076
187198 985403
179218 359958
765129 991275
434329 85551
234638 928774
576373 617214
677215 969835
51422 392113
389930 369664
324632 232390
775398 208761
148150 178423
614964 653221
299985 268200
738400 472213
229790 513729
981508 384911
446688 773708
446200 151285
589728 904403
206507 589380
296949 47532
160033 158943
988576 249403
327992 125260
52734 186690
76624 188972
650113 111627
460032 481674
1857 90518
333505 580860
653868 399967
723272 520483
152852 346128
205120 956548
920102 943226
815413 128910
192494 858097
693722 352863
202028 231826
946151 804378
379233 248309
102131 573475
263643 981770
424593 788688
867443 412114
259820 385087
310230 46020
539238 676116
556251 867155
127417 467860
535971 226328
207617 197951
996934 632420
729595 347107
145231 489560
527812 904184
196926 637479
404344 332900
32393 310967
273347 766222
239112 297597
214865 482086
32480 67453
252901 638536
918936 737623
332980 606269
356904 480305
855539 257416
304475 626904
212798 357953
184395 498888
316499 576147
461207 107134
747595 692968
222600 373996
346906 225729
332514 524444
362201 9386
373070 557083
632759 986324
895333 680637
458902 640274
454790 331237
409376 83337
962001 241720
194298 395583
889069 608367
25772 46327
821831 989525
190622 217299
378386 894134
487329 762377
146690 777091
643480 67462
845827 729178
743970 753722
578632 578093
61636 163560
672737 656220
645068 319783
271857 287797
941719 637722
249533 486979
47889 918201
710220 476337
872076 945945
308061 93706
219777 471441
353093 550609
319652 681409
865878 916459
929610 267912
6822 366447
531977 28069
885640 620278
697855 427143
143096 138219
256336 451234
96959 997901
873592 822837
861288 155397
777832 604321
943220 16313
78202 657261
623342 712570
66803 603631
414951 178568
724972 335094
273563 378268
772332 451606
660858 264249
329104 595877
884772 214112
623040 171228
755638 402071
775044 910322
317121 530717
946276 662386
358092 644199
712453 17374
429725 547811
589364 285999
999036 180751
398473 547235
505643 847265
702082 947959
866856 584590
829418 977651
764092 900247
730602 840880
410988 885933
233570 619964
584419 187156
45404 94668
516389 243545
713516 637998
439247 442790
181338 663490
283701 290690
810304 535030
378918 568751
812321 972001
658336 716529
299379 420016
550457 588534
416944 203651
656252 952453
636405 857240
955348 856112
642023 443132
479992 873491
722141 777379
961421 811854
31805 380694
693053 158016
708650 503811
411996 756330
961108 5039
122269 252879
447736 234550
611617 33419
578548 357229
801061 510559
533592 371657
658087 896560
947166 575695
703339 614000
395238 834258
40656 231449
87455 588386
812695 371929
718526 120001
404857 897074
709232 83425
72212 350335
32199 821166
972627 134483
803572 764662
393846 353085
711389 649317
214914 188402
522535 609489
709058 979146
283958 87605
207846 846538
750697 543892
348052 442676
86949 849095
739495 374307
79750 420684
396332 42768
723671 953792
716442 662292
382328 542245
211915 2888
68138 515644
658562 573406
424682 333619
807077 514315
692840 963277
737752 588722
690276 275400
830664 409493
546016 780139
298449 579772
182219 451454
351305 6586
958851 285045
694587 130658
994883 973101
818198 895426
533178 121655
645628 60900
893104 880831
535118 681087
709405 851915
427200 753984
532211 860264
299987 858488
466047 64907
722260 996146
535494 269806
444775 882072
463399 545056
58018 427646
133300 31664
205443 625168
19065 386019
427836 779751
936840 237193
385370 563455
953189 183017
310237 786504
538899 159834
580042 330764
752037 607913
3000 571663
619829 738993
509985 514639
951818 280204
620780 926630
505249 340380
970451 681648
599184 527648
604323 576172
149784 791566
693432 814838
86852 826432
115988 329961
144681 427969
62741 72518
772852 717012
99750 549331
717895 794087
