1000
504 119
323 266
221 393
277 269
492 667
212 293
232 616
611 73
814 753
163 310
840 865
166 55
892 485
427 480
779 324
139 332
106 782
336 493
742 59
15 340
799 534
628 931
334 144
909 959
132 860
579 385
25 452
782 868
575 501
346 554
467 87
54 774
114 825
381 935
230 760
472 225
988 104
84 82
149 780
647 808
397 184
600 460
251 893
222 617
340 643
284 999
907 317
876 621
984 586
935 908
794 781
411 257
650 952
869 735
994 401
218 598
325 807
327 440
36 729
674 213
989 635
143 125
164 64
74 767
458 273
998 558
986 489
891 692
851 986
198 13
916 585
519 629
818 934
559 911
423 167
357 305
112 114
376 816
874 313
510 330
561 299
372 295
136 533
890 134
297 321
127 174
824 322
801 709
263 19
304 608
501 991
442 158
950 323
225 461
649 412
110 566
961 550
859 196
620 937
31 195
140 267
146 531
152 618
208 333
590 553
690 592
599 815
437 513
601 175
44 518
850 530
362 133
47 147
350 336
852 138
142 555
566 421
274 775
637 796
784 901
296 967
102 939
328 890
89 824
226 169
224 646
855 563
228 950
602 940
943 88
359 638
652 655
406 970
839 671
707 981
271 817
819 260
701 397
71 508
958 343
133 622
980 964
904 30
248 437
291 610
9 142
414 312
413 975
713 831
656 367
865 128
889 864
10 24
638 302
662 745
513 961
672 164
417 763
293 154
125 137
645 814
550 972
834 882
70 49
184 722
523 823
424 888
237 510
266 691
857 953
632 29
574 335
522 544
752 210
385 776
861 806
410 687
65 78
665 223
185 718
144 274
802 733
339 595
938 697
415 877
432 382
258 251
592 887
667 677
983 207
750 607
468 747
380 242
648 444
121 571
300 446
688 994
86 181
115 363
244 630
700 372
267 463
951 568
817 639
749 802
307 123
615 135
668 354
178 286
585 989
344 170
720 129
616 214
347 80
746 583
367 395
721 848
553 930
11 995
919 329
270 770
805 857
42 650
402 500
831 846
847 746
321 654
35 828
38 108
755 764
974 445
967 496
223 963
808 978
564 839
790 917
58 288
211 71
154 576
875 704
446 402
956 234
960 17
287 850
589 951
769 761
342 369
716 130
693 514
298 475
37 941
758 506
985 18
375 377
249 107
188 414
883 731
901 637
135 189
294 587
982 51
619 724
844 459
262 881
345 855
12 725
364 153
444 479
515 386
259 525
981 16
848 378
313 389
366 872
473 574
191 347
962 685
737 476
59 926
452 145
478 211
329 909
867 228
236 368
41 209
702 300
158 249
734 928
49 744
495 589
203 34
885 25
439 409
205 795
557 580
525 912
171 226
787 844
92 163
845 47
371 701
481 307
292 910
46 429
388 428
975 532
900 670
235 765
827 644
480 695
812 262
682 524
23 124
604 675
591 611
13 478
113 968
899 62
268 567
331 346
418 172
383 161
502 879
365 708
573 422
580 707
245 861
379 522
422 121
633 359
635 627
549 714
772 103
302 640
20 889
512 411
576 112
204 120
696 845
4 328
871 407
308 955
438 204
586 720
905 236
420 948
657 947
428 790
487 365
215 193
744 726
128 777
792 432
972 264
777 545
532 165
168 179
715 406
872 152
272 721
506 384
873 973
301 827
543 246
407 201
26 405
681 884
477 856
285 615
96 301
389 202
661 502
392 366
896 921
76 415
551 271
243 679
335 750
29 758
877 578
176 115
971 696
83 197
788 285
101 5
264 754
902 314
419 433
846 462
965 450
209 240
643 132
7 454
941 619
828 957
488 842
448 85
451 663
963 60
640 61
747 523
450 243
946 546
17 102
727 983
104 899
5 492
531 26
179 656
27 109
606 376
377 290
933 160
732 538
88 988
242 853
64 92
21 903
587 471
920 206
161 969
319 543
773 526
167 438
806 541
995 594
318 878
699 813
73 453
703 319
322 894
109 344
464 810
192 862
499 334
68 392
220 44
34 683
936 739
854 602
370 190
78 512
646 954
238 779
390 751
290 641
361 178
303 81
917 688
717 838
597 791
944 157
863 105
634 356
862 419
216 645
895 191
253 836
835 833
465 256
351 547
527 48
833 906
947 737
731 593
613 101
57 23
137 198
723 792
658 649
373 992
766 503
563 620
85 11
753 70
479 624
913 841
456 762
514 238
952 818
996 794
925 361
497 36
199 943
172 283
765 423
774 769
771 772
382 362
33 700
173 812
582 3
111 218
177 345
526 757
475 658
664 830
358 349
815 710
355 515
435 778
130 222
393 326
498 54
680 521
200 217
686 504
760 748
718 391
255 933
138 337
97 985
811 711
977 28
762 556
374 22
507 891
695 298
278 396
631 684
793 803
796 357
314 486
369 904
748 185
60 719
94 399
250 380
157 786
610 875
537 42
990 867
170 232
282 183
240 821
175 350
98 694
288 77
683 900
305 626
678 659
63 348
685 938
937 984
957 318
698 381
622 876
265 584
832 27
343 265
866 590
607 482
764 106
578 565
677 898
395 188
454 316
897 540
739 651
483 509
440 99
893 573
836 895
90 569
955 159
449 20
53 676
659 559
931 216
509 297
202 233
964 31
453 268
552 1
807 907
906 43
320 171
196 68
95 224
595 702
768 993
460 588
785 370
517 208
309 623
289 536
860 284
8 417
642 148
992 15
16 173
436 572
724 426
953 822
490 177
915 180
0 529
391 527
261 886
55 631
239 398
588 182
489 633
837 67
279 657
241 53
676 535
644 581
426 327
932 706
165 971
627 162
503 141
189 614
542 239
219 33
560 976
663 713
689 661
311 854
813 678
326 919
966 455
187 511
626 434
43 221
337 364
826 467
596 296
898 131
624 72
24 303
598 944
494 139
80 966
485 276
881 270
153 466
767 458
816 10
252 146
705 79
991 291
570 494
482 63
22 768
3 715
100 840
520 457
72 636
741 946
730 771
978 156
299 387
52 819
45 956
858 965
466 579
830 275
789 408
692 205
533 484
120 837
56 254
548 974
447 730
378 648
461 353
387 490
441 470
159 922
539 83
568 863
207 57
122 311
75 666
691 394
969 557
516 192
431 374
583 520
399 212
651 21
317 693
50 740
48 564
30 728
214 215
783 738
400 885
134 805
939 902
62 755
948 759
493 292
528 835
800 230
280 253
190 560
148 915
398 371
722 591
770 456
743 342
617 873
108 499
123 653
694 431
324 248
107 923
540 149
295 698
408 6
405 488
706 46
594 245
751 9
186 403
141 448
484 360
757 122
778 436
257 255
843 847
183 90
333 990
726 811
545 997
738 241
887 517
155 473
709 599
729 528
234 980
555 519
928 927
987 491
673 404
82 662
639 942
404 703
394 143
356 652
605 871
39 45
315 203
864 785
316 442
888 596
81 118
32 155
934 166
776 400
577 664
997 339
201 870
856 793
534 727
756 425
842 231
518 660
312 427
970 435
903 259
882 920
471 390
684 50
87 752
849 94
310 756
169 430
630 358
18 96
670 516
463 801
227 220
476 14
496 56
740 219
571 800
554 913
500 66
210 320
425 261
704 809
609 982
761 84
581 829
868 287
593 597
194 150
126 441
940 351
430 38
942 852
150 820
954 277
926 612
229 883
679 89
470 281
162 680
193 600
612 52
714 439
330 613
521 477
246 186
474 278
2 672
791 918
999 468
558 41
124 866
780 674
363 199
247 874
908 289
804 905
993 896
547 690
675 705
338 93
360 925
283 244
894 561
231 465
546 187
105 734
457 628
567 341
910 110
160 383
781 116
213 416
151 736
923 12
809 539
572 548
736 258
421 469
348 200
79 551
116 7
636 338
368 843
979 549
775 35
462 603
93 136
535 787
66 388
119 625
653 279
914 977
921 373
67 250
795 355
443 69
352 742
565 892
217 127
180 229
911 998
733 98
529 880
728 32
786 498
384 252
434 111
6 604
147 481
353 849
886 306
412 308
61 176
181 487
878 424
922 227
763 65
286 304
759 987
28 962
197 410
708 352
621 58
256 472
131 723
821 682
469 582
556 447
396 717
623 773
145 699
524 851
829 732
386 552
930 798
880 126
959 294
433 117
838 272
710 826
924 804
745 949
69 936
945 958
530 832
654 605
929 642
306 784
269 665
281 681
725 859
19 76
660 474
14 464
429 413
870 315
195 451
40 418
822 609
884 151
641 916
918 686
103 100
798 960
754 2
803 783
538 577
206 689
697 834
562 669
254 799
797 507
625 4
618 495
491 194
820 443
276 924
629 766
455 235
156 979
614 97
669 37
608 75
99 712
275 673
508 449
712 632
841 247
687 91
445 929
976 113
735 858
77 897
349 570
603 95
1 483
823 505
666 74
260 497
91 331
825 716
719 86
511 788
332 282
810 741
129 797
117 789
968 749
459 914
118 237
949 280
912 263
584 420
927 575
671 601
233 606
354 8
273 996
401 562
403 39
711 634
544 537
51 542
486 743
416 375
182 168
569 647
879 668
973 140
341 325
541 309
655 869
409 945
174 932
536 40
853 379
