1000
0 90
0 914
0 533
0 160
0 843
0 220
0 675
0 961
0 304
0 363
0 682
0 989
0 724
0 215
0 410
0 850
0 566
0 84
0 772
0 962
0 520
0 745
0 86
0 844
0 621
0 889
0 814
0 965
0 788
0 439
0 461
0 910
0 657
0 521
0 834
0 31
0 740
0 852
0 437
0 54
0 199
0 229
0 528
0 94
0 87
0 689
0 755
0 929
0 63
0 47
0 501
0 586
0 38
0 606
0 587
0 254
0 809
0 632
0 226
0 123
0 654
0 400
0 854
0 200
0 346
0 851
0 684
0 286
0 934
0 505
0 379
0 999
0 979
0 11
0 135
0 218
0 276
0 93
0 238
0 127
0 117
0 569
0 502
0 372
0 688
0 938
0 105
0 474
0 896
0 634
0 881
0 422
0 579
0 630
0 441
0 196
0 970
0 327
0 731
0 477
0 860
0 996
0 257
0 826
0 426
0 897
0 813
0 243
0 888
0 726
0 88
0 67
0 166
0 233
0 338
0 204
0 225
0 224
0 518
0 479
0 120
0 59
0 453
0 272
0 928
0 152
0 576
0 349
0 97
0 192
0 801
0 991
0 676
0 234
0 865
0 158
0 829
0 49
0 652
0 877
0 282
0 564
0 848
0 40
0 637
0 150
0 920
0 310
0 2
0 925
0 156
0 115
0 366
0 992
0 690
0 240
0 399
0 161
0 567
0 830
0 867
0 752
0 253
0 342
0 103
0 195
0 694
0 921
0 427
0 600
0 598
0 358
0 331
0 284
0 779
0 599
0 594
0 653
0 246
0 58
0 907
0 550
0 460
0 263
0 394
0 640
0 917
0 836
0 960
0 663
0 628
0 837
0 874
0 559
0 305
0 841
0 512
0 64
0 328
0 280
0 636
0 971
0 922
0 293
0 181
0 3
0 66
0 301
0 177
0 901
0 475
0 703
0 29
0 887
0 309
0 256
0 17
0 249
0 781
0 267
0 846
0 159
0 969
0 855
0 525
0 125
0 365
0 750
0 307
0 743
0 24
0 65
0 22
0 431
0 139
0 75
0 21
0 489
0 362
0 573
0 993
0 976
0 985
0 894
0 691
0 322
0 824
0 857
0 128
0 879
0 248
0 432
0 95
0 651
0 718
0 733
0 629
0 289
0 647
0 219
0 686
0 434
0 583
0 664
0 555
0 702
0 820
0 41
0 151
0 20
0 480
0 680
0 767
0 102
0 165
0 83
0 838
0 995
0 433
0 335
0 459
0 30
0 845
0 491
0 124
0 885
0 178
0 51
0 918
0 23
0 866
0 449
0 376
0 592
0 534
0 937
0 104
0 343
0 232
0 672
0 108
0 438
0 701
0 708
0 351
0 255
0 821
0 9
0 835
0 655
0 241
0 994
0 436
0 318
0 898
0 35
0 179
0 50
0 720
0 775
0 915
0 556
0 902
0 958
0 110
0 350
0 190
0 380
0 418
0 155
0 963
0 176
0 777
0 955
0 424
0 705
0 620
0 202
0 522
0 768
0 966
0 146
0 281
0 197
0 175
0 674
0 635
0 909
0 306
0 982
0 317
0 147
0 337
0 643
0 766
0 967
0 297
0 710
0 678
0 926
0 8
0 709
0 798
0 776
0 270
0 245
0 259
0 483
0 700
0 679
0 883
0 619
0 541
0 613
0 213
0 34
0 132
0 786
0 787
0 118
0 275
0 764
0 368
0 274
0 14
0 39
0 670
0 357
0 76
0 319
0 849
0 827
0 314
0 485
0 355
0 610
0 792
0 145
0 221
0 717
0 409
0 948
0 116
0 560
0 582
0 251
0 552
0 361
0 880
0 812
0 868
0 656
0 760
0 356
0 642
0 203
0 878
0 57
0 373
0 677
0 945
0 539
0 391
0 330
0 484
0 833
0 191
0 472
0 382
0 931
0 260
0 611
0 869
0 946
0 261
0 667
0 870
0 227
0 974
0 570
0 15
0 975
0 719
0 649
0 858
0 800
0 506
0 728
0 853
0 291
0 217
0 998
0 148
0 336
0 85
0 581
0 580
0 782
0 810
0 18
0 784
0 614
0 825
0 638
0 817
0 273
0 997
0 444
0 262
0 44
0 498
0 681
0 563
0 10
0 715
0 913
0 315
0 52
0 172
0 299
0 212
0 876
0 662
0 507
0 540
0 771
0 420
0 908
0 886
0 316
0 321
0 535
0 714
0 354
0 16
0 930
0 939
0 732
0 699
0 617
0 641
0 403
0 738
0 129
0 264
0 882
0 839
0 545
0 863
0 100
0 633
0 796
0 623
0 142
0 712
0 759
0 230
0 169
0 749
0 935
0 185
0 624
0 933
0 33
0 529
0 111
0 706
0 473
0 944
0 445
0 900
0 419
0 978
0 602
0 32
0 693
0 856
0 48
0 171
0 737
0 893
0 891
0 987
0 721
0 986
0 778
0 92
0 141
0 673
0 692
0 500
0 288
0 6
0 237
0 488
0 923
0 389
0 671
0 405
0 548
0 174
0 840
0 428
0 173
0 381
0 607
0 916
0 334
0 903
0 208
0 515
0 481
0 794
0 537
0 597
0 370
0 716
0 440
0 527
0 476
0 119
0 469
0 468
0 404
0 588
0 78
0 551
0 723
0 143
0 324
0 98
0 269
0 188
0 746
0 753
0 765
0 467
0 369
0 285
0 890
0 510
0 326
0 298
0 666
0 252
0 864
0 499
0 659
0 773
0 811
0 206
0 182
0 344
0 340
0 401
0 924
0 892
0 407
0 884
0 183
0 661
0 793
0 393
0 503
0 397
0 509
0 198
0 70
0 348
0 595
0 968
0 109
0 762
0 412
0 323
0 126
0 279
0 89
0 99
0 283
0 973
0 542
0 384
0 538
0 138
0 589
0 429
0 980
0 19
0 981
0 956
0 320
0 53
0 258
0 216
0 194
0 816
0 416
0 55
0 106
0 170
0 287
0 490
0 56
0 325
0 497
0 645
0 482
0 711
0 134
0 730
0 107
0 803
0 585
0 294
0 339
0 290
0 36
0 77
0 81
0 523
0 413
0 184
0 448
0 604
0 553
0 447
0 561
0 61
0 303
0 388
0 919
0 186
0 13
0 942
0 618
0 352
0 421
0 329
0 353
0 455
0 554
0 493
0 823
0 791
0 423
0 458
0 207
0 478
0 163
0 593
0 72
0 236
0 806
0 707
0 517
0 530
0 748
0 990
0 131
0 696
0 977
0 167
0 390
0 562
0 25
0 411
0 164
0 648
0 430
0 271
0 904
0 1
0 466
0 228
0 201
0 443
0 544
0 557
0 984
0 140
0 622
0 871
0 386
0 462
0 374
0 452
0 209
0 113
0 42
0 112
0 668
0 625
0 214
0 487
0 789
0 828
0 872
0 149
0 608
0 80
0 513
0 807
0 572
0 603
0 596
0 494
0 162
0 45
0 296
0 402
0 180
0 735
0 832
0 244
0 268
0 4
0 312
0 457
0 239
0 536
0 770
0 906
0 7
0 417
0 247
0 751
0 144
0 531
0 574
0 91
0 797
0 492
0 359
0 744
0 222
0 947
0 609
0 639
0 425
0 685
0 911
0 558
0 377
0 396
0 912
0 704
0 519
0 5
0 873
0 387
0 114
0 28
0 235
0 62
0 450
0 875
0 187
0 805
0 60
0 266
0 168
0 565
0 763
0 713
0 605
0 378
0 496
0 278
0 153
0 311
0 959
0 799
0 470
0 780
0 669
0 964
0 819
0 927
0 949
0 43
0 532
0 626
0 584
0 465
0 73
0 471
0 526
0 687
0 508
0 802
0 392
0 725
0 842
0 341
0 82
0 899
0 295
0 347
0 822
0 774
0 486
0 37
0 454
0 795
0 615
0 571
0 847
0 375
0 785
0 79
0 223
0 547
0 658
0 783
0 210
0 695
0 332
0 277
0 734
0 205
0 612
0 578
0 516
0 683
0 742
0 951
0 722
0 697
0 943
0 136
0 957
0 313
0 122
0 577
0 665
0 932
0 154
0 644
0 514
0 371
0 385
0 698
0 591
0 862
0 308
0 446
0 511
0 736
0 130
0 769
0 650
0 12
0 345
0 741
0 250
0 895
0 524
0 952
0 101
0 504
0 953
0 367
0 442
0 74
0 408
0 739
0 905
0 972
0 193
0 631
0 575
0 451
0 861
0 983
0 211
0 754
0 729
0 818
0 435
0 761
0 157
0 406
0 660
0 543
0 415
0 360
0 463
0 495
0 133
0 831
0 300
0 936
0 747
0 590
0 804
0 954
0 71
0 302
0 940
0 383
0 646
0 568
0 242
0 69
0 27
0 398
0 988
0 395
0 231
0 859
0 601
0 68
0 265
0 815
0 756
0 96
0 456
0 121
0 546
0 364
0 333
0 758
0 189
0 46
0 627
0 727
0 757
0 414
0 26
0 549
0 616
0 950
0 137
0 292
0 464
0 790
0 808
0 941
