1000
674 710
674 315
818 375
674 528
674 57
468 490
303 576
674 420
674 146
132 24
674 32
674 185
674 321
990 139
562 848
306 721
600 885
738 427
674 694
174 258
375 752
674 239
674 936
602 198
674 837
611 902
674 99
674 515
441 771
706 351
350 209
674 736
659 489
674 657
674 464
932 845
674 606
660 118
209 818
674 283
674 675
674 83
188 895
674 307
674 97
674 517
644 886
423 34
409 548
376 19
674 225
674 629
674 961
674 750
674 127
270 660
843 458
725 213
44 220
674 997
674 574
202 747
674 12
674 357
762 453
807 64
167 329
483 68
488 625
674 100
674 293
828 370
674 624
495 907
147 152
386 318
545 507
489 739
678 597
674 274
652 244
653 605
529 773
964 680
674 474
674 853
191 513
740 959
674 503
674 924
856 90
440 278
674 497
382 689
674 81
163 98
674 801
944 38
674 135
216 423
311 359
770 441
676 992
674 227
674 540
674 466
834 830
674 25
251 468
336 145
838 808
496 2
674 957
863 190
978 412
454 912
430 390
674 347
56 238
674 119
674 765
544 434
582 715
343 132
674 908
345 890
623 82
907 167
674 493
674 340
674 438
674 840
4 63
244 320
183 572
674 379
923 650
138 462
649 31
674 196
226 197
674 829
674 284
858 504
674 214
674 950
674 760
674 868
31 524
697 793
13 623
238 22
198 751
674 325
504 4
265 21
414 473
279 336
674 563
674 711
994 697
674 558
728 626
674 50
674 910
877 968
674 478
875 553
603 279
674 981
674 62
674 241
513 843
276 28
674 46
378 393
969 713
674 521
588 421
568 211
674 896
43 682
674 240
597 935
674 297
674 846
674 187
674 537
674 193
258 456
674 673
674 391
674 144
674 641
832 308
674 737
674 52
389 946
674 41
757 202
921 316
68 417
490 470
674 212
674 91
674 940
199 686
681 545
679 652
674 224
902 51
885 914
915 782
254 446
886 598
674 418
182 640
674 331
27 746
476 149
643 823
674 449
339 506
494 655
674 287
674 951
674 805
674 110
674 800
971 690
674 772
892 96
721 328
179 207
791 784
200 210
447 440
511 852
674 795
560 475
17 815
848 450
674 304
24 518
674 948
773 330
674 844
470 533
674 11
253 326
674 799
674 309
674 578
674 178
514 232
689 147
674 15
912 261
674 965
674 607
674 113
674 941
674 93
959 928
152 74
53 529
916 314
674 115
674 394
674 205
121 356
768 48
674 903
502 727
946 745
228 942
585 177
674 869
666 568
674 8
674 596
720 428
674 106
674 691
581 705
674 698
197 693
841 850
735 387
674 366
992 410
617 602
302 807
674 677
934 889
526 643
771 123
370 932
207 373
674 864
118 44
507 877
463 230
674 614
446 763
674 457
814 993
674 777
690 56
674 20
194 365
413 429
674 966
674 938
674 580
674 590
674 112
790 538
674 312
674 983
186 467
674 637
674 509
524 481
674 84
674 352
905 728
674 634
674 215
674 148
618 731
674 180
674 803
411 790
674 860
766 562
682 311
98 234
674 192
674 371
674 71
674 431
674 601
638 582
823 679
674 756
674 248
692 520
674 742
210 987
674 575
519 253
972 143
674 534
674 569
674 398
674 160
705 757
674 667
34 203
232 820
674 621
977 430
674 906
674 719
674 101
674 405
314 526
622 831
674 334
955 994
380 986
937 300
674 599
538 155
559 243
655 892
968 129
674 595
674 477
383 618
674 173
556 899
899 384
674 774
547 584
879 934
674 479
674 726
63 709
674 555
300 970
674 369
190 382
674 407
674 263
22 646
674 857
674 776
390 195
674 419
674 219
674 789
987 188
674 788
450 716
930 88
709 901
674 114
674 648
674 703
264 403
674 654
674 327
14 397
674 247
222 439
816 233
361 559
674 86
82 921
674 530
674 724
730 75
674 256
533 692
674 984
674 109
674 927
674 108
674 67
171 967
674 809
674 286
674 881
674 498
674 77
674 323
674 42
935 588
576 131
674 392
674 85
920 408
674 355
674 406
674 3
797 43
674 557
674 206
674 897
695 920
796 668
674 362
486 770
674 231
674 184
674 452
128 444
674 266
884 448
442 310
548 592
429 250
699 414
203 560
64 723
674 137
674 733
613 824
674 5
674 103
674 821
674 536
674 288
410 884
991 874
674 353
439 589
218 753
792 802
707 409
674 399
674 794
674 299
320 554
356 301
469 349
674 687
674 523
668 191
674 159
453 608
674 262
250 761
587 358
674 894
650 183
475 257
674 604
715 974
739 7
674 982
674 460
520 791
645 669
354 766
674 996
282 663
674 30
759 424
393 463
326 841
333 175
995 267
674 47
674 947
784 294
787 565
640 204
674 170
988 898
775 547
674 662
234 289
317 313
680 324
674 708
313 216
294 627
849 937
75 298
674 781
674 505
245 223
674 364
674 485
646 838
674 748
674 594
674 236
444 916
674 480
674 909
674 591
674 827
518 442
358 461
230 960
674 785
674 729
674 107
669 389
684 918
674 642
674 94
793 186
233 350
164 10
674 714
674 783
289 988
867 842
19 229
674 975
298 182
261 969
761 164
589 758
427 437
674 432
408 875
267 858
674 976
962 345
674 847
674 124
584 880
895 674
674 59
257 659
702 971
919 923
674 150
674 826
328 388
674 979
674 126
674 208
625 302
492 484
329 611
385 882
763 759
880 717
674 296
674 813
397 226
674 60
674 798
153 678
324 656
674 531
639 447
674 876
674 546
674 508
674 176
674 80
88 933
674 142
674 552
7 787
889 376
472 264
674 958
674 348
674 786
674 573
898 385
820 828
9 35
674 609
974 930
674 954
38 280
131 200
674 671
421 613
35 380
674 635
674 541
598 919
462 780
815 764
154 905
674 501
242 306
434 386
674 839
674 945
674 712
456 639
674 732
674 133
674 105
674 822
674 335
365 17
318 870
674 66
543 222
337 730
819 696
674 162
674 833
674 670
802 863
291 454
674 89
70 972
831 702
310 556
674 201
752 354
850 125
842 303
674 40
900 179
448 879
553 977
942 849
674 579
69 658
674 102
717 871
674 295
674 338
862 990
674 344
758 630
674 221
223 955
674 360
674 610
674 549
674 367
674 141
674 272
674 436
764 964
967 332
467 199
747 587
674 157
403 904
674 443
123 469
674 564
674 1
437 735
956 128
674 743
731 666
696 282
377 346
155 891
674 281
351 496
565 819
865 832
674 49
388 13
674 271
674 664
21 491
143 361
674 72
722 695
674 73
674 246
674 117
674 551
674 812
674 58
592 495
674 140
674 949
674 23
674 401
674 79
211 95
0 796
139 962
674 911
674 561
674 616
554 725
658 867
308 276
417 254
280 707
630 333
674 532
674 835
674 806
674 217
970 260
674 999
674 158
285 251
674 931
674 166
674 252
913 413
674 665
780 878
120 585
674 277
674 851
674 672
10 378
674 6
674 482
674 116
674 985
674 37
674 255
674 749
674 939
727 174
674 527
674 550
782 792
674 319
674 259
830 242
870 163
674 435
674 612
95 377
674 734
674 963
129 27
674 525
243 706
28 511
96 685
674 811
220 684
754 543
674 237
278 111
626 171
674 952
674 953
674 45
674 151
674 130
674 512
674 39
674 305
960 862
674 859
674 631
674 322
674 701
674 620
674 169
65 121
522 245
674 700
125 411
330 337
499 834
674 465
674 404
48 638
674 172
808 33
751 816
674 189
458 644
674 873
260 768
674 451
481 762
384 61
316 65
175 956
674 516
674 925
674 888
674 426
890 317
674 368
804 744
882 265
674 632
674 292
878 161
346 915
674 510
674 455
149 483
674 290
685 628
933 617
301 944
904 603
572 900
387 544
674 422
363 154
213 285
928 488
373 653
674 998
674 718
674 425
567 720
674 661
674 459
674 577
674 683
674 487
986 87
674 165
674 755
570 228
674 122
674 134
674 92
195 913
674 741
874 775
61 291
674 571
90 581
145 53
674 36
918 69
674 688
674 249
674 400
674 926
674 883
686 814
402 14
2 363
674 778
156 600
674 374
349 929
674 433
428 699
273 120
674 104
204 722
674 381
412 76
491 218
674 341
74 769
674 651
674 855
852 797
473 645
674 854
674 767
891 26
674 275
674 779
674 980
177 887
769 740
229 856
674 415
674 342
674 615
824 494
674 636
674 817
674 372
674 29
33 343
753 804
87 499
901 502
713 647
674 16
674 566
161 995
424 567
674 586
929 476
674 535
674 500
627 273
674 181
674 989
674 943
674 866
608 156
674 893
656 339
674 78
674 825
674 136
746 402
674 539
51 514
674 235
26 153
674 416
359 486
674 619
674 593
628 622
674 54
332 472
674 445
674 917
674 633
674 55
674 836
674 583
663 649
993 383
693 570
674 810
871 519
674 269
674 18
674 922
674 973
745 738
674 268
716 194
647 492
76 522
674 395
674 471
723 681
674 704
461 865
914 138
674 396
111 270
484 754
605 9
845 991
887 978
674 168
744 70
506 676
674 542
674 861
674 872
