1000
72 316
314 214
305 232
178 96
528 695
935 702
278 883
617 931
667 618
210 558
362 459
310 717
354 814
168 412
5 540
611 533
184 873
949 193
808 184
247 206
885 693
488 805
824 350
303 721
293 265
787 401
39 852
847 15
413 901
999 662
157 782
435 78
954 992
932 305
422 30
786 116
167 849
585 366
953 216
129 606
32 462
976 536
318 972
331 652
621 418
464 165
672 512
919 454
260 386
224 989
658 954
880 813
402 41
972 33
710 841
258 861
789 423
147 10
793 288
678 862
405 347
905 381
356 936
273 870
835 424
190 306
60 562
8 726
936 767
62 127
73 478
857 964
412 257
463 198
256 707
47 529
111 564
925 298
264 276
270 777
122 137
279 497
272 159
957 997
267 678
0 473
579 256
688 181
372 113
637 238
0 551
376 162
44 796
583 773
349 449
187 945
548 341
197 897
536 891
326 336
604 761
839 345
108 686
724 344
939 373
560 837
816 636
729 697
673 239
567 226
860 312
33 446
476 724
775 978
826 25
553 521
780 775
328 759
237 672
353 471
640 331
365 330
806 352
458 876
99 647
550 385
300 145
955 70
456 246
31 505
492 40
652 537
984 513
803 896
781 155
287 736
961 919
631 637
883 407
521 987
66 740
289 349
499 833
532 5
101 546
483 468
430 622
879 509
675 14
153 904
441 986
898 601
453 658
185 53
213 58
866 273
419 422
384 786
0 566
248 97
482 294
75 731
149 718
665 452
15 399
439 979
263 788
282 164
915 811
728 659
295 506
624 660
261 874
993 102
969 723
13 466
311 227
696 544
524 291
162 548
0 525
952 383
661 990
115 50
818 596
862 791
895 681
619 928
529 705
971 167
489 417
629 85
711 584
275 343
51 22
90 204
689 776
0 304
636 76
34 988
740 98
404 716
586 881
288 398
796 494
763 781
512 539
348 530
717 715
209 144
410 62
159 516
614 950
106 419
659 61
301 784
819 177
784 215
313 983
828 763
19 968
551 326
462 42
40 64
653 938
641 251
941 210
867 124
297 196
271 847
676 233
434 875
432 209
64 921
773 491
207 400
591 840
983 65
907 683
991 488
61 234
144 189
218 46
538 201
916 180
222 687
257 161
700 727
0 258
559 580
333 712
339 416
876 360
171 742
853 752
0 822
864 186
119 499
926 439
468 498
242 855
845 830
942 602
911 222
128 629
514 940
607 794
460 649
238 274
706 501
88 903
0 13
285 393
951 838
525 100
616 199
698 241
569 634
701 518
615 7
80 445
443 899
74 356
865 900
506 259
758 688
114 67
588 253
757 871
121 117
21 455
165 605
500 151
113 671
283 91
225 930
516 517
542 295
870 787
379 696
146 56
23 425
226 18
94 51
86 154
371 247
3 250
731 346
473 408
742 555
901 87
735 614
41 845
9 121
316 524
78 460
266 103
945 679
400 389
437 528
843 758
389 756
552 554
609 387
743 44
523 998
596 608
91 690
34 414
827 628
966 314
714 630
535 645
587 984
618 598
160 858
590 737
769 444
534 623
510 93
201 946
777 706
683 175
320 440
53 953
807 120
715 17
12 730
507 918
627 235
4 179
191 464
217 332
765 771
180 890
496 441
315 732
292 68
530 420
892 270
783 572
962 89
782 11
695 402
648 107
474 147
582 708
856 808
151 615
851 591
608 934
950 725
24 944
902 435
70 289
656 487
849 125
293 157
0 962
388 313
888 975
327 885
233 864
625 131
291 511
107 748
29 296
0 34
944 382
206 376
551 895
759 359
515 456
417 677
189 463
79 573
531 36
387 229
825 146
584 565
946 825
152 538
663 743
738 552
872 118
792 481
130 427
490 762
790 185
727 594
484 970
227 779
347 757
799 728
730 982
357 884
686 600
772 977
921 568
927 328
143 174
446 889
520 694
140 335
940 801
487 657
0 293
785 793
779 583
232 136
321 297
448 357
478 949
681 739
123 666
345 278
426 480
338 526
373 470
186 123
82 1
335 410
255 703
193 527
850 948
0 888
578 436
682 281
865 221
829 429
645 477
570 783
822 734
848 38
475 508
414 880
654 627
418 907
391 166
511 301
54 943
28 254
817 220
454 704
317 465
771 140
810 670
170 461
956 925
337 86
480 587
58 358
177 790
71 413
836 284
897 353
977 823
674 599
0 722
202 577
234 322
970 800
555 194
26 309
56 29
306 351
670 262
878 415
215 82
938 578
329 617
547 667
540 680
602 859
407 653
978 638
802 88
967 458
712 379
846 225
685 914
216 409
509 101
692 541
17 821
98 182
156 99
269 106
30 754
833 23
45 668
431 910
774 684
92 378
702 303
392 243
280 959
236 675
881 879
572 937
894 760
253 237
644 153
211 285
204 307
76 173
886 396
713 500
109 77
517 892
868 430
985 655
192 457
736 856
920 66
871 248
48 431
896 966
334 817
841 735
52 339
869 908
671 207
979 640
990 755
914 236
428 765
992 337
722 738
10 178
929 798
397 846
259 772
813 916
874 134
831 980
931 300
606 476
307 224
723 819
691 35
258 156
592 519
996 411
501 995
852 842
906 266
49 451
612 114
229 354
526 834
888 532
791 202
13 993
330 607
766 329
494 268
299 676
669 377
975 428
63 894
69 74
0 865
85 542
433 729
118 112
513 260
694 391
504 643
539 493
308 8
401 806
394 83
423 448
137 902
486 860
598 218
768 549
304 24
573 371
566 824
116 906
745 299
35 252
396 437
25 669
228 882
958 956
427 810
442 616
251 363
844 170
0 217
92 969
605 205
821 701
565 176
367 854
761 404
409 472
50 878
420 812
355 799
59 149
697 365
83 384
148 338
0 656
721 110
141 94
370 915
708 816
181 604
994 504
908 421
479 362
438 39
739 269
600 976
343 561
762 848
243 109
962 922
811 395
930 569
447 443
656 200
265 482
466 72
959 673
166 698
703 380
249 492
220 909
770 828
298 957
142 567
196 531
752 941
963 483
346 648
767 231
562 81
380 213
997 141
67 803
933 502
934 394
823 367
716 302
274 340
0 514
988 183
444 556
467 434
1 230
964 172
622 646
649 747
812 317
635 369
221 111
973 905
363 582
324 911
646 152
2 971
633 496
68 815
899 219
838 547
399 689
726 932
319 148
36 31
535 585
436 292
594 122
858 559
981 438
369 119
568 45
720 857
57 665
108 203
408 635
900 20
296 32
0 108
840 160
105 807
150 279
699 981
375 27
680 769
451 197
837 255
498 713
381 595
214 47
125 158
751 654
332 133
753 745
832 364
599 913
182 469
873 43
755 626
863 3
732 95
471 405
223 21
131 355
968 55
77 719
884 632
493 48
200 6
527 228
947 484
336 850
133 320
176 780
323 333
666 534
882 789
814 277
571 282
801 853
212 310
415 887
27 603
217 590
704 768
406 809
982 69
760 844
172 639
393 522
679 593
461 753
449 319
89 348
208 832
126 927
875 588
556 994
842 951
859 79
754 835
124 691
395 188
684 171
650 16
893 388
95 557
445 523
664 650
481 868
43 442
195 495
558 406
100 592
421 893
795 576
158 374
898 192
325 115
491 714
719 190
361 550
281 63
628 621
440 105
580 778
630 866
277 308
240 280
42 9
284 820
134 361
7 581
22 741
342 923
241 624
16 60
776 515
368 985
163 370
429 211
737 19
948 163
398 872
262 611
891 651
564 290
424 490
577 450
603 797
788 73
576 710
822 129
651 28
139 324
304 963
693 489
188 334
638 520
987 609
922 711
403 390
164 829
595 208
127 641
778 267
322 804
250 869
541 996
709 827
161 467
718 795
890 84
613 485
169 785
132 263
497 75
557 929
519 26
477 130
14 187
995 836
135 974
112 620
923 831
662 71
364 613
733 926
276 774
980 770
800 104
87 545
239 574
655 589
309 90
452 924
998 973
657 272
575 917
756 142
623 633
360 570
38 999
903 453
37 510
642 543
820 169
84 631
804 764
382 223
290 685
378 191
230 960
705 750
120 375
46 933
102 54
231 935
626 967
597 610
798 553
18 912
533 57
416 503
459 746
505 325
128 327
344 475
183 699
546 560
960 426
861 802
764 150
425 59
503 323
549 625
312 212
154 168
581 507
386 766
252 563
0 535
469 244
103 342
639 249
525 939
834 720
687 37
294 661
350 132
245 80
96 700
632 318
495 143
199 12
634 991
457 52
385 245
589 619
620 642
6 955
411 311
198 403
854 579
383 965
734 942
110 368
390 315
887 663
566 240
138 839
989 818
203 372
11 961
593 751
974 432
909 920
601 674
0 128
690 575
472 597
0 898
746 744
904 826
473 261
20 264
677 843
470 447
502 283
647 138
554 287
377 709
924 644
0 92
340 486
937 851
97 195
744 397
65 877
563 952
358 4
254 863
643 867
205 139
805 275
574 586
561 733
913 126
943 682
0 886
219 474
514 692
544 321
508 571
341 242
747 271
809 49
366 479
815 612
722 135
518 286
910 749
455 433
359 792
912 392
352 947
55 2
194 664
465 958
