1000
148 371
342 254
700 15
355 567
539 815
169 744
873 652
897 436
506 518
883 460
722 997
817 554
181 675
93 977
374 24
435 369
225 702
174 462
238 717
42 457
255 148
424 582
625 501
327 57
758 675
604 90
791 57
390 828
919 491
629 925
596 34
957 706
795 567
277 257
969 435
137 690
429 713
996 477
482 679
360 624
764 390
103 114
425 567
856 468
979 225
170 801
440 756
15 675
123 279
745 300
113 869
761 644
26 814
587 110
921 785
689 81
972 240
942 844
417 643
832 147
840 696
239 148
565 0
30 356
187 531
730 339
696 243
999 546
398 515
302 734
100 43
339 976
839 475
344 290
966 891
89 860
632 798
453 77
40 388
811 41
519 543
9 176
110 314
372 192
199 992
734 224
524 395
466 895
272 531
39 686
67 826
829 951
192 971
531 713
232 380
507 530
523 74
512 292
487 426
268 308
654 779
961 935
993 881
460 315
731 357
281 444
200 975
58 288
47 280
373 416
962 934
687 51
794 411
790 530
599 755
362 25
134 715
806 699
681 764
771 597
862 630
886 543
455 91
872 990
358 75
987 198
844 742
325 168
945 54
474 742
575 731
395 755
748 253
461 285
61 145
755 105
889 1
554 562
119 649
247 973
65 667
118 702
657 135
540 881
812 297
60 838
770 844
671 278
121 251
664 421
566 690
514 938
676 978
179 565
55 721
139 135
809 498
205 993
291 562
517 395
14 807
122 969
45 317
157 686
917 744
141 932
217 558
473 758
746 97
227 944
371 421
236 921
705 324
932 18
905 74
319 83
562 571
893 145
125 206
333 377
910 908
690 562
782 518
476 558
741 753
776 0
357 395
765 268
88 180
950 533
366 151
655 436
857 191
744 686
436 530
929 694
83 421
515 942
32 907
503 604
644 471
702 703
129 677
548 198
955 145
305 194
198 92
287 296
890 740
77 432
567 758
208 588
428 615
368 553
318 752
332 94
538 148
393 339
775 169
551 356
408 279
786 81
467 396
723 877
504 760
667 40
273 964
265 538
439 667
471 6
261 620
156 604
354 152
220 194
78 188
76 629
190 506
19 356
91 776
463 768
798 976
888 69
418 961
162 67
602 53
388 611
930 935
813 551
697 911
276 597
807 649
150 666
433 475
107 486
754 711
935 55
462 410
642 811
738 416
600 945
848 236
158 885
196 247
175 56
222 849
189 328
80 929
997 934
155 94
262 227
35 92
202 308
115 938
977 18
924 874
914 871
365 796
292 817
944 630
904 30
871 51
297 935
183 999
975 942
907 446
348 887
983 767
543 435
130 538
694 92
392 505
882 271
370 553
152 721
136 751
321 248
555 904
737 929
194 499
675 934
470 346
57 571
710 178
412 969
41 874
530 288
763 722
73 628
988 172
216 875
777 876
193 637
17 416
204 396
736 782
750 582
64 495
320 9
383 845
720 78
970 131
164 238
606 185
773 90
529 245
527 426
624 776
628 969
135 546
264 844
637 316
958 243
638 166
788 885
279 226
34 134
911 726
645 967
23 360
314 113
868 907
699 729
241 230
951 177
160 118
111 216
838 281
11 811
751 141
434 92
825 565
647 853
926 801
2 597
391 423
459 192
573 511
489 21
707 455
608 756
441 30
995 127
521 536
581 935
822 924
406 434
289 942
673 741
7 48
615 368
646 440
526 54
472 165
841 0
407 206
312 854
145 978
601 369
880 882
866 37
478 102
343 947
228 152
481 423
739 708
820 369
414 395
49 25
823 695
101 643
299 92
719 755
250 990
833 236
749 396
547 947
243 21
475 844
735 211
286 742
869 875
660 715
818 171
449 473
352 176
588 653
300 519
335 123
767 657
564 389
3 30
48 279
672 524
306 148
532 285
349 860
259 243
500 781
124 11
340 7
74 778
648 417
338 157
85 849
834 101
665 930
585 288
485 276
465 934
416 718
33 776
304 611
109 554
458 266
235 973
520 233
231 576
423 486
835 450
491 607
568 72
827 85
984 198
257 90
928 827
849 30
197 324
367 554
456 240
715 530
713 959
502 773
233 126
133 101
127 821
846 463
878 689
38 156
544 689
477 0
263 369
303 13
62 237
991 15
369 313
695 94
282 999
591 905
923 355
712 505
711 205
173 540
326 755
112 713
865 968
903 309
377 611
249 998
341 881
508 465
854 116
542 628
451 709
875 729
662 841
260 23
385 547
505 604
998 738
86 58
446 139
976 579
670 507
533 938
317 177
447 556
21 288
680 549
783 773
989 51
25 253
716 377
172 657
912 702
31 450
525 554
70 114
913 138
718 421
443 415
952 433
698 57
114 467
861 185
518 971
760 184
356 0
640 678
288 0
960 134
708 808
184 581
769 135
607 776
936 367
68 894
941 125
59 909
331 701
177 421
982 50
894 288
965 542
536 566
757 550
20 540
683 700
269 13
546 242
381 535
589 250
535 435
752 247
557 789
850 454
283 901
959 776
4 185
837 177
756 360
804 703
13 210
256 360
902 526
376 643
154 286
195 469
918 576
396 849
626 168
899 188
226 551
898 442
906 686
879 718
787 288
484 605
308 435
401 708
116 620
346 671
131 545
180 41
717 6
244 520
579 233
501 433
684 843
948 594
28 952
740 667
165 934
498 567
584 324
956 784
796 15
493 127
633 602
800 794
772 90
92 562
578 546
801 455
747 377
550 289
534 597
483 656
46 133
143 407
968 57
577 599
223 205
816 875
497 901
659 465
6 778
128 136
176 768
621 248
186 212
691 474
603 91
789 947
53 528
271 571
311 324
586 955
151 298
836 969
444 425
623 508
94 567
422 441
704 185
95 842
309 540
144 650
336 263
209 123
267 663
726 35
650 336
296 399
797 642
553 562
330 171
403 19
203 692
724 177
967 244
275 222
598 243
635 925
207 41
105 703
916 369
427 610
884 797
242 92
510 789
364 702
768 148
66 13
419 159
842 551
99 691
569 294
728 811
132 772
479 791
351 441
347 982
219 14
851 449
445 931
51 755
334 432
971 271
84 675
421 630
108 257
828 313
212 495
810 66
494 123
867 566
843 862
831 116
541 566
605 690
295 701
353 360
10 415
925 446
653 947
54 874
938 947
614 381
310 79
22 165
940 463
248 152
847 78
69 303
495 768
171 377
641 477
953 30
375 254
386 67
821 57
389 599
572 735
378 331
166 288
18 841
415 17
571 0
511 465
480 516
559 20
5 702
182 19
622 21
8 412
954 194
590 339
274 735
874 57
674 102
946 841
824 443
490 474
620 67
727 517
313 881
413 546
345 399
537 971
802 136
457 531
909 9
649 290
120 229
301 473
549 92
803 289
142 741
963 50
793 250
44 607
168 326
978 30
693 853
661 264
290 469
52 928
153 743
161 369
678 690
663 703
363 954
908 643
980 619
293 817
322 653
12 751
885 289
631 957
71 748
582 882
24 169
50 541
149 523
992 724
686 123
469 758
826 92
860 96
990 895
785 947
666 94
430 582
576 551
583 691
307 223
528 57
669 45
881 947
97 317
328 22
140 764
949 753
947 562
595 674
922 25
597 281
981 309
612 6
43 675
438 43
943 32
937 770
892 849
685 308
617 116
90 356
509 561
240 290
688 22
703 562
167 545
221 5
560 313
651 879
359 69
138 222
464 3
87 738
380 148
213 831
323 868
778 718
285 839
191 758
552 802
399 787
102 19
781 899
214 284
933 678
210 689
266 862
852 562
492 934
743 999
592 302
188 157
206 538
488 226
452 611
927 37
830 290
652 351
432 449
574 557
732 123
252 977
709 39
853 944
845 702
819 423
679 886
397 14
677 388
887 818
639 530
63 72
896 744
211 104
82 636
779 675
634 573
766 436
98 415
556 359
234 764
56 618
721 934
900 691
784 978
901 956
431 137
799 398
251 151
706 665
284 280
245 811
379 47
658 983
246 881
630 0
81 450
643 779
499 758
163 257
394 407
29 952
426 382
27 214
915 118
387 839
486 784
37 571
1 481
201 165
258 272
159 867
230 0
774 15
218 33
859 540
384 961
974 136
448 493
106 376
682 332
454 918
126 567
692 942
939 39
877 152
405 113
964 389
278 422
714 995
450 785
619 41
808 473
410 86
185 912
36 275
733 292
400 524
329 466
337 533
316 649
609 537
468 93
815 308
104 3
516 175
224 473
253 703
627 921
254 369
75 396
656 247
729 849
891 798
237 690
280 441
618 19
117 546
496 768
814 864
522 137
16 58
570 935
725 126
315 148
411 776
215 236
382 192
611 776
178 947
361 566
442 22
270 186
876 440
593 777
994 875
558 578
409 464
636 596
79 292
294 181
72 675
753 879
742 421
780 526
437 304
864 55
858 961
805 85
545 611
895 546
146 247
931 844
613 441
561 633
350 954
298 795
147 74
870 165
580 43
513 411
934 663
594 822
863 847
402 789
792 397
616 742
563 159
855 713
985 226
96 207
229 365
404 709
324 94
610 434
668 902
701 64
973 395
762 678
759 230
986 912
420 541
920 190
