1000
952 296
587 495
516 534
261 531
272 50
998 659
78 925
892 373
991 233
87 602
53 752
940 690
396 916
333 532
682 942
794 505
759 375
882 261
375 602
45 502
792 148
479 768
968 595
936 251
831 664
690 944
174 607
362 310
724 368
107 96
213 435
120 891
171 496
732 325
112 957
758 505
280 246
721 479
795 633
415 121
437 89
547 602
927 37
122 0
895 888
150 30
480 824
872 492
401 944
550 310
743 130
11 190
848 705
886 500
960 482
132 595
779 311
534 271
728 558
264 474
469 947
88 466
708 206
99 720
220 800
951 573
685 314
406 800
919 406
196 236
91 606
445 100
870 659
644 101
507 389
198 290
538 246
662 348
847 782
341 236
211 387
199 557
366 387
4 813
628 233
237 465
860 122
110 335
702 488
600 943
627 461
361 337
471 427
790 37
621 261
846 208
72 483
165 407
784 426
731 993
233 170
186 403
255 760
992 592
689 233
622 336
149 20
833 952
548 66
18 918
138 262
520 899
22 122
284 388
447 201
900 243
124 214
796 285
918 772
147 541
410 985
637 340
519 800
403 796
324 786
663 221
793 37
717 100
344 176
170 0
485 570
905 962
266 627
17 402
680 44
972 975
805 310
975 170
234 699
866 733
650 658
348 680
723 302
747 151
763 170
617 122
248 664
746 878
672 902
77 80
146 873
656 168
97 597
755 154
262 168
444 891
838 243
176 365
864 670
949 994
117 550
156 263
30 999
200 633
842 672
653 846
530 306
155 130
298 126
849 26
39 603
435 755
785 640
929 310
379 124
888 653
369 217
994 83
487 319
806 659
109 336
111 932
658 819
956 271
523 871
693 243
561 693
271 443
383 494
297 813
28 849
121 854
43 456
491 246
807 879
92 178
700 814
317 658
496 926
357 566
822 276
703 578
980 173
83 846
243 846
290 233
506 885
340 22
334 566
231 76
167 116
86 536
954 891
349 723
811 774
197 426
924 842
270 417
713 484
440 957
697 426
389 96
431 693
601 123
201 800
338 747
819 711
166 928
533 70
655 757
467 948
66 524
179 174
423 707
209 575
640 928
774 32
736 192
470 884
217 107
247 372
611 342
76 800
583 297
712 851
46 571
987 474
395 898
576 479
68 472
920 15
867 854
69 443
499 100
358 880
259 607
543 352
394 786
351 63
528 763
985 206
670 52
268 762
829 654
368 249
481 179
609 154
540 807
307 720
214 674
845 267
542 215
769 957
299 957
8 410
484 166
287 948
288 303
686 985
13 738
934 288
450 767
946 510
871 233
227 780
80 998
781 712
48 509
857 615
773 78
639 174
135 860
371 746
71 528
654 900
204 947
355 292
219 830
869 282
365 664
252 243
504 846
295 491
554 702
711 168
863 389
331 505
799 656
777 875
574 980
464 681
339 240
123 170
729 331
880 408
408 37
978 397
492 603
961 948
347 771
714 760
140 483
319 686
802 314
782 200
162 83
821 666
225 162
313 479
910 662
645 483
194 525
397 429
722 768
453 340
190 44
130 980
584 38
93 299
661 863
102 130
245 298
321 246
613 519
840 178
195 337
947 928
643 605
710 620
549 237
258 508
907 933
242 393
330 591
51 927
125 575
899 602
458 306
590 292
282 198
562 593
558 674
598 281
898 754
386 553
36 751
103 749
559 587
456 428
67 950
108 404
624 580
409 940
823 923
457 174
976 572
58 711
494 100
356 298
308 288
407 405
959 802
827 706
314 627
674 617
666 681
323 485
579 21
861 15
651 271
704 171
767 945
592 200
990 240
814 122
911 760
451 303
701 802
971 746
788 94
780 310
719 988
687 451
448 630
770 32
15 22
402 618
354 763
552 432
459 236
820 491
752 491
844 5
541 66
604 325
825 143
278 179
916 98
26 883
353 354
335 492
244 746
38 356
154 860
433 650
535 164
603 201
474 674
164 602
567 473
275 777
337 261
885 906
482 55
551 308
181 722
839 613
222 687
884 780
515 641
602 0
684 436
254 241
359 614
518 431
42 763
260 431
27 768
224 573
267 659
376 43
964 96
733 27
908 739
49 680
3 917
906 674
5 262
119 527
175 903
424 536
98 82
873 174
804 596
152 50
665 545
381 697
226 741
741 931
858 930
571 36
31 82
569 496
877 226
536 428
7 851
318 456
904 263
157 80
798 938
398 601
950 628
311 975
676 166
648 618
580 126
505 999
855 204
539 689
249 393
291 656
679 581
982 489
399 184
841 387
966 940
47 376
667 324
449 130
169 482
192 484
937 211
879 717
178 707
73 851
95 833
761 105
923 393
563 744
772 744
441 62
745 702
757 690
153 585
127 213
524 52
465 885
173 64
279 93
497 33
206 602
346 289
955 145
626 810
310 188
477 18
809 434
488 26
205 944
945 899
894 116
527 619
568 323
599 235
35 213
989 798
343 96
384 558
610 290
388 461
274 626
938 469
105 64
285 602
352 341
89 518
322 614
238 835
500 166
669 762
432 459
635 687
426 310
306 741
660 58
490 169
854 617
212 478
207 531
570 692
113 723
935 30
1 310
182 173
159 699
281 860
572 908
608 201
800 170
193 830
921 344
614 696
460 900
503 603
996 667
948 689
345 518
184 413
489 875
436 285
215 707
754 296
417 449
414 151
764 938
228 786
512 908
632 751
60 271
315 218
664 763
868 656
2 29
577 443
327 836
981 659
438 64
995 138
969 299
612 6
737 175
720 700
890 667
967 925
939 780
817 823
531 706
493 382
329 514
56 886
607 292
439 738
707 814
843 426
771 117
428 763
253 860
286 845
797 519
136 546
856 813
597 443
455 218
168 999
472 408
393 461
933 90
914 207
239 812
50 627
813 699
566 415
546 6
744 168
526 784
578 751
85 263
413 687
235 208
586 686
377 701
101 508
511 271
141 713
865 178
405 292
90 178
202 128
501 273
699 122
834 530
725 525
133 916
629 99
128 503
525 601
276 494
815 480
443 505
336 197
783 878
161 377
832 300
716 253
277 208
791 573
726 776
859 519
891 741
517 159
922 275
634 303
553 248
82 45
411 93
422 45
837 47
429 465
740 766
6 846
378 367
434 243
118 822
850 5
420 625
19 6
962 985
129 977
296 6
688 651
514 121
326 749
705 227
581 599
498 758
760 689
932 746
29 496
185 686
775 368
203 763
475 646
342 159
391 766
630 308
575 218
750 936
142 508
513 681
545 803
300 686
312 886
427 122
387 44
495 52
158 332
974 938
659 699
148 21
360 952
332 684
901 40
582 296
41 43
292 846
560 460
915 906
638 579
25 926
903 306
9 321
305 875
876 776
62 302
925 230
818 777
544 393
618 674
10 887
812 179
508 505
320 939
466 624
748 89
983 253
374 11
715 303
131 460
12 958
930 696
350 411
695 971
734 969
468 208
461 859
944 711
917 947
756 532
21 627
970 431
742 64
694 829
931 203
294 752
616 237
683 310
304 52
412 818
385 481
965 47
463 465
537 620
641 701
973 509
941 635
104 592
63 272
382 577
875 628
160 907
309 830
749 799
529 300
55 387
738 944
187 253
585 999
739 995
241 913
265 595
191 614
652 970
692 627
16 519
380 807
372 379
942 118
20 950
416 287
786 838
293 123
826 16
81 588
556 598
418 851
789 111
647 981
953 195
997 97
269 83
657 537
675 272
316 751
263 76
878 711
96 15
325 598
134 841
979 213
177 145
509 706
591 96
223 356
392 502
64 15
706 617
14 688
145 800
718 510
730 940
606 252
483 64
830 366
557 306
454 210
835 158
37 999
232 508
681 292
430 653
57 282
816 376
44 208
218 100
273 337
751 20
984 833
188 653
139 191
172 605
668 208
765 248
887 256
452 529
364 470
677 607
776 519
74 833
893 175
594 830
137 252
671 883
100 859
963 967
510 456
94 690
521 763
874 470
595 261
79 748
404 557
425 888
766 627
926 903
928 814
230 492
302 131
881 549
502 558
115 596
762 879
229 505
593 810
251 653
478 500
619 985
476 70
32 681
596 368
615 666
902 154
753 601
54 205
180 786
588 304
958 654
126 800
836 442
787 31
486 279
210 633
61 885
363 863
240 553
400 825
912 190
116 984
33 267
999 519
678 20
289 776
236 998
114 482
709 843
522 398
631 150
824 428
221 984
250 357
943 846
70 94
144 942
735 169
143 582
367 854
208 664
673 256
778 530
625 883
851 681
573 396
23 428
446 474
605 748
862 831
59 612
65 710
373 793
473 414
727 377
803 686
589 212
913 689
883 544
801 692
246 838
828 970
34 267
646 808
636 356
810 713
257 704
303 154
909 142
698 470
853 850
442 100
390 91
768 303
163 742
889 505
216 335
649 796
896 346
696 537
52 947
988 865
642 138
555 557
808 211
370 985
565 227
691 128
328 317
189 713
957 603
301 383
84 43
620 768
852 432
986 758
421 322
462 962
977 122
183 220
106 43
151 492
256 878
897 536
419 508
283 118
40 846
623 983
75 344
24 717
993 713
532 786
564 295
633 387
