1000
368 152
752 311
415 479
227 101
434 860
3 73
196 142
411 0
236 927
457 223
375 38
734 229
218 440
391 728
34 585
609 409
608 731
155 249
386 758
785 353
232 318
534 866
174 188
144 959
50 214
75 928
272 642
170 539
465 0
680 538
618 161
102 901
238 367
314 350
433 867
47 52
180 588
716 863
191 248
952 703
237 334
346 389
667 527
61 804
613 350
282 80
507 218
733 735
374 50
359 121
957 861
989 232
463 269
634 215
560 732
904 760
286 542
307 328
617 95
488 403
869 188
133 383
396 407
393 572
499 338
865 314
737 294
151 469
599 651
629 856
389 168
619 788
856 484
827 779
852 595
714 298
624 84
930 837
62 665
471 556
40 27
334 350
883 710
403 388
873 970
49 548
779 975
31 936
905 84
602 661
100 331
592 340
109 967
152 900
258 566
2 499
614 0
508 295
948 845
320 780
401 563
833 701
682 651
181 251
498 672
25 676
681 214
485 770
646 978
116 336
824 712
660 215
450 98
267 421
210 921
971 473
339 738
700 996
801 484
555 647
426 103
693 423
593 266
644 255
675 275
440 184
937 761
171 969
701 24
840 467
997 80
674 290
384 833
745 10
57 294
422 713
876 128
964 571
647 570
962 567
300 570
271 466
5 802
438 355
582 723
815 350
139 177
468 387
208 713
22 97
219 318
7 754
549 906
649 784
705 901
854 34
113 315
663 53
211 408
818 900
70 209
528 531
879 837
478 353
16 995
578 963
248 449
199 57
855 468
319 250
736 938
857 653
563 43
315 732
92 425
419 710
182 124
637 101
845 707
718 333
383 542
74 69
571 580
561 251
898 557
744 644
927 810
684 600
966 713
13 649
288 284
943 883
190 846
566 787
527 315
454 209
264 289
52 289
292 781
533 875
140 328
665 248
381 155
917 43
655 976
347 384
483 611
115 73
479 481
77 98
993 872
141 739
437 688
137 298
164 945
806 871
909 295
224 28
330 994
532 623
530 531
723 527
222 408
725 364
89 298
30 51
460 101
802 0
284 930
753 544
252 17
188 923
757 547
776 800
439 619
209 696
189 713
750 388
127 875
919 630
545 975
344 340
708 967
293 440
341 950
146 595
261 486
173 243
35 782
986 649
958 557
946 501
274 374
110 758
548 353
260 801
317 138
798 128
85 58
4 481
513 103
306 887
588 807
247 101
291 294
944 250
922 482
187 457
96 824
366 298
853 758
746 91
53 497
754 797
280 953
269 71
654 545
982 163
913 187
355 399
901 497
215 484
20 913
143 636
518 764
620 398
42 856
351 585
446 986
18 853
554 240
406 330
821 119
185 958
501 334
250 931
184 458
575 300
626 366
542 515
923 713
811 993
128 449
380 650
586 729
695 379
246 890
698 993
108 215
743 539
54 869
974 341
405 423
786 836
738 784
309 64
672 318
159 971
338 790
735 686
240 632
699 248
661 497
290 272
445 353
251 481
640 641
929 525
793 856
935 770
429 286
539 665
203 713
848 856
834 129
360 237
398 298
118 937
938 921
621 986
157 256
313 989
448 733
503 232
257 935
878 790
200 916
861 191
285 243
842 200
38 60
988 512
161 430
301 169
817 377
504 342
934 58
124 975
114 93
254 106
331 251
404 799
172 230
666 501
540 856
832 124
231 407
66 484
129 824
41 249
345 192
742 463
800 970
179 169
607 80
526 960
517 207
976 423
888 746
305 846
812 594
223 191
26 846
425 287
385 238
79 413
400 963
474 111
985 572
186 997
820 152
631 103
999 554
625 418
992 634
851 423
796 827
782 97
890 465
72 988
408 696
83 157
279 80
899 142
522 714
568 302
416 151
523 336
11 57
29 443
983 51
977 509
321 925
388 968
653 527
967 251
769 184
772 621
135 403
505 481
228 510
900 504
954 366
193 243
961 655
363 624
106 882
759 404
553 797
364 699
168 891
867 515
903 802
510 860
371 407
455 659
758 615
277 735
177 105
790 215
726 626
784 248
933 599
183 42
585 665
233 24
273 746
81 427
58 528
579 656
565 570
287 258
326 194
349 573
632 858
294 649
432 50
295 770
749 359
996 824
538 370
1 92
910 963
870 885
45 248
178 71
791 900
80 983
760 891
207 897
911 122
372 943
574 492
147 587
461 694
881 80
973 979
677 160
33 900
361 39
370 501
322 971
969 457
481 876
329 771
111 328
891 307
23 108
154 184
562 465
132 226
713 24
60 570
768 331
998 921
991 371
214 128
920 269
63 158
266 457
19 232
720 269
480 136
138 328
603 927
163 398
353 986
829 720
850 623
825 400
813 657
810 398
559 858
576 366
650 856
456 444
979 24
82 657
220 591
162 873
658 755
868 498
512 594
847 3
221 231
278 34
275 342
841 179
921 370
606 440
332 605
804 617
493 874
348 853
424 40
683 665
651 146
808 864
643 261
136 910
843 97
369 516
715 652
323 107
121 209
740 92
412 997
893 164
775 224
117 923
46 465
230 675
430 189
486 10
600 27
94 482
686 292
452 407
192 705
156 129
610 454
886 787
428 632
639 189
590 639
550 603
797 364
589 541
803 397
142 545
494 649
956 631
541 554
149 782
197 444
420 623
724 649
659 889
145 665
712 738
612 471
894 755
316 205
731 118
975 60
771 713
212 402
91 665
676 530
249 460
435 51
604 692
694 60
664 189
673 827
449 0
458 71
12 262
546 650
630 198
103 279
515 713
914 590
816 808
88 51
303 537
859 906
787 861
194 675
596 189
93 997
99 943
175 262
981 983
826 460
84 686
706 361
552 665
543 738
994 84
235 648
202 32
741 624
379 883
39 648
506 758
76 53
711 724
722 318
394 131
337 27
134 151
781 572
836 472
95 292
844 465
475 454
719 497
949 418
255 262
298 27
748 189
601 51
10 561
71 248
955 206
417 750
297 128
519 102
557 787
444 458
356 699
947 719
37 797
407 710
774 284
342 205
357 479
963 205
123 103
382 218
764 60
960 958
544 512
350 298
642 294
915 353
268 979
703 614
972 689
805 866
627 889
814 603
755 223
656 531
466 108
491 296
558 939
328 649
567 930
939 858
950 214
766 383
819 884
912 399
537 231
761 713
126 452
17 51
907 457
120 226
131 531
835 591
953 231
839 769
751 15
531 572
799 302
747 94
8 732
710 209
980 863
6 688
662 657
691 511
362 353
226 626
130 959
302 282
551 731
594 128
441 754
638 810
9 107
153 446
470 120
44 930
524 516
584 713
739 378
648 746
201 557
358 863
73 809
941 928
942 364
324 555
418 997
897 527
495 791
591 366
367 0
679 191
87 967
165 284
773 837
281 644
670 89
940 60
21 910
14 768
414 299
97 515
352 390
442 11
90 804
583 969
225 218
788 13
459 890
51 27
262 209
765 969
862 170
206 463
984 916
462 443
217 31
908 761
216 968
308 578
105 641
28 545
885 353
86 17
877 858
945 882
253 836
482 860
951 371
245 443
807 387
611 614
413 286
489 431
866 286
728 694
397 113
730 937
490 171
529 262
289 350
729 101
906 986
671 291
884 762
763 681
69 943
98 191
777 111
296 732
525 92
239 570
122 427
895 693
669 187
780 421
707 421
871 407
783 399
304 403
373 642
794 95
872 701
692 931
311 246
860 738
509 974
615 51
399 986
595 714
569 466
392 827
616 692
343 724
892 676
968 936
668 644
473 531
497 665
68 699
823 194
176 4
56 91
633 844
484 570
925 790
409 699
427 809
169 781
43 656
387 341
410 574
318 463
167 13
376 976
467 458
514 55
107 479
623 366
283 87
204 639
492 765
809 187
756 138
27 449
685 454
365 317
721 746
689 983
299 729
472 111
874 595
276 860
65 291
241 939
421 860
244 346
902 520
536 434
265 522
229 501
205 269
119 469
880 128
837 496
690 378
64 761
564 453
55 51
580 352
995 478
831 319
863 53
395 793
727 120
717 732
500 419
597 635
327 325
24 298
487 0
521 286
846 146
789 821
978 957
402 561
830 875
767 199
628 194
32 873
477 506
259 323
213 355
431 779
875 318
464 473
645 574
436 60
390 209
423 458
622 900
451 624
577 344
243 943
687 328
581 111
377 40
696 27
702 355
340 318
335 882
354 980
125 462
496 665
312 464
198 126
849 86
547 412
889 570
770 713
864 17
263 479
101 137
556 833
310 663
641 738
778 97
926 522
158 70
678 585
535 431
333 891
573 860
990 291
78 248
67 467
762 81
336 863
48 631
570 696
795 782
635 755
598 369
520 969
242 479
931 282
195 647
970 943
234 678
476 672
965 755
709 152
378 191
916 333
502 954
928 784
882 240
918 938
150 661
732 810
959 146
572 51
896 575
704 251
160 712
270 412
605 284
15 296
858 696
443 611
822 896
325 998
104 89
636 515
697 349
936 512
924 464
112 543
887 761
838 296
587 638
453 900
256 782
516 449
59 434
447 309
148 21
688 251
828 773
469 860
36 46
792 108
932 691
166 377
652 516
657 936
987 367
511 994
