1000
383 452
726 194
523 858
18 894
706 728
234 626
399 987
493 753
281 444
545 718
752 548
765 764
437 645
497 172
852 723
873 463
982 112
627 422
257 699
711 385
565 861
0 16
492 613
855 848
196 332
423 258
135 949
745 337
997 347
604 175
127 971
352 37
295 264
30 229
384 527
200 147
450 406
919 923
832 83
582 532
201 412
883 360
215 168
235 839
594 353
754 541
97 661
518 294
725 817
501 643
681 649
269 704
728 750
463 757
738 270
290 895
777 309
98 273
487 793
703 743
572 732
502 157
935 711
339 957
647 356
146 761
709 509
20 489
2 324
524 803
212 96
326 841
828 288
526 369
538 283
149 351
744 388
522 354
676 473
961 453
791 497
662 829
646 802
836 55
845 193
436 419
898 736
895 367
113 590
475 710
513 236
443 662
986 797
648 523
163 887
341 652
94 465
713 831
138 808
708 403
214 842
670 212
15 335
549 502
145 515
833 106
747 329
688 185
820 804
842 899
626 221
669 828
770 744
241 321
796 960
866 954
729 146
628 774
809 52
82 734
554 377
574 195
422 253
680 943
621 615
636 878
889 890
451 969
428 562
317 617
345 405
58 279
263 566
788 758
985 707
467 286
314 888
328 213
939 333
858 50
500 551
434 721
128 778
893 123
296 838
804 538
934 400
854 35
173 510
605 669
143 151
186 72
983 491
291 287
288 693
371 847
276 244
519 951
841 461
555 795
592 331
949 227
412 610
803 274
466 719
302 211
843 17
955 62
798 675
562 156
141 248
749 478
107 166
598 12
86 295
856 456
508 408
731 380
602 184
717 660
407 6
0 779
139 93
160 762
385 326
716 103
286 991
505 404
342 108
348 316
152 739
222 277
503 783
921 343
906 235
489 27
334 383
102 121
251 686
0 135
49 967
548 315
144 665
344 5
561 862
1 387
516 572
54 866
432 499
629 433
99 934
289 929
59 179
967 164
864 126
374 470
89 239
331 111
441 120
43 674
48 528
780 359
583 68
941 881
819 959
588 223
799 979
479 958
442 851
110 587
723 29
894 809
514 265
382 880
180 306
637 624
75 138
354 246
206 935
914 320
732 843
389 870
926 552
126 117
925 962
945 475
957 276
84 564
301 338
544 54
830 485
539 481
266 132
468 398
359 534
304 199
224 638
656 119
559 407
813 71
394 800
23 143
8 189
78 917
930 225
718 579
32 530
578 812
740 713
805 981
158 576
208 993
151 823
294 813
29 480
529 944
134 807
520 141
435 599
105 578
778 325
892 900
506 995
330 931
250 921
424 773
870 34
645 869
480 297
197 26
674 200
907 448
818 280
771 302
155 348
884 835
264 14
859 91
379 933
600 641
742 48
783 163
418 940
137 375
464 69
846 501
769 594
962 23
860 125
785 508
868 198
869 585
255 92
806 965
910 588
913 160
476 165
652 77
278 999
300 101
774 247
992 819
157 89
333 488
899 4
88 426
347 207
540 558
262 902
38 865
361 726
447 2
280 507
733 150
933 389
79 953
494 860
484 595
169 658
65 629
355 849
964 436
613 914
610 43
74 691
948 575
445 191
47 988
485 627
944 21
252 727
643 908
936 771
677 832
746 690
954 169
311 98
419 88
764 752
7 825
3 9
11 242
490 946
369 569
287 671
71 659
478 241
978 945
642 252
761 820
510 431
943 549
714 986
872 673
346 798
77 256
790 7
959 492
817 358
189 876
758 130
310 799
364 735
760 183
825 498
595 486
282 746
981 363
553 772
617 496
61 882
657 684
486 784
773 11
624 850
395 994
609 833
573 341
170 429
849 706
563 593
614 586
430 668
671 446
664 976
970 97
14 956
12 655
411 901
154 780
827 447
148 844
881 310
159 421
927 889
307 474
332 382
324 346
584 188
376 920
211 459
124 53
528 148
319 144
557 737
62 84
190 712
203 906
114 648
507 571
736 140
792 733
168 603
593 738
392 411
40 606
284 688
924 625
35 46
960 308
351 73
438 149
228 789
564 355
150 997
231 919
120 437
247 427
816 416
789 462
737 362
576 715
210 124
768 646
701 278
551 301
244 391
372 928
795 139
808 423
233 340
188 622
840 670
448 339
597 989
972 107
525 269
426 468
459 290
431 785
753 464
268 667
195 656
909 386
900 996
534 730
601 630
469 22
243 636
839 79
766 854
185 115
603 604
265 535
644 74
164 378
101 891
908 45
625 285
634 376
130 445
722 87
298 472
976 896
292 49
496 749
260 153
349 251
112 178
90 777
923 243
585 128
76 113
5 90
640 904
56 476
340 230
123 174
810 307
635 531
660 653
618 837
885 364
421 305
109 428
536 709
591 826
928 86
36 642
193 13
171 413
174 561
279 751
21 466
275 955
17 142
570 977
132 907
367 322
0 550
931 687
958 254
633 372
271 484
318 300
891 81
321 80
965 768
404 563
336 633
111 972
406 556
599 570
533 915
373 366
245 176
225 173
861 226
57 371
569 94
293 28
903 167
177 327
33 822
689 439
375 154
83 78
800 863
719 44
705 632
408 158
750 291
772 281
440 884
26 311
589 975
991 885
39 879
632 59
612 591
410 170
658 756
848 272
887 852
655 95
64 791
106 663
329 100
542 689
694 978
998 131
875 65
952 867
721 104
267 415
696 857
153 357
977 58
315 982
67 631
668 765
455 964
994 618
693 868
156 233
19 696
136 516
306 430
0 458
821 206
675 790
938 110
283 33
530 845
973 547
566 716
743 782
240 657
543 261
414 268
897 816
198 961
365 133
325 836
980 830
439 518
400 424
532 260
984 573
285 373
386 490
242 703
63 634
309 886
896 608
320 442
623 543
274 911
807 647
779 284
823 916
666 619
37 697
672 974
667 397
611 186
912 678
756 215
0 654
751 410
801 368
248 365
541 250
131 554
659 596
50 66
847 682
427 672
477 557
989 834
535 814
460 827
401 334
380 539
10 692
417 644
888 180
811 824
682 317
323 328
9 162
366 255
60 864
133 418
940 525
687 374
433 494
937 725
824 393
183 546
357 399
715 810
360 467
481 249
918 190
776 122
103 396
24 441
615 99
963 806
256 853
390 352
25 811
974 208
724 963
741 680
781 394
362 450
692 918
358 312
699 379
191 152
182 553
867 781
782 479
826 970
950 222
851 859
787 20
118 912
166 318
246 747
863 775
971 259
665 871
571 342
704 118
95 201
673 289
650 42
837 856
793 616
312 612
363 924
377 605
453 565
92 361
204 724
72 705
947 425
253 134
425 754
378 760
581 216
121 937
0 454
429 31
619 883
199 266
995 395
710 381
217 717
546 204
179 583
802 909
521 533
70 903
297 580
622 559
117 742
547 18
397 729
45 511
690 748
575 231
147 926
882 708
403 589
327 116
969 482
140 942
707 966
396 927
0 82
702 209
227 503
755 136
356 232
653 651
879 105
474 159
216 47
353 344
763 581
834 505
517 210
456 874
51 846
968 245
258 350
337 930
712 257
684 319
470 913
402 36
990 219
393 936
22 409
229 998
560 177
416 905
458 477
27 267
734 786
272 402
236 600
209 893
877 370
398 192
679 517
68 460
129 950
942 582
52 214
759 741
876 623
230 455
835 932
996 469
654 640
187 217
46 161
663 145
28 767
850 714
638 8
115 275
181 237
639 755
987 984
946 536
580 420
483 330
999 10
270 390
41 694
775 685
871 805
273 303
313 345
966 296
194 855
44 602
661 495
815 504
853 992
979 700
865 514
239 584
13 769
16 637
142 127
388 102
176 794
844 621
207 875
880 973
405 872
202 155
499 304
53 171
504 938
794 41
757 228
299 766
205 787
4 542
993 513
42 910
305 650
579 471
457 197
162 952
116 263
951 677
874 792
161 24
261 897
184 818
96 821
226 60
473 925
471 740
814 939
762 537
335 64
454 109
238 500
988 15
975 545
829 607
343 568
685 635
249 941
691 788
586 30
916 63
259 299
537 745
596 238
413 560
452 129
498 262
901 873
558 187
69 555
165 620
527 483
488 922
512 698
786 666
85 628
727 220
608 40
515 205
641 676
878 57
902 520
509 892
444 695
904 759
322 1
93 763
678 801
577 521
409 898
232 544
831 985
316 349
482 70
122 639
223 443
720 282
890 61
220 611
87 298
6 487
119 702
104 234
0 434
81 414
420 314
55 271
465 983
531 67
172 614
606 392
31 313
683 202
219 38
567 75
167 323
387 3
218 701
784 224
616 506
953 776
730 731
472 948
697 598
905 76
370 529
66 796
630 240
178 720
739 25
651 182
956 435
911 815
308 85
556 601
698 567
254 980
886 401
0 522
917 679
920 577
491 524
461 293
838 196
552 292
568 664
277 440
338 137
686 540
607 203
700 51
812 417
381 722
495 493
125 609
213 968
748 114
695 19
391 947
797 181
446 770
922 681
862 877
767 526
929 574
462 592
822 840
932 432
73 218
80 597
350 384
368 457
631 32
100 438
108 451
303 449
91 56
34 683
175 336
237 512
550 39
192 519
857 990
