1000
437 900
579 844
566 326
153 759
142 717
344 937
746 525
483 156
754 127
19 289
661 549
990 405
0 39
87 143
108 566
0 776
468 592
845 404
189 287
242 984
154 134
480 249
271 173
712 160
33 748
736 468
232 395
748 531
729 408
568 45
547 975
69 694
805 387
627 861
967 825
0 660
893 75
936 640
49 906
564 645
115 583
723 398
493 703
41 947
321 494
442 960
0 764
265 503
2 593
849 399
316 940
757 797
303 757
40 332
206 811
333 693
226 203
479 357
697 378
6 795
338 294
23 271
715 866
828 671
92 58
935 438
836 159
73 977
873 381
10 675
533 33
943 571
447 310
610 925
655 687
113 726
877 430
294 284
100 689
926 485
621 697
727 608
148 102
840 725
44 447
239 401
698 331
244 385
456 684
317 367
530 317
731 996
400 136
878 897
968 252
394 234
72 25
147 955
558 752
128 425
474 779
916 923
737 680
688 738
172 434
512 254
892 783
402 305
672 32
0 770
387 674
280 634
475 563
414 490
939 77
504 250
94 870
643 263
779 661
646 871
562 397
253 863
889 339
155 230
953 631
996 550
248 471
212 130
0 965
325 817
761 891
515 86
407 496
441 985
163 255
963 31
466 260
945 565
768 673
622 301
984 211
503 182
55 610
908 882
28 215
0 323
782 972
717 890
301 140
847 382
243 762
363 690
793 118
313 709
457 377
817 61
552 821
268 707
567 522
519 807
492 623
134 443
549 677
401 371
285 829
556 396
585 451
126 49
691 413
261 482
590 580
237 353
704 101
970 708
989 418
375 281
992 917
887 13
0 649
509 530
185 126
0 893
136 994
125 63
184 887
121 732
929 537
12 439
617 383
318 388
739 772
626 638
240 171
575 908
450 853
200 441
22 907
718 538
978 478
721 349
283 564
67 340
973 22
689 986
658 108
332 714
63 822
252 501
116 602
980 724
502 586
722 911
977 506
11 484
0 647
107 273
803 11
54 939
330 954
962 936
649 910
0 272
599 296
112 584
537 862
95 981
334 796
187 718
439 745
74 406
925 941
928 158
528 123
269 943
436 283
81 521
30 120
513 614
747 750
819 931
846 698
548 765
281 460
777 809
292 65
24 68
941 133
708 700
523 763
289 265
631 318
589 267
923 860
699 719
681 59
178 888
922 834
45 449
406 609
724 512
70 989
653 233
391 51
666 4
256 510
696 483
795 773
287 198
860 373
615 958
623 153
0 812
146 8
347 106
85 974
105 427
410 313
34 642
750 511
274 929
789 942
966 218
825 838
902 650
683 452
117 429
141 520
80 978
759 10
991 787
839 363
954 546
167 901
995 704
223 210
596 515
485 53
557 526
343 557
988 181
986 899
234 845
216 736
687 836
396 472
763 655
379 637
851 54
964 733
360 161
62 208
477 778
576 575
314 554
587 48
859 325
427 944
773 541
355 935
297 334
127 297
0 347
221 998
165 793
527 662
36 570
906 656
302 964
173 499
416 298
130 956
553 167
277 883
647 78
932 128
211 466
453 544
830 619
460 968
652 116
56 747
730 94
222 666
0 791
246 311
505 394
59 622
915 789
532 117
802 982
364 597
358 270
465 559
946 44
82 389
804 390
220 55
826 569
383 976
667 699
368 615
160 918
898 915
218 879
461 30
917 320
951 536
359 556
140 469
807 532
53 445
0 457
574 315
500 848
931 885
999 433
58 293
224 777
0 185
0 414
77 601
38 952
573 88
792 392
0 540
542 354
701 240
60 391
629 216
238 444
17 275
522 124
374 251
705 345
0 98
0 881
740 587
21 426
613 103
487 423
119 193
384 529
896 616
506 562
640 729
431 768
403 112
670 667
880 886
976 865
486 993
692 953
650 330
831 595
985 119
563 878
993 572
175 28
9 384
899 713
614 122
584 896
425 823
193 711
870 150
550 463
686 581
604 247
835 456
166 342
322 961
168 428
300 489
882 256
90 37
914 567
818 277
16 47
476 990
250 728
969 938
0 706
894 588
794 889
808 852
37 224
199 416
546 364
766 582
353 973
422 934
541 741
179 856
413 668
837 854
308 880
0 721
619 151
862 857
919 771
961 688
39 654
230 450
65 806
371 2
124 163
581 60
521 464
540 948
129 916
496 168
328 740
0 155
376 204
133 892
732 403
827 617
372 495
997 658
225 285
385 178
635 722
311 302
841 274
150 69
745 196
814 621
753 826
876 34
99 682
342 551
790 295
495 999
71 754
965 316
164 492
329 545
288 36
871 613
464 739
415 191
734 577
194 589
605 959
535 23
960 474
944 138
351 362
497 561
320 304
975 459
260 683
551 141
597 231
858 670
799 279
0 409
362 872
110 895
820 735
324 679
4 239
346 29
838 164
518 176
132 774
157 100
418 720
48 970
756 636
905 819
295 12
0 743
428 995
693 476
490 79
423 508
247 446
98 257
327 808
52 653
365 794
262 186
801 766
648 105
0 620
684 192
408 945
0 62
106 596
904 19
679 95
306 785
469 170
0 99
829 685
478 282
884 1
404 312
867 355
659 335
367 82
101 727
700 81
559 742
663 420
511 465
702 467
337 386
710 454
741 40
664 491
920 194
47 651
241 786
781 213
865 967
196 924
419 415
5 842
662 814
707 849
88 214
25 837
181 18
259 790
864 835
120 93
0 800
458 71
424 80
350 400
815 360
0 288
0 568
227 533
625 966
821 6
470 83
593 172
273 440
786 932
720 552
20 306
180 696
544 219
633 412
169 435
356 782
642 379
767 574
42 909
446 505
810 524
644 635
228 221
602 840
630 607
352 594
608 242
381 603
195 432
251 309
719 659
545 648
930 920
834 154
0 801
855 761
278 16
93 72
861 237
651 300
910 578
307 712
901 235
203 42
891 824
79 303
583 514
874 504
270 626
881 206
386 753
947 898
296 197
162 869
264 799
0 493
236 7
987 361
451 912
214 606
675 380
473 746
219 299
89 177
3 818
377 905
462 169
770 749
572 85
123 461
97 950
183 96
472 455
534 179
998 222
26 244
137 858
844 139
340 751
235 329
853 877
0 20
86 89
940 327
665 200
192 264
205 628
331 322
972 498
135 162
395 802
538 475
785 109
349 803
869 756
31 431
508 217
577 672
742 997
738 477
282 321
388 528
109 507
618 356
751 262
762 927
671 769
335 502
131 370
15 269
694 643
488 223
309 846
525 516
657 190
582 114
255 15
554 534
177 366
96 437
543 663
983 598
561 676
455 9
197 983
690 328
188 527
438 407
323 734
0 775
389 26
229 513
778 129
0 850
429 792
0 816
868 253
382 780
357 411
588 884
310 480
660 180
64 618
611 686
459 926
315 969
494 963
900 665
517 630
743 113
304 805
913 266
202 46
982 758
783 227
673 149
434 207
0 784
151 70
780 873
267 547
796 624
103 115
1 462
254 376
397 91
895 919
806 723
392 518
824 543
866 681
676 199
974 488
669 839
198 519
279 319
516 358
143 639
159 187
709 605
0 338
578 798
76 436
823 248
875 992
245 988
75 259
539 278
0 876
78 202
883 535
399 351
50 815
370 189
68 132
591 867
595 14
501 841
258 421
641 458
843 555
0 539
290 448
800 632
298 166
443 788
284 509
210 710
217 755
348 664
104 146
57 669
275 652
714 921
27 308
263 209
61 135
204 365
607 692
421 343
570 359
725 137
726 258
341 17
791 67
482 810
499 716
114 107
467 500
366 5
102 157
774 599
798 152
713 324
812 424
616 600
921 828
0 542
950 591
339 951
0 205
319 962
955 374
529 97
907 225
398 148
174 212
885 90
918 38
571 851
695 110
426 238
934 21
312 558
83 241
158 52
787 843
888 92
603 737
526 201
755 611
842 337
772 604
514 576
156 804
336 417
706 855
600 744
601 453
420 125
405 479
711 236
191 41
776 827
771 579
520 243
84 402
380 232
286 419
813 832
471 145
0 859
433 368
231 913
345 76
354 111
91 731
51 987
758 307
971 701
775 369
909 629
452 813
186 121
213 585
444 375
682 933
637 928
507 781
716 348
639 245
765 523
145 280
636 548
149 350
677 847
856 470
144 24
949 820
393 87
249 902
449 980
764 220
14 904
580 268
654 344
903 286
18 147
448 175
632 922
948 486
848 487
233 590
594 957
680 393
138 292
911 930
536 715
924 261
201 864
606 228
498 442
656 627
13 74
207 346
489 290
176 56
912 560
811 64
161 84
139 760
728 142
927 894
215 188
857 767
957 705
624 914
897 553
378 702
809 646
305 657
435 473
299 833
491 874
373 573
942 336
432 979
952 131
66 43
484 35
788 678
326 641
182 971
481 226
769 612
592 183
958 830
8 276
560 695
171 195
209 104
43 691
152 517
685 57
979 3
276 644
735 868
293 50
531 73
118 246
569 949
784 372
555 165
760 991
0 633
994 625
956 497
850 27
454 422
703 184
598 333
981 875
890 341
46 831
620 66
361 481
933 174
744 903
586 314
411 229
565 410
678 946
266 352
291 730
879 291
440 144
