1000
582 600
917 224
221 586
866 24
157 952
90 315
278 228
40 912
244 542
133 854
390 545
162 199
791 728
784 890
301 429
106 2
363 37
372 123
424 483
539 883
842 616
0 533
656 723
197 648
0 292
402 161
488 400
239 790
85 759
889 405
659 626
773 507
284 514
956 496
581 397
567 388
800 541
430 628
647 85
749 998
591 968
69 623
47 165
968 813
0 962
688 245
880 785
516 249
877 821
537 381
883 649
508 758
29 472
990 328
219 373
0 236
432 171
893 259
482 505
484 138
586 158
718 84
214 317
46 344
827 873
523 587
884 992
821 675
557 701
933 795
459 660
128 544
483 695
319 293
366 178
228 48
982 425
309 387
485 506
345 167
0 555
862 656
170 13
264 582
693 965
603 124
344 833
131 490
357 220
521 618
635 186
542 204
173 525
146 610
387 65
579 933
636 658
0 132
152 715
958 110
896 453
333 424
0 151
207 856
467 635
0 524
286 414
33 176
683 231
816 688
0 45
599 31
619 10
953 971
838 452
295 823
171 431
997 627
185 860
772 803
606 137
174 740
395 866
684 128
250 408
138 501
188 187
74 781
752 127
489 945
67 886
60 473
245 670
412 773
819 35
347 36
378 222
166 184
578 944
740 497
277 166
0 929
940 902
0 508
191 960
769 486
807 953
737 278
122 156
388 64
732 246
738 235
0 794
730 708
262 844
534 848
511 590
0 916
156 530
661 550
279 568
399 655
898 66
13 818
421 685
658 159
969 311
930 562
976 1
340 832
318 191
912 313
493 489
529 636
0 830
685 865
777 115
964 394
568 256
462 140
161 215
248 134
547 721
590 63
280 607
179 462
127 102
414 254
714 318
338 247
856 638
0 808
641 812
518 671
939 847
938 456
715 32
985 963
118 756
686 423
130 919
563 210
932 842
45 334
63 477
654 543
786 852
0 258
391 895
944 488
306 182
722 617
51 855
0 390
652 418
86 225
717 337
6 40
78 248
583 969
231 938
0 930
143 612
891 606
150 468
988 312
242 329
520 15
986 901
666 79
825 727
770 788
184 11
14 805
945 780
8 118
48 825
193 918
739 298
59 838
457 347
291 879
873 905
857 980
899 909
907 577
0 871
662 217
966 114
0 251
655 263
906 339
420 537
454 181
460 216
181 302
668 218
701 129
334 19
841 657
0 78
282 811
396 996
506 644
766 304
302 493
12 654
0 770
270 351
0 180
445 323
774 202
439 49
380 802
144 433
314 267
337 711
757 518
789 59
665 152
0 238
210 835
502 678
865 288
0 374
541 896
25 284
556 450
392 624
916 438
365 748
422 454
153 193
835 480
260 378
941 296
398 692
881 523
569 252
320 558
806 681
991 829
50 401
0 680
76 384
922 749
397 209
58 742
427 764
438 684
826 634
0 226
0 355
0 487
810 44
594 369
498 768
65 104
504 584
129 527
787 445
126 705
642 364
736 539
672 839
0 784
948 733
434 546
189 195
175 331
479 633
0 144
592 961
329 280
702 662
691 751
820 475
20 862
878 101
795 661
0 173
846 427
679 244
555 316
575 757
781 806
692 620
532 380
385 724
909 407
674 113
147 872
353 595
413 117
0 834
335 836
0 227
618 897
211 234
725 743
818 698
218 504
358 959
285 786
115 975
565 458
0 103
0 964
734 62
670 766
43 362
273 97
87 816
96 722
612 974
921 814
531 466
528 777
311 72
411 289
536 565
167 350
974 310
212 214
407 878
55 603
513 34
924 396
721 596
241 221
503 767
751 141
203 297
137 309
543 68
0 956
112 877
705 503
125 75
892 753
788 601
910 463
980 609
0 572
0 999
0 349
651 341
49 578
744 888
530 230
663 831
747 108
681 804
101 398
720 563
187 253
168 923
456 71
0 704
464 826
107 6
798 360
293 357
729 116
817 8
848 416
151 732
155 20
0 194
463 553
942 691
216 747
417 925
292 269
21 958
637 874
719 494
515 824
934 160
708 669
830 375
288 864
756 417
201 694
486 444
700 241
165 516
626 428
638 121
776 376
160 413
799 987
321 271
724 573
354 27
208 437
741 39
743 9
535 109
613 846
860 614
0 750
951 345
393 358
490 564
640 440
0 810
441 552
977 33
68 295
182 746
667 779
533 82
597 479
509 149
296 80
256 98
240 710
186 561
713 567
139 737
707 434
981 239
0 569
760 348
38 77
574 277
593 970
342 718
473 645
491 52
220 815
252 107
16 845
70 792
217 386
851 17
124 282
620 699
0 906
481 112
116 665
257 589
643 995
0 611
746 268
711 602
913 404
995 796
428 735
9 53
0 841
657 851
779 682
564 713
839 61
678 88
196 420
263 332
859 900
972 502
925 726
368 580
961 752
673 771
315 86
645 889
885 876
609 850
765 863
0 448
148 28
62 928
676 371
632 510
797 947
408 274
811 370
525 556
281 554
962 303
704 207
682 991
844 415
965 142
205 696
572 622
383 591
300 560
255 411
834 966
95 892
0 932
697 881
355 646
237 83
330 290
611 709
926 467
970 984
552 119
584 521
5 335
864 782
617 213
425 687
91 382
0 787
955 54
326 192
449 205
418 308
768 926
232 281
607 791
959 776
57 529
455 783
783 557
254 528
631 5
423 471
477 189
176 148
0 598
480 927
452 993
0 133
0 120
822 729
695 307
804 361
154 667
44 534
852 343
524 261
336 287
198 402
706 7
310 449
371 744
868 314
703 903
121 910
283 683
142 547
918 447
561 320
653 157
356 538
37 321
947 894
394 162
927 731
123 604
510 135
847 393
554 223
630 663
0 714
389 43
836 712
343 935
73 457
615 403
0 985
943 154
500 200
0 566
812 4
648 512
361 464
113 520
199 697
294 367
149 368
0 973
466 266
431 820
731 921
470 948
849 942
975 391
89 707
526 285
949 641
180 111
759 978
487 29
901 99
920 294
433 190
23 513
0 536
0 741
134 621
22 637
448 988
735 470
274 38
276 861
28 950
950 540
677 439
876 170
973 761
54 979
764 615
548 399
377 509
328 484
494 131
0 406
472 793
560 880
313 12
229 672
723 21
628 893
824 706
549 322
317 155
159 478
664 206
801 774
831 982
823 94
324 201
716 69
350 882
602 843
172 491
404 574
102 674
979 515
573 273
886 951
517 799
987 588
803 442
0 693
845 592
710 745
0 789
629 640
588 185
745 291
763 305
458 931
145 324
213 495
267 250
512 517
259 857
782 412
233 168
989 410
978 859
680 946
261 939
410 526
374 769
983 392
623 499
373 365
709 139
888 885
359 647
794 575
712 778
545 30
236 868
855 801
403 174
775 469
585 47
837 997
230 325
386 717
633 270
341 579
132 359
346 907
894 179
258 700
689 817
813 492
644 668
120 197
935 652
815 772
360 716
748 87
998 725
596 377
605 551
0 954
450 356
587 650
177 211
0 482
0 762
209 188
687 461
437 219
874 229
190 262
957 869
992 372
954 853
646 599
35 455
225 639
331 673
937 60
0 986
879 300
0 632
576 887
141 232
4 522
750 150
0 719
163 643
780 465
0 891
308 212
384 653
323 914
108 92
0 651
247 264
81 549
253 67
192 989
649 363
31 383
379 459
538 18
809 240
246 58
7 145
0 519
61 169
435 760
169 147
15 676
755 957
923 243
598 340
0 163
0 689
622 798
119 326
869 90
814 884
698 260
903 570
381 936
507 702
496 576
952 26
0 276
183 51
204 257
808 352
540 730
624 198
608 976
833 754
650 91
80 613
406 977
24 629
297 983
595 875
796 57
0 100
544 330
867 917
805 443
290 619
0 96
64 73
327 16
322 934
164 430
0 915
967 583
471 679
415 608
601 941
339 797
0 924
522 299
890 763
0 354
305 666
426 385
931 106
580 870
960 994
850 594
936 336
499 686
400 967
911 631
971 476
0 42
771 14
571 136
0 283
627 435
600 593
194 265
887 319
312 659
56 203
53 55
82 421
304 481
551 389
238 559
492 366
97 177
442 50
299 858
639 56
382 130
0 196
447 690
469 585
0 346
88 755
519 809
733 286
671 419
514 306
761 301
79 908
287 597
451 237
904 630
178 955
272 531
475 436
349 146
767 105
17 41
298 535
401 474
1 441
269 920
872 432
905 498
0 677
351 548
92 46
98 95
963 183
0 485
928 605
136 937
858 279
224 451
367 949
616 446
946 379
2 532
546 81
316 333
195 625
861 353
104 904
875 272
419 208
200 164
71 734
235 76
550 74
100 395
443 153
908 422
993 943
84 255
0 800
495 922
27 327
902 426
369 775
0 867
444 409
202 990
465 342
117 840
675 827
753 122
501 175
840 940
249 275
996 581
778 819
409 70
72 981
18 849
999 511
790 23
553 822
0 22
93 807
3 736
289 338
558 126
94 25
429 143
0 899
726 242
669 89
728 898
870 664
227 172
929 738
828 500
478 3
223 837
226 233
625 93
854 765
268 460
362 972
829 703
99 571
0 913
843 720
742 642
158 911
352 828
476 125
559 739
