7
4
19
18
8
6
10
3
15
8
4
5
11
2
4
3
40
3
1
10
6
7
3
0
1
2
9
8
14
0
38
17
17
9
21
0
2
10
1
10
0
8
4
0
0
16
25
24
14
9
1
0
4
8
18
8
10
0
10
32
10
1
4
4
27
6
0
5
4
5
3
1
51
9
1
8
34
8
5
2
7
34
7
16
5
23
21
0
81
3
8
27
4
5
3
10
2
8
2
37
0
8
14
2
9
9
11
1
13
29
26
6
14
38
2
6
2
2
8
9
7
41
34
18
3
8
0
16
41
8
15
2
8
5
21
6
4
3
2
15
23
0
9
2
6
3
1
4
5
17
32
0
15
11
1
0
1
3
10
3
20
3
4
2
3
3
1
25
1
25
5
36
3
8
9
7
69
5
9
9
9
2
9
4
7
7
11
14
2
2
3
7
11
6
2
8
3
10
20
18
65
16
10
16
4
23
2
1
14
40
9
0
13
23
3
16
0
8
16
10
9
7
6
5
11
0
8
8
26
5
0
15
6
15
25
12
3
22
9
14
7
10
8
0
8
4
11
7
7
11
1
6
24
25
8
11
2
5
7
24
6
53
2
46
2
10
42
17
7
35
10
12
0
0
6
2
2
9
4
65
4
14
16
12
2
14
21
4
0
15
14
1
22
4
23
34
7
5
1
18
9
32
3
6
24
18
7
0
6
9
6
2
0
27
1
0
13
39
4
8
29
29
35
3
2
7
7
7
3
5
1
10
25
6
19
1
5
11
27
3
2
0
8
15
0
25
14
10
8
0
10
1
2
2
42
27
46
8
17
7
48
15
8
2
2
1
5
1
9
8
42
3
4
8
9
5
29
6
13
12
2
3
15
5
4
3
5
17
33
10
27
3
1
10
14
27
1
3
2
13
4
17
4
27
4
6
2
1
0
19
4
1
21
10
11
21
28
4
22
9
48
10
13
9
14
5
11
13
28
10
1
3
34
2
2
15
1
4
0
13
3
4
35
8
0
7
1
9
47
2
8
16
7
11
10
7
2
6
4
2
45
6
7
13
17
10
5
10
11
9
9
22
14
10
5
0
6
14
32
10
17
8
3
3
11
0
26
3
15
21
10
18
4
8
13
9
22
1
7
7
7
1
5
40
11
12
6
2
4
26
8
36
18
86
4
8
2
20
4
30
4
11
18
1
0
1
42
6
14
7
26
4
4
10
13
16
12
3
3
0
25
14
6
10
5
4
10
15
3
19
10
5
24
22
0
14
15
1
1
7
5
12
9
0
17
12
35
37
11
21
1
3
23
10
9
4
16
60
17
1
2
14
5
34
27
6
1
31
15
5
5
27
3
2
4
18
16
5
8
0
8
7
42
8
17
35
7
1
23
0
9
1
53
10
31
4
5
14
5
3
17
16
0
11
4
11
10
0
19
0
8
3
3
0
19
12
9
5
4
9
1
1
8
26
4
18
2
5
42
16
5
8
30
27
40
5
45
2
16
3
9
2
25
11
1
31
0
5
3
3
17
1
4
0
7
3
19
16
6
18
27
17
3
11
28
15
3
18
6
5
5
10
8
20
11
18
49
9
19
7
26
2
23
5
8
5
16
54
9
10
4
1
9
27
5
10
9
31
9
5
6
6
26
20
2
8
8
10
3
1
35
3
2
6
5
19
3
2
16
18
24
2
5
16
2
27
25
1
12
1
5
9
25
3
51
4
1
9
12
21
22
15
0
5
5
14
8
7
5
26
22
0
2
7
8
10
0
3
4
14
3
25
1
21
15
27
7
30
64
0
0
73
2
5
21
27
32
2
1
1
6
2
1
1
14
3
17
0
1
0
9
1
6
10
11
5
30
14
17
1
3
2
11
19
7
2
14
7
6
0
1
4
0
1
3
4
3
11
0
3
2
15
3
4
16
7
20
11
1
6
6
33
4
8
16
3
36
7
8
7
32
0
10
9
8
15
1
5
3
16
8
20
9
18
7
0
30
1
14
1
22
33
4
2
16
1
9
32
18
10
5
10
25
9
21
9
14
6
4
5
43
14
12
21
3
3
17
0
10
14
31
1
1
1
22
36
3
1
30
14
5
90
12
35
2
36
35
22
9
7
11
9
0
0
2
6
32
37
11
10
24
3
0
13
0
12
4
17
2
5
2
4
5
23
14
15
4
22
5
6
1
24
33
3
12
1
2
1
4
6
3
38
8
8
11
18
4
7
2
3
42
0
0
50
32
12
0
3
0
2
27
11
33
4
16
8
30
3
4
11
6
7
23
2
6
10
15
41
5
3
6
7
34
7
47
24
0
11
2
0
3
11
21
10
11
17
42
0
21
1
55
7
13
18
21
12
17
15
66
8
10
4
4
49
3
8
1
23
42
6
4
1
9
6
3
16
10
9
5
47
17
3
7
8
2
20
0
24
27
20
25
16
18
28
15
14
3
21
5
16
2
16
8
10
26
40
45
14
4
41
8
0
19
36
27
5
22
1
3
3
15
3
34
5
4
4
0
1
33
14
8
19
2
1
16
8
7
27
27
9
10
4
13
46
11
9
22
9
3
8
15
40
5
8
14
6
16
1
5
32
32
3
9
9
9
1
1
4
3
2
4
7
10
2
9
3
76
6
22
35
0
7
5
41
11
24
22
7
15
2
2
26
1
1
7
8
7
9
0
6
8
40
4
8
22
16
8
5
9
3
2
11
0
27
3
7
5
5
46
11
18
55
11
4
5
31
14
3
5
0
2
1
53
17
6
0
4
4
14
0
2
10
0
11
4
5
4
1
1
11
1
31
10
23
12
16
14
19
26
6
8
1
47
3
18
0
18
4
0
10
9
2
0
8
1
2
12
40
34
5
4
7
7
3
1
16
0
8
22
2
23
5
7
4
1
3
3
4
1
49
3
2
10
30
14
18
15
1
30
8
5
22
3
4
1
6
3
3
2
13
9
7
6
9
12
7
4
21
32
13
1
21
2
1
14
3
5
10
5
16
48
14
5
8
11
21
18
28
13
1
2
1
2
4
1
9
29
2
2
3
2
7
5
12
0
9
48
1
7
14
1
24
15
20
11
33
1
7
53
8
24
15
4
8
5
1
24
5
0
6
4
2
8
3
1
3
13
16
28
2
0
1
80
4
2
27
6
2
5
27
24
19
11
0
1
2
9
19
4
10
13
16
0
2
5
10
0
22
3
14
12
3
2
8
2
2
3
1
3
1
6
5
5
5
0
3
1
9
3
4
0
6
22
26
39
25
3
30
29
3
17
5
7
1
5
6
1
7
3
23
5
0
20
10
26
2
1
19
11
1
17
1
2
4
2
2
14
1
1
14
24
22
6
3
8
3
67
4
4
0
6
4
2
14
4
10
8
3
27
4
7
4
9
6
12
5
25
1
23
12
4
8
6
4
1
3
18
0
27
1
9
5
7
7
2
1
4
3
37
4
2
10
57
12
2
8
40
11
23
26
42
0
10
2
0
6
4
2
5
16
2
16
17
6
9
18
1
8
6
6
16
21
0
3
1
33
7
3
18
29
3
7
0
33
3
46
0
5
18
31
5
17
2
24
2
8
3
14
6
0
2
2
8
6
1
26
4
0
0
3
8
24
10
22
5
4
16
17
28
35
4
0
3
4
5
2
12
13
14
1
18
14
39
1
15
0
4
5
10
1
19
2
2
7
12
6
3
7
2
18
4
27
20
12
14
1
21
0
33
2
1
23
31
10
0
8
0
31
0
3
5
7
34
15
21
3
2
2
25
0
7
11
7
2
6
10
6
5
21
2
11
0
9
28
44
34
16
0
4
3
2
1
4
3
1
4
39
63
16
0
2
13
22
6
19
8
8
12
1
10
1
5
8
4
5
16
10
28
9
14
58
22
6
2
1
37
4
5
31
1
3
15
4
0
16
7
5
2
0
13
30
5
1
18
4
11
0
18
10
27
0
0
5
16
8
13
0
7
5
11
5
10
8
0
33
7
8
10
24
3
10
2
5
4
14
16
3
23
3
5
12
23
8
4
26
20
15
3
39
0
10
16
5
4
16
8
17
7
13
49
4
10
9
1
20
22
8
19
1
2
12
0
4
6
8
10
2
27
16
12
5
14
17
8
9
15
8
7
7
2
8
19
23
0
0
2
0
3
28
4
2
59
2
18
4
9
15
38
0
9
5
4
11
4
26
3
17
4
2
0
8
9
8
18
4
8
5
5
5
4
0
36
5
39
36
0
2
9
1
16
8
38
5
16
3
13
1
1
28
14
30
46
9
0
8
1
10
2
4
8
24
11
15
26
2
8
3
16
1
0
6
10
48
4
0
0
8
1
11
3
0
8
11
18
20
29
18
20
5
26
0
3
9
0
10
27
3
11
8
5
11
2
9
59
0
21
23
12
18
5
14
49
1
4
8
22
13
23
43
2
0
1
13
3
2
21
19
12
3
2
5
23
2
17
4
17
18
2
4
15
10
3
7
2
6
11
7
40
20
17
6
5
5
4
1
5
11
5
19
2
1
1
12
5
1
19
10
36
26
11
