20 2000
1 2
2 3
2 4
1 5
5 6
5 7
6 8
4 9
4 10
1 11
8 12
3 13
10 14
11 15
14 16
6 17
16 18
10 19
19 20
77 41 19 98 37 28 6 58 49 90 12 62 25 88 67 69 79 58 65 11
20 13 95
3 19 61
5 12 93
4 2 18
17 11 99
13 20 67
5 17 10
7 7 51
2 9 15
15 4 56
15 8 95
2 12 33
13 11 36
13 19 96
20 11 81
3 5 22
9 1 40
6 17 87
7 6 43
10 4 10
10 5 6
9 8 84
15 17 27
2 10 41
19 2 66
2 3 62
1 5 46
20 4 41
6 4 98
9 5 41
4 2 79
19 10 17
9 1 17
4 11 62
13 13 71
3 1 95
20 10 46
14 6 10
17 11 57
3 2 86
10 12 28
15 2 87
20 1 37
6 10 28
19 3 65
10 9 65
1 10 66
17 18 24
3 18 33
14 10 97
20 18 89
14 7 82
6 12 32
15 18 87
6 13 18
6 9 92
1 1 10
7 4 84
15 4 89
18 2 32
15 8 22
6 11 1
9 7 34
18 19 62
12 5 55
3 5 82
1 11 60
10 2 46
7 10 22
9 8 82
10 2 44
4 15 42
8 12 51
12 1 9
20 4 56
2 9 90
5 18 71
14 16 77
11 3 77
17 10 58
11 10 7
19 9 99
14 3 7
8 13 44
17 10 84
12 5 51
19 2 21
12 11 56
4 10 81
10 19 68
16 20 30
12 2 55
11 13 64
17 8 61
7 18 3
5 2 10
3 15 90
6 11 48
7 10 92
16 14 37
9 7 24
20 14 41
6 6 98
5 20 2
5 15 33
8 11 95
2 5 11
1 12 29
10 3 32
18 1 29
1 10 67
4 2 47
9 16 63
1 18 38
17 6 2
18 4 64
2 7 14
12 3 64
20 9 8
3 17 47
3 20 18
8 8 99
4 9 34
13 12 43
7 8 33
17 8 87
11 4 12
13 10 66
8 8 41
2 8 8
1 1 92
2 3 43
3 2 8
20 14 71
5 19 58
11 10 90
8 17 90
9 12 80
11 14 2
6 2 43
16 17 92
15 4 48
20 18 20
6 20 52
8 11 64
6 11 43
10 5 38
14 15 69
7 19 77
19 16 17
2 18 32
15 1 12
13 1 15
11 8 47
3 13 58
10 15 36
4 17 1
7 17 33
6 20 10
6 15 31
17 14 48
7 2 3
9 2 45
18 20 35
18 14 61
14 7 15
7 20 55
4 2 25
19 11 13
17 19 53
12 3 52
5 10 36
4 11 3
17 13 87
18 6 50
20 17 73
17 17 69
4 12 74
12 18 9
4 10 9
19 17 74
4 4 2
16 12 50
1 13 64
16 6 7
2 15 89
16 5 52
3 13 14
14 18 60
5 12 39
18 5 3
20 17 29
2 14 11
14 11 94
1 7 14
20 8 74
1 13 44
9 3 59
4 17 20
4 8 59
16 14 65
18 9 74
11 8 94
14 13 35
8 16 32
16 17 23
13 20 13
13 2 51
9 8 63
18 1 98
16 11 50
14 17 37
6 9 13
19 12 64
10 6 72
14 19 81
11 4 72
15 5 44
13 14 91
2 20 32
14 11 74
11 20 91
12 1 34
15 5 72
4 15 64
12 2 28
13 15 58
18 8 49
12 17 26
10 13 5
15 1 24
19 17 15
12 5 6
9 2 64
16 14 94
4 17 94
17 15 27
14 19 87
2 17 50
3 10 14
13 16 7
5 4 10
12 20 47
11 8 36
2 9 49
15 7 52
1 13 30
1 2 7
18 11 48
17 8 11
18 17 29
11 10 66
14 8 65
18 2 25
3 19 65
15 18 23
13 8 46
20 6 71
9 3 97
6 9 80
13 11 6
18 4 53
3 16 2
10 14 46
20 1 24
15 18 46
4 16 42
3 17 36
5 19 44
1 18 35
5 20 32
9 9 61
18 11 36
1 12 65
11 19 54
7 7 80
4 11 14
11 20 69
6 7 22
16 16 65
9 15 40
4 4 14
9 9 16
3 1 12
2 17 84
1 1 14
10 2 21
2 15 16
7 12 48
14 19 15
19 2 14
15 8 1
9 12 71
17 14 60
12 18 85
10 4 34
11 13 91
6 20 89
13 18 76
14 3 59
10 19 9
10 5 73
17 9 31
17 15 62
13 13 49
5 10 92
13 13 82
13 4 44
11 19 30
19 11 98
8 11 92
7 17 56
15 1 60
14 10 27
9 5 50
3 8 76
2 17 13
18 19 97
3 14 61
15 18 44
9 5 78
18 9 87
10 1 76
15 11 82
16 1 43
13 11 82
5 15 93
11 3 67
10 20 58
3 10 81
1 7 50
5 8 10
12 1 25
5 20 65
2 4 60
19 3 66
7 10 35
14 1 11
8 12 85
7 19 99
13 17 52
2 8 69
14 2 96
19 16 80
18 20 58
2 16 25
6 16 14
12 4 72
9 18 57
12 20 90
16 3 98
14 15 66
17 15 14
7 6 86
14 10 42
10 6 68
9 19 46
14 20 19
12 19 79
17 6 7
14 19 48
2 18 97
11 4 44
7 3 74
2 11 43
7 3 7
7 16 65
7 10 7
2 20 9
4 2 49
18 18 42
13 5 47
17 7 89
16 2 77
12 2 9
2 20 5
14 9 78
13 11 81
2 14 54
3 4 50
14 18 60
2 11 27
13 2 65
15 2 84
10 9 4
12 8 61
5 3 24
9 6 17
18 5 33
16 3 29
1 4 27
10 15 3
7 11 37
15 14 77
18 1 72
12 19 89
18 15 37
4 11 27
20 19 24
13 13 88
4 19 94
5 17 91
13 5 73
8 16 27
20 20 37
9 19 6
14 8 80
3 15 77
3 20 11
8 9 19
15 7 71
9 1 91
10 2 21
5 12 84
3 8 49
5 16 21
16 10 28
11 9 88
16 6 63
18 15 91
19 4 48
20 15 65
8 8 13
19 20 9
3 12 90
10 20 5
4 11 52
4 6 13
16 5 97
8 19 10
16 17 1
3 7 53
14 5 34
7 17 26
14 1 43
16 9 84
20 18 78
15 17 28
9 7 41
14 19 78
12 11 89
10 7 69
5 4 35
11 1 68
8 13 86
3 12 83
13 4 20
14 15 50
4 9 47
7 3 86
2 5 8
18 18 16
9 12 97
18 9 69
19 17 51
10 1 97
12 13 30
1 18 6
7 2 22
11 10 2
14 4 45
16 11 6
10 15 7
3 13 13
17 10 96
15 13 22
1 2 5
1 20 10
15 5 78
11 14 69
11 15 81
2 4 22
9 5 63
1 13 70
18 13 82
6 20 11
8 8 6
9 2 14
18 16 32
20 14 32
12 19 79
4 11 32
17 7 88
3 12 98
9 6 11
9 17 41
6 8 26
10 15 85
8 19 15
10 9 70
3 8 29
6 14 74
17 5 32
12 15 20
6 6 97
17 18 9
8 6 50
3 12 96
6 20 46
19 13 7
3 18 64
11 17 61
11 11 53
10 9 40
3 8 49
14 3 72
11 16 54
7 10 38
3 18 61
9 6 75
3 13 46
16 18 36
3 18 18
4 10 86
11 7 40
20 3 96
14 11 84
5 6 20
7 9 40
5 14 67
17 19 83
14 12 52
10 14 18
16 11 82
14 7 88
14 7 89
14 16 42
11 14 30
6 14 98
8 11 47
16 2 67
14 15 92
6 10 4
15 11 58
19 3 78
3 4 73
2 12 94
7 9 57
12 18 93
11 7 12
18 10 25
5 9 51
9 3 47
16 19 10
15 8 29
7 9 46
15 19 77
6 8 15
9 15 27
2 1 19
15 20 58
8 20 55
5 10 24
8 5 80
6 20 56
8 18 14
13 4 65
11 7 31
19 17 42
6 13 7
2 6 5
17 19 40
10 4 99
3 20 68
12 12 17
4 2 53
14 2 35
10 2 78
1 11 59
17 14 21
2 7 38
19 7 44
16 12 64
2 17 51
11 5 57
7 2 88
12 3 78
12 12 60
13 8 42
4 6 29
13 13 27
2 19 96
11 13 65
18 4 34
19 16 27
8 4 34
15 13 37
5 4 31
8 9 43
8 3 33
7 7 5
8 19 55
9 1 93
10 7 20
10 6 73
9 3 67
3 18 16
9 20 38
15 10 8
9 6 28
14 17 36
14 20 83
18 14 42
11 9 32
18 2 75
2 5 35
20 18 7
13 13 26
17 9 23
5 20 22
8 18 37
8 15 25
14 4 53
18 6 10
9 2 80
13 9 54
10 2 5
16 12 14
17 8 5
9 16 3
8 2 17
3 12 73
5 7 74
2 15 93
14 3 64
8 19 69
18 18 10
2 6 78
8 6 47
1 12 77
5 5 45
5 7 27
20 10 47
3 11 38
10 1 60
8 19 98
11 11 93
9 3 95
4 13 4
20 13 20
12 14 29
19 11 25
6 13 8
9 18 75
16 9 73
6 9 18
1 3 62
5 12 5
16 16 42
2 2 98
20 12 38
6 10 92
4 5 71
1 9 27
18 1 98
16 15 46
9 10 45
12 7 14
6 8 16
15 7 9
15 4 33
17 11 93
1 12 62
10 15 23
10 8 83
15 15 98
11 8 60
3 12 24
14 18 61
14 13 44
1 19 94
9 15 13
6 7 50
13 11 19
8 2 35
16 6 40
19 17 19
14 13 57
6 11 18
17 17 18
6 16 55
10 16 86
15 1 63
11 14 95
19 2 28
6 6 99
7 4 3
2 3 59
14 20 17
12 15 5
20 3 5
18 3 29
2 12 90
10 16 20
19 12 11
2 10 59
10 14 49
16 20 64
1 18 60
8 20 35
5 14 63
8 8 2
5 9 60
2 7 58
14 16 77
1 3 65
17 9 95
10 4 54
11 2 9
18 15 92
12 19 4
5 7 81
8 2 67
8 5 85
8 2 63
12 2 38
15 18 33
14 1 72
5 1 83
15 15 5
10 2 6
9 6 96
1 14 26
10 12 20
1 13 40
11 13 32
19 6 49
6 14 94
7 2 3
6 7 57
1 16 76
7 4 81
11 10 74
15 14 30
7 1 89
12 12 19
15 20 94
9 12 2
5 13 90
12 4 80
2 9 65
13 5 77
7 15 17
3 5 35
9 17 100
8 4 27
16 8 66
7 13 55
4 5 53
15 4 49
15 7 41
11 8 33
14 16 25
1 6 80
18 4 51
7 4 52
19 3 39
8 9 67
16 8 81
8 10 79
16 2 63
14 8 56
18 7 6
13 12 80
6 18 33
13 12 89
5 5 45
5 20 92
8 3 63
8 2 54
16 2 91
16 13 69
7 8 92
10 3 26
1 6 85
4 17 10
15 5 36
6 7 93
15 12 83
6 6 98
11 11 51
12 5 87
20 7 89
17 17 21
16 3 84
14 10 27
12 14 69
18 5 30
16 19 64
9 3 49
13 14 94
10 14 73
13 13 77
7 20 47
1 6 58
4 12 68
4 9 81
13 14 27
7 8 73
16 3 1
8 13 83
13 6 21
1 3 39
16 20 92
12 16 14
7 13 93
6 16 73
4 3 19
13 17 70
15 20 11
8 15 9
1 15 37
16 9 75
18 20 90
11 12 83
7 6 35
18 4 30
6 9 70
3 1 55
15 19 49
20 1 3
17 18 58
13 19 86
19 18 84
2 11 72
20 11 57
19 12 14
15 17 74
13 6 56
4 7 82
4 8 70
1 19 45
1 7 36
8 20 70
15 18 39
13 14 79
14 11 39
15 2 47
12 7 68
5 20 99
5 17 67
1 12 92
2 7 33
11 6 64
14 12 57
11 15 31
8 14 48
18 11 23
7 11 37
15 4 85
1 14 6
16 18 33
15 5 28
20 17 19
2 5 98
1 14 80
9 4 85
18 8 7
20 10 30
11 13 79
5 9 69
20 1 99
1 20 98
13 12 34
20 6 30
5 3 71
7 14 37
1 7 66
11 4 3
12 2 44
19 9 73
8 18 78
18 15 9
1 19 59
6 16 91
9 7 41
18 4 88
17 18 1
16 2 55
14 14 1
2 5 63
18 14 91
16 7 63
11 11 86
13 4 41
7 1 73
5 20 9
5 10 69
18 17 18
15 20 10
1 15 82
11 17 10
12 9 25
10 11 99
17 1 49
1 15 57
2 9 55
4 2 47
20 9 26
9 12 82
19 9 43
12 18 14
8 13 70
19 10 86
18 16 3
11 18 51
17 13 96
1 7 89
3 14 48
12 19 76
2 1 31
20 18 23
5 6 38
6 8 57
10 1 22
18 4 36
5 17 40
15 14 92
16 4 30
10 13 14
7 7 83
4 4 90
5 14 12
2 1 76
17 13 21
14 19 36
14 19 35
17 1 22
11 18 57
8 11 93
14 17 52
2 13 69
1 14 41
18 13 19
7 7 74
6 15 46
4 5 32
18 19 95
13 18 86
3 17 29
12 6 24
11 4 27
1 13 96
12 17 41
11 7 36
4 17 53
4 11 86
3 2 55
5 11 51
3 4 24
5 2 2
14 2 92
12 3 86
10 12 64
13 13 39
18 19 73
20 15 37
5 16 96
17 6 33
2 17 75
9 20 12
17 5 24
5 5 70
13 7 59
10 19 77
20 1 23
4 20 89
14 6 42
12 9 66
19 4 71
16 6 100
18 19 96
6 2 92
19 18 8
1 19 88
5 17 92
13 6 79
14 13 7
9 17 2
12 13 84
9 19 91
10 10 90
12 7 6
4 14 50
18 19 32
18 2 53
2 12 37
12 15 31
2 19 82
12 20 75
19 12 27
17 12 11
16 5 33
13 19 54
1 14 16
12 1 8
2 2 30
6 15 87
4 20 37
17 18 11
5 5 6
9 8 84
1 14 23
20 10 2
20 4 6
14 3 51
10 5 15
18 9 41
15 14 41
8 2 3
6 16 90
13 15 32
1 16 34
8 9 93
16 10 47
18 12 82
13 8 50
17 10 90
8 6 60
2 5 41
13 12 97
15 3 90
6 1 49
19 3 94
4 11 52
3 6 55
18 19 42
13 17 100
6 6 77
14 7 31
18 4 55
12 20 69
13 12 38
2 8 59
2 5 21
3 8 31
4 2 58
5 9 89
10 14 66
17 1 87
15 14 22
17 7 50
16 3 92
14 4 49
6 3 50
8 15 20
10 8 83
2 6 23
18 4 100
16 8 47
10 12 4
10 6 79
18 15 33
8 13 25
10 8 31
14 9 16
10 5 100
11 5 81
20 10 27
18 4 47
5 10 54
13 12 22
9 20 7
2 5 8
7 4 86
5 14 94
11 10 72
17 10 52
4 17 27
2 9 61
10 9 74
6 2 16
8 13 46
9 2 77
17 4 43
14 5 55
18 7 98
2 9 62
15 18 84
8 8 16
5 1 39
4 17 16
11 15 44
4 6 10
5 4 100
18 19 98
9 19 45
19 3 55
3 20 80
9 19 90
20 6 41
7 14 18
9 19 68
4 9 36
9 4 76
2 5 87
5 16 22
8 1 87
11 2 39
15 3 27
2 19 56
7 9 93
1 4 34
7 15 83
14 15 45
7 8 70
13 6 25
20 9 56
9 9 82
4 16 83
10 19 98
5 8 56
4 7 8
20 14 34
4 19 16
8 8 8
8 9 93
19 1 27
9 16 27
14 11 9
19 1 10
17 2 83
2 2 54
4 14 46
19 15 52
1 13 50
1 19 22
18 16 9
4 20 79
4 13 68
10 2 56
9 14 40
10 8 33
8 11 48
1 2 91
18 11 76
13 6 66
12 11 75
11 8 65
9 9 32
12 8 32
9 3 71
17 19 65
20 9 53
13 14 59
11 14 73
14 13 39
10 7 63
3 5 60
8 7 36
13 14 54
12 14 69
5 1 84
10 11 67
3 5 9
9 11 3
1 1 76
18 3 64
6 18 22
16 5 35
10 20 11
14 16 7
11 7 5
10 16 41
9 18 60
18 17 82
12 1 50
10 10 97
17 3 43
10 1 92
19 7 97
12 1 54
7 20 43
20 13 89
15 10 7
15 13 56
11 1 55
10 13 28
14 11 100
2 20 99
12 4 8
10 9 89
3 20 80
12 4 98
17 14 50
13 1 91
10 13 8
6 9 33
20 5 75
20 17 14
6 10 2
11 15 47
13 7 93
6 2 27
16 17 3
15 9 19
17 7 84
14 13 46
12 12 46
11 2 95
19 3 37
10 10 55
8 9 11
2 6 86
16 7 11
8 12 31
17 13 93
14 19 68
20 15 38
4 1 41
20 14 35
19 10 1
17 17 53
8 6 45
14 3 94
12 11 52
9 17 94
9 17 81
19 12 14
4 5 41
16 19 2
11 19 82
1 13 77
13 15 36
19 12 4
4 12 87
9 7 45
1 7 13
2 7 38
14 6 52
7 18 1
8 8 89
11 10 22
1 9 23
13 1 37
3 9 16
2 14 55
1 1 96
17 4 26
10 13 96
18 14 66
8 7 47
14 10 47
10 11 56
1 4 95
14 14 88
9 9 67
12 3 32
19 13 84
10 3 51
16 12 78
11 7 86
15 19 24
11 13 44
6 16 85
6 14 2
4 16 81
19 1 40
5 19 71
8 17 5
9 1 45
15 5 43
9 15 31
20 12 58
7 19 49
12 4 78
16 7 69
15 4 32
19 14 87
12 11 88
8 12 81
4 5 87
13 8 32
11 3 64
2 7 7
16 3 44
12 15 61
12 13 94
14 7 54
10 16 49
3 20 52
3 7 33
5 3 47
10 1 30
9 17 63
9 13 86
17 12 43
17 15 92
5 1 30
6 9 8
15 7 90
8 5 22
11 3 63
17 8 83
12 4 91
6 13 81
13 14 53
10 20 93
14 7 73
10 19 78
1 16 50
16 19 76
12 16 34
4 17 9
10 3 53
11 15 79
7 18 64
12 1 21
4 4 32
5 13 50
6 6 29
17 16 100
17 7 58
17 1 29
1 19 14
20 9 25
15 7 5
18 16 10
18 15 46
1 4 57
10 18 48
17 9 14
9 1 95
15 5 99
15 4 23
19 1 86
3 9 37
19 1 93
6 3 97
9 8 1
6 15 86
18 13 20
3 12 78
9 7 28
11 2 13
8 14 95
12 8 91
19 7 85
17 3 49
5 7 77
15 6 93
10 3 26
3 4 5
8 3 98
13 9 44
4 13 69
14 16 48
7 5 85
15 2 7
3 9 14
1 15 49
5 9 24
18 3 92
17 10 99
9 8 11
5 16 70
20 19 56
8 20 65
14 14 53
15 18 56
12 18 52
16 3 84
20 14 37
10 19 73
15 9 65
8 3 78
9 17 73
19 11 70
20 1 11
4 6 88
19 18 69
20 9 90
17 20 47
19 7 3
6 9 57
5 7 70
2 14 95
14 3 16
9 18 28
7 4 68
19 7 41
14 7 42
10 10 80
10 20 94
17 2 2
10 12 27
13 20 31
5 20 87
12 5 67
17 6 27
9 9 73
6 9 75
8 19 97
2 17 82
4 8 79
12 2 92
1 20 97
12 14 19
14 17 32
4 11 10
6 16 13
3 14 92
9 7 90
14 9 90
13 12 74
11 16 82
19 20 44
5 9 22
13 16 97
19 5 55
8 16 98
13 19 28
17 5 58
15 13 99
3 15 90
3 9 97
3 16 41
16 13 1
4 13 63
13 7 51
10 4 96
15 1 65
20 11 16
15 19 65
10 10 90
3 12 98
5 3 75
17 11 37
13 10 47
15 3 28
6 1 84
11 16 42
5 2 22
16 12 95
16 18 39
10 10 25
13 4 78
19 18 30
14 10 29
6 15 15
5 16 17
10 12 87
18 15 89
20 5 34
2 12 33
13 11 68
12 13 57
13 10 32
7 7 51
12 4 23
18 5 46
2 9 41
19 1 20
20 19 76
14 14 26
14 7 61
7 5 13
18 16 77
5 3 85
16 13 70
12 13 79
11 18 97
2 4 43
1 19 45
10 16 92
6 16 86
17 9 42
20 1 45
11 11 25
4 9 14
1 4 65
2 4 22
9 18 55
4 10 3
18 20 8
16 20 3
16 14 67
16 7 51
20 5 26
9 15 90
20 16 94
15 14 4
16 19 2
19 13 79
1 1 81
10 15 34
1 12 36
4 3 85
17 4 55
17 11 95
3 12 83
20 20 92
11 9 9
13 15 81
12 3 74
8 5 63
8 4 25
7 10 37
8 18 23
1 13 53
11 19 64
17 4 8
9 8 55
17 2 4
11 20 97
8 10 61
10 3 18
2 3 79
18 2 27
2 7 38
6 11 37
6 20 27
11 15 43
20 14 73
11 15 26
13 14 95
15 6 40
16 8 100
2 9 37
19 17 97
10 11 43
11 19 58
16 16 57
6 13 68
8 15 14
2 15 32
16 9 40
5 12 11
1 5 60
5 17 26
18 10 100
3 6 95
15 3 34
20 16 79
14 18 69
11 15 18
14 7 63
14 8 30
20 7 27
3 1 16
13 6 52
6 9 72
3 3 17
3 14 6
1 9 86
12 5 46
6 17 29
15 5 32
8 3 83
6 15 46
12 19 78
6 17 77
10 3 79
3 20 22
7 8 43
1 19 74
17 18 63
8 1 31
12 1 18
9 5 29
3 1 79
15 9 98
13 15 100
1 10 74
20 16 14
4 10 46
15 20 67
17 14 5
6 6 74
19 18 96
16 11 46
1 16 94
15 5 50
9 16 24
17 5 81
20 17 52
20 15 47
10 17 55
15 14 30
11 7 48
20 7 41
12 19 60
10 18 77
11 12 6
4 12 42
12 5 88
16 7 34
15 11 36
20 19 77
11 5 27
20 14 30
6 2 52
13 14 35
12 17 84
5 16 42
7 10 94
19 19 81
6 9 73
10 1 28
5 14 35
20 18 48
3 7 76
16 13 72
7 10 40
3 11 5
17 5 81
19 8 53
14 14 13
4 12 96
15 13 61
13 8 93
6 9 14
1 10 39
2 2 42
19 4 80
6 16 84
15 19 40
14 11 17
11 9 82
14 12 89
10 17 19
16 12 71
15 7 44
6 8 63
6 14 40
4 16 96
6 13 87
1 20 7
15 5 81
3 2 94
11 10 40
4 9 27
12 17 20
5 17 86
5 4 51
11 11 13
16 14 21
6 14 56
9 10 33
3 19 78
4 11 83
16 14 23
10 10 31
8 6 68
12 20 62
15 18 56
4 7 59
1 14 31
11 6 84
19 9 68
20 8 60
12 13 97
10 10 34
6 10 71
12 19 21
15 3 82
18 20 2
13 7 2
16 18 25
12 19 58
3 20 94
3 1 49
16 11 19
2 15 43
4 12 47
20 11 10
3 17 6
11 20 89
19 14 86
7 3 14
3 18 11
7 5 48
20 18 86
19 5 28
9 10 93
5 16 71
9 13 84
8 9 28
13 4 4
4 19 3
18 11 55
16 12 70
10 12 4
19 6 68
20 15 23
7 12 22
8 12 39
4 4 63
16 4 16
7 10 6
7 7 20
18 6 13
6 19 50
9 20 39
6 16 19
6 3 92
20 18 30
5 16 12
5 7 44
10 18 68
10 20 34
9 5 5
19 20 63
11 9 88
19 7 70
10 13 76
16 6 10
1 18 28
12 10 9
3 9 71
10 10 58
12 19 50
5 12 34
2 20 95
20 4 78
8 12 95
12 11 66
15 20 5
9 18 31
6 10 29
13 17 53
17 19 71
1 16 81
14 11 36
17 2 72
16 17 76
20 11 38
3 19 78
11 20 72
12 2 75
18 2 30
5 20 42
16 13 20
4 12 18
4 11 4
17 4 90
16 17 41
8 9 18
17 15 10
9 8 27
11 12 84
14 6 69
20 4 16
8 13 44
4 12 8
9 12 62
5 7 12
9 13 97
14 3 65
8 19 97
14 7 29
6 11 22
2 6 77
14 4 88
19 5 98
11 20 31
15 11 99
15 16 34
14 1 24
20 7 42
17 13 10
11 14 62
7 20 23
1 15 52
16 14 14
18 8 57
14 17 44
4 6 64
15 7 82
19 7 46
3 5 31
10 19 23
12 4 36
20 17 26
12 12 88
1 17 57
9 13 15
20 7 25
4 16 39
12 2 56
12 6 10
1 10 93
13 8 5
13 10 79
14 6 16
17 11 76
18 19 75
11 10 91
14 8 54
14 14 49
10 1 94
11 4 82
12 1 9
1 7 84
16 8 20
14 6 63
11 6 92
12 14 81
4 7 79
4 1 84
8 16 70
20 19 55
3 16 61
3 5 6
3 18 84
3 12 10
19 19 67
1 18 68
6 17 16
18 2 53
10 3 24
13 3 89
10 10 17
5 5 45
10 13 9
3 10 72
14 4 96
14 13 95
12 13 26
17 4 58
14 3 27
5 12 19
14 2 64
13 20 69
9 17 41
3 16 78
20 7 44
20 5 91
18 9 86
14 19 69
7 1 50
16 4 59
15 20 26
3 5 56
11 4 16
12 19 9
4 13 15
8 12 96
11 19 36
9 15 9
7 18 11
20 13 70
2 10 93
13 14 23
18 16 26
4 6 3
18 18 17
1 7 87
19 20 24
17 20 79
2 1 49
11 8 93
12 5 8
16 16 18
17 14 4
6 11 20
3 1 24
3 10 5
20 3 38
4 15 4
12 16 58
9 5 36
4 18 5
18 10 97
5 5 36
3 17 57
9 15 26
11 14 57
4 15 1
10 1 57
2 12 77
9 10 38
9 1 95
16 2 16
15 11 27
6 17 97
12 4 59
11 16 25
12 8 28
10 16 14
12 12 30
1 1 46
20 11 20
8 14 86
15 19 56
5 16 38
3 9 29
7 2 74
7 18 64
17 1 87
18 9 82
3 8 11
9 5 15
16 2 95
12 20 64
20 4 96
19 7 56
5 17 16
13 8 45
14 13 60
18 15 30
8 16 38
16 19 48
7 3 70
8 9 58
4 7 41
3 14 84
20 4 23
17 12 39
13 2 28
4 16 69
12 16 8
3 8 11
17 4 18
19 14 85
9 18 78
12 18 46
16 1 20
17 19 33
1 4 67
9 17 49
3 16 41
1 15 69
7 2 84
3 19 48
6 5 55
2 8 44
10 1 11
9 20 30
20 2 82
11 6 11
14 2 84
20 2 97
16 10 59
7 8 36
16 9 21
5 12 23
1 9 89
18 8 76
15 18 5
18 1 72
18 18 49
7 1 79
4 11 40
17 15 20
14 9 22
1 13 54
10 6 64
8 12 43
20 5 13
7 13 78
20 3 89
1 4 90
5 9 40
17 11 14
2 12 21
1 12 96
10 5 12
2 8 3
3 7 65
18 7 35
6 17 79
6 19 86
4 5 17
15 9 95
1 17 17
2 17 59
8 17 88
18 6 90
5 3 15
3 3 10
18 2 44
4 17 48
12 15 14
6 9 34
3 9 30
15 6 43
2 2 40
9 8 69
10 3 58
15 19 18
12 8 5
7 3 77
17 1 60
13 4 26
2 14 5
14 8 99
16 13 24
16 9 88
15 20 26
20 15 100
1 8 38
5 3 12
20 7 38
6 18 1
17 18 98
2 9 92
1 18 36
4 2 26
1 16 88
