20 2000
1 2
2 3
1 4
4 5
3 6
1 7
5 8
8 9
7 10
3 11
10 12
2 13
11 14
10 15
15 16
8 17
15 18
12 19
9 20
2 50 88 63 12 70 39 45 1 68 69 88 17 45 46 62 22 73 89 55
6 10 89
8 11 75
20 11 14
17 7 72
10 8 63
16 2 27
6 15 85
19 11 1
8 8 35
5 8 50
20 1 98
20 12 83
7 2 62
19 9 55
8 5 75
19 4 91
11 19 33
9 20 78
1 10 28
19 6 28
13 10 63
7 12 100
1 16 25
1 3 14
3 15 41
5 9 62
5 17 7
10 9 79
14 2 17
12 14 5
8 17 40
14 13 83
18 4 21
5 9 84
8 9 83
1 17 58
9 2 21
11 18 43
6 4 51
19 4 31
16 10 97
6 14 86
14 3 90
8 20 65
11 5 76
9 5 8
14 19 77
2 1 35
6 15 75
15 8 79
2 13 17
15 5 32
6 12 53
10 9 54
15 13 41
4 1 15
13 16 37
19 1 6
13 17 29
17 10 13
19 6 72
20 4 38
11 12 71
20 15 11
14 16 1
10 10 53
16 11 5
13 19 61
11 7 8
14 17 41
11 7 91
1 15 19
7 9 40
18 18 77
2 18 93
7 6 24
14 5 75
10 8 48
19 11 75
5 20 18
14 18 32
12 12 11
13 3 16
9 5 59
9 13 48
19 8 62
4 15 74
6 19 13
6 19 45
2 1 45
14 13 84
6 2 74
19 1 96
14 12 8
8 5 48
20 4 90
3 12 96
5 18 12
8 6 66
9 11 43
7 12 18
19 18 74
16 17 28
5 10 74
14 18 52
1 19 57
14 3 82
8 13 66
8 2 29
15 7 68
9 6 6
1 20 59
8 6 8
10 5 77
16 9 66
15 2 33
3 16 14
1 15 94
2 14 84
16 15 4
19 2 42
16 2 90
12 20 6
9 6 76
5 4 90
8 12 66
17 12 18
20 8 19
17 18 63
2 12 21
1 15 44
16 7 93
12 15 62
4 2 56
1 6 90
4 20 87
10 8 34
17 5 41
6 19 92
6 15 88
14 14 25
18 15 22
17 19 3
9 1 96
1 19 6
16 12 21
6 14 65
4 17 13
12 3 98
11 15 48
4 18 50
1 10 26
5 1 67
16 20 100
2 6 87
20 9 25
19 4 17
12 9 50
2 11 7
17 16 67
15 19 84
1 8 71
3 6 58
9 10 83
6 15 33
13 13 29
6 17 87
14 5 55
15 7 80
19 17 28
5 13 68
11 18 41
7 8 32
11 18 11
5 11 17
17 4 10
4 13 62
10 15 66
7 15 72
1 5 6
15 16 93
1 12 17
9 20 28
11 1 74
1 3 41
8 14 48
19 8 3
3 11 85
17 7 86
17 14 36
9 11 71
16 8 5
12 10 53
5 14 9
2 17 79
7 3 26
13 17 59
4 1 13
18 18 11
6 10 47
18 16 28
10 3 70
15 11 98
5 1 8
16 8 57
20 19 26
4 14 36
13 14 32
14 1 3
7 1 4
11 13 10
20 5 57
3 20 33
18 8 54
20 15 35
11 12 3
12 10 15
4 3 35
2 4 22
11 16 74
8 7 73
8 18 68
10 18 84
1 9 95
4 12 41
6 8 30
8 15 17
16 2 6
8 3 69
6 15 66
11 5 74
4 16 21
9 18 59
17 7 69
13 20 90
13 17 8
20 7 19
11 14 72
16 8 13
8 3 40
13 14 53
4 3 92
12 7 5
12 9 21
4 6 67
1 10 43
4 5 83
2 5 53
3 15 46
3 2 30
2 4 61
7 15 24
12 9 33
16 7 63
13 10 24
11 20 86
9 7 49
20 11 84
3 20 76
6 14 59
16 9 7
7 19 70
11 9 45
12 10 1
17 8 5
10 13 51
8 3 83
3 16 92
4 8 96
16 4 82
7 12 12
20 16 29
11 15 79
14 12 81
18 11 74
8 14 60
12 3 95
11 1 95
14 19 92
19 10 78
17 7 83
8 3 52
16 8 14
11 3 31
15 2 56
14 12 35
19 3 83
16 16 72
5 19 57
5 17 31
3 19 26
10 18 28
14 8 80
4 13 16
14 5 78
15 18 61
1 18 70
9 9 28
1 13 12
4 15 67
4 12 64
11 5 68
13 20 18
16 17 82
16 15 54
20 17 11
12 17 2
10 2 85
1 12 23
13 10 84
13 10 28
3 3 67
17 18 80
15 4 44
11 7 21
1 14 93
20 3 69
11 7 95
8 2 12
19 12 16
15 13 75
3 13 63
4 14 87
11 13 83
19 13 89
19 4 86
13 5 66
13 7 66
12 5 3
11 20 4
4 17 22
4 19 12
12 2 61
20 11 1
1 11 81
2 10 74
15 11 24
17 17 78
19 13 30
7 15 83
14 20 33
14 10 70
7 13 32
12 2 28
3 13 82
3 11 94
15 14 21
14 9 44
5 18 26
3 4 84
2 6 48
13 4 15
6 15 62
2 1 59
11 14 9
20 4 73
20 2 86
5 4 7
2 6 78
17 11 69
11 16 23
16 1 23
15 3 57
9 9 68
17 20 88
19 5 55
19 16 62
19 18 92
14 2 83
7 1 39
2 17 8
12 19 85
20 10 71
19 10 8
12 17 99
4 6 9
16 18 95
12 2 5
2 12 94
10 19 95
9 4 2
7 4 65
2 19 80
2 14 72
18 8 67
7 12 61
18 9 34
13 17 85
20 2 75
13 16 9
10 17 8
3 6 99
17 3 54
7 3 98
1 19 40
16 6 9
9 16 75
10 18 92
12 11 93
12 19 1
4 3 45
14 13 69
18 1 83
15 2 15
12 5 38
19 5 16
9 4 1
12 9 34
13 4 60
14 16 73
1 20 48
2 15 99
7 7 50
8 14 15
15 11 5
2 15 26
9 5 26
14 1 16
18 18 48
8 11 6
7 13 10
16 1 64
1 5 20
2 8 69
14 6 65
9 8 48
20 9 66
8 5 88
16 11 9
20 19 48
13 16 48
1 3 41
5 2 57
14 1 72
18 3 68
16 6 80
17 11 13
13 20 78
17 8 66
14 16 53
17 20 51
17 7 88
13 12 99
11 17 9
8 13 19
14 1 74
19 17 32
16 13 72
7 16 96
2 10 13
2 6 17
9 9 17
6 7 32
17 12 34
3 6 3
2 5 90
9 19 2
5 10 56
5 18 67
14 1 73
9 19 100
19 14 64
16 14 62
7 4 93
8 5 27
1 13 16
9 19 16
12 10 30
1 4 47
8 8 6
18 10 61
14 6 95
14 7 61
10 19 77
10 19 29
3 1 91
4 14 52
8 6 8
6 18 15
4 1 31
16 10 92
17 14 28
2 17 58
10 9 81
6 13 48
4 6 2
2 5 68
9 8 58
2 2 34
5 9 18
13 10 83
15 13 58
17 3 59
14 13 8
3 10 25
16 14 3
18 19 81
9 1 40
10 20 38
1 13 47
12 13 94
16 15 71
4 15 68
13 1 94
1 17 4
12 7 15
10 8 31
3 17 40
9 17 83
17 9 85
18 17 60
1 5 32
8 12 32
11 8 20
1 7 79
9 3 58
19 4 53
13 3 27
18 8 32
13 19 36
16 9 100
3 14 25
2 18 31
2 4 66
9 4 86
10 12 30
3 20 57
19 14 39
18 11 52
1 15 50
18 18 42
13 14 95
19 9 24
6 11 73
6 4 5
2 11 4
4 2 84
7 4 33
15 2 85
6 7 32
14 19 2
10 20 1
16 8 93
2 13 67
12 4 42
16 10 36
16 17 67
13 16 77
4 7 74
11 20 73
13 8 37
6 2 5
14 11 69
8 9 17
9 11 10
6 9 88
1 12 35
6 3 76
14 2 81
16 18 27
8 15 34
17 15 11
1 17 49
20 5 78
17 10 84
20 5 62
5 16 40
12 14 76
8 7 18
3 19 32
1 8 43
4 17 96
20 17 32
15 15 36
3 7 67
20 2 93
18 17 12
9 6 19
7 10 21
3 20 40
18 14 78
14 7 83
16 5 4
5 6 85
7 7 90
9 8 74
18 4 16
6 13 12
14 20 98
7 1 3
16 3 47
7 14 29
7 5 32
17 14 25
17 10 8
9 11 79
2 8 50
1 16 88
10 5 39
11 4 97
11 13 51
5 19 42
15 11 79
6 18 60
10 3 5
9 20 3
19 18 93
10 10 92
14 5 37
6 10 49
12 13 29
7 3 94
9 20 80
16 6 30
6 11 49
9 15 44
8 5 1
10 20 79
4 15 24
10 10 98
15 7 51
9 11 72
15 1 35
15 15 16
17 9 36
19 9 1
17 12 78
6 5 17
11 3 31
19 17 90
16 19 18
2 14 3
16 2 96
8 9 52
17 15 99
15 18 67
15 7 28
14 4 5
1 10 39
6 10 87
16 19 39
8 6 70
3 12 38
19 10 3
15 14 35
11 19 52
8 18 21
1 1 7
5 16 97
13 6 30
17 12 2
9 18 74
7 2 57
14 17 26
5 4 51
20 8 78
5 13 12
18 15 92
12 18 19
10 19 74
2 19 18
1 9 7
19 14 26
16 2 33
1 19 44
14 14 87
6 3 97
16 18 10
8 15 41
19 20 27
6 12 35
14 19 17
1 9 63
19 14 62
10 8 84
11 10 56
16 17 38
7 4 6
5 9 68
8 12 25
4 11 44
15 8 37
3 8 17
18 7 85
12 16 18
4 18 78
2 14 58
16 16 54
12 17 92
3 11 74
3 6 48
8 10 16
12 16 37
14 12 66
16 1 17
9 3 64
13 7 72
6 17 87
12 6 93
16 8 99
13 10 47
14 15 33
19 12 90
2 19 35
8 6 5
3 2 32
19 3 25
18 17 6
10 3 30
11 17 18
15 19 91
10 2 55
8 17 40
13 13 29
16 20 10
8 9 54
19 5 11
14 6 95
16 16 30
3 12 5
1 11 18
1 5 62
1 3 26
13 13 3
2 15 16
9 6 30
4 18 28
11 7 26
9 11 35
3 7 95
17 2 74
11 13 35
20 19 43
4 2 30
2 16 1
11 6 22
13 7 99
6 11 12
7 7 48
7 8 72
10 15 31
1 6 3
1 13 61
4 16 42
16 8 2
6 4 11
14 20 10
2 4 24
6 9 83
18 3 8
17 8 93
8 12 76
16 15 21
5 18 50
15 7 3
14 7 50
18 2 72
3 15 28
5 19 89
3 18 64
5 3 86
17 5 6
16 17 28
4 12 11
19 20 2
18 14 80
6 11 65
16 15 26
10 10 11
12 14 100
13 4 5
16 18 55
14 8 55
14 15 8
16 14 40
6 15 14
5 4 11
11 7 82
8 1 95
14 3 12
3 3 41
12 2 12
6 11 92
9 6 67
11 12 33
11 8 74
16 15 80
3 18 21
10 7 53
11 18 99
9 8 35
3 18 87
14 16 95
3 8 23
17 16 29
13 3 6
16 12 11
6 14 93
16 8 89
17 3 6
20 4 93
19 11 47
6 15 82
15 3 93
5 6 78
2 4 55
13 6 35
16 19 32
4 10 15
13 18 22
17 15 35
3 15 60
13 8 60
15 19 66
4 12 81
19 15 66
7 3 40
1 7 96
3 4 21
14 13 6
5 3 76
18 2 11
7 15 69
11 18 24
2 11 41
20 14 99
13 5 45
10 3 45
4 11 42
5 1 57
6 2 24
7 14 50
9 19 1
12 2 70
14 5 25
4 7 17
10 1 78
10 18 68
3 18 23
18 16 78
17 15 35
12 9 39
6 5 76
19 11 1
16 1 93
15 9 76
7 13 27
16 13 59
8 7 30
5 19 74
10 12 35
13 6 93
10 5 73
3 18 91
6 7 93
14 5 33
16 15 69
2 6 26
20 15 3
16 11 2
4 14 24
5 10 79
20 3 62
19 9 50
18 14 47
10 3 45
17 9 5
16 19 61
9 14 82
20 4 34
14 15 51
3 11 100
13 9 31
1 18 98
10 5 7
13 19 14
11 8 79
1 19 24
18 7 64
6 1 65
19 4 64
1 20 75
3 16 80
18 13 45
19 3 32
5 3 56
1 3 42
18 8 82
5 7 69
8 2 32
1 14 92
6 2 47
9 7 30
13 13 81
6 19 9
9 19 55
15 7 24
1 1 82
2 7 40
15 20 41
9 20 9
20 12 33
4 3 54
5 20 81
1 11 44
17 17 84
17 9 25
3 5 62
8 1 89
19 20 99
8 17 31
2 1 6
16 3 23
10 2 94
9 15 65
11 9 31
16 20 71
7 6 76
13 15 9
7 4 81
7 20 58
17 18 23
13 8 72
17 10 87
16 20 9
7 17 95
4 17 37
17 7 44
18 14 68
16 2 46
4 1 94
8 19 26
18 18 13
11 13 21
18 17 82
2 3 17
11 11 1
16 4 67
9 1 59
20 5 26
13 4 25
15 11 30
11 18 27
7 14 44
1 6 46
18 15 80
5 2 33
2 15 84
20 14 74
13 3 85
15 8 82
14 19 32
2 20 1
10 10 57
12 1 84
11 7 85
14 13 94
9 15 81
8 9 45
15 9 56
18 6 26
10 2 47
11 13 90
12 5 10
19 18 57
12 8 35
15 8 78
12 7 67
15 11 97
9 4 57
18 11 7
5 4 13
14 8 96
16 6 96
16 12 51
5 9 99
10 4 94
14 16 56
18 1 9
16 1 92
4 6 54
5 12 72
1 3 7
19 8 62
20 5 54
10 20 61
7 20 10
5 13 3
7 9 9
15 4 80
1 9 79
1 2 61
11 15 35
13 19 8
1 16 36
4 2 14
14 3 42
14 17 33
15 12 91
6 1 2
18 5 37
2 19 89
7 12 36
10 18 44
13 19 95
5 16 25
8 10 62
5 10 67
20 13 59
5 13 95
7 6 7
5 3 5
9 7 41
13 1 40
17 4 70
20 7 32
4 8 26
12 10 52
3 13 99
9 2 30
2 10 34
8 16 99
17 1 77
18 14 86
2 19 25
10 1 58
5 10 74
14 13 72
19 9 74
11 14 17
6 7 66
17 12 88
14 13 4
3 17 94
11 11 42
14 14 83
2 13 57
16 8 92
6 15 99
8 13 66
10 16 3
9 6 62
9 20 67
8 10 4
12 10 39
11 10 50
18 20 1
20 16 67
19 3 9
15 10 89
8 13 51
15 9 19
9 11 32
2 2 72
3 11 37
12 15 85
14 11 45
7 2 39
15 20 24
2 20 52
20 15 47
4 2 42
14 6 17
7 16 25
16 3 7
3 4 65
8 17 45
10 13 69
1 8 31
17 1 10
6 15 10
11 7 75
16 10 98
4 17 73
12 20 20
18 10 64
1 3 16
13 13 75
7 2 41
20 17 41
14 13 87
10 3 26
12 5 53
14 1 62
15 19 83
9 4 32
18 5 37
10 4 17
15 3 19
1 1 25
10 15 57
2 14 20
8 14 93
20 7 71
9 14 40
17 13 39
5 19 80
8 8 72
14 4 28
20 19 18
12 15 43
16 18 51
16 5 43
19 12 43
12 9 84
8 10 27
1 14 91
17 15 13
10 1 9
1 1 31
14 14 29
2 17 69
20 4 48
20 9 8
17 6 87
3 5 34
16 17 23
13 9 56
6 13 50
15 8 96
18 13 77
8 17 48
13 5 22
19 10 15
9 7 36
14 16 55
18 17 42
7 17 81
17 20 76
12 15 20
19 1 4
3 1 69
18 17 78
11 6 99
1 6 53
7 19 52
14 9 27
2 14 40
8 10 61
16 2 74
18 7 33
12 8 75
11 11 28
7 11 57
3 20 66
3 9 75
6 8 2
15 16 45
20 15 2
6 19 36
6 16 83
17 17 47
5 10 37
19 14 1
7 13 99
9 15 63
15 8 90
15 11 68
13 16 79
1 4 91
9 17 16
4 9 54
4 12 95
12 5 64
10 13 34
8 8 37
14 20 54
1 4 10
4 20 80
19 5 92
13 9 76
8 6 61
7 3 55
9 3 94
11 18 45
16 5 12
6 3 98
9 3 78
13 20 60
7 14 97
17 16 46
8 8 73
18 15 55
9 2 94
2 9 38
17 5 47
5 16 6
5 18 76
2 12 94
15 18 53
7 3 58
15 15 81
13 19 65
4 8 70
9 5 62
6 13 17
20 15 26
16 8 7
7 14 44
11 16 86
11 6 42
9 20 86
4 8 51
9 7 37
15 2 69
6 12 83
2 13 11
20 1 97
3 15 82
9 7 25
20 1 67
19 3 97
9 9 78
1 15 6
17 6 58
15 10 69
10 11 60
19 12 92
18 13 38
9 18 25
3 3 91
15 13 2
19 17 86
8 5 68
17 10 32
2 1 16
10 1 71
7 8 53
5 13 83
13 15 26
8 13 81
18 9 71
17 15 23
14 14 39
15 1 55
17 1 57
15 8 51
10 13 32
6 2 71
18 11 35
13 4 12
7 15 17
17 14 6
12 7 46
14 17 60
1 4 82
12 12 33
18 16 77
18 1 4
20 2 35
11 7 1
13 9 49
1 19 63
13 6 13
19 6 78
11 15 95
17 12 16
19 2 52
6 1 16
13 14 30
8 4 100
11 12 77
16 2 67
17 18 63
16 10 27
4 3 30
9 13 78
19 12 24
1 14 25
19 7 77
18 4 58
19 11 7
11 8 66
2 15 6
19 16 77
1 2 9
15 8 72
3 5 17
15 14 9
17 20 74
2 15 75
7 11 11
5 20 31
19 6 96
3 5 88
12 10 6
8 1 63
15 8 42
8 10 73
17 5 90
6 17 39
5 18 11
1 8 52
11 8 48
12 11 51
19 14 90
13 13 56
1 12 87
1 9 3
15 2 6
3 10 60
7 6 94
11 12 2
3 7 70
9 12 76
8 8 64
19 16 80
7 12 11
12 13 61
9 6 43
15 13 7
16 6 42
2 13 38
1 17 20
5 18 68
20 7 96
9 19 20
18 6 51
6 18 36
12 1 64
6 5 8
10 1 88
12 8 75
9 2 16
13 16 77
11 10 76
1 7 5
20 20 67
16 20 69
9 9 1
13 14 52
11 8 78
13 20 26
13 15 74
15 13 79
5 2 90
4 17 81
15 13 96
14 15 35
19 20 73
17 6 58
12 9 58
3 19 83
14 1 90
5 16 40
15 4 8
5 20 79
17 5 83
11 18 28
12 7 59
18 18 55
8 5 19
15 17 41
17 9 35
7 6 70
3 16 49
17 1 42
11 13 86
3 1 55
14 2 26
3 15 49
16 19 92
4 18 84
20 4 91
3 10 53
3 13 76
11 16 34
8 10 78
18 5 82
4 3 41
19 5 64
18 19 36
1 17 65
14 15 82
18 1 54
8 9 61
19 11 73
16 10 48
19 19 33
13 6 17
16 17 18
6 7 91
20 10 28
2 3 79
18 11 75
3 6 5
20 1 81
10 12 45
14 9 70
12 2 4
14 14 15
20 20 91
17 14 36
5 13 53
11 11 97
16 8 1
6 4 67
8 9 90
11 19 32
2 1 72
3 11 39
20 20 23
18 6 86
16 19 19
20 13 57
20 15 86
9 16 70
3 12 45
12 20 90
7 16 78
3 8 73
8 20 26
13 2 37
10 13 74
19 11 15
15 5 36
16 2 26
12 13 33
15 7 54
12 15 40
19 3 51
15 17 62
7 17 14
5 12 15
8 2 60
14 8 88
17 11 72
14 10 89
8 13 2
10 17 82
19 19 95
12 4 11
20 7 51
6 18 66
2 11 36
10 20 1
12 18 59
19 8 41
13 18 84
4 19 93
20 17 33
18 3 7
15 2 75
20 16 73
9 10 21
6 5 85
14 11 1
4 19 45
7 9 59
10 10 57
14 11 92
18 10 27
3 1 41
15 17 33
3 3 87
3 3 18
10 7 22
3 17 29
16 9 9
20 7 71
2 18 10
3 18 50
10 8 80
13 16 5
1 19 89
1 2 7
1 4 14
13 14 54
12 1 78
8 13 29
3 12 99
3 13 1
5 6 60
3 9 48
12 1 24
17 2 1
20 5 21
1 6 66
11 4 76
19 7 26
1 1 54
10 19 67
5 15 18
13 11 77
6 18 31
4 1 67
2 20 95
13 3 58
5 6 9
6 16 77
16 9 83
13 7 96
15 2 12
3 13 63
4 3 11
2 15 51
19 19 12
12 14 19
18 11 75
6 4 60
14 5 39
1 18 93
4 2 36
2 9 64
2 11 60
9 8 56
8 16 40
3 4 67
3 1 59
18 17 26
12 10 49
14 12 29
12 3 56
8 8 21
9 2 48
19 10 18
3 19 40
2 8 15
6 17 50
9 14 72
20 11 55
16 10 57
16 16 86
18 4 100
11 18 32
4 17 40
12 2 33
10 1 94
18 12 82
19 2 70
1 1 83
17 5 64
11 13 21
15 8 46
11 12 17
6 4 37
2 3 84
4 7 73
16 13 92
16 14 96
1 14 93
15 18 46
18 7 43
15 15 99
20 18 61
20 15 6
13 13 36
3 17 26
5 20 47
3 10 100
9 20 22
1 6 15
9 4 7
1 5 80
9 5 21
10 5 35
13 14 82
8 12 73
10 20 35
4 3 48
17 8 93
2 9 68
11 7 44
14 14 83
10 1 44
19 7 42
1 2 60
9 6 14
8 9 41
8 6 53
4 3 95
6 8 95
3 16 58
1 1 33
5 10 41
15 8 25
5 4 47
16 7 76
17 12 72
18 17 74
20 20 29
16 11 91
5 4 54
1 7 33
1 13 1
5 4 20
12 17 34
17 10 82
12 20 21
17 12 9
19 1 80
1 4 65
16 3 53
18 6 93
14 16 6
12 19 31
15 20 29
10 14 90
17 14 3
1 14 80
11 18 49
16 11 57
16 19 40
14 14 78
3 11 71
14 10 7
15 2 61
1 10 12
3 4 16
8 2 79
13 3 7
12 13 54
13 4 64
3 8 5
14 6 58
4 5 31
3 17 79
1 12 91
12 11 29
20 7 45
18 7 64
12 7 88
16 13 49
2 14 87
16 10 100
1 18 79
19 14 85
6 6 28
15 1 21
15 13 74
19 1 47
17 13 76
6 16 46
6 16 29
10 16 6
12 20 31
17 7 37
16 9 24
6 6 68
20 10 27
17 8 4
7 13 27
7 7 57
11 10 1
7 10 41
20 17 79
6 10 53
17 19 33
12 17 36
9 13 80
12 14 93
2 8 33
18 6 7
11 19 59
3 14 3
15 9 20
4 5 58
14 12 56
4 14 4
12 18 70
12 11 35
2 7 36
20 8 16
13 6 36
12 5 47
9 13 34
8 18 33
7 7 82
20 13 30
5 17 96
2 7 63
10 4 54
7 5 92
14 9 12
6 7 32
17 12 34
4 2 66
4 15 92
2 9 63
5 6 4
3 1 91
3 11 84
1 12 86
1 10 57
1 17 30
7 3 18
11 10 16
9 11 96
11 19 34
9 4 31
13 15 26
7 5 54
8 17 9
14 18 4
19 9 29
16 14 98
17 12 28
16 14 95
6 19 54
10 16 86
2 11 19
9 16 67
7 11 74
10 8 53
13 8 94
17 7 43
5 1 59
5 3 63
7 6 61
6 12 66
20 2 33
13 15 45
8 5 94
2 1 5
11 3 23
19 16 15
17 10 83
6 9 69
1 8 68
2 8 85
16 13 21
13 6 37
20 13 100
5 20 14
16 1 7
13 20 19
4 9 52
18 10 68
18 15 94
12 20 54
12 2 83
8 20 75
17 18 93
17 16 76
6 1 100
11 1 37
4 15 69
13 13 32
18 11 9
2 8 100
19 17 58
14 11 14
17 10 30
16 18 39
5 12 81
11 18 4
15 5 35
11 6 6
14 2 64
11 8 25
13 7 23
12 7 17
4 7 56
18 11 90
4 13 1
2 17 35
18 7 20
9 8 57
11 14 2
10 15 91
15 6 89
12 13 57
5 1 96
18 14 1
5 4 90
10 9 65
20 17 100
13 18 64
2 11 34
7 19 21
5 8 92
13 14 46
14 2 99
10 12 65
17 19 17
17 19 22
8 6 12
2 1 48
9 6 88
3 3 77
14 1 12
7 3 40
18 19 71
18 15 93
14 5 48
12 11 6
20 12 64
15 4 79
19 13 83
10 5 63
11 3 11
10 16 33
3 18 78
8 15 38
8 19 15
8 5 51
19 11 31
14 18 5
12 13 26
5 18 34
6 14 22
10 8 23
16 20 30
19 16 34
20 5 56
7 5 68
3 5 8
9 8 34
3 3 7
12 14 36
5 17 88
1 10 42
4 12 24
14 11 100
6 14 89
14 2 27
10 7 68
3 10 3
1 1 27
14 9 96
3 5 60
12 10 7
16 13 68
10 1 79
2 12 9
15 14 95
18 15 79
12 14 82
9 9 23
8 13 12
9 6 51
5 15 73
16 3 31
13 15 54
7 19 78
15 2 98
3 17 51
14 9 65
11 5 38
6 9 35
4 5 62
7 4 64
19 2 55
6 20 10
14 18 58
14 8 60
10 7 94
17 20 54
17 15 93
9 12 61
3 8 67
10 16 45
19 13 71
18 8 63
16 5 7
2 16 15
4 9 48
16 15 24
7 6 9
1 4 12
11 18 73
8 3 5
17 5 1
17 19 14
6 5 90
2 7 89
9 8 36
3 12 80
12 9 22
15 15 12
3 17 4
3 18 94
12 20 29
10 2 59
10 19 36
19 12 7
1 16 9
11 20 100
2 10 88
20 2 35
16 17 82
2 10 78
5 2 81
17 4 89
9 4 96
18 11 66
13 17 97
1 15 68
9 16 42
10 17 14
1 16 64
11 12 84
16 4 67
15 16 9
3 17 5
18 20 46
4 7 86
2 18 96
8 19 96
1 4 31
17 8 45
19 18 59
16 18 84
6 1 99
9 15 82
10 6 90
12 17 76
7 15 27
16 12 14
18 16 7
7 12 34
11 8 94
7 19 84
7 8 16
17 3 48
12 4 90
20 7 52
19 9 77
7 9 71
19 16 20
15 3 5
16 19 78
10 18 59
4 15 42
18 6 53
13 12 36
8 1 35
2 8 35
3 20 88
3 2 15
12 12 87
1 12 2
18 14 12
1 17 73
1 18 42
10 19 53
12 4 65
4 16 78
19 4 91
8 11 22
5 3 72
11 16 2
13 16 2
17 1 85
4 3 100
2 5 35
15 15 83
3 8 52
16 14 66
19 10 65
11 10 51
11 11 16
7 9 78
1 16 68
4 13 13
10 16 75
2 12 98
1 5 40
9 12 36
15 17 27
20 3 16
14 5 69
19 6 82
15 1 35
1 9 66
18 5 66
10 8 24
17 7 37
12 9 47
10 16 22
4 20 52
20 6 39
3 14 27
7 7 56
5 12 71
20 3 97
10 6 80
4 12 38
13 9 16
13 17 21
7 18 91
9 9 44
7 1 92
12 14 73
9 15 100
15 15 60
6 19 23
14 13 48
16 6 2
14 19 7
9 15 25
6 16 100
11 11 21
16 1 45
17 10 5
8 9 30
5 16 30
18 6 49
3 3 5
9 10 42
