1
0
0
0
0
1
1
1
35
2
0
0
1
0
6
0
1
0
0
0
0
22
1
0
1
0
7
0
17
1
18
4
1
0
0
0
0
1
1
1
35
16
0
0
1
0
0
1
1
1
0
0
1
0
0
1
1
0
0
1
0
0
0
0
1
53
1
0
0
1
0
1
0
4
1
0
0
1
1
0
0
11
16
0
0
1
1
1
1
1
5
4
1
0
3
0
0
0
1
0
18
6
0
0
1
1
37
1
1
22
0
0
0
1
0
1
0
0
34
4
1
0
0
0
6
1
0
0
1
1
0
31
16
0
0
0
0
7
0
0
25
22
1
0
0
21
20
1
0
0
0
0
1
0
37
0
1
0
7
1
38
1
58
0
1
12
1
0
34
0
0
1
0
1
1
10
0
20
33
0
1
1
0
1
1
1
1
16
0
0
0
1
53
1
1
0
0
1
11
1
28
0
0
0
1
0
0
15
1
0
10
0
0
0
0
1
15
1
0
1
0
1
16
0
1
0
1
0
0
0
1
1
0
1
0
0
0
3
1
0
2
1
5
0
0
1
8
1
0
30
1
24
0
1
1
0
0
0
0
14
0
31
0
1
5
0
0
0
9
0
12
0
0
0
1
1
1
0
0
10
1
1
0
31
0
1
1
10
1
7
0
28
1
0
1
15
0
0
0
0
1
0
0
0
8
0
0
1
1
0
1
67
0
1
1
1
0
0
0
16
1
13
0
14
0
0
1
1
1
0
10
0
0
0
1
0
0
12
0
5
0
1
0
0
15
6
1
0
0
0
48
1
0
1
9
0
0
7
28
1
1
1
1
0
0
0
16
3
38
0
0
85
0
8
1
1
33
1
0
27
0
0
0
22
1
22
0
0
0
1
0
11
0
0
0
1
0
24
1
1
1
7
0
1
0
0
0
0
1
0
0
1
11
1
1
0
0
0
48
0
0
0
0
1
20
0
0
7
1
0
0
1
1
1
0
0
1
0
0
0
0
0
0
1
1
1
0
0
18
1
17
0
0
0
3
0
0
0
1
0
0
1
0
1
3
0
0
30
1
6
15
5
0
9
29
1
0
0
1
1
30
0
0
0
14
0
0
0
34
0
1
0
1
8
1
1
8
0
0
1
0
9
1
1
0
15
1
0
0
0
0
0
0
0
1
0
0
10
0
0
0
25
1
0
0
30
0
0
0
0
42
10
0
3
1
4
1
1
0
0
0
0
1
0
1
36
1
1
1
0
1
5
24
0
0
0
1
6
36
27
0
1
1
0
0
0
0
0
0
0
1
9
0
36
1
0
0
0
21
0
1
0
0
1
12
0
0
12
0
1
1
1
0
1
0
0
0
0
0
0
1
0
1
0
1
0
4
24
1
1
1
0
0
0
49
0
1
0
0
30
5
0
1
16
0
0
0
1
31
1
18
3
0
0
1
21
28
1
1
1
39
1
0
3
1
0
1
1
1
13
0
0
0
0
3
0
0
19
19
6
0
0
0
1
0
42
27
10
1
0
1
1
0
1
0
0
0
0
0
1
0
1
1
12
18
1
8
54
0
5
48
0
37
1
1
0
0
1
1
1
1
1
1
1
1
32
1
0
0
0
45
0
18
12
0
0
1
5
30
1
0
0
0
3
0
0
0
0
0
1
0
1
0
0
1
22
0
12
9
1
31
1
1
0
0
1
0
0
0
0
5
1
21
0
3
1
0
0
1
0
0
6
0
1
0
1
65
26
11
0
1
9
0
0
1
0
11
1
1
12
41
0
22
0
1
1
18
1
14
0
0
1
1
1
1
6
11
23
1
0
0
0
0
1
0
1
1
32
1
1
1
0
1
20
0
20
1
0
1
6
0
1
30
0
41
0
1
0
0
1
24
1
0
0
1
1
0
0
1
5
1
0
0
1
1
0
1
1
0
0
35
8
1
1
1
1
7
26
0
0
0
1
0
0
1
0
0
15
0
0
0
12
0
0
1
0
0
0
18
1
1
0
0
0
0
0
0
1
1
0
0
47
0
13
1
0
24
0
0
0
0
0
0
0
0
18
0
0
0
0
9
0
1
0
0
0
0
1
1
1
0
1
0
1
0
1
1
0
0
0
1
0
13
4
1
17
1
1
0
0
0
0
1
1
0
7
1
0
0
0
0
0
0
57
0
0
4
0
0
0
0
0
4
0
11
1
0
28
1
0
1
1
0
0
5
0
0
1
1
0
0
0
1
1
0
0
0
1
0
0
0
1
1
0
0
0
42
1
45
0
1
1
36
44
0
1
1
1
0
1
1
1
0
0
4
0
2
52
11
0
0
1
1
1
1
1
0
10
0
17
0
0
4
0
42
38
7
0
1
1
3
0
0
0
39
0
0
0
1
43
0
0
0
22
37
17
0
0
0
0
0
0
17
25
1
1
0
1
1
0
0
0
36
10
0
18
0
7
0
0
8
0
0
1
37
0
1
1
1
1
11
20
1
0
0
1
0
27
0
0
43
5
0
43
0
1
1
1
1
1
29
1
0
0
1
0
1
0
0
0
0
3
1
15
0
0
1
1
0
20
0
1
1
30
1
13
0
40
0
0
33
1
28
0
0
0
0
45
0
0
1
3
1
1
1
0
1
0
1
1
0
0
0
1
0
37
0
0
0
1
0
0
0
0
1
0
28
0
0
1
0
28
9
0
0
3
0
0
0
7
1
35
0
7
0
0
0
1
1
1
42
0
3
0
1
1
11
0
0
0
0
0
0
0
0
23
1
3
0
0
3
0
0
11
0
0
1
0
1
1
0
0
1
39
1
1
1
0
1
1
0
17
0
7
1
0
33
4
0
0
1
0
1
13
0
0
0
1
0
13
10
0
1
1
27
0
0
24
1
9
0
1
0
0
9
1
0
1
1
0
1
1
0
1
0
6
0
1
0
2
1
1
0
0
0
1
5
1
0
0
0
0
0
0
0
19
12
11
0
0
1
1
4
0
0
0
0
1
0
1
0
0
1
0
1
1
1
12
0
0
1
1
0
0
1
0
6
0
1
0
0
0
1
0
0
0
0
5
0
20
55
7
0
0
1
1
0
0
1
26
1
30
1
0
1
9
0
1
1
1
1
36
1
1
0
0
1
2
33
0
0
1
0
29
0
5
0
45
0
0
15
36
0
1
28
1
1
0
0
0
39
23
1
19
0
0
0
1
0
0
1
0
3
0
1
0
0
1
8
40
0
0
0
1
1
1
0
0
0
0
6
1
0
0
36
0
13
0
0
0
0
1
1
0
0
1
1
1
0
57
2
27
1
1
87
18
22
1
0
0
0
0
0
1
1
1
0
3
0
1
1
1
0
0
0
1
0
0
1
26
0
67
0
9
1
0
0
7
1
1
0
1
0
13
1
1
12
1
0
0
1
1
0
0
10
0
0
1
1
0
49
1
1
21
0
18
0
1
0
0
0
11
24
1
0
4
1
0
9
0
1
8
4
0
1
1
34
0
0
0
1
0
4
7
0
0
2
0
0
0
0
1
0
0
0
1
14
0
0
0
5
0
0
38
1
3
0
0
0
0
0
1
0
1
1
1
11
14
0
1
29
1
6
1
1
8
0
0
0
1
0
1
1
0
0
31
0
0
1
0
1
1
40
33
2
1
1
0
0
0
7
1
1
1
13
7
1
1
1
0
18
0
1
37
38
1
1
28
1
0
0
0
0
1
6
0
1
0
68
0
4
1
18
1
2
0
1
1
0
0
1
1
1
1
3
0
10
1
0
2
1
0
0
2
0
0
1
4
0
0
1
1
0
0
0
0
1
1
0
0
1
15
0
1
0
0
0
0
0
0
1
1
9
0
0
0
0
1
0
18
19
0
1
0
1
1
1
1
0
0
0
1
4
1
23
15
1
0
0
1
1
3
0
0
1
0
0
22
21
0
1
0
1
0
0
1
0
15
1
0
1
14
0
39
1
0
1
6
19
1
0
17
0
1
1
1
20
0
2
23
0
0
0
1
6
0
0
1
34
21
8
12
9
65
1
0
0
0
0
77
0
1
25
20
1
0
0
1
1
0
11
33
0
0
1
6
1
1
0
0
22
1
0
34
0
1
0
0
7
0
4
0
0
10
19
27
0
1
1
0
0
7
0
1
1
1
6
0
0
0
0
1
1
1
0
0
1
0
0
0
2
1
0
0
1
1
26
0
1
0
1
45
1
1
1
1
0
24
1
0
0
1
1
0
0
1
0
0
0
12
0
0
0
0
36
7
1
0
0
0
0
0
1
1
0
0
0
0
0
0
0
1
1
9
1
0
1
0
0
1
1
13
22
1
0
0
0
27
14
7
34
1
6
0
0
0
0
0
0
20
1
16
13
0
1
0
1
1
0
15
87
0
0
1
0
53
0
1
0
0
0
0
0
1
1
1
37
0
0
65
1
16
0
0
1
7
0
0
0
1
0
0
0
1
0
0
0
1
0
22
0
0
27
17
1
0
0
0
0
0
13
0
0
1
0
14
1
3
0
1
0
0
21
0
1
0
0
1
5
0
