20 2000
1 2
2 3
2 4
4 5
3 6
3 7
1 8
1 9
5 10
6 11
7 12
4 13
12 14
6 15
5 16
15 17
11 18
17 19
15 20
2 2 10 9 2 2 6 1 7 8 4 4 6 4 5 4 8 5 2 8
12 16 19
13 20 13
18 2 47
5 2 79
18 9 75
9 3 13
6 16 7
4 12 86
16 15 21
5 4 12
20 9 69
19 16 26
13 14 4
5 3 53
12 8 48
5 13 59
2 5 29
7 2 92
14 8 17
8 20 1
6 20 3
7 15 58
12 19 69
11 8 67
14 20 63
5 9 27
3 14 14
11 6 19
14 5 68
16 15 41
8 18 48
16 9 87
3 4 87
14 5 71
15 15 85
6 19 25
4 16 74
11 2 11
3 20 36
18 15 2
13 1 40
1 3 55
4 8 13
2 6 86
8 20 34
19 13 81
20 13 28
15 9 29
8 1 75
1 14 20
2 6 33
11 2 49
2 20 90
8 4 93
11 13 66
14 6 25
7 19 68
16 7 5
14 11 83
6 1 10
3 20 98
5 20 48
18 16 9
17 14 85
19 7 78
9 2 21
9 10 68
10 11 82
8 18 20
1 19 7
6 17 53
2 18 96
11 10 12
5 1 75
15 7 63
18 3 46
17 13 7
9 9 49
8 11 88
9 10 40
14 8 84
7 7 73
2 11 53
1 13 100
19 17 12
6 12 19
14 13 85
8 16 23
12 15 99
10 17 95
20 16 90
15 16 74
16 15 69
17 4 53
14 9 37
6 1 74
9 18 59
9 5 29
14 4 34
18 5 79
15 8 91
4 7 79
14 20 15
6 8 57
17 1 59
15 19 40
12 11 62
20 17 52
17 20 27
18 1 13
19 19 64
16 15 33
8 6 97
11 5 47
5 8 2
1 5 57
5 6 68
8 6 67
12 8 64
7 15 53
9 19 7
1 18 32
5 16 14
3 15 23
18 18 22
4 6 6
7 18 99
9 13 81
7 19 49
15 15 66
14 16 69
4 10 31
9 1 38
17 4 71
17 18 33
14 8 17
20 20 92
13 17 48
14 7 27
19 15 57
10 18 76
2 19 23
18 17 45
13 4 97
6 16 62
10 1 90
8 10 50
16 17 48
17 15 41
1 13 48
3 8 15
4 6 70
14 12 84
3 8 34
16 4 54
1 7 23
19 12 54
15 19 43
12 2 74
12 12 83
3 15 41
9 1 18
19 9 39
13 14 20
17 16 39
16 3 18
12 1 47
18 9 21
9 2 74
7 12 39
5 15 82
14 3 19
3 13 7
20 6 4
20 18 93
16 9 49
16 19 71
10 11 52
4 14 1
12 20 53
2 15 3
4 10 62
2 20 98
10 5 76
19 12 71
5 4 71
20 14 52
13 15 94
14 18 51
17 17 97
20 15 79
4 1 97
16 9 40
7 15 97
12 10 44
16 17 38
1 1 37
17 5 16
10 4 17
1 12 97
7 8 78
5 9 6
3 20 25
14 4 39
11 11 61
18 11 7
16 6 29
10 6 19
12 16 48
11 3 28
20 11 16
11 14 46
16 14 71
4 13 76
9 2 95
9 20 56
9 11 37
1 10 78
12 3 51
5 1 33
8 16 78
18 5 96
2 15 39
6 11 32
6 9 47
18 5 67
17 6 35
20 9 85
18 9 94
11 3 13
17 16 59
6 20 40
8 3 37
16 11 30
13 16 80
6 14 19
3 18 3
3 19 88
7 20 32
15 6 30
6 18 31
15 2 68
17 3 22
8 14 70
3 18 25
19 11 89
16 13 27
14 15 31
13 2 96
17 7 49
13 17 91
5 13 4
8 16 49
1 7 25
1 7 73
18 6 26
11 16 6
11 10 12
17 13 45
6 7 32
15 12 61
20 16 47
14 17 89
7 5 22
17 15 18
1 7 54
9 6 100
19 11 8
17 2 11
1 5 1
19 20 19
10 20 81
14 8 35
15 11 51
12 15 79
5 7 34
13 20 31
8 5 44
12 4 68
11 12 24
9 2 59
11 8 85
9 6 96
19 2 71
7 2 5
11 19 65
18 2 38
7 15 9
3 2 92
11 7 79
5 11 30
4 17 99
20 10 60
18 20 29
4 19 70
10 6 19
1 5 32
16 11 3
5 11 4
1 11 85
5 14 67
4 14 24
6 13 53
8 9 68
20 6 36
4 19 28
14 4 68
1 9 53
16 4 59
2 20 74
10 20 93
4 20 29
8 10 47
10 8 76
3 4 10
2 13 31
1 5 47
16 19 38
3 16 88
14 11 78
1 16 4
13 14 1
6 7 24
13 6 77
1 17 47
8 12 2
4 1 90
13 9 61
12 19 98
7 1 15
19 14 99
3 6 38
18 1 11
12 12 49
1 5 17
17 15 39
19 9 18
17 6 49
8 9 63
9 16 75
19 13 24
20 8 28
10 19 37
2 13 33
13 17 10
8 8 28
18 2 29
14 13 94
15 15 64
14 6 24
1 3 72
8 3 7
13 7 63
16 18 9
12 4 22
17 6 49
18 6 100
17 9 5
3 2 33
6 20 29
19 6 6
1 17 71
14 14 26
19 4 64
19 8 5
6 20 27
18 18 16
1 10 25
13 13 6
17 13 55
2 10 42
14 13 44
9 3 85
5 16 79
2 17 96
17 8 49
16 7 72
19 13 53
18 12 5
3 3 28
17 19 58
16 8 3
10 2 42
20 18 18
12 5 60
11 17 61
1 1 69
5 12 34
18 4 26
16 3 86
17 4 16
16 10 37
10 11 57
20 15 42
16 16 18
18 5 76
20 6 69
15 13 87
17 17 42
18 9 63
6 17 81
1 12 30
15 2 66
10 8 51
15 9 80
12 18 12
4 19 72
13 7 89
7 2 77
20 14 47
20 17 67
1 2 58
7 1 90
10 9 46
10 6 72
20 15 51
8 8 76
14 6 38
17 14 38
1 2 9
6 19 83
10 18 54
8 1 84
5 13 11
17 18 6
20 7 77
16 8 17
3 4 74
8 18 68
20 6 30
16 6 2
12 19 99
11 13 87
16 12 12
16 11 60
13 19 21
11 17 48
12 14 33
4 8 44
5 1 24
2 14 51
10 12 75
4 10 13
20 15 2
20 12 46
16 13 85
9 8 60
14 11 88
11 10 48
16 10 26
16 5 30
7 7 92
16 20 90
5 19 41
3 7 27
9 14 80
8 13 36
9 3 86
8 11 7
8 3 93
17 8 98
14 11 98
14 12 79
12 3 59
10 7 3
19 6 16
3 4 44
16 17 70
20 4 85
5 10 52
14 17 58
12 16 50
5 1 39
14 9 85
8 6 92
1 14 80
20 9 27
2 9 91
18 10 77
19 18 20
19 15 28
6 15 12
12 18 33
17 14 85
3 9 97
5 7 73
8 18 43
15 10 8
4 4 41
2 11 19
5 5 75
15 14 57
1 18 46
7 2 72
6 15 63
17 5 35
7 13 23
13 17 75
6 2 85
2 5 71
9 14 80
13 1 96
10 4 84
20 16 57
19 18 23
19 16 75
13 19 92
14 8 21
1 20 52
20 13 37
3 2 21
11 10 83
7 19 25
14 1 27
7 20 64
9 5 13
8 6 32
7 3 23
4 18 31
8 15 90
19 19 47
2 2 34
15 5 94
19 4 50
19 10 100
9 6 97
16 11 94
20 5 93
13 17 93
12 19 45
8 17 61
16 14 7
17 8 89
17 4 86
15 9 12
18 20 37
5 4 53
10 1 31
12 4 66
20 19 47
1 7 66
12 14 36
4 5 22
19 4 26
12 8 78
15 5 85
20 2 26
1 3 14
8 7 79
18 15 49
10 19 37
13 3 82
8 7 95
14 12 64
1 9 88
15 3 20
1 7 75
17 3 50
16 5 21
12 20 34
14 4 86
14 17 35
5 15 44
5 2 19
11 2 100
4 14 87
9 9 67
3 6 38
18 5 51
9 10 50
15 11 90
3 17 18
1 18 32
19 5 74
15 13 2
5 16 39
15 19 51
18 14 9
15 12 48
13 18 36
11 12 92
16 7 13
13 10 81
12 5 30
18 13 68
2 9 17
3 12 42
8 12 10
6 16 6
20 7 59
12 14 42
3 6 60
15 3 8
16 20 47
17 4 8
8 11 34
8 6 12
14 9 52
8 10 16
10 1 37
11 17 14
12 19 92
17 12 68
1 17 29
1 13 33
15 3 1
3 7 77
2 14 54
11 7 4
9 2 73
19 17 92
20 8 2
10 17 47
4 8 73
14 19 80
4 11 72
3 3 44
12 14 99
5 13 91
5 19 84
3 9 34
4 3 53
16 9 27
2 5 43
5 4 1
12 8 36
11 17 23
8 1 74
3 10 83
4 4 16
6 1 43
20 15 83
17 7 98
20 2 2
16 20 71
16 4 2
7 8 80
15 3 74
8 15 24
16 10 72
13 10 95
1 15 15
13 1 85
6 9 64
9 16 80
13 5 61
6 5 77
8 8 89
2 1 26
14 14 56
5 18 81
4 6 42
13 12 54
13 14 72
6 18 98
5 12 38
14 20 39
11 19 74
3 16 41
15 1 16
3 15 74
5 15 47
13 8 95
14 15 77
9 7 25
20 4 38
7 8 17
18 19 7
2 4 17
5 19 9
7 16 36
17 6 80
7 16 13
7 19 73
5 4 14
4 11 79
4 13 21
18 17 7
11 6 45
14 5 10
11 14 94
20 9 89
5 6 1
19 19 53
19 17 14
18 11 99
20 6 80
14 3 75
9 20 16
16 15 82
13 1 79
19 10 93
7 13 4
14 9 25
18 19 44
1 18 41
5 9 8
11 5 93
19 2 21
3 14 33
17 5 18
9 16 75
2 14 76
9 7 52
8 15 74
13 2 11
16 7 51
7 5 30
6 12 86
18 5 46
10 4 14
7 7 55
13 3 67
6 3 78
3 15 26
7 6 54
13 13 58
8 2 69
18 11 58
15 9 3
1 20 2
15 2 76
19 7 46
6 3 42
18 12 77
19 10 46
1 10 59
3 13 20
9 6 33
6 8 31
14 13 44
7 9 18
16 4 3
12 6 29
4 13 43
8 8 66
11 17 32
6 18 36
19 20 68
7 15 49
4 15 59
16 7 15
1 16 38
15 3 53
4 12 19
17 12 51
20 6 97
20 18 26
3 3 58
3 19 60
13 19 20
8 5 10
5 18 21
20 10 74
1 14 67
6 11 69
5 8 36
15 4 80
7 6 90
11 10 6
6 11 75
10 4 36
4 10 65
4 2 66
2 15 83
17 1 86
8 9 28
5 20 96
17 3 32
7 15 97
3 17 39
11 3 31
19 16 61
17 5 73
19 18 52
6 15 59
12 16 66
10 8 97
14 13 32
10 15 51
2 3 81
3 2 7
5 19 39
13 20 27
9 15 34
16 8 90
6 16 88
10 12 41
3 13 26
3 17 74
5 6 23
1 5 64
9 12 34
20 11 16
5 19 17
4 6 78
7 12 23
5 13 5
10 11 15
10 17 37
5 12 36
18 3 61
7 3 63
19 1 36
20 11 64
7 4 80
12 20 39
3 4 32
11 14 64
4 5 48
5 19 53
13 2 18
8 7 70
15 10 55
16 19 84
20 5 18
19 3 92
9 2 19
1 11 39
4 1 37
14 16 20
17 2 3
17 15 23
11 5 64
1 20 87
18 3 34
14 6 27
1 1 86
15 7 6
1 13 27
3 20 73
3 20 4
19 11 43
19 13 41
9 5 17
19 16 78
12 9 96
2 12 34
18 18 50
16 17 13
7 3 85
10 19 34
9 14 84
11 4 16
13 2 63
9 11 53
9 17 12
20 19 61
18 4 29
7 5 16
19 20 65
16 4 100
4 3 58
12 15 28
1 5 5
6 3 100
6 2 84
11 15 87
19 20 97
2 13 53
13 18 6
18 13 10
13 4 1
20 1 3
14 2 8
17 8 54
9 4 86
8 14 39
20 2 80
16 1 40
3 20 81
12 19 51
1 18 93
16 6 59
5 7 23
1 17 72
9 5 80
5 6 56
2 14 34
8 4 18
1 4 93
7 18 38
13 5 54
13 13 1
2 11 91
13 18 13
8 7 9
19 4 87
14 18 85
15 10 79
19 20 32
13 5 40
6 16 44
2 4 20
20 18 57
10 8 57
13 9 12
7 14 81
18 5 33
17 18 94
14 17 82
5 20 16
6 4 30
5 12 48
3 13 70
7 7 92
9 12 58
1 12 9
17 9 21
4 11 42
10 8 14
4 15 38
7 8 71
8 20 9
13 11 93
3 9 26
10 20 23
16 9 76
2 4 40
20 17 51
20 2 81
13 9 64
6 7 44
12 17 95
4 17 90
20 11 4
11 9 41
1 4 22
12 7 75
5 14 15
8 15 52
11 4 49
8 7 48
12 6 2
20 17 95
7 4 39
14 1 70
20 2 94
11 18 53
2 19 10
3 17 38
18 2 64
9 14 59
6 18 63
8 5 63
4 19 85
1 19 16
4 20 43
2 10 17
16 5 62
8 1 37
1 6 39
15 1 4
14 2 65
13 2 20
5 11 44
12 12 60
11 18 2
9 15 62
9 20 9
17 4 34
17 13 33
7 7 42
7 1 65
10 4 22
12 11 52
19 2 60
14 19 48
1 15 47
9 9 6
13 3 54
20 6 22
11 8 50
8 13 84
9 3 30
4 17 71
9 3 29
3 20 29
6 20 48
10 19 95
18 9 99
7 11 100
12 7 75
5 10 29
10 9 77
20 15 100
12 14 79
4 20 5
1 6 50
20 7 55
8 20 43
20 19 74
17 9 86
18 20 53
18 6 44
5 14 16
4 13 18
17 1 46
1 8 19
2 9 52
4 5 65
13 7 66
8 16 36
6 11 18
17 6 38
6 11 23
16 15 13
1 1 52
6 6 88
9 5 98
11 8 68
7 12 64
7 14 46
4 12 7
4 19 56
13 19 22
9 12 12
19 6 71
12 13 57
3 16 80
2 10 38
3 1 91
11 3 50
7 17 35
13 18 20
4 1 38
7 18 83
4 9 30
20 19 84
12 5 100
17 4 91
13 8 81
16 12 20
16 14 88
17 9 76
15 7 49
20 3 42
15 6 87
3 9 31
7 6 9
13 6 14
13 16 73
2 12 32
1 17 4
13 1 21
10 17 33
13 17 13
6 17 67
5 18 31
11 3 8
16 4 53
14 9 36
19 15 58
1 13 84
17 6 94
14 9 69
2 2 98
6 15 47
12 20 44
6 6 81
5 1 57
8 3 72
3 5 8
11 8 62
14 12 8
10 4 70
12 15 80
15 6 55
14 9 45
3 4 51
18 9 23
17 13 18
2 19 9
15 2 20
1 5 51
15 19 69
15 16 28
7 4 52
1 7 32
20 15 44
12 14 46
20 9 19
20 1 71
12 10 93
17 9 64
3 16 94
6 7 20
9 6 40
7 17 83
5 8 10
5 6 87
13 10 84
7 19 63
6 10 14
6 15 57
4 4 97
20 10 25
16 13 54
20 20 16
19 19 91
5 20 75
14 6 51
20 19 42
3 6 52
11 9 29
12 15 85
17 14 50
14 8 30
12 10 74
4 7 88
2 3 1
4 8 9
1 15 22
8 7 95
15 4 19
3 12 19
15 13 28
9 4 86
18 7 59
1 6 34
12 12 60
20 6 89
14 14 10
12 8 15
19 7 17
13 19 11
3 7 54
5 15 45
3 2 2
16 7 11
10 19 2
1 7 59
19 12 8
7 7 41
16 2 74
6 19 90
15 11 51
6 12 83
10 14 79
3 20 25
14 13 40
15 16 38
9 14 35
16 3 95
3 7 82
6 5 31
16 20 44
9 15 2
9 10 73
13 14 24
17 4 65
1 9 18
19 6 68
8 13 95
13 1 84
6 16 41
1 18 14
14 17 83
9 12 31
15 8 62
10 18 82
18 20 2
7 8 57
16 4 95
10 1 7
17 19 28
17 12 59
16 19 62
8 2 40
16 14 16
4 3 35
18 1 74
17 17 79
17 20 37
3 20 45
2 14 8
1 1 33
6 16 78
7 11 52
13 17 40
6 8 93
5 7 42
14 9 67
13 1 57
4 13 93
4 3 4
18 6 99
18 18 55
17 15 88
8 17 25
5 20 47
12 5 29
13 2 28
12 1 60
4 9 64
19 4 2
16 14 80
11 15 77
8 9 83
9 16 44
14 10 39
10 2 87
17 11 71
6 8 3
15 20 90
1 9 32
11 11 10
4 19 33
13 6 63
19 13 79
14 4 39
2 3 93
10 17 53
12 14 70
1 16 14
10 4 54
16 5 56
12 11 57
20 6 53
16 15 49
17 4 94
18 13 45
16 11 34
4 18 47
10 5 45
4 12 66
13 3 57
19 7 71
6 11 95
4 6 51
14 9 55
17 8 36
15 12 93
19 5 59
5 19 79
16 14 40
9 2 10
16 15 71
16 6 5
4 12 72
12 12 21
3 10 4
1 19 62
20 11 98
6 9 38
1 11 14
7 20 66
4 10 15
3 17 35
20 14 58
16 9 63
11 20 96
16 6 53
18 8 8
17 3 67
10 13 55
17 8 23
11 5 90
12 6 23
14 11 26
20 11 17
17 14 7
3 19 65
14 20 30
19 6 81
16 12 19
9 4 95
15 8 32
15 2 67
3 2 23
17 20 93
11 13 59
16 4 57
2 10 4
20 10 12
19 7 59
18 6 39
15 5 87
3 12 73
8 7 8
14 12 78
19 19 57
15 5 5
14 3 95
12 14 51
11 15 29
4 3 51
4 5 90
17 1 61
1 17 15
4 4 25
9 16 60
3 4 59
13 11 49
10 17 51
5 14 27
16 7 35
17 9 22
2 18 80
16 10 44
1 14 87
9 16 59
19 3 49
7 17 4
1 5 69
13 16 62
12 3 37
11 11 97
18 8 62
19 7 90
5 17 36
19 1 97
7 12 55
14 11 50
16 14 41
10 19 4
16 8 55
17 20 66
13 3 56
12 17 73
13 11 94
14 4 5
20 10 48
2 5 60
3 5 70
11 13 83
8 3 12
4 8 32
16 6 75
20 17 100
13 1 28
9 20 43
8 6 87
19 13 5
20 1 54
11 1 78
20 3 51
8 1 98
16 7 34
6 10 22
9 15 43
1 4 44
5 13 71
4 9 80
5 8 51
4 3 86
20 18 16
1 13 54
3 20 87
6 14 86
7 19 6
5 11 93
8 3 50
1 2 97
13 11 52
8 10 64
13 14 28
19 20 48
10 6 9
3 5 22
7 4 20
4 7 23
2 18 84
15 8 8
20 2 88
3 10 51
10 18 52
18 8 40
14 13 65
17 9 4
11 14 7
7 17 9
18 13 95
12 3 88
8 19 58
16 2 100
9 20 64
6 7 69
17 6 78
5 20 23
6 2 14
5 17 98
6 10 3
11 17 34
20 7 3
9 10 96
18 16 80
16 12 62
5 1 100
16 2 33
1 7 15
13 7 94
2 5 79
18 12 85
9 16 23
16 10 74
12 16 74
9 8 25
8 16 63
7 9 8
11 6 11
16 5 32
13 9 34
11 16 6
12 8 39
15 4 7
6 6 14
6 19 77
16 12 71
19 20 70
20 11 91
16 17 47
6 7 62
10 2 20
1 3 30
16 5 78
10 8 34
16 15 43
10 8 26
18 4 53
9 4 95
2 16 24
3 1 49
14 11 38
15 19 76
16 8 31
4 2 41
2 2 76
7 1 21
7 15 90
2 9 95
1 14 44
6 11 45
19 8 33
8 12 42
2 2 7
19 15 53
2 13 20
15 16 30
4 5 74
4 9 85
1 8 21
14 2 81
7 13 33
16 1 97
13 9 10
16 5 98
12 15 1
11 19 78
14 15 30
11 7 100
3 9 21
18 17 58
13 1 93
3 7 98
15 13 14
20 14 82
17 20 2
7 7 38
13 7 63
5 18 59
13 13 43
19 7 27
10 16 90
20 14 91
9 9 20
11 19 28
10 16 77
4 6 44
15 9 82
4 9 67
6 20 62
11 8 88
11 7 51
9 6 37
20 12 8
8 10 54
17 3 69
16 1 43
11 10 19
9 14 75
7 11 64
19 12 92
7 14 38
7 7 33
7 9 46
11 17 8
20 14 67
19 12 83
2 18 91
12 12 83
14 3 10
13 1 50
9 7 93
14 20 43
7 13 92
6 16 94
8 12 46
15 3 77
9 11 7
8 6 28
14 2 18
12 10 31
2 11 68
12 2 15
12 8 52
10 1 54
17 7 9
11 4 11
6 9 79
18 9 12
13 8 64
5 3 44
2 6 43
16 18 83
15 12 21
14 6 47
3 14 18
17 10 8
13 19 29
9 1 63
2 20 21
15 13 50
8 6 41
8 1 49
20 15 1
16 3 42
16 19 36
11 3 40
16 17 2
17 15 62
10 13 89
6 15 43
16 14 24
5 6 33
18 18 60
2 7 44
16 7 30
10 13 24
1 3 50
11 20 76
2 9 40
18 3 83
19 14 96
20 8 60
8 20 12
13 18 96
17 9 2
3 15 1
9 6 39
10 3 25
16 1 43
10 12 11
11 14 62
11 10 34
2 18 25
14 5 90
2 18 9
13 6 89
15 3 76
8 2 73
2 11 18
2 14 3
5 14 4
15 4 41
11 14 68
15 20 41
9 1 36
14 8 48
17 9 39
14 4 73
13 2 59
1 10 20
3 1 38
3 16 29
7 6 65
2 2 94
1 3 59
1 3 14
3 8 88
13 18 13
14 18 10
3 6 66
15 20 65
18 20 39
12 15 47
20 19 10
2 13 90
15 8 99
7 8 33
9 1 94
8 2 66
7 10 60
10 14 23
13 1 95
5 12 90
20 14 10
20 5 86
8 17 26
14 2 62
10 2 26
17 18 48
17 5 42
10 18 29
10 13 97
19 8 86
11 15 89
2 2 59
6 10 67
17 10 18
11 3 36
19 7 82
11 18 73
5 6 7
4 19 7
9 7 42
10 4 21
2 5 37
5 10 67
4 1 8
13 15 24
5 7 86
7 12 78
5 6 85
12 14 2
9 18 4
8 16 49
4 5 29
16 17 27
5 5 56
19 10 2
20 10 91
13 5 43
11 13 41
17 2 99
18 8 76
11 4 93
19 11 3
18 7 15
7 15 7
9 9 86
3 8 59
1 12 67
17 20 3
12 8 81
3 19 16
16 7 97
9 1 92
6 19 52
9 8 71
13 2 100
12 13 18
15 4 52
1 18 31
9 2 1
3 12 12
1 5 12
12 9 55
3 14 82
4 19 58
4 18 71
1 3 10
12 12 30
6 12 16
17 8 34
4 19 61
6 8 64
3 12 13
4 16 11
13 2 24
17 14 19
5 7 89
9 6 62
12 18 27
12 15 48
10 18 59
15 15 75
16 11 73
10 5 23
10 13 27
4 13 91
3 7 100
7 18 94
2 10 3
3 4 2
10 9 69
16 8 95
17 6 46
5 4 68
6 16 32
3 17 67
18 6 13
12 5 38
8 2 94
10 19 100
9 1 65
13 3 95
3 7 71
18 1 43
12 20 53
18 4 49
14 9 70
20 5 1
9 4 93
10 2 6
18 3 60
19 3 19
20 9 41
20 6 83
8 13 20
8 2 79
5 13 87
14 11 88
1 1 28
13 17 19
7 7 58
5 10 59
6 20 5
2 15 52
6 9 96
9 10 50
18 7 34
14 16 26
17 3 67
8 3 13
2 12 22
16 11 21
9 16 87
3 5 95
12 17 9
3 18 19
8 18 47
4 17 2
18 18 31
1 13 42
15 2 30
12 18 46
4 5 3
17 14 90
7 10 94
15 17 58
6 8 85
8 6 58
3 10 56
3 7 52
18 7 47
4 6 6
12 20 22
12 3 56
18 12 73
18 7 8
15 20 68
1 11 59
7 18 27
17 10 38
4 19 19
18 4 38
16 7 19
11 4 36
2 12 9
15 11 79
18 3 28
17 10 13
3 11 22
8 15 79
6 2 30
11 20 52
10 4 49
14 12 33
17 5 81
1 17 69
8 4 56
1 9 47
5 8 36
14 18 100
17 5 50
8 7 71
6 10 91
20 9 29
8 20 75
11 17 45
16 11 87
20 19 97
16 5 20
8 17 55
5 2 28
18 10 70
2 7 36
3 15 22
3 18 44
18 3 55
9 1 74
18 16 48
11 1 1
17 9 20
12 4 23
3 7 64
20 14 100
9 14 64
5 7 31
18 14 68
6 19 76
18 14 5
9 7 4
2 8 21
14 20 60
12 15 13
1 5 90
10 15 56
7 5 15
7 13 1
3 7 59
18 4 71
17 20 34
12 8 85
15 11 79
18 1 44
9 20 84
7 17 72
4 7 97
18 11 63
16 17 69
14 6 29
9 2 28
20 19 12
10 12 40
4 11 99
18 6 25
2 13 39
5 15 83
5 14 21
3 19 72
11 11 85
9 13 13
3 13 87
4 2 12
19 9 22
15 3 39
17 10 47
2 1 56
11 6 3
7 12 28
1 17 6
1 13 41
13 1 76
20 6 95
3 19 54
6 4 96
12 6 90
7 4 88
10 10 72
19 19 46
12 20 62
18 10 95
1 16 34
7 11 66
5 8 53
10 5 12
18 12 79
5 20 67
10 13 64
1 8 21
18 1 3
16 8 75
2 10 64
20 10 36
13 15 35
3 11 17
4 7 36
9 2 23
7 16 15
15 5 100
14 7 24
6 3 4
15 8 73
9 2 73
3 13 39
8 19 59
20 8 67
3 1 98
4 10 76
3 18 77
14 7 26
3 18 26
14 13 20
12 14 13
19 18 79
8 11 60
15 10 45
14 1 1
7 20 16
20 7 50
15 16 44
2 10 54
11 9 28
20 17 70
7 11 19
19 12 8
19 4 84
9 20 93
17 4 28
18 14 10
15 2 78
14 11 75
10 5 29
5 15 64
1 7 9
9 7 41
8 5 45
15 14 80
1 9 15
18 17 94
3 10 60
2 11 95
5 14 31
11 10 54
8 9 40
14 20 52
14 12 56
6 3 27
15 4 25
3 18 94
19 6 71
14 2 88
17 11 75
4 10 56
20 11 13
11 16 36
6 9 29
6 5 26
12 10 17
17 5 90
4 16 26
6 15 58
6 8 93
20 1 34
6 3 85
2 13 95
8 2 65
15 17 51
6 2 62
18 20 90
7 12 98
5 8 59
6 10 67
2 10 91
1 15 14
11 13 100
7 16 74
9 5 9
5 4 92
7 7 81
20 12 23
9 16 32
12 14 83
14 14 68
16 4 1
19 2 15
20 4 1
4 13 45
14 15 53
14 17 56
15 6 88
9 1 49
12 11 12
2 10 49
1 3 52
1 8 95
6 8 21
19 4 62
16 10 65
6 2 44
7 3 50
9 7 27
17 5 7
13 16 55
6 14 21
3 11 25
9 6 14
17 18 93
12 11 62
2 18 90
13 2 23
6 17 82
20 17 52
10 13 70
14 12 24
8 11 60
7 10 57
7 17 72
10 1 63
2 16 57
18 11 80
18 11 68
14 12 11
19 6 62
3 10 66
20 3 40
8 19 31
14 12 88
