20 2000
1 2
1 3
1 4
2 5
3 6
4 7
5 8
8 9
7 10
10 11
9 12
2 13
8 14
11 15
10 16
3 17
15 18
6 19
7 20
4 8 10 2 3 4 2 1 8 8 5 6 8 5 2 4 5 4 2 6
1 11 27
1 15 68
3 3 25
18 6 96
14 19 100
16 10 77
4 14 89
12 7 49
6 12 64
19 9 39
11 6 26
1 4 38
20 3 21
20 6 11
8 17 81
18 15 45
6 3 8
9 11 71
18 13 27
4 20 36
13 16 46
5 19 61
7 2 51
10 17 1
6 3 3
18 15 76
2 3 33
5 18 34
2 20 6
17 12 27
14 3 48
4 12 59
2 5 13
13 18 61
7 3 28
11 18 54
9 17 37
2 9 78
3 20 83
7 18 19
7 3 92
14 18 80
20 10 5
9 12 99
2 1 38
12 20 2
5 4 45
13 7 41
15 14 68
14 14 16
10 18 34
7 16 56
20 14 21
9 13 75
10 13 20
6 18 47
11 6 59
9 10 48
11 2 48
11 5 90
3 8 58
4 12 98
11 20 43
5 10 21
10 6 29
10 19 4
4 7 60
1 1 77
1 20 95
8 20 33
2 7 25
7 6 42
18 15 46
20 17 17
6 1 43
1 20 50
17 14 91
4 10 59
11 1 8
12 4 96
7 17 84
11 16 40
19 19 22
5 13 32
1 3 9
18 6 84
4 5 96
20 6 95
11 15 49
15 14 51
14 12 98
10 20 71
5 4 4
7 1 70
5 9 100
8 2 89
3 2 34
14 10 64
12 16 32
10 14 5
12 14 30
6 10 1
2 3 89
3 4 38
5 5 6
11 1 25
7 6 100
6 4 20
19 18 72
8 20 98
6 6 65
9 10 54
2 5 22
13 15 88
1 11 55
16 2 2
13 16 7
8 16 63
7 20 79
13 8 68
18 20 88
17 18 100
1 19 40
9 11 4
13 7 25
2 9 98
12 11 9
8 1 97
15 20 8
9 6 53
17 16 77
19 17 14
1 13 15
18 5 54
20 11 22
16 4 91
17 12 69
7 18 64
8 9 14
17 11 24
4 20 44
14 4 32
19 16 8
18 4 16
8 17 43
5 18 100
13 11 32
12 2 87
1 15 99
4 4 68
19 20 27
8 4 63
2 1 79
10 4 32
17 2 98
10 4 28
16 15 62
2 8 17
18 15 29
1 8 51
10 19 4
5 15 27
1 5 16
11 17 82
5 17 59
4 8 9
20 1 65
15 1 78
10 1 86
18 19 38
2 6 47
18 12 5
10 8 62
4 11 70
11 18 58
18 12 96
14 17 95
18 11 24
13 13 22
18 19 2
8 18 7
4 2 53
9 10 18
9 6 58
2 12 26
1 18 8
9 13 24
8 8 91
15 1 53
17 13 85
12 18 63
6 8 25
6 13 11
9 14 65
5 18 61
12 4 9
6 7 36
14 17 68
18 17 59
1 3 58
12 9 38
14 11 3
14 18 40
18 14 58
19 5 29
13 8 30
17 20 61
19 11 68
3 8 89
4 15 16
13 13 34
2 18 87
4 8 30
18 14 87
20 13 91
13 9 16
16 17 97
2 5 99
20 20 20
8 3 83
9 15 96
18 3 15
19 7 17
10 15 88
19 14 15
7 14 31
11 5 62
19 10 36
10 12 17
17 2 91
17 20 83
15 12 75
9 10 1
3 14 52
10 9 55
15 17 91
16 15 55
19 13 99
9 2 67
12 18 32
9 20 36
12 9 57
3 4 55
2 11 99
2 11 97
11 7 72
5 16 76
9 3 62
1 20 8
5 19 19
15 12 36
14 7 7
10 3 63
1 5 7
20 1 40
9 15 72
9 17 94
14 18 61
5 3 14
3 8 86
5 7 3
11 18 72
18 16 46
14 10 27
5 6 4
15 20 20
12 19 9
10 15 15
6 9 42
4 14 5
10 12 95
11 19 67
14 4 99
12 18 79
2 2 53
2 17 68
8 4 70
3 15 23
16 12 65
15 12 66
3 11 99
8 1 52
7 1 46
12 7 65
16 17 12
20 3 19
3 10 10
3 14 34
11 13 32
16 20 9
17 14 30
5 18 91
9 2 44
10 17 11
4 6 47
10 12 14
6 15 57
14 17 97
1 20 64
10 6 70
18 19 72
15 10 94
18 17 99
16 3 87
19 11 17
6 15 70
19 1 89
10 11 67
12 3 28
7 20 25
11 8 8
19 11 88
20 13 21
17 2 86
16 19 60
9 19 48
8 10 50
17 11 23
18 18 25
6 9 90
9 13 84
13 11 58
10 11 50
11 8 52
12 19 52
17 1 45
6 6 86
8 12 19
19 6 99
11 19 64
18 16 19
2 10 25
15 15 55
16 16 38
12 12 72
1 4 15
15 20 70
19 16 78
2 5 14
16 11 90
1 19 38
2 1 38
10 7 14
2 20 91
10 16 4
16 16 59
7 2 2
15 16 63
18 14 95
9 9 56
18 4 24
5 3 25
5 2 20
16 19 74
16 4 58
4 4 38
5 3 86
3 10 45
12 6 48
16 2 75
14 4 93
2 11 22
13 3 74
17 2 36
5 7 54
19 19 11
19 11 75
5 13 18
13 20 83
4 12 90
5 12 73
5 2 50
1 1 85
14 17 92
11 18 76
20 5 59
12 11 69
16 7 78
8 9 3
5 12 67
4 14 18
20 4 80
5 9 29
1 13 64
6 1 4
20 5 81
14 16 52
14 14 21
13 11 83
18 19 13
5 10 37
8 13 18
19 6 47
17 11 76
17 18 65
20 19 60
11 14 49
12 5 6
20 7 73
1 6 91
12 20 20
1 2 34
8 2 54
8 19 72
13 19 97
3 7 11
2 7 18
8 2 62
9 18 71
20 11 15
12 8 1
10 4 99
12 14 76
3 17 25
11 9 8
13 4 12
14 19 96
20 4 37
18 19 34
2 6 90
10 15 50
6 7 96
12 12 53
7 11 33
3 18 53
2 18 46
1 4 23
12 14 85
2 20 56
10 3 40
5 18 84
5 6 88
11 13 31
8 13 59
19 15 89
17 10 44
20 10 86
1 13 30
6 12 63
14 19 35
4 12 44
7 15 57
6 5 60
18 16 54
15 1 3
13 20 51
18 20 80
15 11 92
12 13 90
4 20 19
10 14 65
12 17 19
9 14 79
7 19 17
4 6 15
6 20 35
16 7 100
2 19 8
11 20 7
16 16 19
12 14 73
15 1 48
11 15 45
6 20 61
3 8 19
7 3 19
3 16 93
19 6 20
5 9 12
12 12 37
2 9 32
17 6 94
5 8 100
16 3 90
16 9 35
7 12 87
5 7 18
20 9 18
7 3 73
11 3 7
19 15 56
3 20 88
19 7 29
19 15 71
12 7 93
8 12 97
3 11 90
12 3 29
1 7 70
5 11 7
8 3 21
14 11 79
11 15 47
13 2 70
10 19 13
3 14 67
20 12 46
7 10 18
19 4 60
6 3 4
11 1 23
17 11 22
17 18 85
2 18 98
12 9 9
15 8 51
13 1 83
10 12 26
5 3 20
2 5 42
12 6 82
5 7 1
3 17 5
12 3 11
16 15 58
20 7 49
4 6 79
6 15 69
6 7 47
4 1 82
11 14 54
12 17 34
17 3 10
7 18 82
2 20 3
6 17 95
15 11 98
11 8 95
3 16 60
1 17 17
1 3 85
10 4 6
1 20 50
11 7 43
18 8 36
15 20 98
18 10 79
16 2 35
13 19 26
7 2 43
19 16 70
16 11 19
9 19 66
14 7 33
10 10 8
14 19 59
2 11 94
12 15 43
20 5 49
2 3 5
3 14 27
16 5 53
15 7 42
9 15 68
3 3 89
4 8 33
2 20 16
15 15 56
15 17 19
5 6 17
18 19 54
1 19 81
16 7 31
1 15 37
16 1 52
10 16 73
9 5 13
9 14 41
9 4 70
19 17 8
12 4 64
18 11 84
4 14 77
20 8 81
4 14 22
4 17 17
2 16 83
12 14 86
6 12 26
15 6 53
14 15 71
3 18 52
6 3 54
6 14 65
17 9 53
7 18 51
9 12 12
7 19 72
12 8 98
14 19 17
19 5 12
3 5 37
15 4 9
15 11 72
13 16 48
5 2 50
6 10 69
19 13 27
19 12 84
11 16 12
1 9 47
10 12 1
5 18 88
13 15 56
20 17 48
9 16 24
2 2 68
16 9 43
19 5 13
17 18 95
9 14 4
17 18 17
5 20 90
1 17 73
17 6 22
14 5 37
14 2 67
7 4 50
9 17 5
18 2 18
7 4 72
18 2 93
3 15 100
13 14 60
6 13 21
8 9 73
11 13 50
13 11 12
12 18 97
9 16 64
18 20 42
16 18 27
14 8 35
12 12 83
8 19 90
10 11 65
1 9 91
9 7 57
9 8 98
9 14 15
13 3 98
19 8 28
13 1 49
13 16 28
14 7 81
10 20 20
16 16 8
9 18 72
1 4 19
3 2 22
16 13 33
17 16 25
19 7 100
8 8 79
6 2 54
5 9 83
15 19 94
2 8 4
4 16 32
4 7 49
1 12 3
15 19 27
3 14 100
15 17 61
14 16 42
5 11 12
19 14 81
8 19 28
14 12 5
10 1 54
10 19 1
2 7 93
7 18 19
2 5 42
18 18 13
14 7 82
19 14 37
18 19 72
20 11 57
16 6 47
20 4 38
19 3 46
5 8 18
4 13 40
12 9 80
11 10 50
18 3 13
17 19 9
19 17 12
11 17 75
17 15 97
14 15 94
3 9 33
17 4 2
4 8 50
20 17 44
13 12 77
9 15 9
3 18 67
20 3 87
9 3 77
7 11 51
17 17 84
15 19 49
15 15 74
7 11 58
5 12 32
8 13 44
5 5 4
1 10 9
10 18 93
20 16 28
5 9 47
6 10 9
2 18 9
12 13 66
16 12 36
16 7 53
18 17 70
12 13 98
18 20 56
15 17 41
16 14 14
2 17 93
13 11 25
11 6 30
6 7 94
15 10 96
9 1 70
19 4 28
5 15 42
18 7 12
13 7 96
17 17 34
6 18 23
18 20 4
11 15 90
17 4 31
16 15 46
11 3 47
17 17 18
11 2 55
7 6 91
6 20 87
10 15 78
20 11 82
7 19 82
3 3 66
7 19 14
20 14 61
20 18 38
3 15 66
5 16 68
20 10 26
6 11 22
3 15 85
19 17 15
2 17 51
16 6 61
1 10 38
18 10 2
3 8 62
13 11 33
13 1 90
14 7 13
3 12 36
1 19 25
8 20 28
20 10 56
13 19 14
13 9 81
3 3 48
10 20 27
12 20 79
16 13 41
5 9 15
5 12 91
6 13 54
11 14 51
1 10 20
17 5 23
16 1 93
19 14 62
5 17 5
11 13 63
7 20 53
19 10 82
18 6 34
15 20 33
20 6 38
9 7 19
17 17 89
7 18 23
15 9 31
19 20 18
5 10 17
1 4 86
3 11 98
16 2 38
5 1 78
12 14 97
11 12 17
14 10 37
9 14 79
18 13 40
11 3 44
18 10 77
3 15 23
18 11 41
7 17 78
15 11 6
17 17 61
4 5 13
5 10 45
13 1 85
15 14 35
8 14 45
13 20 40
8 13 91
1 10 95
16 13 86
1 3 59
19 3 8
14 9 66
20 18 53
16 3 27
6 10 47
14 1 91
5 8 38
3 13 84
16 4 8
2 12 17
9 15 96
16 19 40
11 18 55
6 10 32
18 11 77
5 1 78
4 7 48
2 7 88
11 16 23
9 2 42
10 20 65
19 8 44
17 11 36
15 4 75
11 17 25
17 11 7
4 1 89
7 15 78
6 11 15
7 17 71
5 7 42
10 8 18
3 15 78
20 7 43
1 17 17
5 3 30
3 13 87
18 10 55
3 4 40
19 18 45
10 7 51
6 16 26
4 2 75
18 20 50
9 18 43
5 6 9
5 11 71
3 10 92
18 16 61
11 15 5
19 14 75
12 15 14
14 10 27
18 17 26
2 7 42
4 8 51
16 10 57
2 4 34
2 3 12
16 1 42
3 7 45
19 17 75
8 3 38
2 9 16
11 12 87
11 2 49
14 9 94
15 3 37
15 20 87
10 10 94
9 16 47
2 5 58
20 12 35
14 11 95
4 7 46
17 3 51
11 19 29
20 1 100
15 16 43
13 2 50
12 16 41
19 4 76
8 18 40
1 3 45
18 19 34
6 1 46
10 2 53
16 19 18
12 2 2
14 18 52
3 6 59
18 10 37
2 19 12
6 17 90
3 18 29
4 11 53
17 14 1
1 5 40
19 12 71
12 7 78
20 1 5
8 13 95
19 7 33
5 2 35
7 16 19
6 3 15
12 6 66
5 13 76
3 12 93
8 1 36
19 10 4
18 5 67
16 1 10
16 20 90
1 5 15
9 9 54
2 12 74
17 3 55
12 3 100
19 15 100
5 5 1
10 2 93
2 9 4
2 15 29
4 15 47
9 11 63
17 12 96
14 16 8
13 3 38
3 11 19
16 13 62
18 13 54
7 5 21
9 5 80
18 16 77
5 8 52
12 4 4
18 12 33
18 12 48
16 1 40
16 16 92
6 1 51
2 2 9
7 4 96
19 4 71
17 8 49
11 9 7
20 6 41
5 14 79
20 16 83
12 7 72
11 1 61
1 10 75
4 9 96
9 15 5
19 10 37
3 15 38
1 18 95
14 12 28
9 2 2
6 4 38
12 6 72
9 18 62
18 14 70
10 20 28
14 2 66
4 13 62
16 2 82
12 15 47
19 15 30
6 11 91
13 9 94
17 19 68
10 20 68
20 2 49
5 18 35
5 13 1
9 13 67
8 2 31
13 11 80
2 13 36
2 19 23
13 12 15
20 18 44
9 9 99
16 13 59
1 4 87
1 2 45
15 10 31
1 7 81
18 9 9
16 13 46
12 5 29
7 18 93
14 14 72
5 9 61
10 11 24
6 20 83
2 4 48
17 4 45
17 6 39
20 2 39
3 18 88
13 17 83
2 19 5
2 5 60
1 16 28
10 16 69
15 11 35
20 12 77
1 14 7
16 19 50
18 16 89
19 1 93
14 19 90
11 14 28
6 6 54
11 13 43
20 8 23
2 19 15
12 3 76
6 12 53
8 19 22
10 18 33
7 10 6
8 9 3
10 15 39
11 14 37
8 5 87
20 20 45
3 12 60
15 13 89
9 14 16
4 5 66
6 20 94
8 2 37
17 12 52
7 7 31
2 3 30
18 17 71
16 16 45
8 11 67
16 16 71
2 1 79
9 13 29
13 15 48
17 3 52
11 5 97
1 17 90
20 10 73
13 15 78
16 4 3
10 19 8
9 14 87
5 14 39
20 15 99
19 15 78
9 3 78
9 2 91
12 3 52
5 6 98
9 2 41
9 3 15
12 11 21
19 13 91
4 8 28
14 4 11
6 19 61
20 17 51
1 12 56
2 19 28
14 11 58
9 13 87
13 14 56
18 10 50
1 7 62
8 15 34
11 10 43
2 11 35
17 14 20
15 12 78
20 9 78
12 6 21
6 5 36
7 19 48
2 6 53
20 5 20
19 14 22
2 20 43
20 15 6
1 3 51
7 7 80
20 9 6
2 16 58
12 8 71
12 10 25
9 9 22
5 16 18
17 13 97
19 20 82
14 14 21
19 14 95
11 1 5
7 9 57
8 13 56
9 4 15
1 5 49
3 15 70
10 17 21
15 18 45
9 20 95
9 19 81
19 6 83
20 5 96
9 20 51
14 10 98
14 16 8
13 20 100
10 10 97
4 10 73
13 16 14
1 5 94
2 9 38
16 5 71
15 8 84
12 9 54
13 18 59
17 7 35
3 17 12
16 13 76
14 1 30
4 17 97
12 3 74
20 5 43
4 11 51
12 12 69
4 19 25
9 2 11
10 8 61
16 7 63
9 1 98
18 18 21
7 12 38
11 6 10
15 10 15
5 1 92
1 4 16
3 15 35
20 13 34
14 6 81
18 5 25
7 18 58
10 19 59
2 15 17
16 15 6
6 7 31
1 9 49
11 7 9
8 17 49
16 4 14
1 15 75
12 10 7
13 11 23
7 11 77
4 9 26
9 8 4
17 6 80
5 11 67
8 12 48
17 16 39
1 7 31
11 2 7
13 8 64
10 18 93
16 5 65
6 20 69
6 11 26
19 6 92
10 12 28
6 3 4
1 2 87
15 6 59
11 2 36
2 15 45
20 18 58
14 17 42
14 2 76
14 15 72
20 3 1
18 18 27
4 14 88
4 6 67
5 2 5
2 12 93
8 1 27
20 17 69
16 3 47
15 5 74
17 13 35
10 20 99
11 14 64
8 14 18
8 8 93
15 12 96
8 14 72
1 20 96
19 20 76
10 18 61
17 11 44
1 10 85
18 4 76
8 4 2
19 3 23
15 14 49
15 16 11
3 17 83
11 3 95
16 5 83
6 2 87
16 17 71
4 17 4
5 17 19
16 6 39
8 19 52
12 1 13
7 18 14
10 5 3
14 18 55
17 16 11
20 6 43
4 20 86
7 7 88
16 13 11
3 2 72
20 6 40
5 18 40
17 6 13
17 15 64
20 16 56
14 18 90
15 15 31
20 14 78
17 11 6
4 19 76
9 1 90
15 2 8
3 19 43
16 20 48
7 1 34
4 6 58
15 3 31
8 12 9
16 10 60
3 14 53
14 17 24
6 13 28
6 12 40
9 7 40
11 19 30
6 2 22
5 9 19
1 19 45
17 15 80
5 14 48
20 3 26
13 10 38
6 14 10
19 2 5
8 1 86
16 5 29
20 3 95
14 15 71
14 17 87
10 14 97
7 4 100
17 15 80
12 12 28
13 5 10
10 17 72
10 10 66
10 10 37
8 3 50
18 18 90
8 16 54
13 15 40
14 8 16
8 16 81
4 1 70
12 17 68
11 5 42
18 5 78
6 15 90
3 14 10
13 8 11
17 12 15
2 18 100
3 6 24
19 20 59
1 13 84
18 3 5
9 5 24
1 12 13
3 3 42
17 9 17
7 17 53
5 1 3
5 4 79
2 6 57
20 4 5
20 1 80
4 14 70
11 15 98
7 14 89
15 14 9
16 11 1
6 16 3
7 1 32
13 6 92
4 9 82
10 16 24
10 5 52
20 20 99
17 7 44
6 19 29
1 14 16
20 15 53
1 11 74
19 4 28
18 3 28
11 10 52
20 5 83
11 14 18
12 8 58
11 4 12
14 7 99
19 11 41
17 4 91
5 14 38
13 14 53
20 18 2
2 11 27
8 16 16
9 2 59
19 5 63
18 17 70
20 20 34
6 13 11
5 13 30
17 8 35
1 16 30
14 3 35
13 13 57
12 1 46
14 10 84
19 20 35
6 11 18
18 1 13
9 14 38
9 20 52
7 10 89
13 9 87
3 11 55
9 3 5
5 18 72
10 13 65
3 2 37
9 4 93
15 9 66
16 8 40
8 12 46
20 4 19
1 7 83
7 8 71
2 14 94
3 15 1
8 7 23
14 16 76
11 8 97
10 9 49
9 1 2
6 8 22
5 17 90
3 17 7
2 3 67
11 18 56
15 14 15
19 20 84
5 7 54
14 11 24
15 16 51
18 7 80
3 20 83
1 14 29
15 2 37
15 1 31
20 13 72
12 18 11
11 6 77
12 7 85
13 13 100
9 7 8
10 10 75
12 2 89
9 14 45
15 10 8
20 14 16
13 7 47
2 8 36
16 7 43
20 9 89
9 17 4
4 12 33
9 3 100
18 12 58
18 15 53
13 12 69
5 18 3
15 10 87
10 9 40
15 20 62
7 5 65
3 9 10
7 8 65
6 11 94
19 12 2
5 15 49
1 18 63
15 12 77
17 3 57
13 10 56
6 1 46
2 7 89
3 19 70
11 6 53
3 18 31
2 20 15
18 17 100
5 2 94
1 9 4
6 16 46
4 10 92
13 3 14
19 11 85
7 9 100
15 16 67
13 11 20
7 4 41
7 20 79
8 3 32
12 3 96
4 10 56
15 18 41
18 14 77
2 17 40
7 20 52
9 14 32
2 17 14
10 13 99
19 17 33
20 15 98
14 13 11
5 4 26
2 20 17
15 11 32
20 9 57
13 4 29
9 12 21
12 14 86
7 14 99
3 11 44
14 12 67
16 17 94
7 8 29
1 12 50
3 12 76
15 18 67
10 9 16
20 11 60
6 15 53
17 17 62
19 13 13
15 12 74
9 17 19
20 10 76
14 3 99
13 13 35
9 3 81
15 2 21
1 19 32
7 5 100
20 16 95
13 7 25
5 12 48
4 15 81
18 15 20
8 1 55
6 14 64
18 4 92
5 1 68
1 8 68
4 18 71
7 7 39
11 6 51
16 18 8
17 17 39
11 17 24
20 8 51
3 13 49
11 11 34
6 6 47
16 20 80
5 5 95
15 6 99
20 16 25
1 19 3
18 2 34
20 17 26
4 18 1
3 17 68
9 19 28
14 4 60
8 13 22
1 18 95
1 12 64
3 10 51
19 17 73
12 14 40
12 17 61
11 8 72
11 5 68
8 3 75
2 20 95
8 13 84
10 4 87
16 1 54
18 7 64
8 2 1
16 1 45
9 3 89
5 1 51
18 7 87
16 7 40
8 6 20
15 6 38
14 3 82
4 2 87
19 15 9
3 2 13
1 6 38
6 18 60
4 16 90
2 20 7
10 3 97
10 2 25
16 17 53
10 6 99
13 17 20
11 8 84
6 6 79
2 11 66
4 18 48
16 1 5
13 16 52
17 18 41
6 19 83
15 9 80
8 8 6
16 2 6
10 6 20
20 7 48
18 13 71
18 1 49
2 3 74
8 9 100
5 4 83
9 5 88
11 18 68
9 5 12
19 20 19
20 12 93
13 3 26
20 2 31
18 7 26
3 20 27
14 7 93
18 19 22
19 17 28
2 10 35
16 15 29
16 7 53
10 7 63
7 10 2
15 14 56
16 17 70
7 10 30
3 14 9
12 15 92
14 9 63
1 17 51
8 6 30
13 17 28
5 19 85
9 6 9
17 19 69
14 3 47
5 17 67
16 2 33
14 2 59
6 8 32
6 20 95
6 19 100
15 10 42
5 14 60
5 1 8
11 6 46
11 4 88
4 17 5
7 20 59
6 4 11
7 12 97
2 12 68
17 11 95
4 7 10
10 17 85
4 16 88
18 5 1
17 10 43
15 19 88
3 16 51
14 8 82
6 7 88
3 19 46
19 9 33
1 19 47
4 18 16
13 14 40
4 2 41
7 4 98
5 4 64
13 6 41
1 2 2
17 8 96
7 18 17
5 2 62
7 9 83
6 12 43
5 19 81
16 20 59
4 18 14
7 18 37
9 4 8
8 16 67
8 4 40
8 13 29
20 5 89
4 17 97
9 16 46
12 4 43
4 14 55
8 14 3
12 4 63
2 17 40
16 18 3
18 4 92
9 1 68
18 9 43
6 19 100
8 18 26
10 15 43
8 4 27
7 8 46
7 2 50
11 14 36
11 6 45
18 6 40
1 12 11
11 8 50
4 17 60
3 19 17
13 6 3
10 5 68
15 5 71
17 11 24
10 20 44
4 18 71
6 10 80
18 16 82
13 17 2
2 19 19
11 8 7
14 15 99
2 11 70
19 8 97
14 16 42
8 1 34
3 19 54
3 8 57
1 14 50
5 9 98
1 13 21
11 15 29
16 10 53
19 7 53
17 7 30
2 15 17
1 20 88
16 13 88
4 6 64
12 18 87
5 1 46
10 7 25
4 16 66
1 11 89
9 20 91
15 20 82
11 5 93
15 19 40
11 9 36
3 11 37
1 18 99
18 6 51
19 14 32
6 9 32
13 17 91
17 11 75
18 16 49
11 6 69
16 8 93
15 9 20
18 18 21
2 6 78
14 10 79
3 13 25
15 12 87
15 6 93
10 6 72
12 15 11
19 10 74
4 2 21
12 10 33
5 10 44
13 1 28
8 20 32
2 9 44
13 6 99
17 2 100
16 3 12
3 9 41
16 2 35
15 1 35
14 1 96
11 8 24
8 5 79
10 4 94
16 2 9
11 7 28
14 7 19
17 14 48
13 16 64
12 11 45
20 13 82
2 1 68
9 1 84
10 6 28
13 2 69
5 13 46
12 20 8
20 15 29
5 2 26
1 17 24
4 8 32
15 8 42
10 17 95
3 18 45
18 7 88
2 20 66
1 13 35
18 13 43
15 17 94
6 11 50
6 14 5
19 14 31
16 19 68
19 8 28
19 4 98
12 8 86
2 17 41
2 19 86
8 2 33
13 1 41
8 11 84
3 16 46
8 1 74
19 8 39
9 12 97
6 12 100
6 8 59
9 9 61
4 11 54
11 4 27
1 4 82
17 4 72
3 10 66
19 18 57
16 5 53
9 12 5
18 7 92
19 2 48
13 9 20
12 10 39
5 7 52
14 18 95
1 7 4
19 2 42
15 13 51
12 20 13
15 10 19
6 15 57
7 18 16
2 5 9
7 17 2
19 17 72
3 15 11
20 11 74
1 9 34
6 5 13
16 4 31
16 5 81
4 20 42
15 20 11
15 18 43
4 15 70
9 19 54
17 19 12
4 1 23
6 19 37
8 4 6
5 8 86
16 6 92
12 5 94
14 2 37
8 1 54
15 15 45
2 1 11
3 9 62
20 4 38
11 13 23
8 4 38
15 9 10
20 3 9
11 18 59
5 8 72
6 18 73
5 14 51
7 19 4
7 10 1
9 10 38
2 5 94
6 1 22
19 10 85
10 11 92
4 2 5
4 3 48
17 4 54
13 11 100
1 17 59
1 11 28
2 4 64
19 15 71
4 3 56
11 18 6
7 10 38
5 9 7
4 7 68
17 17 1
12 1 50
12 4 43
13 5 73
13 8 75
1 12 85
4 17 39
7 1 19
7 4 9
20 4 25
15 10 74
10 1 77
17 3 19
10 15 29
3 18 62
16 6 29
19 18 95
4 6 62
12 16 43
4 10 82
6 4 70
2 20 45
13 5 69
4 4 12
10 15 73
8 16 12
8 12 44
16 2 74
16 10 17
10 17 68
15 7 79
12 7 37
14 6 74
4 16 77
13 19 7
20 14 61
18 3 77
2 10 55
1 17 64
19 20 63
15 6 56
20 12 63
7 19 63
5 7 59
15 8 13
2 14 83
3 9 5
5 14 96
4 6 54
1 19 29
11 10 62
11 13 73
17 4 82
16 4 50
13 10 60
18 16 100
18 10 24
1 10 35
9 17 25
1 20 15
13 6 37
18 15 82
2 18 15
7 16 88
4 14 15
15 13 68
5 3 34
19 13 53
9 11 100
15 16 54
5 12 46
10 4 62
11 19 90
5 19 46
14 18 86
10 2 76
9 8 89
10 8 65
20 12 23
1 11 4
11 2 51
15 19 73
5 6 43
15 15 97
17 10 60
15 2 7
8 1 4
19 10 11
5 7 77
4 9 6
4 14 68
4 9 45
6 8 56
15 7 34
2 4 33
5 17 24
12 16 44
20 9 14
3 12 80
12 18 70
16 10 10
8 8 96
7 8 17
11 17 85
