69928315
52940774
314376589
68917626
579409657
53998761
12196679
49026290
85363504
20775027
9750787
324165709
16923823
61932755
26307009
372179751
186777280
7257040
21867238
47955616
55153084
38072570
481879540
53326601
16403408
8276787
91569425
61082759
40716150
50796320
11011344
97396219
15235678
33432911
68391856
231973852
38687753
70167810
65686337
131915703
60063396
70741572
11840008
127249247
62104701
24214115
34430496
59268148
2499872
32282289
24432928
60300513
47627254
69511882
39907847
56216514
52589630
50683704
40592669
66545778
8669297
60705862
34311539
248224515
8082145
27946029
29195660
68216716
48352176
37291941
49304818
14820453
46174054
33379027
1134237
70759917
4164914
39599544
26484316
106541588
51948040
13691400
13292872
50416699
37240560
25264762
21146194
51499159
7801461
30521955
55997483
24589005
82155764
125427914
120972016
5514885
48010047
139300565
417068813
140109462
52839343
1205011
26129773
6539755
11646849
77705833
17559484
244144981
16357298
26547197
18457549
7145477
66744239
76540956
28151457
65791485
22468005
3975208
92648933
33683791
8556336
10008354
294577149
659523442
64635751
44521845
62746291
144386418
458899429
16736807
54236022
28573828
56831990
44791290
40844466
25776865
23596522
11373420
62051407
18956295
40191850
25743641
29228913
1116738
29359430
70417542
65456778
36139642
243421895
1933648
144993494
47213357
28143947
64300188
22510899
110171784
33031536
66180981
12725691
16476403
36734064
20067375
15108817
1762709
678998
29619702
513577537
69992207
58003468
18768684
142494908
49312979
15293199
44765391
136497993
40249412
36935523
38200975
24900893
896998
56681737
59182121
48682653
7680603
8550072
11677441
61854631
8946916
50437574
17599989
45132649
562146
39719001
121289361
66928720
53712338
310937026
42518483
6485065
55271701
61173744
10175449
49224102
75684499
20217438
323395765
28424711
181840874
15283613
608253915
65014706
99791158
14969233
64478569
78710177
535003981
42694358
33423930
424988057
42596864
35869739
256506884
22255151
123856
28050634
58896430
112345022
37143752
42704198
4494321
14115424
41984643
19323013
67381053
69232558
46026313
81027272
51506718
2614816
9886784
72084860
236409332
4867114
795566
267751192
11423473
812658920
167083145
6886665
24127218
63235850
68405181
49091910
331469288
24138983
48704639
93995742
25368033
51873178
10109736
40295553
79327528
38061704
29935825
50103591
77138021
89905760
81315130
137130112
61518654
35338489
11477222
32494907
7210762
249513486
193639348
57002804
549354702
87537732
55971478
25648504
42566599
76336972
34130871
12049534
28018813
150036293
1314895
39942007
2734318
51126807
65439300
27997990
41385399
26878816
136903865
62710401
24938104
46778730
32006795
57951599
90372997
25273713
97055840
39466544
25520900
765681613
68063229
141156134
15522733
51430650
224724608
23950520
35944809
13919903
52503808
137665819
21948197
4642082
79690142
55247432
25245719
11984990
17987340
57244471
4096754
17128744
30331651
30117079
1841529
134437050
1124683
28684694
7481328
25383741
16790712
33251031
35071753
140778509
4979587
59652799
545015091
12655725
44769320
4040281
71131632
527112204
331217813
144369093
23991705
32320633
20307246
6673157
40108259
148580133
11307857
114469138
16993169
85926784
81553569
33866883
65634665
60103116
2459020
128865850
62630382
139877545
52826982
60790016
45168540
41473290
336190782
124480004
32601242
7887434
10279651
28200638
15063014
251253945
23966827
117540798
143126794
115103545
584526320
31981303
35359845
89981595
48933620
19185625
51857511
97147417
63030791
22889710
36791038
479165192
52814889
89945274
18757386
17459913
50392631
67596814
57236600
59444991
118668504
44219247
61106743
15017244
36501785
143964258
40422926
9884838
41101067
61165605
64170876
37100313
193969905
102148768
20715291
17758022
49324981
72179884
5625076
64981017
521155103
23451624
3288998
7409829
7905483
43023475
42146243
50572321
43101586
56780846
131750676
21267746
203758
191183242
72920801
46423696
67466676
141500743
309939525
7484900
145628923
18419940
17428191
68878943
25976931
12680436
402908522
21510950
70441089
26810942
27537134
7844443
80247159
50820037
112554593
49960638
35784505
5570833
47339453
141929216
20688066
9793717
63645442
19203222
235695482
53650118
48339376
11377703
74349769
9882890
22681450
214761432
11625768
14134712
416069257
922699
46819039
55809304
66184780
34521689
99629226
55236458
11772829
127017363
53350060
49380367
5575806
38984870
39181118
14458871
103563200
30343221
11959466
39542977
183527932
108186559
24461767
48352674
596700773
87243398
67333816
100227589
512213896
84494841
40532605
624372225
42122137
25199082
36489785
38124604
43976752
59191864
24214182
150000663
7872264
80056513
46618326
7628291
20032801
11976945
96076008
57124454
200938621
69779186
37076240
17287098
16947960
114323048
47123193
360905
62160588
41926515
4356468
68362606
41701808
25320388
64499556
37430946
22349316
25225235
39668948
46121778
3558835
16096139
66697457
33389637
58775869
8707005
11874948
65192818
468458
14872828
71931470
30122941
2295586
56788834
68869511
36685637
6319940
63439451
60627027
16694957
67900576
21416106
65963599
78384105
55268379
5892300
59095352
64766980
488645074
30819501
114273820
5726702
61633696
10108109
84441078
2393087
187496043
63672622
15474171
215272209
38556273
515321265
99115733
17092959
3407630
46137428
17623791
49755242
31851066
78419082
42019067
40838508
63170771
23389858
154734384
69889446
30638089
26676353
86713170
17954644
500991278
23681891
27897816
22296388
32295473
9208337
36601853
113162429
70193259
118958518
10732705
42501838
21352105
7894349
13757080
7301532
509543242
29610471
71932472
57437679
21931381
74451690
19721106
115329416
29165743
38271011
162053188
66981786
145912605
2801364
2245208
12214154
23499873
27513235
283980227
89506808
573320769
10621844
547427515
57484776
59429964
111270875
40698424
62050760
46520092
7667154
15626735
23457184
37543265
32974318
36749044
5381048
56743052
22892826
87029479
17574859
67027161
51325885
801389
34553764
23504152
126816295
50689335
12513169
25885820
100745214
21951880
67472076
115122015
1436017
18005600
34154885
55383027
26227896
3273042
67997818
191988
475940384
71197166
47247648
20446857
12799185
132391257
249965680
23692933
118529562
23105815
14471956
67396564
12832230
174675664
27760258
68395745
23360163
26759291
33351360
49954573
21545872
100247062
5119968
39646693
10087939
17925447
63258254
94398184
17398004
260634221
61648978
68391417
8077902
29328125
30043679
1998603
34703404
24273158
21224413
13560893
71147815
6907386
111187878
6139138
521010774
11162910
132751769
42758841
29177050
16259767
4813624
48740213
108230562
70493241
99007293
22869251
41471115
35577888
58860406
32379550
834699550
76508830
32472956
66380883
66933826
59198407
53895665
155576801
7407751
58414106
76987217
19419985
25823365
19376790
39991813
107409482
27461988
174723893
10346849
46270351
53454691
51184167
45005435
86333782
21453280
50831001
55891914
53346992
34552895
52574655
128886088
58614690
25788017
182029164
101135531
2953600
63872196
53276689
124027009
22289905
646456
33720573
21550111
2752370
11214882
18311039
21854727
23489854
36659712
45046205
407408364
16035015
14413083
98181319
27798385
22656941
32084771
68698265
49357923
109111816
223531042
66568169
35457268
53409170
35228384
70883354
99670511
370261022
267467168
13714207
29084837
38131381
43194845
151632650
14709582
9633599
50175669
30287608
813917939
410654217
18419076
53361564
55393557
68404827
23291158
13944353
38832655
45380740
67567704
39322088
69658735
29553268
69507938
32842827
7868018
22340319
21306674
348052578
26129204
56680426
47633573
134696237
66992331
63136438
32810822
50584325
4875658
52053605
44714280
59664129
15131703
395218545
513437986
21014641
58184362
36307372
3447770
13426820
49095415
163144118
125232887
384838958
60629107
10207711
298488102
5216272
629340520
44773680
34618918
105706354
63099536
85016816
8993135
500674671
3682537
37739264
67312727
51064309
37809213
85501631
26559297
102124134
67152381
95784235
519524353
69089549
66675230
26799463
38633026
46595073
11104803
54272073
214589187
62040803
12794807
35931858
72505884
297705919
10227833
148255513
26352097
38855538
38474317
31107294
60296743
21921560
95216725
54066300
60442006
42140658
70905439
46412754
36867317
32045814
168220868
117663356
196802290
33454688
111730744
20527788
96895741
5163008
7283915
7120415
377261398
43105577
34634769
16343726
46347106
67451138
174303639
25062767
24910830
7697629
50611658
23874754
8950384
17841578
86678750
5669809
51525972
38019500
71215430
23045400
29183
68800800
50894248
8083011
128257367
64460822
54558614
8698668
19392203
66844169
53309106
16933535
307596672
24543317
28912778
40018538
4079327
28469837
21202291
26259276
60422466
139188256
13442453
70991545
64238936
176404236
9567116
20458303
425300700
181560730
35962342
26390952
53446404
31273295
59244896
9577290
315220908
57102424
7849295
112100506
233372862
45884795
21237367
48740347
40567105
49864829
112372656
24863997
63667337
119728520
113340498
18669050
82849914
70235146
29307273
675029485
49595462
33920754
21632156
10911503
47700126
13278752
48692555
57060688
8254400
48218832
49362089
64430202
143216163
41743820
144711548
39083183
104653204
116162242
19952659
48491268
24463168
21299662
103898915
260207680
59817215
411221600
9735795
15185682
1363575
57019550
59426937
29616716
20172767
19443690
43109685
142575541
28623125
51427002
31267188
23045378
58047438
32035700
149014505
20557978
69684851
2891337
26946267
233536772
48922089
24540356
33174637
139916104
93973368
56966515
67163466
38473999
32528475
53839440
511523991
23234511
15744086
366312757
9535715
44938618
53419001
10844591
138797111
129815999
13100694
22950885
42206857
100667875
35791396
52741140
35512152
588337104
26481678
4953636
60163907
263688186
10129236
6025513
33299166
67841733
23687787
12279856
18956398
27426472
21923680
85835518
27122803
40558411
32024881
56735625
118635907
12575464
255459833
62104928
54343094
7211351
50871559
95866855
26276969
22039978
29790651
16120949
21239076
654937715
68331396
40636243
96640734
24989950
12828610
125460702
27002100
10613041
15133738
9419152
39870921
3770148
61716048
52820402
69885014
603020194
26253660
63175834
19529040
8723175
13634653
69923365
50494361
43313298
199334357
61204694
5724682
740839
15642989
34139268
4702489
112235788
15126989
61937642
101262222
13879519
66995775
186538022
15091230
54799473
33314272
67808055
114583653
8414933
25405173
58359
147696443
90011898
15822674
9264356
118094532
1135782
39045119
7686386
41883290
42616921
12411729
21843825
12619538
623080553
218848888
274143413
11308639
29396813
40374325
12291234
730773
56147013
20477631
26078313
6896351
6410561
30449644
41594715
249616611
12169596
72810057
35590884
42118922
26314016
63656446
337265396
38538142
79313980
167743523
201816828
28653316
44338261
63852785
46911972
38545445
20926492
55599900
12016498
21789930
121010906
24292242
131273206
14857077
59552782
1236528
61735167
63695441
42396941
8934178
10257986
7242752
5362138
20724714
22833956
13780073
32266905
30744748
143264624
13288060
41692682
57460251
54700735
247375661
31547127
109831394
59355824
76050546
30884492
363831695
23189583
6161995
3031525
46747391
29160350
13664322
18926757
14098174
56413413
10223841
32866148
36165611
44506612
39827990
25658335
48212811
11492796
64000396
267391896
52650816
51662428
66952754
25287420
134692558
70760
12779827
70758263
49942628
627060
57619546
1346175
171887392
19662140
124251655
2085667
5927301
24656472
125056628
5306546
14030353
298468792
61859080
18406254
40807803
66927607
3448707
48463492
2178849
60404197
179073441
8968601
133033227
40161172
62456203
575803
7021410
123091123
69728592
162307036
61613071
23840467
125262143
52196758
13158375
81012809
51019185
47698315
3143483
61493024
6211456
85070410
25496861
8601357
43675277
42174736
68782925
13273311
64997314
74525544
15627523
19652022
275787733
60027204
22043343
23197073
26478356
10059729
4212759
34259486
52397963
45447330
19809217
38369512
145450121
137207609
40302181
11854695
21405706
157032313
34607730
8997895
617151572
22122589
17778026
20789592
63511967
67840579
45413519
26527183
46247947
147138740
23319341
7644551
36997997
61927089
53662889
52039541
29566881
14615485
112741144
55463968
60459316
65770324
93905612
339078422
15780606
56949170
39804166
32997753
65341479
397789
59345582
41404190
45372476
86000416
25421282
143645126
153216768
17108317
23101906
15032160
11583380
112746547
95207513
8754563
39307559
23549229
47350357
208762483
9548455
394281511
5952707
76460286
37048227
174668453
48416960
26153387
136529553
52672525
17339622
60918408
130665295
42532168
48012132
55011453
261011615
13494914
427345380
13668239
29443588
64054662
589637803
30481200
63280730
17781331
74663191
136091648
452793198
107273690
57375034
14086435
532436042
69729810
171453540
55370875
34105390
27532777
50371530
66282141
6963925
328946745
270330859
60961785
103394369
81659259
20961241
71464530
611027579
22145459
22218356
25802206
39246889
67252564
13804390
66375084
51257621
12485422
268345838
31757505
61754048
13184959
41518383
140378918
160089667
63939977
69022645
2645386
649865930
17962606
39557004
3238655
7965389
3090324
140669476
579887802
48963157
49792639
43365610
5510862
17576921
133493334
29562108
112031132
21382410
140003950
59659417
6367041
64905036
66255227
175364268
45659948
28158514
25479386
19847056
8103481
7498624
68262573
73916339
61676640
14159876
52637748
94886135
63625801
5897119
46900713
383582958
42559772
32533726
28947118
40990964
20165050
68934474
51384310
70967096
21761934
587349253
25051061
32925070
69115426
430025
18308317
302697402
38335346
31334235
81137534
61462945
14489485
132406833
72248026
42346701
85910070
43519173
174851022
20713501
15627328
26172699
360741249
5509063
71433951
62035251
20315206
17592729
46152096
48899594
783868522
32465469
34675076
22731553
160699020
63918723
12893776
525091784
43564387
67495649
149141391
151694
6639833
28750980
35975105
8493308
36293586
6013698
51079752
70335215
19647180
219762518
90048920
29579435
98840522
35321419
15007505
9599810
598465021
2571334
8847177
72619949
122300782
148946726
42322580
47337215
8797022
37570425
54033450
130119993
173265795
50351334
23485762
23047345
62376484
43777586
29189879
4569124
97701079
91984844
13484719
133000247
239585511
4050891
274738308
9724754
70240274
43853818
41213813
82197319
63979951
11983051
82434305
31661630
50280466
21283835
20255808
18604695
42937478
622417074
113186414
114378300
75967993
3950114
2223933
43641324
33844874
53069712
38164971
10575161
46289983
46893290
79742014
113686327
7946709
18802980
191646341
94445638
20938563
103384095
51336562
43827839
55397262
23357724
29186562
13712425
8732533
70639349
58620282
600352227
44576931
16547018
17529822
12381165
19908154
18209044
127020783
46215542
3655140
24013251
11593958
31249228
26632206
40982946
8745762
63882354
22728677
100435973
247823244
32869055
50537371
34350643
53098180
33230551
12747530
68687228
22540010
27549396
38876731
708217
217591324
14770805
12942156
34783840
40388766
64612058
32022473
24003013
25031378
10577921
32478147
696873191
102781701
638728441
64557856
17984300
29932006
26341068
133297932
56169134
21091727
10958479
83155736
35724407
18607440
26719094
143521072
138411183
13600641
15122909
11740999
4260019
144734597
28137068
97297643
12433622
3350857
37411275
41205347
30320940
13952304
19280366
51654251
57461114
43972029
332382812
7515356
1447851
33660786
33976573
58568061
61308302
53090660
347480765
373511000
52122810
148753171
26009696
31581960
22584415
68896998
10789395
61108230
19161657
11405030
55601589
10289799
9245394
7539681
149902035
68852165
150376104
127233276
34696701
152404048
191855462
65577560
46513996
39397336
238764168
98893088
67497730
63907994
153793155
208501923
54636466
36440415
26931877
9035561
15616408
14784484
5344048
121539246
67780196
2707383
30070476
83355961
21180499
64271626
111770154
21843766
95360213
6597888
61658114
71187586
83262326
3220320
102921477
421744338
158409186
91614513
115817128
70725024
20998941
143096816
261492074
33271510
48694929
44032495
33199804
144140956
144158533
47280923
52198873
43603983
111143459
35152806
192038718
4248090
1541334
56056334
16459969
133363359
31259766
33100921
12318648
9455252
72891851
67869621
75711833
113099268
103652531
48652251
36397368
320215756
11932711
23184937
67991380
49964456
14170535
111252815
66249383
16621519
66383525
56974303
57581890
24792509
62271471
19147667
49526653
58955972
34475506
17813543
39389638
148017419
35123918
23250626
18937802
185149751
28598122
52649028
43677189
141010297
9190454
89010740
66779318
50810912
20787462
20089982
7716365
102864629
28721212
126051403
508108197
82067912
40861253
3689897
67561863
6559891
58265698
79773433
6984996
1741434
26843432
40112054
157139574
39539977
4062673
73427449
10421713
45056508
22174182
68303472
71160608
28624283
7668619
58557565
8149667
77218167
114540839
33434982
3893781
15522736
31327453
4772483
64765186
4312714
272428018
26749199
70494110
12447076
4813547
42486128
139055603
44612038
118428048
69580571
136756010
37902848
58159185
18361912
31597696
18027891
60532347
16836805
60054288
59419056
33958237
33089524
102384222
6004529
47696860
9586531
77008836
65209163
68449368
2415849
69324857
6409086
134859
76946785
58626162
38844101
8373600
51316987
53372241
23990052
8678532
35499766
251177299
24180020
68174355
50366296
337584986
58095027
285891648
30983902
28111770
22786339
30751283
26838766
50500339
25381383
63951327
95503463
51084317
187900453
67568044
29426360
36906018
45464799
46850653
29073248
26594877
13038375
79295030
58971284
44078235
56130325
26226740
129996875
56700113
14467414
279699704
63431729
63764
27649585
15450075
140402712
11999270
61957774
33433617
104618798
50864621
20169435
306011498
8947262
301085632
92546743
37347020
64862661
67668853
79863772
35696820
34980134
4455374
19321602
66774651
66435120
23813869
91619297
20714685
52729042
58280025
21310246
135643405
29896039
24134468
11689390
98314087
29342781
42714384
90986408
71849602
10075982
899156
33238047
81411390
14854673
77363368
33270238
