20 2000
1 2
2 3
2 4
4 5
4 6
6 7
7 8
7 9
6 10
3 11
8 12
5 13
8 14
14 15
11 16
3 17
16 18
12 19
17 20
501586213 155288173 734357535 795900481 221800654 71231376 656708957 675704715 673187606 451900676 704813969 835999914 690773840 724521024 517062535 898760538 405334673 203723604 111844102 287157426
11 13 225216488
16 8 124172150
8 14 314376589
17 2 224205799
9 9 579409657
16 8 125230137
1 9 656245644
13 7 120257666
10 10 989164856
1 12 832937586
3 9 9750787
12 14 324165709
10 9 159386575
4 13 505534063
13 15 319339039
1 1 873765964
15 8 186777280
11 10 628409732
8 20 93098614
5 13 491556924
19 18 55153084
10 9 561204622
15 12 481879540
7 19 612547111
2 9 482267927
12 3 649359171
13 16 313370079
5 18 282883413
6 6 539335782
20 7 122027696
2 12 321587690
16 18 97396219
15 3 603529589
5 9 619496971
10 16 282085984
8 8 907678567
5 19 331719783
16 4 536032329
12 7 65686337
4 20 442492049
20 10 789666421
7 17 498129828
15 2 225534136
18 16 127249247
6 7 631955709
16 4 334790461
10 8 105661872
13 7 59268148
2 7 300250797
10 20 840339845
19 2 359965234
3 12 597396408
18 8 47627254
1 7 140743258
13 19 483509155
5 20 943419130
17 12 52589630
5 19 858548418
4 5 262393323
4 6 351471282
1 12 474533816
10 13 726300666
5 10 992745531
20 20 248224515
16 9 163370318
4 20 649098721
16 6 100427036
17 1 784127735
12 6 333277680
4 15 975655174
15 1 851292857
11 8 241340002
16 13 750988023
4 7 900510884
5 17 222934891
11 14 846805262
15 4 360321794
13 7 261400198
4 14 311409820
16 3 106541588
2 6 589043935
19 20 644143286
9 2 13292872
13 15 883653291
7 2 108471936
18 8 300219742
6 9 875922706
9 10 51499159
4 17 7801461
12 13 600372963
1 20 557583696
17 6 335165351
19 8 976908580
18 16 736598726
5 18 342772670
7 11 76746261
14 19 607230557
13 17 361101219
10 10 417068813
5 4 583710770
6 8 622690351
6 7 998444275
13 15 788134989
14 4 944754907
17 6 309397774
13 2 990280327
2 15 949288522
7 14 244144981
1 19 87588674
7 18 240241325
16 15 400265271
4 10 803045958
18 15 474191447
7 19 188385058
12 4 703856172
7 17 279485613
6 20 734781765
2 19 159263381
17 18 497983606
4 19 829584272
15 5 739312999
1 9 964633665
1 1 294577149
14 14 659523442
5 19 508237059
15 4 471910101
1 6 790852053
5 5 587987726
7 12 458899429
13 3 460338115
5 17 941438638
1 15 183862001
13 18 655721471
11 16 44791290
10 19 397001346
13 15 318808895
19 19 918349338
15 18 813361459
10 15 798877587
17 19 18956295
9 10 784610832
9 3 96975017
17 19 839898259
5 9 959550730
7 6 100590806
12 10 284111670
2 20 686609470
8 5 854307109
8 15 243421895
16 14 312509994
4 1 940893975
13 7 737987197
15 17 455532203
14 11 860052588
16 12 882613041
3 11 110171784
6 15 246725664
17 19 782092000
18 12 695127879
7 18 886879488
10 2 179196816
18 18 427514583
12 19 574329327
18 15 971945298
14 4 499298630
15 2 902839117
11 16 513577537
11 10 69992207
16 17 956764006
2 18 950497722
16 5 608359427
5 5 714714941
20 7 816127600
10 12 710360195
1 16 291786166
10 19 111480788
9 10 995048633
14 19 597421485
6 20 309826397
13 12 444498306
3 13 211969910
12 10 806118212
8 20 48682653
12 10 577531611
15 16 810538111
6 5 937685329
4 6 560474263
17 10 569569762
10 17 50437574
10 17 540732041
6 5 757446409
2 14 227081695
19 3 151563103
20 20 121289361
15 17 655222631
18 12 328667318
4 4 310937026
10 18 779344663
19 16 972469257
5 18 720673663
15 4 203636496
14 16 437563705
1 5 550810315
16 5 780498468
3 20 425552111
7 7 980104722
10 19 836482267
12 7 181840874
2 9 170571786
11 16 608253915
12 6 634865714
13 11 543392466
14 4 513588865
3 15 685631261
19 19 973462993
11 3 535003981
5 17 486295666
12 6 532043562
7 9 424988057
1 7 699471250
15 1 552932274
15 15 256506884
3 2 756612686
1 6 381931578
19 1 211126112
4 15 699978814
5 13 334145676
4 20 988332406
10 9 779530378
8 20 661203278
1 14 324691770
7 17 841156352
14 11 589174021
2 14 688533745
16 15 606328453
12 10 117257689
19 9 81027272
14 18 478894974
12 17 820782283
5 8 817751498
1 3 728959246
7 8 893118289
15 2 76098490
18 15 970978155
20 11 842066044
5 1 166711646
12 12 812658920
18 17 370806749
9 6 220580793
5 14 689529180
7 16 276929978
10 4 68405181
7 19 608312420
17 16 331469288
6 3 24138983
16 18 659875451
4 4 93995742
18 5 229091637
2 3 673025870
2 14 320686082
17 4 600918399
11 4 389903874
9 1 536681336
10 12 29935825
17 9 205391764
18 1 77138021
17 17 89905760
15 9 81315130
11 17 841944081
2 15 443326376
20 6 190626662
19 10 794385936
14 17 246189035
10 12 363367642
9 8 249513486
13 4 193639348
10 16 413159684
8 7 549354702
8 19 311225936
14 13 198434230
18 19 792107489
6 8 754880359
13 20 767110812
8 19 933523790
13 14 12049534
13 10 392282219
4 13 945936774
6 5 215009023
12 3 715646722
6 14 145197070
6 11 51126807
17 17 876108646
19 18 434761672
7 13 326310903
10 20 692473620
5 11 802305827
20 8 505156000
11 13 646090796
4 6 46778730
6 6 958014683
8 16 485339855
5 4 312173651
11 20 730087682
2 2 718208532
15 1 627760455
8 6 452909156
4 4 765681613
19 16 68063229
12 15 141156134
5 9 86754109
14 5 193893402
11 17 224724608
4 7 962313753
14 10 974159961
14 2 370076783
5 16 717905770
17 17 948335165
1 15 834110756
11 6 709456051
19 12 527066550
15 20 714772719
13 1 247046373
11 6 859261711
8 3 302912844
7 5 856416180
2 8 541192649
12 6 515748376
15 18 903551066
11 19 101348455
1 12 658715915
2 1 910877915
12 11 642207067
6 1 99916070
11 19 712295297
4 9 381540621
10 16 824848268
18 9 308206011
15 2 694597040
16 2 140778509
17 19 147442339
20 9 992356453
4 4 545015091
3 15 902301433
14 20 400926200
8 10 431428537
4 9 427288512
8 7 527112204
14 7 331217813
1 5 454945439
15 18 612285616
16 15 32320633
5 17 907509862
3 6 896318865
11 9 505972778
1 4 148580133
19 13 641759743
4 16 425045484
18 8 579728550
3 5 396503130
1 18 583139782
6 18 33866883
17 14 626257511
1 12 632920705
5 9 739092358
15 7 645928385
10 9 62630382
13 5 361678199
9 5 480215238
15 10 132021392
7 17 45168540
15 6 985924081
9 7 336190782
8 15 124480004
10 20 32601242
2 8 163175607
6 4 722593411
15 2 28200638
16 2 480927533
8 7 926958660
3 8 758324362
20 13 559986397
3 3 877484329
11 13 975205687
11 3 584526320
14 2 970196455
4 7 249053973
3 5 979627303
5 16 270734274
3 9 908831333
13 1 51857511
11 11 97147417
10 2 966832143
7 13 521509342
19 1 219866516
7 8 479165192
16 15 208103062
16 4 400521620
15 2 749514049
3 15 709843981
18 15 661563443
14 18 67596814
13 7 350268630
7 3 415601871
13 3 340469158
15 20 846207286
19 17 172950845
18 12 422464452
18 9 515180369
17 13 549298931
14 2 907406702
9 19 906760648
13 5 262901721
6 5 417322485
2 15 756554944
13 6 551932997
16 17 193969905
3 5 723301460
15 13 163178043
1 7 985208754
10 12 714919785
18 1 275903488
3 19 698009144
16 12 136212393
7 14 521155103
2 13 799892489
10 13 455189674
15 2 524472364
2 8 545001378
14 9 767544499
12 5 717850958
18 14 50572321
9 3 716289192
13 7 349812876
15 8 648813211
7 13 820439455
15 8 517266293
4 13 412983896
10 10 976722153
5 10 268224350
5 8 360498706
16 18 752671555
11 11 309939525
5 20 162773073
4 2 611493442
7 5 160882692
20 14 950131845
5 18 68878943
17 13 836646277
10 20 987713164
13 13 402908522
20 12 248030499
2 5 691593781
16 20 925571480
10 20 98768510
3 19 968721527
2 11 235535332
19 8 386352343
20 2 267842766
14 4 916944414
11 16 740598474
5 1 5570833
14 10 914323229
15 9 141929216
7 2 677397023
13 12 700567557
8 1 633496450
10 1 542335274
8 15 235695482
18 12 328605098
17 10 453674049
14 18 82609079
4 2 870250250
18 7 368894667
10 18 93912826
3 20 214761432
19 13 977609960
7 3 156597464
8 9 416069257
18 1 156210872
18 4 405830816
2 15 127040680
2 6 532049299
2 3 500386208
5 1 765031188
9 1 268930586
20 14 657319057
20 1 414174789
10 12 124581436
13 11 204668540
13 3 160863979
8 9 38984870
1 12 540767331
9 20 513078503
13 11 325363854
12 1 600194229
16 4 910720004
13 7 801548193
3 16 917885467
3 13 729339251
18 9 839356183
4 8 48352674
12 8 596700773
19 14 87243398
19 18 850242530
4 20 721380281
7 7 512213896
5 5 528096149
6 13 467920861
12 8 624372225
9 14 715309743
4 17 335775428
10 20 488390461
5 4 703526566
3 4 778334287
9 20 130423240
9 1 522833814
16 11 854814632
15 2 667397551
2 17 545921032
6 17 616469334
1 6 305379216
15 20 20032801
13 15 773982161
17 3 906745354
19 12 728189066
7 7 857647578
12 1 905779100
11 14 502940759
20 6 591601950
6 19 729261720
4 4 910223529
13 8 47123193
6 7 285286409
1 14 443968310
17 19 923827237
10 13 4356468
7 17 725071563
3 18 979782947
3 15 25320388
20 17 638814408
4 4 833331427
15 3 236043444
13 14 787230451
18 16 243392552
13 1 892183791
11 12 314135181
18 12 698498327
17 12 472032130
16 13 33389637
5 18 724177831
11 19 545802900
4 13 455476256
9 4 952074552
2 19 142931210
10 11 466773504
5 20 959134086
14 6 968338093
20 8 515972561
18 8 260512438
16 12 450677233
7 12 36685637
4 19 220014068
15 3 490827707
2 19 442434749
11 20 422029630
15 18 727425863
10 4 163878858
14 11 350889103
1 20 890546664
15 5 928487794
10 2 980925028
7 6 272789480
16 6 685919672
12 15 488645074
8 15 547882036
18 13 114273820
3 9 542822597
10 7 798459876
9 20 683295715
17 16 84441078
14 13 643475471
8 7 863200758
12 3 491060878
13 19 157936923
5 5 880674171
3 8 772913808
14 15 515321265
1 17 911278292
13 11 238893613
10 14 455308306
16 7 427945150
7 16 674332748
2 19 742139310
18 19 846745482
16 2 544283601
2 17 507883586
15 2 700363795
16 4 218458944
13 8 935964352
4 11 310022557
1 13 69889446
3 14 836227000
2 14 803117218
20 13 948185448
20 7 531631619
8 12 500991278
18 15 382693668
17 17 838567162
15 4 539358923
16 13 342871819
5 14 373471743
13 16 882663866
18 4 928056845
13 4 291993913
13 1 118958518
6 10 366889585
15 17 559564373
15 1 609646016
1 18 509480562
1 10 741862842
11 7 460340630
12 8 509543242
7 20 686319428
2 20 693085164
3 20 462772352
2 14 332507727
13 20 518052998
20 17 306878532
2 17 891770281
6 1 599016751
14 9 762792035
17 18 771111465
11 2 688134478
5 18 145912605
18 19 769260349
2 11 933974246
1 15 811551292
15 3 754256536
3 10 338089581
14 7 283980227
16 2 794320777
12 8 573320769
4 11 10621844
11 16 547427515
17 8 128716152
16 20 958190502
3 4 111270875
12 15 716403139
19 14 397583066
17 15 678374314
3 15 544763049
7 5 229320863
6 1 23457184
4 1 833443746
10 12 841031874
10 16 488649720
1 10 733486810
20 19 283262601
16 14 488757345
14 15 87029479
7 18 674283816
14 16 423184041
4 18 672478577
8 8 676506104
4 7 461942020
13 6 688906114
18 13 330539899
12 13 478077591
3 20 746870704
12 4 25885820
11 18 304468818
16 7 487816399
16 6 533336595
4 20 911022496
1 11 156724190
10 1 160468352
16 15 932915423
5 19 570215711
13 8 541060580
3 14 892918750
1 9 724872204
19 10 518799772
3 11 475940384
4 19 142428542
2 10 357823994
13 10 685848819
2 14 394606907
13 20 354191911
3 11 249965680
18 10 178981106
5 11 340330216
12 11 521725447
10 18 680066760
5 10 732798526
1 19 84063606
20 11 174675664
16 1 926520796
12 3 744100460
2 13 489224682
17 13 432093964
6 1 460739616
1 18 360530919
5 20 465147180
5 13 987449678
10 3 670714772
2 5 816087558
5 14 675489901
13 10 683327409
6 2 276952382
13 3 316198838
1 11 518984217
20 17 547791647
1 10 873811537
14 10 139622793
4 3 473942421
16 11 928088663
9 2 172506431
5 1 445599911
10 19 248397532
10 15 95504534
19 9 21224413
9 20 670269850
14 11 640998823
10 2 6907386
15 9 628250413
4 19 504758770
8 12 521010774
18 19 166451083
3 1 288039942
18 10 653929653
12 5 314102554
14 17 158722519
6 4 360970504
1 7 48740213
9 12 781418168
18 16 477940449
16 11 997767831
8 2 165332003
15 6 843459154
7 10 692286845
8 20 628711414
20 4 606694402
16 16 834699550
20 18 854547286
13 6 325504986
16 6 532245402
9 5 494322082
17 20 751690506
9 5 125127041
17 17 560911474
12 16 683112466
7 1 414570986
5 3 76987217
15 2 161882737
13 9 97054741
1 1 520963003
8 16 253685941
1 4 107409482
13 3 940036482
4 5 970624374
2 4 320923195
5 20 489871659
2 20 985183729
6 4 264878295
16 10 271524984
13 3 998908276
10 1 758279460
2 19 432638723
9 3 269586042
1 4 363923338
15 11 461941151
5 20 52574655
1 3 630472301
4 8 201077442
8 11 986418236
8 8 857733879
3 4 256423704
5 9 145416352
3 15 600968091
10 11 338202193
16 18 531474217
5 10 465891213
7 20 942280917
14 14 33720573
15 3 164012863
2 9 229271919
15 20 438603138
13 12 461912347
16 13 643007419
18 18 227213458
15 19 889254553
4 6 840946686
10 10 407408364
8 10 372191895
16 15 169701256
19 8 545557727
11 19 493662904
13 4 22656941
15 13 174547523
11 10 605794160
4 14 547977555
13 4 330912470
15 14 223531042
7 1 280262297
15 20 462845524
7 2 710118127
13 11 478829692
6 20 498271610
17 3 99670511
14 12 370261022
16 3 267467168
14 19 237402411
16 10 255604386
1 7 419939103
4 13 839095326
1 18 653218863
19 9 126553684
17 18 414968272
8 17 477563925
12 1 315213112
12 12 813917939
8 15 410654217
15 5 749175739
16 15 519226083
8 17 269087685
6 7 68404827
7 17 822462867
2 17 945673391
8 4 110064031
19 6 380913046
10 1 804393884
19 7 934074904
15 17 586721270
6 3 243247396
14 3 568127570
9 19 32842827
8 4 826035485
19 2 134184421
17 18 630364951
7 12 348052578
17 20 26129204
8 11 412837306
6 19 546253205
2 4 911137102
16 14 138223707
14 20 419293318
2 18 653963514
20 15 624899177
12 14 840875572
12 17 727758320
13 12 957288774
2 9 525528648
2 19 636284395
12 12 395218545
3 11 513437986
3 2 21014641
7 10 857356071
11 13 346883718
7 4 430836026
19 8 125270922
1 20 861257974
7 12 163144118
16 2 435809233
8 8 384838958
9 13 416785987
10 8 985240439
14 15 298488102
19 10 76447648
8 9 629340520
1 11 701648066
20 10 477064517
17 4 105706354
2 19 63099536
2 20 706169508
14 19 120837237
7 14 500674671
6 17 502302169
4 2 193027437
1 19 138544103
7 13 921467394
13 10 552641897
11 20 372659057
15 8 543621832
17 1 257412307
8 6 280846509
15 12 612846770
8 9 519524353
19 12 292777753
1 12 377251576
4 12 454187719
7 10 837804735
10 13 402751953
14 5 82336179
12 18 624123081
4 13 436389841
14 20 929024579
7 6 811966516
8 7 35931858
4 17 538370403
12 12 297705919
12 11 666936790
11 5 148255513
15 1 168814849
10 13 395012418
3 10 38474317
7 13 759047627
6 1 701379127
3 6 248441109
15 14 612279260
4 16 675218992
17 14 942342728
7 8 42140658
6 16 70905439
2 4 201700927
11 3 741681286
10 19 555177866
17 18 168220868
17 2 678286202
5 4 862204252
19 17 704519300
4 2 267018917
12 4 590378796
3 1 831253276
2 8 924066625
18 8 211007519
17 6 483686464
9 7 377261398
10 17 495006253
8 16 34634769
10 4 372500606
5 6 268147760
6 10 423608018
20 16 461461065
12 9 700767482
6 6 452299086
10 4 363854509
5 13 937814274
6 9 949882642
20 18 786988840
9 4 833491936
11 1 946780892
18 10 280624789
13 7 344558002
14 1 762540524
5 7 71215430
16 20 23045400
4 15 641111567
19 2 68800800
18 2 458341456
7 6 435471267
5 2 793659329
16 14 375037168
19 5 501935022
10 14 364855548
19 6 578612713
15 10 940063584
9 20 124540482
20 7 172221708
7 14 307596672
10 1 618906745
19 18 771208766
9 18 609869546
11 14 314655673
18 9 843364253
10 20 925003643
1 8 527845489
3 2 681575158
2 13 449764602
15 10 886661868
14 4 866743945
16 14 64238936
15 7 693466771
3 7 80798492
18 13 583193684
14 12 425300700
17 16 992230076
5 19 701364304
8 6 525010584
10 3 409603284
9 18 704460901
19 18 506621304
15 5 508196922
12 8 315220908
7 11 199565176
19 2 414612977
1 16 613686719
20 17 233372862
14 2 544504427
18 14 92468743
12 11 955971637
16 9 661719797
20 19 205153002
13 1 334173310
20 14 251383546
12 3 134898713
3 4 585593039
11 11 818154467
7 18 18669050
20 11 370007340
18 3 70235146
2 19 650459965
16 3 675029485
15 11 263289590
9 3 247614882
15 1 894851571
9 10 826561861
9 17 792119108
13 19 997084622
6 18 119923931
10 16 865118244
7 1 949888861
14 2 119450208
12 10 405518969
1 8 64430202
18 16 550663371
8 20 469132076
16 5 610576067
4 6 834983664
1 3 104653204
18 4 931056658
19 16 467329067
14 6 475879524
9 1 309388672
12 19 244987866
1 16 760773301
3 16 994565215
15 20 576879750
16 3 411221600
2 7 618063066
13 2 705959522
16 4 900124113
18 12 57019550
11 15 835472282
18 17 844511132
14 5 376329647
18 4 426890898
6 18 612960693
2 4 453151887
8 5 384780005
17 9 206715175
19 19 31267188
2 9 249564927
2 18 368623784
19 8 255723904
5 2 592615813
7 5 819729687
13 13 760458691
13 14 915465831
13 19 541778951
9 8 233536772
10 6 191384841
12 3 24540356
7 3 246868765
16 13 450492450
19 7 541349776
14 16 626817523
6 17 67163466
10 4 38473999
3 14 569624370
3 15 364415786
16 3 511523991
18 4 585969892
18 13 374755863
7 15 366312757
7 20 579386723
7 18 401095498
11 11 758232970
11 3 10844591
17 2 699419957
2 13 906256864
20 13 300258120
15 16 967401676
14 1 540826489
12 19 771732487
16 12 35791396
8 11 799677231
14 4 106743528
9 8 588337104
14 13 893465454
16 6 903714174
5 15 353195937
3 3 998045721
7 6 666838193
9 11 219719641
10 11 104530542
12 11 139073109
16 10 178975960
10 6 677874660
12 11 90187774
7 11 597277480
1 10 678798066
17 4 896504864
16 1 27122803
15 2 183021163
18 19 306979861
9 13 872385983
3 1 273924080
6 19 796120600
20 17 829774685
10 7 727699732
17 4 459677767
13 18 229012005
5 18 938074175
11 5 95866855
2 1 647429661
12 13 235734106
9 1 528410283
20 11 303278375
13 16 464840384
13 13 654937715
20 20 68331396
14 14 40636243
1 20 251928907
14 3 820742350
4 18 789269475
15 9 125460702
13 10 169464852
7 1 509232673
10 11 894422670
7 4 151881904
18 14 518549505
5 15 217464276
13 18 283516702
19 16 388352708
11 12 929987156
13 13 603020194
10 18 763079840
7 3 561795466
14 6 744050064
6 15 79954551
11 6 240154202
11 9 691076057
20 12 851328762
4 19 910445155
17 17 604669030
12 20 274898822
1 19 889118617
9 2 570591847
1 6 743748751
16 6 810184613
3 9 315278835
1 16 267523961
10 11 894415921
12 2 808873733
3 13 256550395
4 8 156342271
4 6 423152655
16 18 390261626
3 9 396898952
19 7 502175881
1 2 534900485
12 6 281502183
20 1 557029252
1 19 318991279
20 3 312562599
9 3 71289735
8 8 823401158
4 16 711164590
20 14 877294952
10 3 913065708
18 4 932988948
3 9 693519850
12 13 181507871
13 20 606575867
6 5 469271546
6 7 398773801
10 3 678006533
20 1 177131998
4 11 808520019
12 8 623080553
8 15 218848888
20 16 274143413
10 6 296234143
11 19 805442158
13 18 952948819
6 10 439679490
9 6 887612507
16 10 127378389
17 17 425812304
20 8 252597862
18 8 78127727
17 10 161698734
8 13 244143772
6 16 825139851
3 17 249616611
19 4 530777380
5 17 72810057
10 14 178053636
13 5 263919576
19 17 880454106
5 20 662545927
15 8 854327931
18 10 313493122
15 19 79313980
8 8 843448238
16 18 609264036
7 19 587873826
8 12 720042976
5 14 135084161
14 8 722616687
13 6 951119939
8 4 696631207
4 12 126831276
15 13 12016498
5 7 21789930
5 18 342811560
16 12 729106211
1 18 131273206
12 4 371013957
19 19 730617394
10 2 524368580
13 4 283535821
15 6 134926817
4 7 612247949
20 12 870406456
14 20 651340370
2 8 783683617
19 1 676426750
14 19 20724714
4 11 643986648
8 10 831947540
11 3 737080874
5 20 629634229
1 5 298552797
1 12 168576233
10 14 636056110
6 7 128691627
1 14 209988908
20 16 821690513
14 20 174009879
20 16 684146246
10 19 653719252
7 15 593113081
10 12 696479296
15 7 880894230
4 15 664271967
1 16 316738341
1 19 229551074
6 5 972755279
4 12 527779982
7 1 884067407
8 1 979556976
15 8 531160709
16 18 667584225
3 10 81455217
15 13 104097524
6 6 392322491
15 20 632800523
7 5 910231075
4 14 821558816
13 17 960787305
2 1 477357315
9 10 562620028
14 7 267391896
1 3 554237029
12 20 550282060
19 17 290640958
7 19 793840479
2 16 755845250
7 13 142533512
3 18 12779827
16 5 70758263
6 2 619793636
6 2 285552564
9 5 57619546
15 20 660871462
20 11 459044818
13 3 396750967
16 18 124251655
18 15 755719231
9 20 77158677
19 16 990640664
11 20 125056628
5 2 5306546
15 6 370187233
7 7 955177749
2 7 683011772
2 9 400213976
11 18 745621772
10 6 970728959
17 7 229968256
7 2 404620372
13 7 835415441
4 15 60404197
18 16 382797045
19 7 8968601
2 3 443609573
12 20 325086676
17 7 133687579
10 3 975608531
10 6 886310342
13 1 566692431
9 19 405260898
10 10 162307036
4 2 372189417
13 14 609904527
1 20 125262143
16 20 757010727
14 5 155621127
17 4 81012809
2 2 516883704
20 15 274217864
17 19 813812829
17 19 216781197
2 12 925115073
2 20 706223102
6 16 595347869
10 11 222295485
12 6 879675191
15 13 559237271
1 8 725657311
18 7 624444123
4 14 492385570
1 20 886688103
16 1 326203869
10 16 304577526
20 11 275787733
19 19 60027204
10 14 758869523
17 16 428531746
7 10 596329364
8 18 508679361
9 17 660921716
8 2 105490862
20 10 278917512
2 16 821888195
15 13 608103128
14 4 180832264
13 11 589051429
3 1 871565144
16 10 350878527
19 18 977838887
13 19 243206360
20 20 444189739
5 9 105839106
10 12 293923399
12 8 617151572
12 5 449510845
20 6 89009402
16 15 92020968
6 9 348437471
19 9 67840579
9 4 718601125
10 9 692121987
10 17 331173451
13 2 147138740
12 2 930550631
5 9 815509265
7 20 179460749
5 7 354959119
16 13 758476858
13 12 566872225
8 11 314492385
4 17 965804139
13 16 334541798
14 4 269158096
7 1 859631025
13 10 287570978
16 1 249193785
12 12 339078422
6 9 371937486
1 19 367525516
15 19 263492370
5 13 698399715
13 14 65341479
2 7 466262308
15 5 486733838
7 3 540023822
2 19 737756544
8 19 533376824
18 13 384433059
13 11 365445780
16 18 153216768
9 17 903990051
1 7 249621455
18 10 374043937
3 14 154046132
17 18 721804824
5 1 760609475
3 8 319330909
12 11 786243650
16 14 94780605
19 15 382882663
7 14 208762483
3 13 164836628
15 15 394281511
3 12 543048602
2 11 76460286
10 17 37048227
18 16 989562869
12 13 48416960
6 6 239847515
4 16 602394072
9 19 837704233
15 1 302265126
19 14 60918408
18 2 741836107
7 19 154376270
13 11 646901613
6 10 339936957
15 14 261011615
14 15 530557449
1 1 928931593
2 12 790109104
3 10 184731761
6 20 206517414
14 14 589637803
3 15 567577095
4 15 419437610
7 1 959415792
3 18 74663191
5 18 801493610
1 1 452793198
7 12 763982647
18 20 261098638
5 19 821951149
7 8 532436042
16 19 225017983
18 3 578900748
19 6 614591385
10 7 628468818
12 15 27532777
15 13 709896817
14 19 902647267
19 5 413727607
14 7 328946745
17 20 270330859
17 12 216249958
11 17 508729042
1 2 236947432
8 20 767897332
20 4 71464530
12 7 611027579
13 4 687547421
2 5 22218356
6 4 381959086
9 14 712434495
1 8 293772113
11 18 217527994
2 14 292894633
14 17 918241397
4 15 12485422
14 12 268345838
5 17 187045678
6 16 631605056
14 6 298110463
3 14 41518383
5 5 805780880
16 20 160089667
20 15 63939977
19 11 963775461
16 10 862747528
8 12 649865930
18 8 17962606
15 5 182019756
18 17 614409467
3 2 318541735
15 2 3090324
13 2 831443316
7 8 579887802
16 12 48963157
5 14 715194601
3 18 43365610
17 12 303261787
18 4 172865094
5 16 355293988
8 1 29562108
18 18 723201944
16 15 920142948
13 11 140003950
18 6 130890793
5 7 663662477
13 14 429168442
3 13 66255227
17 20 175364268
13 7 188122700
11 11 732972483
12 5 310404890
17 7 425181729
12 7 664812438
15 17 149961376
18 5 68262573
19 8 856825053
18 19 132908016
18 9 85391252
7 18 123869124
18 20 298609739
7 17 206088553
11 10 698281187
14 5 616751721
15 14 900645493
5 11 486161080
18 5 643704538
19 13 323866698
3 9 422798686
7 20 961799511
9 10 425091354
12 1 621235318
17 15 952867818
5 2 398850761
16 3 587349253
2 3 956780099
16 19 654077762
2 17 379691772
6 11 430025
16 4 878410459
16 17 302697402
10 11 109566722
20 9 964037889
16 18 979898072
13 16 752236785
12 3 584340493
1 20 287695006
3 5 961893734
4 20 42346701
11 5 551774589
12 10 790455264
11 3 879664991
20 18 511594531
13 16 237427982
17 15 658026921
11 3 360741249
15 2 949959854
18 17 71433951
17 19 538601300
2 20 952044244
6 17 516212361
7 1 259846224
7 19 160743696
4 4 783868522
20 9 258985018
3 9 995552160
2 18 333307899
18 3 771869832
20 10 422307525
15 1 601187687
12 8 525091784
4 17 43564387
6 11 138727025
7 8 149141391
5 7 293183724
2 14 783080698
4 19 669833364
9 2 709162711
10 7 745319488
18 7 599028967
8 17 362170578
5 1 494681060
16 3 70335215
5 7 19647180
9 8 892950124
7 15 607111455
18 2 437026643
20 5 254128695
12 6 391478299
7 10 157470257
20 9 810434211
7 12 598465021
17 6 384379056
13 2 452448485
17 5 477954622
8 8 798005497
1 2 650532939
18 19 808781565
9 11 934218949
3 10 617124293
20 10 264089974
13 3 275834104
1 11 942282552
1 1 173265795
13 18 272151988
19 15 359018068
9 20 521666977
5 1 62376484
2 14 891449827
5 3 694591841
15 11 521631659
11 2 563565598
13 1 91984844
9 5 84716095
16 1 443576593
17 16 644920184
17 19 814720237
14 9 999259332
18 8 979907343
14 11 426397154
7 6 985488279
5 20 484815121
12 8 82197319
17 11 469314624
5 8 819847765
17 1 487768978
13 19 617725690
6 11 335205970
18 10 907409627
15 1 822243847
2 14 245124244
5 7 264738132
14 14 622417074
9 7 113186414
3 2 848735835
11 18 279691597
18 10 159238287
7 19 225912137
12 19 379173630
12 4 390001754
18 10 53069712
18 12 193453144
19 20 346107467
17 3 46289983
20 14 560570265
5 18 966944630
5 2 335486981
7 13 79178085
8 3 303728484
17 11 596981014
20 2 249733811
20 7 308095989
15 8 620446630
8 5 478724818
5 9 265628493
10 18 340322766
14 20 699062439
9 10 773605544
11 10 84943801
10 6 79963909
15 4 70639349
15 2 201083034
11 16 600352227
2 16 821017796
16 15 243066567
18 10 88761198
13 3 455982473
13 7 312940184
7 11 445597300
9 12 127020783
7 17 331141046
10 5 811712696
9 4 237707379
10 18 367750838
18 1 642420040
13 14 788637422
8 2 40982946
10 6 8745762
13 18 219170527
6 6 806273813
13 20 791209813
3 20 247823244
14 17 899852831
17 6 205825544
11 9 810395988
6 16 53098180
11 19 964564069
13 8 996553400
20 14 223975401
15 15 539602545
4 5 471150704
3 12 731260799
15 17 214402345
16 3 217591324
12 4 832938272
12 5 297867660
6 8 390940720
18 8 447835974
12 4 634463066
10 6 768848653
6 6 166465765
14 18 523651010
1 17 978028653
4 18 187766320
12 12 696873191
17 18 711839978
12 7 638728441
6 20 420714736
14 20 742505324
20 6 962635660
3 13 181629241
16 1 838111901
8 17 56169134
2 17 176379900
4 15 367115359
1 16 393732082
8 11 711429122
20 19 951311094
4 6 311644598
16 2 848335041
17 2 138411183
16 16 912361179
18 9 985305498
9 1 367897879
17 4 814929365
4 3 765887289
18 7 843031484
18 16 912192059
12 4 511053254
14 20 217044985
17 19 263930824
5 9 112436723
19 10 884461030
13 11 13952304
1 18 174568539
17 5 767565270
6 19 199923866
2 8 509836548
9 12 332382812
13 8 451116664
8 19 113291953
19 4 887800876
19 14 705041185
13 16 435656888
17 2 216596475
1 9 554676873
15 12 347480765
17 16 778845673
3 6 786480345
12 9 148753171
18 14 300964676
1 13 31581960
15 20 378741295
7 5 868068707
15 13 599083306
6 1 488496486
18 3 426608865
20 18 215128634
7 16 126832965
3 9 971166883
6 11 80476770
17 6 305290606
17 13 305190208
12 4 904852079
5 11 372176758
2 4 437809622
19 19 482073109
11 17 857218017
3 20 191855462
6 14 492965816
18 15 250237600
15 16 395554216
20 20 525921594
3 2 988538796
2 5 533362249
7 10 633759002
16 20 153793155
7 8 208501923
1 7 627454055
11 15 107671791
12 10 240626005
15 6 293961065
11 3 15616408
5 2 613673965
9 19 452720456
1 2 933701805
6 1 851325332
11 1 468571902
2 9 806511341
11 5 83355961
15 16 894399914
10 13 516172302
19 15 894678868
6 16 378000646
7 8 95360213
19 14 342130194
1 14 443465836
10 18 736782390
12 15 919262240
1 1 504806533
4 13 324722131
16 3 421744338
7 8 158409186
12 9 927614427
16 1 581681647
2 10 141956400
9 4 234693069
1 20 955259375
20 16 261492074
3 14 104502886
20 5 335852355
3 9 581128390
20 13 33199804
20 3 144140956
11 2 454734879
2 2 668433615
5 14 860063587
9 5 470992239
2 2 111143459
2 6 882825047
20 11 766353570
15 3 877467505
19 3 72772710
16 5 954816872
1 19 673334355
5 11 133363359
16 4 930020304
6 3 816646057
14 18 226012776
13 9 922029746
19 7 967644667
19 3 291557825
7 19 956108994
1 4 614685481
9 14 776840137
14 19 496028659
10 3 701992172
15 8 837278291
13 13 11932711
5 16 910387553
6 3 281685508
17 19 49964456
2 14 635323227
11 3 816066784
20 16 927721661
9 9 16621519
3 13 800741060
14 20 923958079
6 5 698664274
2 7 645945201
20 2 923743749
8 6 979777886
14 3 916510429
5 10 502557280
9 4 850125864
6 7 730127303
11 12 744203607
2 2 924458284
3 18 238847522
16 3 23250626
6 5 873714314
15 9 702212286
11 6 28598122
2 8 363225374
15 1 399834069
1 4 141010297
1 2 9190454
16 11 793824709
9 1 882429676
17 8 611433758
9 19 244475666
2 5 485954501
13 11 163004538
3 1 568729148
8 11 99952588
1 17 126051403
15 15 508108197
4 18 392644258
8 2 859028720
16 5 624842589
16 10 294081412
12 17 220254019
1 10 786371460
5 17 745175395
17 1 972942515
20 5 863213712
16 4 26843432
6 1 966119942
3 17 891497109
3 17 444874650
12 18 146525425
17 20 360584875
14 9 667130670
16 12 271576057
7 5 678883139
19 15 68303472
10 13 807986788
14 1 598475291
14 10 78899995
17 9 940458287
18 7 774608652
3 5 77218167
9 7 114540839
7 3 532054614
6 18 431282037
2 5 791963601
4 15 743641213
8 8 680477198
13 9 977339680
17 5 409647387
7 9 272428018
15 4 899968614
11 15 536358629
16 8 620774347
12 3 574664555
6 11 398643008
11 1 139055603
19 13 491988446
1 20 930590607
1 4 881743130
15 7 136756010
18 10 109134224
17 19 868828531
16 12 639514604
19 4 214673174
20 9 460473490
5 8 282333001
9 16 16836805
6 5 344979792
1 5 561005269
8 16 461346493
5 7 698491486
18 13 509831430
1 10 960629840
9 5 475085116
4 17 786027396
7 19 412541142
4 7 861109644
2 4 68449368
5 4 889618465
17 11 69324857
19 3 230097290
8 15 517197394
11 4 387523131
2 14 129857538
6 10 395000981
11 10 318949946
11 20 756130956
16 1 53372241
3 20 716482151
19 5 791587246
11 18 944037339
14 12 975698323
6 13 950187908
14 17 863926755
19 3 50366296
14 7 337584986
9 15 575157562
15 9 285891648
12 16 387140782
9 1 986224880
6 19 22786339
1 17 687625669
16 1 731652735
10 20 406657219
20 15 467826982
15 2 937170742
11 11 800317432
19 12 162928419
4 5 983800934
17 1 378144390
8 4 243120488
14 13 903889794
9 4 116696175
17 3 452185326
14 19 865438374
19 4 250283081
11 10 717852344
9 19 752482636
6 12 58971284
15 18 329003739
9 20 871780683
5 18 691628702
1 17 285285048
11 7 367276459
19 12 573687924
3 17 685034377
17 17 468766402
9 18 71295140
15 20 900869000
7 1 229144203
18 20 751573524
6 6 439387526
15 4 489346030
15 6 247127745
19 14 775683410
12 19 274552825
12 18 20169435
15 15 823074033
11 15 617274533
9 15 974273238
7 19 749255700
10 16 179809772
19 6 959615477
19 2 850577567
20 3 79863772
12 3 35696820
10 6 106211510
7 2 645537758
20 10 377710404
7 2 138006027
9 4 636286128
2 4 179102042
17 5 902288643
15 16 609008596
1 10 625546631
6 19 58280025
2 8 92541622
18 11 950537821
7 10 243590167
3 10 716518536
13 19 924263884
1 13 98314087
14 18 171805533
15 4 42714384
4 1 712139100
16 3 776663571
8 5 152538734
5 18 222699810
15 10 175700799
19 15 640631900
1 15 982305405
20 5 938835646
6 3 318195742
