127633380
103871700
1483124
62929878
885114
56407427
63264229
13040417
934701
600546
328862719
41729851
19653226
159759851
3033708
45785568
60672161
80823585
36864511
3450999
31949625
56765469
52005931
52247624
48787759
3561935
868686
6917536
24459897
6357434
119806708
25004495
6645469
42121051
67947975
9039677
26892957
1030020
1759378
1272401
54292685
3251648
2200001
3696956
5346618
7085072
45338126
49602273
13661428
3223183
54974779
57307731
6742315
114992175
6292987
4217321
58964991
262983295
29337988
12120053
14135559
43279068
105213
6685677
21739693
8502645
29984002
191379886
47303621
28415978
122960033
6214224
49967727
4449462
26098251
25732689
3945289
166341739
3091492
146479
246860395
190322405
245814463
25859161
5356313
542789589
51133357
6167006
35202454
47346077
502825128
2966135
4959305
1796383
4063288
5129010
62270171
127947744
26405339
7258359
34954575
27345486
110975732
85793061
100024609
37857975
44450142
7349729
237786394
16296472
6203838
64407349
186753358
46280537
59609496
28486895
20027267
65914765
58423307
3961144
29080981
1841528
45298902
1975286
252325134
50152006
3363474
99554577
2897025
27986894
39618297
35920789
45661267
51330679
6388161
55922432
7153043
39924181
52247902
25005986
49777594
5600027
464450931
261920934
242398
12427263
3206964
61427269
260991980
6001979
3440203
237510843
5765668
26652860
5863138
254530889
1637086
1524032
24127655
150852379
45910261
44080148
265880130
22181648
185995739
18550669
5155008
215587680
3764035
5391012
269707476
47509897
18955419
48874520
355218448
7001771
283254981
246834837
7272528
46539249
22800186
18428652
30190340
3590538
17188172
90693314
75839997
33300796
13690331
2370620
36419153
1468185
245371549
66948557
20915976
200040296
45176850
63221347
10380583
1846236
53551355
39832147
4909596
6601868
16198452
20337741
51123316
66451687
10647734
1698795
1103786
39934755
43584373
175181892
25914883
3121356
1339734
962763
6291194
199374082
5111722
39940217
1844508
141141111
51108695
30788173
17389057
865394
26615816
3148265
4055602
12520525
170444583
63831674
1919018
55743484
81140
91861573
12750679
286533108
2596741
5125516
46634659
6072891
41251412
11357807
182045159
446974099
327477844
3916306
2261744
13619825
6771175
3194483
1510610
25195294
4614964
82034049
253484724
1984563
1657044
1917028
5009152
5653142
4089156
4422892
6785070
69319251
3231190
83949575
3378365
44900775
33224237
813096
335774
45154751
240188
75956940
247982490
11781378
7209567
28340746
9272756
137730476
35294551
24258374
165185549
3396807
2442940
888714
41115643
28910154
43224733
33334306
5412167
42311254
25619721
14448344
20200613
50138771
7371742
20960121
6105088
79212716
10113265
61613788
64632290
2258690
7375935
6657142
193761956
36231364
21234412
3886510
7354821
2912944
5745142
11369121
6108277
31809422
133208588
65044377
44269697
6121277
44866992
2794546
15219657
5572347
7260952
218013739
6067358
49320619
33759094
5344702
158917023
37194708
142716915
662321
12727028
1763877
164430360
64714573
3859068
22085453
175888774
5027855
3332787
18322690
1358696
1756979
114087468
49742384
4458944
16313438
145348746
37962411
1735297
4295393
44844931
1395260
3856650
5031858
21180347
49975155
270014351
46100983
932001
230240342
104485992
95484975
1697706
168456817
44454098
3352460
27265177
2205569
41181229
7418027
31087116
9254962
78771531
80549136
25608460
52233955
4695651
18278989
6846467
935507
5542992
47486962
6834967
194342051
2304911
19666028
58881383
43400975
34314027
197872989
14771615
30829
191033726
189573987
22580883
314489463
1173503
225468509
226786349
228467039
13876417
2441753
198229892
97760148
48832671
32883046
1400943
59119133
78983227
13677614
99692402
198007294
1304113
51756012
220481049
52345715
58158681
34592510
42675531
1317862
5868302
69417519
931950478
6752374
2621426
38026099
5237733
874765
15078774
62230110
4950189
25772160
15670099
45252129
6089235
166386
6010739
51823446
28483753
6113222
6526076
4874919
230209867
1833587
4118680
48256590
274499964
5939196
202030287
55066707
2522636
13125187
4251092
4678927
9369961
24363112
24424603
112552464
16821002
45632547
65172822
5783863
32132103
53340072
60644353
6038280
127741840
4510794
15422390
5765109
13875614
33483663
8288370
2422747
110574977
5203644
3146459
36621119
3232150
5314677
7379770
6866427
45231045
2792716
47987970
91898672
250256233
3313234
575021
58282979
1548780
77879423
68120594
56107472
2246972
65646005
180693514
43879451
17022700
4573897
3880745
1092710
48522739
399567
64735037
4249791
5544340
39379749
47637269
4235267
39286095
4739630
59986195
143356392
84456670
71844009
6005371
271222433
5112619
62893568
30403807
4960546
201534377
4776030
33036338
47719457
2443670
65980520
71005450
2949740
279969215
210554011
4967587
3991356
3176929
52029845
50504195
5061657
5087725
23022163
23062650
52398118
40439137
5131573
6380980
33197132
2243043
5573914
28065002
4326693
23322789
60861843
61653068
39530581
1533871
255624261
5861415
24678073
7137918
5451536
26018360
532206
184210311
1457886
27754599
2183891
53369279
43499128
3008363
6017494
40941297
38303345
10210466
27641523
151985503
51450970
104264135
25696683
273987872
6839061
51748434
47361093
199635154
57816538
6843834
63533342
6953975
7421998
28548519
48141429
188622408
16178072
2568812
238585
3451750
250884113
2299836
5337042
110691303
61856037
5953067
271462263
10402503
3936159
50570739
261393589
41814680
28240504
223324500
207088651
150804617
232475805
1545074
5210262
52111254
32370913
44689512
1777419
176187233
7335386
56588688
13611169
48047514
4335947
4735939
277598612
38660904
21832553
54482196
3166143
190664345
56487559
6734066
6688962
338957773
6122402
648124
50693097
24172559
49704824
1618421
247225838
3462862
44767607
47356333
8047659
5107814
1636387
104413440
3305168
133280938
60204305
46957955
3378640
52679619
13395264
5424356
270689
33526591
701833957
88282995
193336660
198618555
126363923
51881694
1927457
7381526
7555270
3973258
5848098
16072522
21641930
1561454
25368406
59334742
62359560
13976654
16044412
14206013
5125966
3383191
17480860
35566016
1027746
48223676
217896019
7323708
221593431
5914112
30553709
166065585
4098396
53725987
67920076
64467585
15803607
128489975
21732329
44999636
61068639
168387865
41826888
2222313
183353914
11049898
14796919
3347836
167849689
3971854
32656654
49214525
82834086
57027026
263260774
24348470
4670985
55158000
3952529
178092613
5469010
59737198
6859134
59623361
98664
171758338
1821574
2453636
152750722
7384495
49076004
2107184
908940
47637596
133088664
12760298
20419717
6085350
1516909
30045413
3842155
121837748
5985084
6784600
1282931
2544407
56479784
2131139
3483863
2580004
12358444
6736447
448689
218108390
127271627
7881648
176335388
254847588
1524151
261647158
48284563
33449280
1038635
2206870
2303453
156030550
7671612
4526586
3868558
366353
39879
15522015
4832500
162101379
39161116
6999092
259943583
16438208
569813
55546753
165994415
5854890
3235819
23038383
48539772
19784619
17680522
2512268
9257593
6058722
37780162
70577725
4233803
173374874
58411499
2349230
282364934
76426926
51020166
14219948
107668315
49247924
10719714
3362282
48073202
1744139
51159395
23879053
59573804
28691051
4502170
2716764
6299238
50594631
14791684
4001831
7038223
4147765
1687419
25658961
124105504
5540316
2636721
162287047
21987007
19625911
149237445
399502
11484480
730925
186764555
7207904
1679586
4320251
41127434
10254424
93425565
62635668
30405839
5046900
3965957
79309261
3312572
189106
27811731
6708599
52653711
21459878
7169028
7278333
99682423
6265345
817611
27461282
1934204
7083018
4532558
31790265
10341147
7699604
6765624
132050972
159175288
19761144
6789710
1929123
48496100
153491414
24084448
2126890
6873763
92386997
18328846
56928
41614236
106528566
328751302
26604274
63778848
12118121
4821064
2569971
57634
203882
51754479
202062448
6551019
31421746
75700612
206140608
35052121
30012265
23369125
3569490
5529382
4976765
2049167
264196448
32309664
27781969
3497905
139358919
145360
3424996
233234203
46804498
54348423
23181396
39199138
17919836
258207098
7185901
5586287
61787666
3230565
86786874
34934771
93663104
6672513
5582777
738528
7441095
51860802
2952660
87408198
1206277
33136092
12487612
75642669
182860574
901619
89491178
65106698
58158232
8831355
5441201
1987849
174961799
50292076
183105260
100144899
4796628
272421
37343926
36278626
52197384
2788957
333512749
1114287
33790358
49689970
122508952
265257488
178005038
22096942
57398479
21993429
54168595
144612521
99976719
435913255
110257464
444047669
4577654
60340406
62287181
6068995
175518334
109036773
3960890
11756519
6974998
232411858
108194589
251276
61332411
10270915
5146985
57077301
4535339
1557462
22213153
265068212
75205082
14265702
54125641
2513169
2253761
37672490
1342482
20676970
1372855
6860529
2625816
258473581
55564872
1632929
1646095
69750885
48668523
239331718
24552211
18937307
5575845
8870704
42206865
7171778
4026428
171651592
21732218
33594296
3884804
5533121
1281388
6474565
3855383
26588158
5346783
137275763
13570929
9275301
47814042
66546478
12589026
3703672
66672256
53306314
35728525
154290077
23668410
66354656
35746849
11801607
30674034
41088110
2000413
63364611
5975835
17980961
2081961
4070417
1029036
58236631
6183288
100916726
48845701
25692806
34560552
4250699
280671282
944089
7889082
58021254
5722045
42132126
2297176
618803
677938
45716309
10446957
128620257
261278838
380871952
67549555
78885943
1067188
4731418
7004645
1803879
2917002
43214851
32143088
50995496
2960327
31645844
82060
201968473
24601413
56698296
8161490
70508542
48941878
285510902
5018025
5223987
4583929
246526522
2913014
41500530
103988953
58967063
61121328
181165257
14818240
64313979
4566932
54324989
56266054
118405801
107556671
251813370
286040816
55232327
3482559
6002151
5776574
164882704
206820583
6559382
203994666
4306062
544572
275349703
249631022
5972867
161426942
5443895
37614197
152001008
378140285
45129455
194121210
18328662
833916
33305575
82359361
83382837
1126725
4400981
21689173
57859905
412142
1098870
40752504
33872788
145119471
39962304
57910421
213565835
5885345
3992465
3840228
4569902
46425837
5257342
151536680
8973619
65664203
221458485
23756010
5776677
18030181
13237155
21914366
21892116
18299451
35330507
34655099
1986683
255606054
169926372
8148079
2656740
24183712
228534138
474097625
5027609
55093112
1963351
182605
913930
11375553
46781543
8506038
7169477
113072
33497705
5701313
434348993
6143352
20172471
17641547
7431311
26165578
4981047
32846788
67914399
5844990
20139403
70264883
38911846
18764473
6274649
5189070
28182688
64813914
40811841
5833533
25435999
78537787
55208199
40232925
65614239
6812094
7246369
146324018
8660535
26386750
26428106
3260465
14594290
171925273
7568808
52782576
154484592
3030013
5863247
16694147
221764852
169389641
2038203
53959876
6054667
88299
6339152
6607353
4969312
4275686
47731437
26492651
56037432
4123033
144926214
60576374
62347247
6301901
7148516
4920762
1195960
5489106
6790011
2246607
203364091
179714509
147633
14121041
1262908
2020830
3790019
3405121
254656569
14959338
300245412
505668
3445067
6895904
80337175
215139679
19669303
134688472
15422744
14740293
2456963
2302617
47077583
1405242
1026929
14685892
20151
2347006
127235960
36290067
87209940
1160795
6240105
3376949
116125201
103793007
6684488
60527730
1316855
3416692
1789259
5552798
60033332
13844112
859171
514704
73683732
1900679
72239429
131668102
7018655
1008465
153898802
4337303
238999856
87470910
2662197
2824578
8349472
434374547
54860440
43473087
21252109
9366091
39995827
48803691
100381778
103085827
216357933
101647402
3932612
6918151
46295232
52394900
4746926
34196694
4509340
67439708
839875
107932567
81654826
47105037
5131110
9967338
17940422
15383883
1811619
1017028
100115168
1913230
6296123
6939401
29792646
63816885
641963
127605286
51426969
159801886
43394181
5493348
53287142
2861553
29286168
93081
4460361
5182770
69779850
33288662
42134661
224834328
6782666
6032125
5754834
7449946
35443204
7294002
29684871
199341943
5686650
43407238
7762757
261909782
64829550
6033618
129640113
48070398
90614234
3905064
5254641
4364719
4607539
39231287
38790294
7168420
793679
4073050
53994966
142279821
18229897
14965835
5615029
4007789
37558490
4501683
150810
286509105
40574706
13132299
19143495
58462352
10763747
4653581
5749455
7428357
48812006
154502883
2589214
130617445
5395517
1202626
6388851
2372319
4899593
98704116
32814442
160919966
64023421
7075492
33090039
1812446
5841236
25266444
10812395
29816842
26813875
33907148
58495085
77572339
218487527
24484407
2424360
3411578
11436633
36519764
2323690
67526572
3129650
167275828
564259
5539063
125960830
9332928
5008162
26273079
4547391
5626495
57644351
158040675
727269
141955082
10607721
20655072
438927
63859002
32566513
1239768
42217044
6760359
3190820
63670887
723573
50622130
4965457
236061764
14905845
256597323
62209729
3353632
18219735
7257092
46007714
4166100
36404181
2499882
3156286
13793092
6520644
40970438
24636824
85318937
49922757
1743011
14811909
6968131
1357457
3237593
158893499
1985250
44121769
4933771
48646413
42662879
1762509
6998658
16974676
3409425
2357893
6018910
2409442
4301014
2110440
1654754
52100346
3020112
3706514
53548848
2262009
30612692
39116859
40236939
192415116
449037
140726619
650929
2762951
278873643
24206391
4749106
14740710
271167313
11118780
111307286
218805561
46378055
4330496
359989
15197781
5205988
4278692
2161072
8278464
668916
13344138
55367249
3047198
7148321
247105186
694350
7038374
35182553
5217034
3430183
97841498
3014171
5795966
7026489
26234008
18121059
38867583
15833026
1605276
48640682
49228709
9267919
1804647
6841582
162952306
15380904
443939611
101387180
1336115
232859024
21086076
512084862
29911842
1091639
6905928
5803518
298857358
18298652
2277581
31296325
144857773
4573788
282473258
86868754
739695
95775690
58904699
53811110
44097212
178655770
4900566
5761740
7375580
43257465
11275553
5246822
4861795
108985110
7110610
66269313
47098578
27517050
190278794
6100023
18981358
7438613
41550008
51009326
1984898
54937916
179377
32166760
5930762
9195781
37805326
15414379
25162516
8723537
88756977
1089330
4155628
43672345
2911277
4910834
8924423
80840923
15740685
5599668
177355798
4149268
6975502
49586041
62838726
3576566
5550532
248991
5437084
6641658
5681428
2398094
39144274
9513316
103329745
7100358
4948539
5055652
1129063
91749493
38713086
249910973
24133769
19645892
41865509
13337647
5226325
62162450
4039436
49381869
35996887
208022489
113753290
4788484
91439775
46193544
118823702
1371595
255676134
48603106
25217692
63061398
39532660
179849745
44684892
11191392
65246995
1575879
26887318
4013170
30476409
7202096
4282115
124228241
1757579
5347307
78301866
198044641
132775281
3889729
5117084
166102073
2214588
6643692
111315900
17117246
235615731
240036678
58126062
523431173
79180557
95715469
94137002
41831692
6022221
1601019
109781542
4819278
76775862
285963447
1289327
94020647
4290844
70229023
3603768
60896942
48530706
37589552
23612988
7067941
34597062
57815668
917140
11449070
7220467
57596355
63200981
37897788
232154017
43661443
8605405
3394575
2648456
39038296
152848093
7823141
20894250
27289407
4496375
250346412
155682271
2423538
192660373
2300745
28527893
29110841
46361848
32300044
6324255
40921292
214086338
14353971
4675902
5339507
59679966
282754835
19284846
55913254
174934533
5763154
48186823
42380312
3775973
278927334
4241930
278503
1173057
146255355
64925024
165286559
50580648
154445517
2104452
3488924
11407555
269156648
6777739
1244614
1728822
15108602
4275124
64322927
4197696
4334564
293366
33079083
33224240
184963081
159210410
53438648
50032407
48314019
56324685
1496362
116038977
6689499
6523935
29187518
2921907
228398101
35176609
266035405
5177137
152369469
248226911
37255106
83720120
6995226
238978065
6616134
55797774
22275291
7380992
6861677
30146109
187349997
265217
1495164
2409634
12567612
14437862
274665339
47548563
19160397
30154307
136926123
3912894
5669166
26579575
241467333
5153096
4711148
3507970
28085736
2674581
2511272
19213317
2921066
48463274
110655775
2534062
142065012
42286439
1982370
414470
11406088
243398528
55376056
199423992
33594991
3520199
4980881
37866052
3003942
83195227
27531701
50401975
62331217
4761670
113977536
32803867
4642285
491520549
18746433
55915266
3516468
74053454
7432553
2721651
3356554
3065941
397721559
41170169
93428678
1797597
53139439
35287924
6023182
6613962
4360774
166494619
203046937
931749
43330014
74114032
6312616
49810616
67482743
5002729
51188932
4118460
563635505
47311007
5401462
34437177
16207076
1512702
66801711
133136768
107858954
612167
58744064
2199402
30406931
3481136
57060086
51225304
164676276
5358685
10328335
23556979
56139344
15912875
22625047
72416573
10499510
3700403
149435939
33720067
105247489
126316828
7470322
34098257
56701416
268920524
210569623
7543305
1641134
56885427
7276830
2876440
4193973
6284809
67747916
5906022
36577794
1245206
3551538
51990437
2720915
9663044
52669486
42268835
45051911
7454873
1380218
167229289
67386569
53664709
38806453
149464
27150526
205192390
2546808
43126978
135777263
264720073
6309689
86798561
67017203
1151924
28035008
1650523
22301355
200779844
36936451
87580154
43438910
23744125
9854342
193240108
166566057
15365217
18839628
140739593
36908966
13853179
4247597
2412065
7145081
2714516
26521901
3319716
2631346
25193222
67291659
262622264
210495245
13385150
83048275
312101902
13174828
38803514
5917648
173897149
25397976
35970624
55622907
57164929
11560538
1115673
884496
53796494
30006495
3417216
54279979
5812653
313347100
3340698
30993071
75024419
