20 2000
1 2
1 3
2 4
4 5
3 6
5 7
5 8
7 9
6 10
4 11
9 12
12 13
13 14
1 15
6 16
9 17
16 18
14 19
13 20
67956663 298558319 840623128 294116518 703959422 314751053 615647000 572686599 266091559 375048953 592525545 315414114 7477921 932476335 230638721 287366076 366171223 282477105 88753562 261729356
7 5 127633380
2 5 402430019
19 17 815221024
1 18 878409834
8 14 839663272
18 12 542754521
1 3 403047544
6 8 148953743
13 10 262661936
13 14 636223831
7 5 944509719
2 6 706803152
12 2 650481454
7 4 159759851
10 14 581952650
10 15 45785568
9 8 858946838
9 12 346915144
2 18 701937812
8 15 71407662
10 9 721749631
3 12 192678795
15 4 52005931
8 16 346364142
18 7 749655295
15 13 176864866
10 14 868686
16 17 869015764
10 4 24459897
17 4 638620216
9 4 918081385
10 4 25004495
14 17 859128463
16 12 972175942
8 15 271817964
15 5 674187108
1 5 230762946
13 8 733866278
19 18 490394714
15 20 121574511
10 9 429341638
14 4 414537303
20 14 817299753
1 14 3696956
11 16 571289788
16 20 331840753
16 4 468617528
1 1 117558936
10 1 763759334
20 14 698674078
18 12 190888105
17 9 789650177
20 3 814364146
4 11 997341729
5 6 710252409
14 9 654796448
6 16 373716044
3 10 577734348
5 1 233207977
9 15 278211612
10 9 285962211
9 15 309370627
8 19 640093101
15 19 418105250
16 5 512975758
9 10 342550867
3 5 233853991
10 10 191379886
4 16 183216947
11 10 232285967
17 5 122960033
9 12 6214224
5 2 49967727
20 14 625121147
10 10 776196157
9 3 761785796
15 19 831774778
5 12 432433298
1 20 697613964
20 7 7624400
7 17 512951954
10 16 940420311
6 16 560565516
8 6 161772487
20 6 842889828
11 11 542789589
17 15 317224916
14 17 596922765
8 10 103159117
10 4 558308356
8 5 502825128
11 13 789917626
1 19 835395103
15 19 99664730
14 8 497606074
9 13 162165351
4 8 62270171
8 17 700634343
18 12 376839107
5 20 808430754
11 12 627480120
18 4 163258812
5 4 405092250
4 12 379909579
4 11 688257645
3 2 309684627
5 16 542436649
19 9 932274954
10 16 987884300
12 1 84253135
20 19 522182508
17 6 696670131
12 11 502167472
10 7 114237200
18 1 760477032
18 1 378920663
6 7 470691646
6 17 584535807
1 12 126379970
20 8 78740354
3 11 504777622
6 13 676211160
8 10 543285409
14 13 532907677
8 12 518416693
4 18 842255031
13 15 3363474
12 2 414968691
19 17 291591474
17 10 362035116
5 15 401691478
2 18 334479108
18 12 249531256
10 11 630249621
19 11 598732901
17 3 688185214
10 20 908120117
16 4 902022409
10 2 495253518
6 12 160919312
5 10 343894112
8 19 13077948
8 8 464450931
9 5 528012493
20 5 209624186
11 9 899069326
14 2 115375779
1 3 469167247
3 16 260991980
13 1 185472083
18 20 956217786
18 18 237510843
13 12 289926666
1 5 230522849
20 2 394717151
12 2 254530889
14 12 824208396
1 12 273350684
12 17 970369997
17 2 150852379
15 11 181823587
16 9 822682289
18 6 265880130
1 1 497878289
12 11 501409853
12 15 600056342
3 2 344938323
5 11 919547102
4 18 886113589
4 5 887740566
4 11 269707476
3 2 251379886
7 4 928718937
1 11 456614498
8 7 355218448
19 3 850651355
7 2 577371499
16 6 246834837
15 20 237911249
12 10 943459036
4 8 316916704
7 18 380501833
4 10 754336702
20 17 661651828
9 9 549371290
9 5 90693314
4 11 75839997
7 10 395373977
18 6 578644541
13 7 271575776
5 6 692608852
1 17 681034815
9 5 511463108
19 19 510716367
18 9 936303954
11 17 792565841
2 2 343735169
7 18 425294528
11 2 602906128
4 19 627468877
8 3 551537862
17 18 243702136
13 5 214291384
1 19 149993115
15 9 16198452
8 10 450367585
1 15 662733283
16 5 557687752
5 1 986433808
19 12 949057783
13 20 494646572
12 17 986177097
6 8 358335426
9 2 175181892
20 20 287644239
13 1 205025223
7 20 529158528
13 3 38352368
20 16 821390946
16 18 774106234
14 12 87368853
5 1 743899639
8 13 563939310
6 6 455892164
1 1 458848673
3 9 234658162
10 1 460394673
14 3 135467972
6 9 545236858
19 7 85405396
4 14 689501611
11 16 899162588
17 11 536615806
18 7 979219652
20 10 308515900
15 11 354338868
13 18 471190163
5 2 91861573
16 16 874848907
16 6 286533108
16 7 274423393
13 10 117294331
12 12 677462887
10 12 209942880
1 2 313078064
4 7 305474325
5 11 476161677
14 14 446974099
7 7 943124844
19 17 692492529
18 19 236043417
5 18 149533151
2 8 902446132
11 3 207064472
18 14 747245672
10 9 297021946
20 3 363557293
17 12 814376495
2 17 253484724
10 13 985864142
7 19 492086233
12 19 24350791
7 19 628134073
16 14 443888386
19 2 263853411
10 20 769476640
20 15 874230269
19 14 335579937
9 7 535414308
3 18 83949575
11 14 454531224
8 11 617587374
9 6 831498914
18 14 984157737
19 9 30247458
11 1 339271269
2 17 592915025
17 11 342048499
10 18 247982490
5 1 283608030
14 5 844736719
11 16 164254072
2 16 77229419
11 4 730256021
4 6 827397576
4 1 748404736
8 5 165185549
14 10 459549988
6 14 626410250
13 10 501909421
4 11 923465197
2 15 626026792
15 16 179138059
4 18 33334306
14 6 371830296
3 1 653921221
3 2 866242849
5 6 670638043
16 4 730846091
10 4 868193340
10 20 608724447
17 16 721179566
9 19 931504422
7 11 694859716
3 4 146026591
4 1 355730306
18 4 765499826
15 13 360677442
13 10 276581091
11 6 368730323
4 5 781994992
3 1 172144690
16 1 883332640
14 8 160922851
18 14 380222352
3 13 40302549
9 14 95480194
8 10 584055720
14 6 634253641
10 12 235679411
4 2 721441624
8 3 637730976
6 5 562890739
17 18 340169499
16 15 332233068
20 7 653377915
15 16 151132983
17 8 737914793
3 20 218608862
18 3 782967949
5 17 538250476
9 6 253190608
1 17 305585746
16 13 632422301
2 17 457475342
1 10 920631327
4 17 730949951
20 4 224999951
2 10 609843666
13 3 921548160
7 5 780077360
17 17 430885796
13 18 901209588
12 4 22085453
16 10 463254850
9 20 626946025
19 2 632085642
18 12 436713121
14 5 143439195
3 11 1756979
2 7 412645787
15 11 117699047
19 16 988226047
10 2 220183427
5 11 145348746
16 17 529198476
13 1 233550848
18 19 964550897
8 6 112801594
9 19 765393929
13 8 617046172
14 15 872470694
3 8 768703640
2 7 945650112
18 16 834968561
3 8 249970972
19 5 932001
2 8 827356980
2 2 403044311
12 8 410899089
13 8 121344442
12 11 799285045
9 15 712550542
18 20 772176659
5 10 163178503
2 19 987615578
3 11 652791196
14 20 590695865
12 8 297178675
8 1 77211625
2 12 974446488
9 2 80549136
12 1 860306677
17 9 52233955
20 6 423461348
5 15 858151737
9 19 785800978
9 20 210317295
18 12 852974307
6 2 251356951
20 1 186305071
4 11 488458569
8 20 320741917
5 6 313782546
2 17 357439702
15 12 640591743
5 1 532300534
3 6 197872989
6 17 712230384
2 6 733060793
11 2 485150244
17 2 921916433
6 15 787996315
3 6 629240516
19 17 356187751
4 8 519585027
5 11 930745771
8 11 228467039
4 18 443906261
10 14 978843411
2 12 198229892
7 2 391876666
6 4 499497050
9 6 236753035
20 14 711807680
12 6 825860687
7 17 611166345
5 18 285504266
5 12 99692402
17 2 930349740
20 2 68605402
1 11 187669338
8 8 793167648
12 6 188259041
12 12 58158681
18 8 803416709
15 7 341270915
5 19 929614914
16 9 5868302
15 15 761333682
14 14 931950478
13 3 268479609
14 3 383995397
10 9 684901704
16 2 715883211
4 20 294991283
2 15 978710394
19 14 594751482
14 9 944904445
4 12 880096755
8 1 445699943
12 3 113208792
4 19 875369672
12 19 840376402
13 4 207914606
9 9 51823446
3 15 164397079
16 14 149504469
14 2 701972729
12 1 771616473
8 12 802896466
14 8 764581529
20 2 654702049
6 4 116213253
11 8 274499964
14 5 88196327
17 8 202030287
6 8 999319866
18 9 138435962
7 18 511111694
19 16 929176317
14 4 662735975
4 11 303486479
3 11 364146427
18 6 306901708
11 5 406668982
16 17 220690991
6 15 675134653
10 9 576135101
12 13 996893731
18 17 382565871
10 5 871394641
5 18 128601016
16 11 6038280
8 17 127741840
19 5 515579893
12 7 912342177
19 16 723271526
2 2 610992252
15 3 332079047
7 10 986008551
13 20 264149982
7 8 726221977
11 20 951669075
18 20 315535248
18 9 884052434
13 4 676245040
15 14 503981724
18 14 455681885
14 20 829437737
2 6 778261009
7 13 775476057
6 15 183901296
8 11 91898672
7 8 250256233
2 13 10791155
5 8 704534443
8 1 420356160
19 9 815286680
9 8 876154100
2 11 366678913
14 19 56107472
9 19 226584602
4 4 653879041
10 16 555742467
15 3 179792777
11 3 515009207
19 18 123239143
13 19 721761161
7 18 363165891
18 11 749390275
4 15 399567
6 15 583356079
18 13 927115690
13 2 5544340
7 2 655026749
15 18 970192153
9 15 938423270
12 3 243156084
11 18 801135164
3 12 739552825
7 2 759003392
6 18 399207723
5 9 337935568
6 19 65828739
5 5 271222433
7 20 20068461
11 3 655419113
4 2 30403807
14 10 378856596
5 17 201534377
15 14 473531393
6 15 551657380
8 10 756319382
5 6 70400333
4 12 654213556
18 16 918436765
13 20 668484709
8 11 852655814
2 9 210554011
3 8 820447543
9 19 471986782
20 6 160213270
6 11 681531951
18 4 683415068
14 11 423825233
20 9 5087725
16 2 226892152
6 9 924391408
2 12 350956437
9 1 640578918
1 19 729565729
14 18 791562685
10 12 169110458
11 14 226580673
10 20 73530577
5 15 684254701
4 16 570269863
12 1 474650229
18 2 829686042
1 17 333479720
3 1 515227222
1 19 469097217
3 16 570375314
2 18 508289723
4 16 386751254
13 18 253909311
19 17 767825479
9 16 626158141
8 19 662953857
4 8 772443347
16 8 205327875
8 10 95711262
16 14 462852898
1 4 325195931
2 2 43499128
12 14 333378319
13 7 424781070
1 2 788464590
9 5 304394904
17 16 742552912
9 3 695737967
8 9 151985503
10 12 494456586
8 2 104264135
9 3 891928023
14 14 273987872
10 5 653714666
8 3 986508214
11 15 775799964
6 16 199635154
1 17 125773201
6 20 892561376
17 11 695796124
16 11 294320051
19 9 917391381
5 16 868421267
15 3 808014255
5 12 454713967
10 5 459183688
19 8 978857994
19 12 362730754
7 14 145532249
4 8 839117149
10 7 581218778
19 18 701391186
2 8 409249622
5 15 61856037
20 4 88210198
6 16 586213316
16 7 789004644
19 3 728920497
7 15 344687257
8 11 834080188
15 11 41814680
17 18 728459949
7 2 838971500
16 6 207088651
8 17 723491216
20 20 755934517
15 8 897331226
9 19 634606353
12 10 818852808
8 16 236240902
5 3 632922548
11 13 505275725
3 18 805689339
20 7 657918755
17 9 422759911
2 1 746641133
3 4 319874166
2 17 270427506
11 19 251507332
7 8 277598612
4 9 38660904
9 18 157745879
7 18 806042522
11 20 439363160
18 10 473141450
10 5 942498791
4 14 260983380
16 7 785291103
11 11 931483318
7 19 793761585
19 11 260412379
11 5 50693097
6 9 610750264
9 7 49704824
13 7 338124866
11 17 541342356
14 19 180969986
9 17 843042284
17 1 313447892
16 9 870145887
7 15 571050984
13 3 248407780
16 10 104413440
17 14 265032403
7 17 399372497
3 9 900827433
15 5 874787444
8 19 864590561
2 1 256549608
1 6 217265253
15 14 125726466
16 20 536374280
9 16 967714594
14 14 701833957
15 15 549560437
12 12 508750774
7 12 814265555
17 8 858706369
12 6 51881694
3 14 850028506
16 13 195640299
9 6 873786610
19 12 292667707
13 17 162884439
1 5 423812500
18 2 790466129
20 4 255810768
11 16 685850614
5 18 59334742
11 4 949001623
15 18 312572038
9 7 282135971
6 15 532827055
3 16 5125966
6 20 340568007
12 15 153394186
3 15 307392668
13 18 629173110
5 18 752183098
8 9 790582618
17 13 363150319
3 18 221593431
2 18 5914112
11 1 30553709
11 7 758591130
9 13 382358770
3 5 597379291
7 15 977683594
4 6 426540766
11 6 377876788
4 8 128489975
8 6 21732329
10 7 555961915
12 15 376482753
8 7 168387865
7 6 403900069
17 19 876645258
7 7 183353914
1 11 282876550
6 5 286623571
4 20 304942275
12 11 483263803
13 4 654550981
19 19 121410216
18 7 896645840
17 12 449005309
18 2 621981236
9 17 263260774
10 11 339099523
12 15 771412539
15 6 815030826
1 12 275779181
4 11 766325649
18 19 239250683
16 3 634469350
12 13 884458755
16 6 59623361
3 20 830534462
20 20 171758338
17 19 357648185
1 19 319147814
12 17 152750722
12 13 787771143
2 18 944750961
12 14 924574331
13 5 808524408
7 15 183550922
4 8 721321700
17 3 645023080
12 3 88376380
14 5 918391712
13 8 345501275
3 1 233915402
15 15 695758318
9 11 654020866
19 6 798270711
11 19 148865099
14 11 180753035
15 20 107890675
15 18 979034668
13 3 256380453
16 13 841909372
2 19 360961691
6 11 598936149
17 19 985850286
5 20 883878215
10 3 218108390
18 3 974702942
7 6 369954829
9 12 176335388
12 11 254847588
8 19 731247091
8 12 834333757
17 1 680547345
10 10 783547186
9 19 195464581
13 14 458360051
20 18 92038505
10 3 156030550
17 9 639934394
14 8 161562927
12 10 455195998
19 17 407726048
3 20 105386147
7 16 835039004
12 20 732873701
18 6 444578484
12 15 39161116
17 20 403081999
3 6 574694636
6 7 960691367
20 15 598807735
4 4 643779789
12 7 796822643
14 9 843382042
10 4 693035825
9 3 357086605
8 15 342656290
15 3 386336666
2 15 85637185
20 17 683007321
16 11 871355821
13 8 290219720
14 14 37780162
6 3 70577725
20 18 722118461
16 10 173374874
15 18 818284325
10 14 714582999
16 18 857097086
11 11 76426926
6 6 365771219
4 9 574428025
12 11 107668315
8 1 479277768
12 18 907639501
4 19 18318124
5 10 342189720
8 14 619298264
2 1 648276033
18 11 227749042
3 11 603227108
12 10 412061828
20 16 774732275
19 10 979005946
16 13 466968245
18 2 254464620
9 11 813066361
1 13 434175572
8 20 669459874
20 16 901504648
5 13 39077024
12 8 291750520
20 20 909293572
5 13 95275368
5 14 212018509
18 16 727241257
1 10 225856996
18 5 788450110
5 8 853196867
6 19 22833265
5 3 215354469
20 5 217590634
17 5 552935778
14 12 283890981
10 20 842167918
20 10 587602331
11 10 633652979
8 15 854767675
6 3 722927671
2 2 361193987
1 10 370189154
19 1 892582520
17 14 586996889
17 2 345400820
10 13 229616324
19 19 976478288
3 5 503508372
13 11 694677331
2 1 555082019
5 15 21459878
15 19 365587780
12 3 7278333
6 6 99682423
10 20 869187440
11 14 541705522
1 8 978854564
14 16 61757572
13 4 126729754
17 14 527740122
17 18 297881824
10 11 896352379
15 1 930254488
19 2 916735007
10 6 132050972
9 9 691358406
1 7 359544459
19 7 259076044
19 9 246737536
15 2 808368926
2 5 153491414
8 10 522070955
19 12 897140431
20 7 575200001
17 7 724649779
1 3 833808802
9 14 239350400
11 17 335730754
17 11 106528566
11 11 328751302
4 8 26604274
6 7 131735511
3 17 215988110
16 20 760334068
1 19 296830386
13 9 426299131
16 2 136117208
16 11 255624468
11 12 202062448
17 14 14028940
5 6 735381168
16 16 75700612
8 7 778827207
3 17 170965447
5 15 97968928
11 8 317485643
1 16 683136120
11 20 244822854
9 19 286024166
13 9 966700976
12 9 264196448
10 9 236179653
8 16 457811813
20 6 377396076
16 18 714091071
19 9 762519303
13 5 983032647
10 16 233234203
4 16 182717824
5 16 122305086
18 8 441571827
1 3 243069127
8 10 153833162
7 12 258207098
14 4 485772845
19 15 819324187
18 4 412221434
19 16 506821743
4 4 86786874
3 3 875557899
5 11 387779622
13 2 978802243
5 14 488534045
15 5 68695191
14 8 373859224
9 1 119817465
20 13 616146424
16 18 374774274
6 20 99074624
10 6 347887145
6 12 12487612
4 12 369759187
11 5 182860574
9 20 528720413
7 9 705138178
2 7 662223336
2 10 356716551
8 15 717431280
10 13 133221232
2 19 337935773
5 2 469078317
17 16 552376625
5 4 477221778
9 7 100144899
2 10 873739918
20 1 912585146
5 15 877216674
17 18 836577735
10 4 256067373
17 20 884689823
8 8 906199348
10 14 106460555
2 17 630906996
17 18 985902405
4 17 710741988
18 10 547734593
8 11 750691637
16 17 952151833
17 15 993610914
1 8 769516722
9 18 988356598
7 11 760259521
4 5 982326273
7 8 435913255
3 3 950880592
8 7 444047669
18 13 689833974
7 5 60340406
8 7 634973780
5 20 155627415
8 4 469634852
7 12 724683773
17 3 338009112
5 18 509743026
14 1 784678782
16 16 807144010
11 9 108194589
5 20 554868157
10 2 265202400
9 1 146184241
14 10 64970353
1 7 804600594
14 5 714937834
19 3 350075279
17 3 722432598
9 2 531159771
8 12 647891681
3 12 990802156
7 6 54125641
19 6 712541665
14 16 204157628
5 12 741631912
13 20 38732087
6 12 471341349
10 1 887384087
20 11 821960281
19 1 594970556
9 17 258473581
10 1 873619441
17 13 943357163
19 1 822861916
3 18 69750885
10 1 184581849
9 4 771514836
16 17 803154352
10 4 904948539
18 14 88488350
4 3 76827367
1 6 925643484
14 7 777397641
17 13 557145676
8 17 744338191
12 16 603237891
15 1 494871738
14 15 362825012
11 19 252304514
11 17 561489465
14 5 657053692
13 10 534787774
18 7 659499031
5 13 35258467
11 7 729801308
18 7 364004697
3 1 145188627
5 15 955643453
10 12 270416467
18 2 927977004
3 14 547356976
1 12 474412234
15 5 189219640
2 16 538156833
8 12 420381636
7 3 639315410
8 16 842911244
8 1 329863367
7 9 543984725
9 6 964862037
6 12 559709152
6 13 528099376
8 16 199277937
20 14 731338414
5 3 312097479
13 16 136684539
18 5 4070417
2 13 240322508
10 17 58236631
15 19 565329077
12 7 416330840
2 10 849832328
3 9 25692806
7 10 464590396
18 11 286727804
16 6 568037358
14 2 315016771
16 6 7889082
7 1 967784772
12 14 748719088
3 7 42132126
14 9 525751646
4 15 430648647
16 13 779280079
10 11 556678588
7 17 542630075
8 11 128620257
12 8 261278838
7 5 996518952
11 1 728031763
14 19 877668001
3 20 894035763
14 2 879648175
19 8 791812351
19 1 142902888
10 13 782926592
1 1 382998166
11 18 530129595
7 10 548982003
6 19 17916169
3 1 31645844
1 5 611692027
5 11 905927895
8 11 318717931
4 15 350814814
10 9 894172722
9 4 868783219
1 4 728508508
12 12 285510902
20 6 543432579
9 20 435829808
9 13 94318981
6 6 876028628
5 13 878864619
12 6 987742872
6 18 418740006
4 3 421040244
1 6 740687958
17 2 913507703
5 5 14818240
5 16 64313979
19 18 478246426
10 15 497330605
6 7 124222717
7 11 734052801
6 3 107556671
17 8 251813370
2 7 883157454
3 1 530928968
7 14 663997085
16 19 958490805
12 10 141689900
9 12 430974263
9 8 472912142
4 20 819130048
7 9 819641666
12 20 980460088
12 14 390737896
4 8 569466221
18 18 814585232
20 17 993064802
17 12 161426942
19 6 154020825
14 19 481382007
9 5 950275685
8 8 950826884
7 1 407202636
4 8 488237728
1 18 86285325
18 13 242093510
8 18 741905500
3 10 922982489
9 2 83382837
13 11 90861777
19 18 434194439
17 17 754031619
5 3 261729894
19 13 296584512
4 14 98311843
5 18 628985540
12 16 930792575
16 10 432485547
11 6 994561030
1 6 873390377
8 7 786252434
20 5 566733662
14 17 243285937
19 11 56185675
19 4 323176035
15 4 412977884
20 2 154815762
12 12 466950794
9 6 609113400
18 2 348141308
11 2 515575003
10 17 159669336
14 3 222636386
17 6 85986844
7 12 545420273
6 5 787329798
12 6 788633670
11 15 882651648
3 2 943910298
1 18 238525088
8 13 54332130
2 17 554164373
12 7 169926372
15 18 605338847
15 20 932689545
8 1 92140375
4 9 522650656
7 8 474097625
5 20 776288320
17 16 123049775
9 19 927362685
7 19 772865946
13 8 987999502
5 1 987161627
7 12 928520102
15 7 212376027
9 20 591698042
12 20 607166105
4 1 621730741
7 13 354050003
5 8 434348993
18 19 149534599
11 17 906814534
1 2 901078166
7 20 705335442
4 9 292257137
9 18 339029269
16 12 456126190
3 3 67914399
20 17 536781623
3 17 427879381
8 7 70264883
18 2 807736045
3 17 426504451
7 19 43664254
20 1 812810901
17 17 28182688
1 18 404597229
5 15 108768504
18 14 340656085
16 1 25435999
20 20 78537787
1 7 394991514
12 9 937152712
11 1 427687420
20 17 193760119
15 13 581348000
17 8 146324018
1 6 144573861
16 12 381709489
8 18 961187886
2 16 3260465
1 15 286420942
17 11 171925273
17 3 807867917
2 15 717855877
9 9 420576151
19 15 772881877
7 20 481336594
8 3 861207398
9 17 221764852
11 8 463506159
4 20 856362798
15 1 284598597
7 13 703958798
2 19 29999983
5 19 253110545
14 9 425370929
4 10 865029000
16 19 971720182
10 1 490737053
10 4 162405977
15 12 883866921
13 19 415408688
9 11 677109332
10 9 946587606
10 17 437396200
1 17 481998542
4 14 413433849
20 5 117089577
14 11 98408933
19 13 552966320
1 4 142703337
20 6 637874134
8 8 203364091
5 2 179714509
10 19 749771007
15 12 841950530
4 14 641841391
9 19 440104572
14 15 609501620
19 20 802187179
7 9 254656569
12 15 596465011
3 10 614996465
3 13 143896915
19 17 10922988
14 12 44285509
9 2 80337175
10 10 965237585
2 1 888612593
16 16 134688472
7 16 513409251
14 19 458508103
17 10 634719745
20 4 735143117
1 11 386860898
19 2 8883163
17 20 509278651
4 11 602918928
2 20 266111710
20 8 308943888
6 6 127235960
4 12 624523103
9 7 353301499
12 14 511000855
11 20 382613754
14 5 235192500
5 5 116125201
16 10 391159083
15 20 520307377
9 1 796580837
14 20 367734984
14 7 601650372
19 9 609089841
18 3 288029903
3 17 900656460
18 9 364277880
20 14 247630564
6 19 37904309
14 19 872465790
20 18 944125088
8 11 366355947
20 20 393397458
19 14 717047151
19 8 837180128
4 17 153898802
13 20 430578800
6 6 553750909
7 7 87470910
19 16 927587422
7 13 283871979
2 1 374864454
7 8 434374547
18 8 122817103
7 3 862990076
10 7 532214388
7 1 987086272
16 9 107952490
1 2 116760354
11 7 987023841
17 12 469257050
11 9 808883478
7 17 717294402
1 12 3932612
4 20 44307756
4 16 182208558
18 11 967782878
18 13 528483625
10 15 613115636
16 11 563702068
17 1 433610931
14 10 905668316
2 17 406490886
18 6 646609036
15 11 345700421
9 13 739218095
17 15 512051887
10 4 835994991
1 15 559037187
20 15 443011079
5 20 274586508
2 2 697231806
9 20 106604124
13 8 911124564
6 19 570427969
15 16 857622135
18 4 346293990
1 6 641963
2 9 426163605
16 2 255296958
12 11 159801886
12 18 562678284
13 14 386867319
11 6 551273649
19 3 521408573
18 1 876717483
20 12 852582438
19 2 79239571
14 7 588460608
7 8 685426850
17 3 665551444
20 20 565593373
8 2 224834328
9 14 444866408
19 10 487189540
20 10 611470677
16 19 475596874
6 5 622020909
20 4 201719948
4 15 391758052
10 16 574390896
1 6 277513302
10 18 358158291
7 1 895236409
18 18 826863992
1 9 200742876
5 16 504020125
2 12 428198432
3 6 362821451
11 8 683139779
15 13 585484616
20 10 625926326
11 13 545252630
18 13 155476707
17 11 305322846
18 6 603744504
15 19 774519167
20 5 531730312
17 18 506157599
10 4 429043919
8 2 714966420
17 3 384401120
5 18 286792487
14 10 50482555
19 7 951366777
3 1 717125120
6 14 641481710
1 9 679717440
6 6 286509105
15 3 407126753
18 10 13132299
6 1 469807874
18 2 759329888
9 2 809038424
19 6 42043186
4 20 565957532
20 10 478539501
8 3 825368594
8 7 727189482
7 14 602073621
10 3 880715351
13 12 259644831
6 12 1202626
12 6 841087068
4 20 864174835
3 19 246159187
4 11 98704116
15 3 168727768
7 11 776566966
9 6 930254761
2 9 571725370
2 18 101046702
12 20 931757514
10 13 899330389
11 1 161179770
8 2 877615512
5 10 391890023
4 12 909163429
1 4 849387104
9 3 726591529
3 6 707074445
17 12 950829973
16 11 886582635
14 10 623091803
17 18 635674360
3 1 147349959
8 3 172433090
12 9 317737804
9 11 333618131
2 14 205033517
11 4 461392346
8 16 204434248
16 13 352728507
4 11 125960830
15 10 701249091
12 13 244301634
4 7 908622633
20 8 86804522
14 12 192574520
16 9 193557677
4 12 158040675
20 17 524185981
7 11 141955082
16 9 214477710
8 15 292481724
13 10 561283002
16 4 131815665
10 9 475572129
2 14 255489082
16 15 246087033
6 13 6760359
13 3 616380342
3 16 693172993
10 20 690523579
18 5 898053445
3 20 820445413
7 12 851708764
15 10 313501229
17 17 622768546
6 8 130166392
15 19 921573547
12 15 717004626
13 16 388631063
1 2 725574344
15 19 438674810
3 17 715970811
13 4 181969986
14 2 130280943
7 15 285619744
16 4 6520644
3 1 788493731
8 1 454666668
18 6 932750252
3 15 797446050
2 19 91478063
18 7 579766119
6 8 772383563
20 2 457512759
14 20 414523248
4 11 747126535
8 20 256234564
12 6 810863323
5 20 873407455
12 6 747431304
11 16 404736060
5 20 967449166
9 14 171512920
6 5 961227835
9 20 493838614
6 19 339542709
14 17 960929008
1 13 493061925
13 4 909129455
14 6 323661043
20 2 248426147
1 17 391883661
4 20 725855726
4 13 872986951
1 12 529245489
20 18 929530576
18 4 878044007
2 10 39116859
7 9 306328498
7 17 808062116
11 4 449037
4 7 140726619
4 15 883000483
13 18 690731683
3 16 278873643
12 8 24206391
13 2 804886653
18 15 218610699
6 10 585918366
5 5 715078202
5 2 699540322
17 9 584976784
12 10 677206283
19 7 581719394
3 13 483534551
4 6 807300806
19 5 508797166
6 20 656214561
19 16 719667489
15 2 238917185
2 19 225006546
15 6 841173627
6 6 999620408
4 14 770750338
10 20 263363757
12 12 247105186
20 13 972830443
3 14 180341305
15 12 863012042
20 13 461372336
4 14 379803832
11 9 690367043
6 20 297274586
13 9 925580249
17 14 231364119
1 15 298060660
5 3 221991048
3 11 718434213
7 3 903306678
19 2 482762691
2 4 347199001
18 1 614182919
16 3 871366147
20 19 749600989
14 18 754633682
15 15 393591027
6 2 644883010
14 14 443939611
4 8 395503698
13 14 180806219
9 11 765042142
3 2 156999402
5 5 512084862
9 10 698008286
15 13 443078270
7 19 163942269
5 13 177795701
3 10 298857358
12 1 599804325
3 4 206147570
5 11 31296325
16 16 144857773
13 19 176565971
18 16 282473258
20 20 348598110
14 15 666274664
20 20 357505046
16 11 550140764
5 3 257681099
15 16 966652096
9 17 444747329
9 20 930299900
4 19 207665607
19 4 607198241
1 18 383040780
5 3 441305397
17 13 902103530
3 13 676295130
10 3 859083016
18 13 515891467
11 1 564255820
6 17 744557347
4 1 683706749
12 5 505692908
14 4 230437653
15 1 453490068
12 13 284121690
10 17 927561240
19 14 938544946
13 3 712387393
17 4 54937916
13 10 224517007
11 8 624692305
16 14 973375258
6 7 842567876
10 5 727605332
14 19 814196437
6 4 296989168
6 17 527344579
9 4 88756977
17 16 999523335
13 4 983763279
8 10 910475462
14 6 287072275
13 17 662967882
5 9 8924423
12 12 711669151
7 16 287567337
13 12 902950188
3 16 492106851
20 13 108840162
20 6 283660700
3 17 253456030
5 10 424911907
19 17 692152789
12 13 935495600
19 2 52594438
13 9 977566814
5 19 897549105
4 14 691127437
16 20 545979606
1 16 514840915
11 9 896155379
16 3 965427973
12 20 494506655
14 16 685439350
4 19 79834862
14 11 367547192
17 9 724012275
18 12 389146854
12 17 880739201
19 14 112887331
15 6 915432044
1 3 993258791
5 10 853210395
20 4 461381627
5 10 902035198
13 11 198465382
6 9 432089585
6 15 980250046
5 17 474114048
9 8 912027967
20 1 947012893
2 7 688556413
18 9 815017743
12 7 749651930
14 15 68672884
2 2 554234453
6 9 116559769
10 2 339968745
3 8 334888050
17 18 305624219
9 7 978124422
12 10 44684892
15 5 933746276
5 18 905119743
17 14 61399247
18 5 874318633
13 15 407820904
7 10 528462916
16 7 937256987
7 13 243575587
2 12 124228241
14 10 256006893
8 14 948816359
16 3 940400094
9 4 996319318
7 8 748422281
14 2 527344199
19 9 367609253
4 17 460218591
18 1 838995450
20 6 36555376
10 18 111315900
5 18 789033331
12 4 551029845
7 12 240036678
16 9 126082725
7 7 523431173
6 16 708682663
2 17 692832107
8 2 960940119
14 19 41831692
16 20 542125812
8 14 821059011
16 10 109781542
13 11 79598488
11 17 76775862
4 4 285963447
13 12 636912612
4 8 976370201
20 7 953993174
9 17 602412141
14 10 280286845
1 5 128853605
17 10 314622265
2 18 838576179
6 1 610190693
14 13 814683409
12 1 238467051
17 4 423986891
7 15 917140
11 18 215319059
14 6 657799594
1 17 873076311
16 8 637933133
5 16 945727199
4 5 232154017
16 7 398984182
5 11 302721923
8 19 842172733
5 19 440732198
10 12 106994959
3 18 782350199
1 15 959216423
11 1 681376458
10 1 674165012
14 1 684987186
6 16 565097465
2 12 454240590
11 19 963844811
8 11 486776891
5 18 364373926
9 4 28527893
12 1 795852395
12 15 312453407
3 12 575953348
16 14 905812088
3 7 881544420
11 2 508202856
4 1 896703525
8 14 405370039
3 9 548992811
18 6 342157071
16 3 857486987
6 11 223154835
3 7 599566558
5 2 878893955
2 18 901438111
7 15 48186823
12 5 939300099
7 1 981496154
6 18 908429440
11 19 768759658
14 7 67579792
14 9 629318421
12 5 146255355
18 4 912356339
8 11 459403077
16 1 118537311
6 16 154445517
9 19 144184951
10 9 514451203
9 12 809682232
18 3 834110858
4 16 662967438
17 14 685852843
13 6 158765163
12 1 781850156
19 7 530300065
2 6 64322927
8 13 733920636
3 14 306072900
13 17 217153075
1 18 33079083
6 2 305050892
17 17 184963081
8 12 731897009
17 10 623479860
15 12 579266512
17 11 680576801
8 12 895102843
18 19 649363077
11 4 410155495
13 19 530143969
17 13 895902722
1 3 165100844
19 7 654108525
5 12 228398101
17 10 903432381
6 10 266035405
19 17 967491967
12 8 152369469
11 7 840752456
2 3 403770088
2 9 382278439
20 14 732357805
10 10 989075971
19 2 502729391
2 18 191711100
15 10 551509396
6 14 623870381
3 20 497514160
10 5 301972761
7 7 802996997
1 4 543918521
19 10 726479502
20 19 137012212
12 7 643395840
18 2 150351188
4 7 862898375
10 17 362299616
17 18 223030386
8 15 166067633
2 8 734042761
19 2 315041106
5 4 5669166
16 12 805181716
9 9 241467333
19 5 301325466
13 15 580511065
16 15 578240122
17 15 163999062
20 8 114843396
12 14 137113850
17 11 385384540
19 12 846570650
7 3 48463274
17 17 110655775
20 19 458689364
16 6 142065012
11 1 770725310
2 20 748657428
9 15 668510914
15 4 79362751
6 16 872900634
3 9 395159371
2 8 796540630
10 12 544557270
2 10 804506826
19 5 937384027
12 10 557150155
12 8 899923729
2 2 381753546
8 12 559714819
5 3 412475156
4 10 424404398
10 14 379810623
7 7 113977536
15 18 724720030
15 19 371194332
7 5 491520549
4 5 901095987
9 15 55915266
11 20 349978433
9 9 340145013
13 7 530887023
13 18 937461776
6 20 252094069
17 14 3065941
7 7 397721559
11 10 927812232
6 18 722930784
19 1 734259856
18 9 257009428
3 4 375071239
4 6 141936508
20 13 440335501
19 15 345400670
7 9 432586178
6 16 832549043
20 14 658993039
12 15 358744128
18 3 74114032
13 4 888707294
5 2 638043652
15 1 366078127
14 10 191950754
4 16 255058921
2 19 803138965
7 7 563635505
2 18 549739315
20 4 798067451
6 9 485101556
2 5 911882033
15 20 628615154
5 9 598984829
10 10 133136768
12 5 738687182
5 13 120258903
11 10 488773908
15 13 599390170
1 12 642016898
14 17 175473319
12 1 823801640
16 1 829827445
7 11 780323276
20 8 214740473
6 9 10328335
10 11 91513642
3 8 327965996
11 3 15912875
9 11 554808165
2 4 968091530
12 11 325913624
18 14 199437097
7 2 443552457
15 5 956274951
4 2 693480525
7 11 420433346
14 4 314065083
1 1 713664887
7 3 124658079
2 2 866037162
7 11 826216623
17 18 807842414
15 15 462918576
17 6 626926639
13 15 411084564
15 4 762749266
11 20 183664077
14 17 896157408
16 17 67747916
13 1 319978704
11 4 36577794
18 18 1245206
9 6 801826215
16 9 339356513
6 5 768136347
6 12 9663044
5 18 52669486
15 3 870098324
10 9 931063143
17 20 866921976
13 15 367798347
6 10 167229289
16 5 271256558
8 9 319756268
9 1 304898012
3 19 815629420
15 5 719066689
7 4 499308908
10 20 535942850
3 11 518823619
4 2 429893781
10 16 639769026
20 17 28743452
11 17 86798561
2 10 433532185
13 4 120798660
10 12 538997287
19 9 830344265
11 16 316417873
11 8 200779844
15 6 566170556
7 11 703227154
10 15 861493479
15 4 715660288
15 7 607045110
9 17 193240108
2 12 763682695
8 3 723965142
12 18 600345301
5 17 406831152
4 16 104865629
9 6 81809842
20 16 497792504
14 20 458565246
1 2 414885059
18 9 839495378
1 5 502218542
5 1 139233042
4 19 69932635
4 1 319309740
9 16 933522999
2 8 262622264
2 9 509053564
7 18 375458331
5 4 83048275
12 12 942930130
15 8 705090991
2 18 635920152
14 3 693886380
4 9 468013667
10 3 400446929
11 3 533957131
15 8 286261628
18 10 904596244
2 6 79517201
6 8 383823389
1 19 589405326
1 17 801319787
18 9 877437810
10 9 139330542
15 10 882109468
20 15 155371073
10 3 688396053
19 2 440612077
16 9 673681886
6 18 75024419
