15925941
5349100
28100391
3910715
406090
27230960
89799745
10359145
71860986
9279288
4655825
26830102
11167566
196569
24022904
35711354
216608711
85472282
22120553
10221545
9009986
39760852
2859850
28776379
10449313
22125041
27594785
69074498
41107691
5840687
77213945
8830258
21597361
7316827
5574459
3742941
47532372
25721859
42475584
1901035
20570031
1658332
142347681
6034951
12554895
1693062
2834344
22515972
9771890
91498231
17733916
4199853
5808283
4221586
83768174
6108582
21224928
56036022
74163433
144490216
16387333
39576044
55814372
1118991
15287882
44325492
79219118
1128577
734368
7217080
10402365
7193732
4774627
11628832
52364165
1950864
24385148
11058918
17661561
37743019
3715057
74566
5324051
5175703
5845360
71248374
24841566
81807428
30543197
32670464
12889115
39793637
49081194
39287851
287265
53869839
18028455
700403
168307
4439158
2699659
2524901
1621734
1896360
124501
2440097
1417521
276474
37586461
20261750
87354344
962
5242594
2904146
7394
8907389
5673626
26080313
21605270
253078976
42044494
8839225
40249447
349131
24763863
35146781
9120346
2063633
14814207
5398230
10980417
9148586
21303057
100965146
8831702
5100163
7021767
840175
7850341
5429604
749119
149558567
16908881
1108615
3269096
1747080
5186700
65389108
141131
32484078
5392856
5340167
1324768
34862300
10563591
139222290
17145798
5063326
1109515
7371
116106278
9195989
42273928
170934
38609977
7280752
202536121
51541869
1686927
4005850
98528
36204836
7406996
69245952
57062018
6007969
11023948
89048776
1507185
20098717
26712852
36522246
8703931
4522105
33062661
3881132
33925671
55387268
17506798
11599829
29614637
58606623
21894411
660046
6498599
1983091
6151432
31213194
68152577
22440058
4125785
20895328
66309894
9408774
17282230
725991
197963218
154477879
3871292
2759368
688455
32465408
96747304
7011593
7032759
12395931
39537777
4938302
8300801
14717786
20457152
9564651
31529191
13815154
11521940
3256505
24951137
218499653
1185893
4370
25710552
69328
13698421
25609129
4781918
4116519
28422379
16051998
8066026
7105610
4119618
6171189
5698432
16780936
628542
35509320
41782820
53241959
26204814
63957659
4391458
2813445
553923
21128189
4626491
18554554
10927144
6019991
128689
30854120
10481027
14298391
12422385
83519053
10959864
4190335
8638703
340892196
10257958
1313945
1590761
261705
614394
17417850
9388080
17491700
760969
5423300
12729281
1218038
16126144
3793929
59323394
22378014
10283708
27903579
2605832
6988812
104586894
1613511
7609021
20162237
6635920
70869960
1731486
101345358
55522604
21714
1142648
5449887
62264068
29303401
19612918
12229359
7573093
6814877
9501878
51724019
37883578
1630929
8116600
7876828
442463
25092292
17252505
8126938
5446427
6811129
60314
26011501
18151881
32692952
23400604
24442959
46235413
53956
20707826
990179
76713406
34926547
15116377
120161278
70508872
42287608
337971
16316300
17290638
7497443
288989
57634852
12845565
41384441
29463691
16742835
8393278
24840017
2429990
22544594
923543
519257
25985067
5909697
35156950
3079170
35341778
7619105
11365672
33962468
26563611
43234974
20158161
8596188
6237624
578991
5075103
7511529
5046407
2195795
1858242
237651509
2477439
14091063
10571805
770732
20302994
72384605
10641166
23323144
11176366
1600
29259889
7099393
14120320
46921689
11745797
106268399
6005808
60483335
67730447
5063212
31835878
1697056
1285771
17146981
5852883
130914913
6959345
21895614
24740713
1776483
6524191
37772188
88960249
3634120
3031305
9518957
255750788
164400667
3896670
94439039
9747182
21699969
75937
11462981
12810402
2380033
1480259
3221268
1482153
4475977
5133533
251755
13602141
76766892
171981
60939882
53439628
36156308
1059711
22274031
26785266
339760
4043228
8782323
174851796
20307579
77618026
14497339
134009126
4068453
1404936
8162318
34154601
6783644
3454044
5960294
88585422
4220398
134733390
2709889
15603051
3982606
1886818
5159932
1278933
9014153
64199163
2872723
314740
95501304
23287143
23122971
6789
124777831
15369318
24427245
3248456
6594050
203013
38743916
30749413
9559980
8092808
5830608
42344508
122961051
17956640
16899137
3145786
13346130
67574628
11075834
4998422
10780557
8088119
3473676
199214763
4742013
22122183
1499969
30163836
5494475
111622
38472075
3447673
20114819
152845
9622322
12242227
24895475
1839
3549298
50386332
15181626
1933708
61254424
3949028
30162598
27155735
27154638
45101141
29481236
62014356
9029158
8060875
5334628
28657929
24332239
16862816
27017119
153956029
8189951
41727861
31260887
8323202
24832070
43580102
21997948
5485761
23762704
71227904
1331869
2808795
20757398
145755523
182214
1253147
266064
9371970
41696868
2046811
63842843
14535018
16490582
27837487
16488149
39318734
49330703
29058082
9409732
15025784
22010971
127940881
4840451
43467623
15779552
91087198
15637835
41434411
2014754
30687013
69606165
25668666
9127148
7769628
4121399
40423415
26214969
141917429
7429065
6267702
14536749
20968316
445350
50811317
172738006
36444546
112684199
19319223
29483761
6120723
94598155
14927877
24438
6125005
13686085
47323063
10445052
176475489
31769616
9343665
187010956
221370473
52099
220868
1900949
30052450
5507547
26585993
2288883
26765003
158448
3723437
5732225
178123
85686104
16161823
47543846
8492936
24216419
108325
49010358
1028007
89299491
137438130
11595528
40059207
586137
28786856
22784109
7029682
30493791
22132861
9891818
11569026
4466822
1358359
6619699
15151852
17239641
31961129
1960596
5751039
5314354
492100
8708524
3409423
9926357
10844741
89175892
328344341
24073241
233364681
9926406
2636414
16683322
374354
4524959
4147850
19204411
30384455
13689483
48650918
168406
31575426
127857
91363
102368790
826444
24038491
44269039
3428231
13117035
8361178
74921251
8651974
8862775
18674015
2565669
11300863
8509592
8861758
7615205
94878032
7476364
42283548
16683438
3786132
89710362
128887118
57478730
2303662
153293572
42285350
15529888
22160487
81282667
4313700
2935626
75576176
31014182
93469
12379592
41393026
13320161
9085448
89976034
4311750
36333668
38587517
3604730
17207496
19485591
9662236
26241400
157504726
3771342
121996351
640448
119204251
365362
17990671
180212
57176824
4082242
6994405
14986274
42095040
14899681
35710461
8262567
8591975
7066520
42555678
16410560
501090
14662920
21266682
53358935
8789088
31386595
8875708
8593860
92356152
3089415
45548271
22416097
42772379
2850806
84190116
14129963
21309896
277307
12399476
6565616
31702550
25265238
48605427
37865624
9769481
28268300
79588069
2573380
9024300
22233377
17667331
117791886
5568413
13789387
3585579
5048768
5059183
54884168
55004899
2734579
6758058
9520384
40418820
2782697
192546292
30709457
21946543
19700773
484036
16994170
12825479
40349564
4030859
14962550
6164928
6508541
8375867
8514490
132131177
985695
13473800
4053147
4018014
3517140
194674
39311896
5338368
121436801
9768557
65623571
54361941
34608
2583833
3923999
3169811
32158838
19110244
56257090
923727
74567236
61137496
8231978
24982710
141644727
32659427
27967676
17951751
3770536
5689568
17708670
8163786
5447156
13198184
44415657
20874776
57495769
15790947
1332842
6222
4852072
7663739
57675
6846531
9348466
17315854
1066341
17679198
1865887
1033661
4541176
2322614
326176
17027189
65780575
36532072
192110196
82426802
6185438
17143757
106579242
32273079
17032558
1039826
54809975
19474275
2857189
125207641
44795340
13549701
460447
22042765
7904374
1568016
89283803
14601540
17886621
17753520
6283391
34921
47237250
49341
6471709
12644214
29513473
4245749
43205194
149404279
260694
86656964
147425221
1674156
2682486
15653876
19545333
21999828
11090727
16255046
17480312
11388382
106815441
1308628
4683160
35489146
131678987
28521697
46738229
303410
14457158
92605657
209292255
36182049
3446017
90361943
42703397
7143197
87193085
3935727
58719196
183053111
12636516
9070990
38450969
3175818
103352465
67565347
6056471
35372028
23389941
10062135
1699051
28013329
68189133
36117043
7971808
28562543
13898227
17921981
6133931
3196677
153867
27538817
3637238
25303280
10252710
85606
2622744
916348
37928777
10926003
7594852
9957925
4035720
5705385
1347933
22998614
12250507
21160508
30459484
61481673
1904831
3278352
27104990
9694492
37364703
6986801
21565762
7822078
1463940
7503968
11040142
23109558
893460
7394282
18978130
24467396
147726
30220010
9745466
45238685
4196498
7180108
23588759
10113510
25497823
24424110
6101577
3298420
5490046
3299073
34673935
68744865
3887247
93706415
4567791
113047431
19288754
20779441
4415682
22224193
6759851
62622670
22959353
4134561
213082510
20048558
13187414
5127997
7721834
13596380
105233707
6940740
5552989
5083254
28818044
11907536
4576700
11267209
28336811
29335452
202855223
8317261
17028872
1029669
2270080
19037031
19021021
962901
24191794
26722150
72539485
2966231
31623842
15411
7318899
1550149
4105296
13831450
14239462
67172095
234701063
10521497
30303047
1669041
28564340
2403896
9390514
6800833
14564610
4329304
46451757
53091606
16663265
852941
809186
25602044
2121037
6167362
10698646
162067
4033321
13113390
69857828
5571207
374853
10610277
128362091
261485421
41330251
28368986
429438885
757125
450181
1978823
499081
22312850
485746
17064620
13705563
1912046
3510815
17656835
17750143
3711580
19005888
7108507
3528872
274619
573856
14844913
22325238
23873297
8355657
2986342
4119402
14073306
20895872
35662509
23681463
15627176
59428555
10639790
80795779
20766314
10433211
19417453
22618743
11649899
26740496
56466814
13771199
1532387
9535858
89073383
53397797
3503128
9040690
4563433
18697857
4133327
23273787
10844765
2106132
8044959
8045072
47823791
19232502
3934727
9384287
40510457
46846760
1906727
70895215
18198640
105875052
56147770
3903708
14332586
10000091
1362046
23573071
28328702
1127790
8177197
43580479
57217102
99447618
23654828
5583317
9987387
19762202
22365302
92086857
38050672
18111568
556562
19425070
5255454
39417424
1431107
2803352
69949072
7295475
10508014
12574382
9781005
2875538
1397417
814525
4859054
61813704
25005927
14340618
13902904
605
14029908
30713120
49836910
267324
18745066
1700726
115889591
843525
35743813
4996724
59525002
1396521
15290416
29861883
3654021
25576187
886919
1562
76531491
86688456
8776121
7854574
191277885
26347506
53320365
21160674
359083
893390
11279563
295543
292092
247651
4536593
2399041
48555651
12447879
42502543
69444540
24764895
7801681
14499354
4516185
112857450
3424309
9257776
100747
31025150
34696613
8970357
551372
20173258
27321631
10062568
998088
26999830
218960537
188162437
704
10816857
3521164
97086962
37299061
27315990
36626650
30127199
24342124
32899225
29203082
7328742
19713234
6491997
16810
13493715
7424130
8598700
879424
1215190
49467883
40135214
6849566
4699277
127273724
11197793
37000534
16129016
4764586
30641426
28157820
1581634
24222830
360655
13494797
3583052
22965477
7646259
27760289
15030477
948285
15114478
29273445
8604911
21820675
4114755
12008015
7039683
7962319
23330768
28242298
13620061
23500461
6715484
169007682
2691889
27828732
32395551
5684901
225240802
20624889
22871503
154113060
128356708
92209648
4292045
19425744
110779833
18982220
23353510
39501517
12068722
12577150
18534490
4559174
15029549
52063872
22650567
26359
27562352
6818
40055358
23919109
9678955
7315200
3032930
2722686
10404992
10480930
38209945
12566065
31041131
990848
1747664
20125898
8489200
29129366
28190201
2020722
840331
22843976
2843394
24081264
4491
639551
6462996
26652659
9259596
1931709
25885610
487661
17980160
37334131
4443457
14223968
18887878
11587375
8840494
70611467
22744202
83201
27704982
430997
9960814
2782625
2985006
292366
195080
111857
1028614
12115713
5529953
6887748
11669719
3664410
13887770
20683042
2504294
5954479
21166075
74554326
8133664
32301125
1930838
32663182
20703115
3155622
25896872
8435282
1049506
16014351
27344558
10339023
2161266
4353637
2244400
8249478
69494
5781287
214086458
923939
203965
9261573
44414311
11122639
24891109
44222133
29669270
56399511
6722798
17288656
1753104
220520
556581
44563681
13522381
13620323
2637327
92647
6917544
36582419
10248356
48667777
58730778
252752768
13103160
2759957
5123577
17129828
40918546
35271393
28313952
19147656
24782066
4563146
8908065
125584693
85078440
8309253
6817754
288004
10946545
18121070
63379391
48510538
4776382
98343612
1133081
24996724
6647364
11978708
10041785
16406208
12641004
33081950
29474660
15251925
3425862
753667
8218957
83258887
27453628
1006330
26501491
107172489
21960813
22032524
94367544
1984707
8018193
40909947
9803753
672709
7685886
21783789
52457513
1008904
31697825
9622227
27358806
21047190
7170061
66170704
21059760
66921551
7018558
9941146
19811226
12686345
327852
15311092
12519415
6347796
17243834
6047610
430630
5136467
22147303
50315047
22624580
6039253
23559365
25590659
9311543
4854125
164664941
16132950
14861221
7701709
5151751
9129579
8330830
7176833
1592775
13866907
6015160
162282
4085367
405977
11157133
8740905
114803137
89354088
2730997
1277071
31449918
17335889
5547186
46478923
14971237
5265934
80877084
25056609
56962300
17254087
17364920
8777227
809955
19457248
953771
142748672
44122322
48777288
279077131
5811065
23445439
295776
24523414
28957132
329353
297204
160623599
147137396
80367663
1914733
61991771
192650
6559534
26933937
5193341
324661920
15707973
66384413
74678461
118023338
753951
109742587
28468867
19996558
65484162
2513162
20806804
14450466
8966395
22793408
359494
72967260
9400818
15622770
1235503
3818530
43119899
5734610
2569821
10690917
9632252
33157626
15708563
6962393
6038641
704957
2126551
40459935
97366744
16915244
11884609
9179177
3881261
16160577
7371306
7849325
5221245
238858
14595062
1704829
7322120
20296136
1634572
73122086
2834665
4065473
23457226
424315
50498767
8082804
7787328
16451435
10634
9217821
68565891
9673500
12671479
22942840
6909252
45945234
5750975
5575021
16743886
1003072
1523470
53360786
16873972
21094089
280111
11981848
28055624
17486523
6377
647899
6432241
22128231
1074027
74407489
565697
7873627
34536178
17188281
2861539
19291410
41177087
74216081
30356426
8466568
111296915
19218352
4073136
461728
15011794
48658612
22207437
61732591
5051645
2652313
32497285
9406796
39431292
3658335
16347869
14781364
282514
81401589
22311534
21220412
22688309
445794
2578859
10217197
12702358
99697940
65284748
34142075
5880075
12443347
3126623
307545
3388319
1327939
5507916
6979822
3620951
6079047
1516274
23398891
6292830
1896930
1725775
48486489
2173538
13656798
32150609
2122897
48450914
8619739
7797346
3628301
8371283
21611816
13319033
215289990
175261
16033638
31489070
31279969
4037567
10885154
21813584
12816449
26931742
5549020
11665392
6314745
37941651
17135378
1907180
262105081
38330237
88091208
1782973
6117684
356642
10555547
27830404
4747974
36462643
30369525
15436098
11276522
788233
53997760
35575383
82145643
29787259
6276465
60328111
1587253
11083831
17025401
10854074
3761500
5741553
5499213
30162782
52606446
9571266
2067354
40772791
15885929
25607389
135339
629756
124003787
42243143
23607473
84866648
9092173
3603181
4968603
40463747
9077140
762141
4172234
117657131
1394005
41951433
1357535
4252787
23606713
10085859
10910456
87381273
23219255
31049119
17821240
328587
14925618
302176189
10809324
20724298
97755955
1756136
48254180
38800628
37099984
11092042
9419396
24177036
19204721
14425872
5059969
2241078
385617548
14800178
53559545
118523989
16551410
176075
3841575
37095195
34239553
1493740
573635
57954763
16982694
13526167
8417574
12271992
24183011
26344077
3595609
17928783
3150364
582260
5705053
24860281
11028279
8403163
1165407
59450857
12881481
103619773
22718872
10307364
3170345
21911744
638582
1728021
9670321
20142263
3408623
9798384
27890240
3433761
31151
13429331
16869439
19191853
95129611
175505918
32548753
8829455
37805
26364591
87357481
13656221
26230991
215329201
33089771
16280893
21535176
1322708
12343985
983412
135347927
26707925
1300043
458115
14075133
22251367
22264854
671
10254115
672452
27137896
24317970
6202778
11067519
15171629
6009911
71467988
652031
50235315
21626573
219419211
20192416
79743477
1602549
94398627
7657990
6826775
17842857
19697505
615811
17639569
96493528
26285034
4308177
1538382
1541406
43496752
6678
2266252
11467319
24668671
235190
8510272
339440
88097272
307555
6487240
30383692
10285525
20781657
5901630
28869636
2340956
21170735
19637928
200721
47438425
4144
15029223
3066408
171797272
22143005
11361579
7016161
20404969
21971275
21589545
12856970
14078865
21475786
4337642
69799237
28516553
26735878
4600885
2023089
7438548
17716684
473135
24141563
9563219
3446775
162425
31631783
41019821
2276266
2743823
1496364
2293131
27475131
5478826
8635901
25904960
1488971
25313122
8142741
15369288
17311385
2750
54614648
28599095
188583
16568953
13774929
61520840
15086605
10785554
68667
83519670
8188678
19812381
5858681
842578
14385253
18551753
12404347
4996492
38742836
17066721
21694601
11231655
7965522
88050829
4900919
1959680
154570198
8257168
10506416
63185603
7848176
73261657
8820233
2056907
274342
3878875
102094703
28893929
15283594
957359
15131843
32159001
81278146
15914131
2308249
16030792
19132503
16449911
18563710
144682377
364362
750224
853649
95630
62413300
14961159
8335204
2237904
5060540
124283119
21857402
38266763
26806799
