2000 2000
1 2
1 3
2 4
1 5
2 6
6 7
7 8
8 9
5 10
7 11
11 12
6 13
4 14
12 15
9 16
11 17
3 18
14 19
19 20
20 21
21 22
19 23
22 24
13 25
16 26
13 27
27 28
17 29
10 30
17 31
28 32
23 33
24 34
32 35
5 36
29 37
36 38
32 39
8 40
34 41
10 42
30 43
18 44
24 45
26 46
46 47
47 48
38 49
21 50
35 51
34 52
3 53
28 54
47 55
15 56
14 57
40 58
23 59
59 60
36 61
12 62
38 63
37 64
41 65
58 66
48 67
66 68
31 69
27 70
18 71
66 72
55 73
26 74
15 75
52 76
45 77
56 78
52 79
41 80
61 81
20 82
78 83
73 84
65 85
76 86
45 87
16 88
72 89
56 90
72 91
57 92
70 93
83 94
87 95
58 96
4 97
30 98
63 99
90 100
80 101
86 102
67 103
84 104
88 105
61 106
99 107
92 108
91 109
37 110
98 111
68 112
48 113
95 114
103 115
92 116
77 117
54 118
40 119
60 120
69 121
99 122
116 123
75 124
109 125
96 126
76 127
95 128
50 129
44 130
67 131
55 132
89 133
103 134
96 135
127 136
82 137
102 138
77 139
59 140
89 141
62 142
138 143
87 144
108 145
116 146
90 147
70 148
138 149
127 150
91 151
120 152
63 153
101 154
105 155
141 156
88 157
105 158
132 159
150 160
33 161
100 162
157 163
115 164
111 165
135 166
135 167
166 168
158 169
131 170
115 171
114 172
159 173
81 174
104 175
22 176
149 177
142 178
157 179
81 180
73 181
112 182
126 183
179 184
49 185
65 186
112 187
179 188
144 189
132 190
122 191
33 192
93 193
113 194
109 195
79 196
84 197
165 198
78 199
64 200
188 201
171 202
134 203
121 204
124 205
62 206
148 207
203 208
170 209
148 210
186 211
191 212
80 213
140 214
197 215
153 216
182 217
147 218
107 219
46 220
191 221
207 222
194 223
192 224
182 225
82 226
178 227
42 228
168 229
57 230
97 231
231 232
44 233
180 234
181 235
93 236
42 237
71 238
9 239
239 240
202 241
155 242
100 243
144 244
124 245
39 246
139 247
154 248
222 249
98 250
43 251
159 252
170 253
173 254
25 255
186 256
197 257
31 258
113 259
69 260
158 261
259 262
108 263
166 264
235 265
178 266
35 267
228 268
213 269
229 270
189 271
94 272
237 273
269 274
25 275
60 276
97 277
203 278
231 279
131 280
205 281
39 282
53 283
280 284
229 285
220 286
149 287
71 288
223 289
285 290
269 291
286 292
228 293
193 294
175 295
86 296
122 297
162 298
236 299
244 300
205 301
175 302
264 303
137 304
75 305
301 306
288 307
249 308
214 309
151 310
276 311
287 312
214 313
136 314
233 315
140 316
254 317
230 318
268 319
94 320
241 321
257 322
309 323
219 324
272 325
154 326
270 327
120 328
234 329
265 330
43 331
193 332
275 333
217 334
320 335
235 336
323 337
250 338
123 339
322 340
252 341
339 342
338 343
153 344
190 345
295 346
147 347
284 348
336 349
272 350
111 351
184 352
247 353
152 354
251 355
305 356
317 357
323 358
299 359
308 360
145 361
102 362
245 363
267 364
169 365
221 366
296 367
204 368
250 369
169 370
271 371
217 372
190 373
292 374
296 375
85 376
209 377
106 378
346 379
247 380
265 381
137 382
106 383
161 384
176 385
176 386
350 387
204 388
334 389
381 390
258 391
213 392
389 393
128 394
155 395
259 396
365 397
215 398
392 399
50 400
180 401
372 402
261 403
344 404
195 405
367 406
332 407
241 408
346 409
374 410
287 411
130 412
302 413
121 414
380 415
104 416
150 417
371 418
257 419
277 420
216 421
356 422
252 423
225 424
161 425
254 426
332 427
262 428
244 429
404 430
383 431
173 432
219 433
156 434
326 435
206 436
211 437
400 438
185 439
310 440
199 441
273 442
266 443
330 444
416 445
220 446
181 447
188 448
363 449
255 450
275 451
185 452
345 453
136 454
430 455
436 456
412 457
292 458
381 459
222 460
408 461
405 462
237 463
448 464
320 465
455 466
316 467
212 468
354 469
452 470
160 471
389 472
172 473
467 474
134 475
243 476
207 477
415 478
304 479
324 480
79 481
401 482
335 483
107 484
202 485
421 486
151 487
319 488
139 489
438 490
85 491
329 492
307 493
421 494
246 495
340 496
437 497
374 498
284 499
363 500
268 501
490 502
183 503
429 504
347 505
500 506
383 507
456 508
276 509
396 510
480 511
303 512
215 513
236 514
281 515
51 516
479 517
280 518
282 519
304 520
508 521
432 522
283 523
322 524
393 525
365 526
524 527
239 528
511 529
435 530
447 531
168 532
359 533
133 534
454 535
437 536
327 537
143 538
165 539
366 540
378 541
529 542
309 543
453 544
143 545
438 546
224 547
394 548
482 549
401 550
355 551
414 552
444 553
68 554
407 555
277 556
369 557
174 558
551 559
530 560
407 561
156 562
339 563
515 564
189 565
201 566
318 567
487 568
455 569
184 570
266 571
523 572
298 573
458 574
497 575
431 576
403 577
267 578
361 579
402 580
499 581
574 582
319 583
329 584
307 585
357 586
547 587
302 588
224 589
547 590
285 591
129 592
522 593
417 594
444 595
246 596
542 597
450 598
472 599
470 600
392 601
461 602
293 603
596 604
439 605
221 606
349 607
443 608
557 609
425 610
464 611
403 612
409 613
531 614
355 615
271 616
510 617
533 618
274 619
344 620
358 621
610 622
397 623
305 624
240 625
29 626
393 627
477 628
528 629
333 630
468 631
593 632
552 633
315 634
163 635
469 636
316 637
308 638
572 639
384 640
194 641
633 642
467 643
560 644
376 645
366 646
584 647
281 648
198 649
315 650
468 651
503 652
501 653
384 654
466 655
603 656
567 657
434 658
291 659
652 660
311 661
481 662
431 663
615 664
456 665
382 666
288 667
458 668
477 669
506 670
74 671
666 672
507 673
626 674
411 675
340 676
417 677
570 678
351 679
419 680
506 681
535 682
606 683
592 684
608 685
544 686
642 687
119 688
119 689
607 690
529 691
391 692
486 693
54 694
627 695
666 696
464 697
133 698
588 699
523 700
192 701
691 702
536 703
352 704
245 705
655 706
333 707
548 708
499 709
423 710
350 711
447 712
291 713
226 714
679 715
338 716
628 717
472 718
335 719
514 720
450 721
114 722
83 723
558 724
552 725
670 726
480 727
372 728
701 729
177 730
396 731
216 732
715 733
592 734
519 735
195 736
413 737
537 738
684 739
638 740
163 741
676 742
369 743
667 744
457 745
698 746
313 747
370 748
667 749
172 750
634 751
526 752
397 753
739 754
678 755
519 756
470 757
721 758
318 759
373 760
238 761
548 762
445 763
410 764
262 765
294 766
129 767
496 768
130 769
515 770
540 771
476 772
749 773
742 774
210 775
436 776
614 777
522 778
465 779
657 780
385 781
619 782
663 783
331 784
756 785
454 786
715 787
662 788
177 789
769 790
242 791
672 792
226 793
741 794
432 795
526 796
300 797
730 798
545 799
294 800
783 801
349 802
423 803
737 804
739 805
729 806
500 807
446 808
769 809
461 810
756 811
794 812
662 813
690 814
357 815
337 816
210 817
741 818
720 819
440 820
772 821
709 822
487 823
371 824
682 825
600 826
790 827
483 828
527 829
274 830
261 831
698 832
637 833
564 834
745 835
799 836
631 837
508 838
707 839
721 840
801 841
546 842
527 843
574 844
780 845
646 846
762 847
430 848
251 849
687 850
738 851
586 852
334 853
821 854
445 855
379 856
618 857
620 858
415 859
577 860
663 861
743 862
449 863
620 864
719 865
534 866
353 867
535 868
653 869
784 870
751 871
565 872
478 873
253 874
440 875
679 876
866 877
859 878
714 879
745 880
387 881
118 882
673 883
825 884
772 885
809 886
706 887
651 888
313 889
844 890
463 891
581 892
638 893
449 894
491 895
564 896
295 897
264 898
675 899
807 900
716 901
502 902
433 903
514 904
479 905
230 906
200 907
570 908
482 909
689 910
388 911
764 912
861 913
891 914
572 915
843 916
677 917
342 918
858 919
867 920
859 921
700 922
820 923
614 924
900 925
787 926
583 927
708 928
694 929
443 930
256 931
847 932
842 933
797 934
354 935
670 936
727 937
771 938
394 939
509 940
878 941
476 942
637 943
509 944
451 945
460 946
164 947
101 948
341 949
652 950
657 951
899 952
827 953
410 954
930 955
799 956
622 957
439 958
923 959
880 960
896 961
358 962
716 963
709 964
950 965
199 966
568 967
465 968
466 969
243 970
364 971
249 972
380 973
689 974
404 975
551 976
512 977
273 978
242 979
896 980
828 981
595 982
584 983
498 984
982 985
700 986
701 987
402 988
616 989
612 990
934 991
593 992
925 993
469 994
531 995
699 996
538 997
968 998
924 999
921 1000
64 1001
922 1002
905 1003
815 1004
301 1005
283 1006
759 1007
613 1008
368 1009
627 1010
1008 1011
481 1012
975 1013
128 1014
1013 1015
865 1016
746 1017
965 1018
874 1019
1010 1020
628 1021
850 1022
530 1023
988 1024
1012 1025
617 1026
983 1027
534 1028
982 1029
373 1030
419 1031
201 1032
828 1033
142 1034
227 1035
683 1036
310 1037
422 1038
746 1039
661 1040
968 1041
802 1042
299 1043
625 1044
613 1045
1010 1046
969 1047
368 1048
672 1049
927 1050
988 1051
621 1052
771 1053
717 1054
474 1055
611 1056
851 1057
977 1058
866 1059
582 1060
496 1061
49 1062
605 1063
868 1064
426 1065
935 1066
744 1067
876 1068
211 1069
543 1070
352 1071
422 1072
936 1073
882 1074
1066 1075
694 1076
543 1077
893 1078
907 1079
824 1080
981 1081
767 1082
361 1083
1034 1084
977 1085
710 1086
704 1087
961 1088
391 1089
1066 1090
780 1091
905 1092
367 1093
1020 1094
781 1095
699 1096
660 1097
1071 1098
933 1099
1037 1100
223 1101
225 1102
279 1103
681 1104
656 1105
278 1106
218 1107
656 1108
686 1109
382 1110
778 1111
985 1112
1005 1113
677 1114
814 1115
949 1116
1043 1117
983 1118
1108 1119
118 1120
1063 1121
713 1122
1053 1123
504 1124
922 1125
735 1126
730 1127
378 1128
330 1129
233 1130
645 1131
110 1132
412 1133
990 1134
779 1135
720 1136
507 1137
504 1138
1080 1139
321 1140
1057 1141
894 1142
434 1143
1024 1144
141 1145
793 1146
782 1147
675 1148
1017 1149
705 1150
633 1151
425 1152
744 1153
1151 1154
248 1155
1023 1156
306 1157
1134 1158
605 1159
398 1160
979 1161
856 1162
1079 1163
520 1164
568 1165
996 1166
964 1167
1072 1168
865 1169
426 1170
783 1171
227 1172
549 1173
757 1174
923 1175
617 1176
555 1177
649 1178
816 1179
579 1180
501 1181
604 1182
711 1183
809 1184
888 1185
162 1186
278 1187
1115 1188
611 1189
889 1190
840 1191
1021 1192
1178 1193
395 1194
248 1195
1135 1196
1145 1197
971 1198
684 1199
566 1200
697 1201
847 1202
196 1203
1009 1204
1120 1205
900 1206
1142 1207
873 1208
263 1209
1099 1210
1097 1211
688 1212
406 1213
604 1214
1091 1215
328 1216
646 1217
991 1218
575 1219
807 1220
1083 1221
110 1222
793 1223
998 1224
1142 1225
293 1226
498 1227
1161 1228
892 1229
740 1230
538 1231
167 1232
555 1233
483 1234
910 1235
395 1236
941 1237
385 1238
1203 1239
863 1240
1197 1241
1168 1242
1191 1243
1117 1244
502 1245
688 1246
616 1247
565 1248
820 1249
962 1250
1120 1251
324 1252
937 1253
327 1254
855 1255
539 1256
615 1257
258 1258
1063 1259
945 1260
1185 1261
1095 1262
1228 1263
1096 1264
974 1265
981 1266
1132 1267
1017 1268
674 1269
959 1270
429 1271
117 1272
1114 1273
1189 1274
843 1275
428 1276
183 1277
872 1278
849 1279
1036 1280
833 1281
540 1282
1240 1283
804 1284
943 1285
1262 1286
1056 1287
998 1288
1106 1289
1181 1290
929 1291
1093 1292
1289 1293
1220 1294
1027 1295
408 1296
451 1297
664 1298
894 1299
860 1300
541 1301
1233 1302
1208 1303
798 1304
1134 1305
733 1306
1227 1307
117 1308
1176 1309
936 1310
659 1311
1272 1312
1220 1313
1097 1314
1162 1315
630 1316
1074 1317
1189 1318
152 1319
831 1320
1067 1321
492 1322
1194 1323
956 1324
1277 1325
733 1326
654 1327
1206 1328
1039 1329
1175 1330
1109 1331
1065 1332
902 1333
685 1334
1277 1335
1208 1336
53 1337
1055 1338
494 1339
601 1340
835 1341
921 1342
1103 1343
1305 1344
582 1345
897 1346
1064 1347
1299 1348
1110 1349
827 1350
1118 1351
1314 1352
794 1353
1241 1354
442 1355
471 1356
550 1357
546 1358
1058 1359
874 1360
1329 1361
171 1362
1276 1363
1090 1364
1288 1365
1355 1366
1191 1367
433 1368
435 1369
805 1370
1058 1371
256 1372
747 1373
1247 1374
802 1375
1363 1376
1092 1377
493 1378
590 1379
1078 1380
1247 1381
647 1382
452 1383
695 1384
337 1385
995 1386
1216 1387
1095 1388
862 1389
1207 1390
644 1391
234 1392
658 1393
1217 1394
868 1395
885 1396
525 1397
517 1398
1042 1399
126 1400
863 1401
1223 1402
861 1403
424 1404
1342 1405
1399 1406
680 1407
1101 1408
1269 1409
317 1410
1064 1411
609 1412
471 1413
941 1414
969 1415
960 1416
588 1417
600 1418
837 1419
1376 1420
727 1421
712 1422
1235 1423
778 1424
1311 1425
1170 1426
1042 1427
1067 1428
862 1429
947 1430
348 1431
886 1432
625 1433
712 1434
411 1435
1029 1436
903 1437
1295 1438
545 1439
1051 1440
1368 1441
888 1442
1261 1443
517 1444
782 1445
1103 1446
962 1447
1040 1448
1179 1449
929 1450
1265 1451
1083 1452
1403 1453
1343 1454
1211 1455
428 1456
1098 1457
937 1458
774 1459
1399 1460
934 1461
763 1462
1285 1463
707 1464
485 1465
1420 1466
520 1467
518 1468
1096 1469
1091 1470
752 1471
206 1472
711 1473
823 1474
781 1475
1313 1476
618 1477
1144 1478
1461 1479
832 1480
1043 1481
591 1482
1396 1483
1365 1484
882 1485
960 1486
636 1487
589 1488
975 1489
1003 1490
1258 1491
790 1492
1361 1493
289 1494
1117 1495
803 1496
704 1497
824 1498
1421 1499
1263 1500
1435 1501
1455 1502
399 1503
290 1504
920 1505
650 1506
1485 1507
583 1508
1259 1509
669 1510
528 1511
1422 1512
1158 1513
187 1514
884 1515
581 1516
200 1517
1425 1518
1297 1519
589 1520
784 1521
486 1522
1198 1523
1500 1524
1094 1525
1170 1526
541 1527
953 1528
1057 1529
970 1530
801 1531
612 1532
1281 1533
816 1534
1393 1535
208 1536
1153 1537
1289 1538
1106 1539
623 1540
654 1541
1337 1542
947 1543
1183 1544
1383 1545
743 1546
1187 1547
639 1548
1256 1549
1022 1550
687 1551
1234 1552
597 1553
1349 1554
549 1555
872 1556
970 1557
1350 1558
760 1559
1351 1560
1412 1561
160 1562
796 1563
1370 1564
1299 1565
774 1566
875 1567
1309 1568
1138 1569
1325 1570
886 1571
1378 1572
1077 1573
749 1574
388 1575
919 1576
734 1577
1487 1578
1437 1579
1152 1580
1223 1581
1283 1582
539 1583
719 1584
832 1585
840 1586
1081 1587
630 1588
914 1589
984 1590
1569 1591
821 1592
536 1593
1037 1594
1019 1595
1030 1596
475 1597
484 1598
1467 1599
1387 1600
497 1601
854 1602
1035 1603
965 1604
1327 1605
1511 1606
1511 1607
1235 1608
650 1609
1388 1610
1536 1611
174 1612
557 1613
880 1614
1593 1615
916 1616
634 1617
1090 1618
1515 1619
1574 1620
1025 1621
1340 1622
398 1623
1005 1624
566 1625
1452 1626
553 1627
836 1628
1603 1629
1502 1630
678 1631
1185 1632
902 1633
724 1634
270 1635
1464 1636
1181 1637
409 1638
1198 1639
1047 1640
1350 1641
1442 1642
1239 1643
1387 1644
1194 1645
1041 1646
1184 1647
1531 1648
1359 1649
1638 1650
1637 1651
377 1652
1192 1653
952 1654
414 1655
1087 1656
1344 1657
1522 1658
1605 1659
1471 1660
763 1661
1087 1662
1389 1663
1326 1664
493 1665
306 1666
1340 1667
1419 1668
1128 1669
359 1670
1529 1671
1302 1672
1639 1673
1251 1674
1317 1675
1003 1676
1041 1677
390 1678
1329 1679
1147 1680
1459 1681
1335 1682
993 1683
681 1684
1405 1685
1021 1686
1637 1687
665 1688
1229 1689
1634 1690
787 1691
1261 1692
912 1693
645 1694
740 1695
488 1696
1635 1697
585 1698
985 1699
849 1700
842 1701
1297 1702
1432 1703
1459 1704
1605 1705
576 1706
643 1707
1311 1708
1211 1709
1150 1710
697 1711
1325 1712
1085 1713
1468 1714
747 1715
1173 1716
533 1717
1441 1718
800 1719
1635 1720
1561 1721
1267 1722
659 1723
1439 1724
1694 1725
1466 1726
510 1727
742 1728
1135 1729
1032 1730
606 1731
460 1732
891 1733
420 1734
1276 1735
1381 1736
1115 1737
695 1738
629 1739
1427 1740
690 1741
1119 1742
1623 1743
1723 1744
1584 1745
1190 1746
758 1747
1020 1748
1603 1749
777 1750
1478 1751
892 1752
1092 1753
1627 1754
1327 1755
1278 1756
1234 1757
1002 1758
1178 1759
524 1760
1607 1761
1290 1762
1183 1763
1393 1764
1330 1765
516 1766
1443 1767
1164 1768
1556 1769
1521 1770
484 1771
685 1772
1352 1773
1496 1774
1409 1775
1283 1776
1427 1777
343 1778
844 1779
1210 1780
1452 1781
1122 1782
1293 1783
1192 1784
164 1785
999 1786
1244 1787
996 1788
1510 1789
1260 1790
563 1791
494 1792
599 1793
1339 1794
1159 1795
713 1796
1144 1797
1542 1798
1530 1799
1375 1800
1402 1801
1165 1802
1550 1803
525 1804
644 1805
676 1806
1186 1807
1770 1808
919 1809
1266 1810
1514 1811
1424 1812
1600 1813
1432 1814
1691 1815
1687 1816
1409 1817
1622 1818
1258 1819
1265 1820
808 1821
1011 1822
145 1823
1472 1824
345 1825
1257 1826
1718 1827
1358 1828
954 1829
946 1830
1738 1831
1126 1832
1510 1833
1517 1834
1561 1835
1160 1836
1805 1837
1699 1838
1047 1839
1592 1840
984 1841
1153 1842
1045 1843
1206 1844
1682 1845
1171 1846
1390 1847
943 1848
986 1849
792 1850
1150 1851
1177 1852
1774 1853
1426 1854
232 1855
1745 1856
1823 1857
1361 1858
1487 1859
1751 1860
1704 1861
474 1862
855 1863
1664 1864
1690 1865
1482 1866
1161 1867
1778 1868
427 1869
1343 1870
1833 1871
1601 1872
518 1873
1756 1874
1460 1875
1320 1876
1285 1877
1611 1878
1244 1879
873 1880
1807 1881
1703 1882
1197 1883
1382 1884
187 1885
1324 1886
74 1887
1660 1888
806 1889
123 1890
427 1891
1131 1892
1516 1893
1756 1894
958 1895
624 1896
1435 1897
1053 1898
1864 1899
1549 1900
1059 1901
1205 1902
768 1903
725 1904
1882 1905
1544 1906
953 1907
1693 1908
1365 1909
1580 1910
1055 1911
845 1912
980 1913
1758 1914
386 1915
289 1916
495 1917
623 1918
1294 1919
1371 1920
1378 1921
446 1922
1481 1923
1496 1924
1536 1925
1488 1926
1779 1927
1624 1928
814 1929
1903 1930
1530 1931
1372 1932
1746 1933
845 1934
1386 1935
1542 1936
999 1937
1251 1938
1213 1939
1405 1940
1101 1941
1271 1942
341 1943
798 1944
1259 1945
1761 1946
1275 1947
1825 1948
1676 1949
1595 1950
1330 1951
860 1952
1631 1953
753 1954
1937 1955
208 1956
641 1957
405 1958
939 1959
1400 1960
1898 1961
1545 1962
1600 1963
632 1964
1621 1965
314 1966
1664 1967
1316 1968
558 1969
1486 1970
1822 1971
1846 1972
1814 1973
1853 1974
1940 1975
967 1976
1976 1977
1850 1978
1882 1979
708 1980
1151 1981
964 1982
1630 1983
1904 1984
1894 1985
726 1986
569 1987
1169 1988
1505 1989
1986 1990
353 1991
1227 1992
1229 1993
1768 1994
995 1995
347 1996
1567 1997
377 1998
1775 1999
1086 2000
358211067 616547536 97654869 255969972 671245769 936582926 343351725 612303584 988093372 688627028 307631845 597758005 509448032 271192553 229971404 495899725 36216554 198681286 894664112 547412814 652512285 607713032 42947133 858254225 17924420 738903071 844872670 600981479 918773545 659508433 956302296 948012458 82458812 376049824 32668384 689935873 593449688 673186767 366376127 796651775 164581836 945318003 391198460 536533060 873557175 474430845 848086925 857524444 786677364 67580069 683090474 712880609 947154125 515648792 843517399 700322057 331905541 601453793 755348123 355955120 33523635 531172946 548792987 491036021 848039312 536506600 921351237 700764766 405556451 765804563 701235989 768808330 639378232 201500984 570488158 801651326 26203370 341640132 680901688 663659217 124592200 449880886 339777239 30563001 653979015 246028470 594649979 881360736 741048465 969345031 762680006 804082692 25113182 160102108 516164396 168521291 715703012 643146791 10452938 943296058 763569636 189826164 494864 984240586 359977539 354265092 65791895 375964625 184036383 904491147 555718454 666595073 849712758 180549592 68877508 584410364 308704722 843091560 873206635 94581852 40031292 510425789 347604649 989875261 976873425 735591991 819905587 445626866 75606484 786210278 540665353 264276335 11543343 855135497 539710303 962897104 724904824 112477732 420299274 942445696 390235511 659493142 834233632 272688169 447401563 584440626 411381329 140672466 998080571 81914557 562571364 790494355 485052687 619770165 740736548 779193217 550569584 704294168 572625561 529407840 179900759 5624031 861424950 911034497 192891170 738658485 864276463 441801341 984167915 191410213 4224180 712734884 733707481 704836923 507010797 938257520 346584476 727082346 312046839 327289481 29675886 311369126 513582314 291679424 455689167 976573987 712258766 49639181 28114787 564305535 688720479 452608345 613511686 807474873 867091474 396813959 146542329 261286831 216891215 834924079 675816924 684573408 489827091 166294813 865727400 884999120 951116477 809102123 546704767 183232132 455022684 912414090 373780203 792284857 507721496 478592946 223941608 915935942 646309438 853514340 510134040 119753564 536494988 157362813 247879307 40578452 732339674 29058603 761866546 616231790 781228463 829445292 361429258 521247598 669690561 994939605 477175771 497731950 400950630 910520830 555909368 834687567 227645172 512059198 918755195 346146803 465322138 1226176 275171499 542337475 635885921 825933742 25080809 941081361 577762996 431936839 950395616 861529023 425234577 594917106 63466324 986027658 398207211 68949722 773413559 642489386 167543950 896863240 493046108 719531579 910066318 305655936 269165184 33079894 616775249 534954836 302481651 656370214 362618398 242164192 68468813 823770579 862519009 717300867 22599481 96009916 629078645 103370744 655725992 67767181 842193286 593267114 365542732 367542585 238729517 500781590 481341814 624670905 296174068 547380104 663693928 63408978 259184887 628740761 489120105 539855296 855665588 284842525 100179674 428698379 542366189 697864984 360060344 951267639 620666693 445820671 799441130 767974933 747564429 586381622 213756412 685200268 393664859 613980682 34015204 744681213 755460351 765191901 723009659 146795787 448550701 362518915 905208340 216944643 82571369 685189319 375324309 604616428 583666459 875546445 218952572 789760663 162693795 388823378 882959589 855941003 538770538 950544581 19508741 682675210 570110042 837519009 643751696 732250022 510226930 501523044 377506543 437634920 248203064 172672892 883274244 14964662 50433771 414003712 981044218 332684751 308628512 665073516 25624266 110862684 674800389 946533798 204449307 550757692 488806706 468026310 912351968 308777320 628375670 26357752 53440888 761392141 582606038 569926471 180225501 445263076 549612665 672907925 744757651 623896583 79155464 713089693 438461535 829958387 261549263 79759418 309040030 304196377 986242320 980982541 126109499 456635234 251269713 552018996 182059129 878103605 573525856 476486345 402685156 668451614 547293522 705789782 521792733 753752322 9288416 509807280 520933368 349896423 426986585 219627313 756372650 849496748 635037585 849225248 948917301 817182347 896237041 616195016 748427387 869111840 365920266 92472929 682042749 57889202 585888240 531521012 321900882 3948567 851060953 335629832 73809027 988808340 10377776 775259767 361135026 838038149 936233156 491155103 803703067 8190000 201041802 239219927 992087918 67027439 319619995 388194696 639208562 612621930 148473656 677132934 919039160 540247208 367533145 413922592 361119249 415923400 907733479 536121520 818516806 966604063 503943020 65946361 217008644 432694340 945218283 607086203 284615633 897815812 765330779 498597011 17559957 753745072 778963899 73801795 75087480 65526990 701030855 192264512 322876137 310411285 867241228 762566418 926740084 692228020 806343292 434918012 281977040 338238183 465533528 82578513 92796125 61799593 394899193 784093937 110379696 703345679 405865137 698097604 668491388 965827113 90741821 470845481 521948477 307641169 198313939 335178350 587952339 823118915 906000977 885617177 172518495 943616916 23233083 929248222 610193027 531838122 214341366 46282981 329704638 340648470 889144214 554663684 11506 827394928 192295140 699402200 675614786 902374139 872733101 234228365 43472721 566946685 146278948 939650660 705999770 207115151 555366281 728834907 787061059 873750278 568011585 864759334 970346704 206194661 480785030 524547371 99184940 735186149 134708174 453285400 262605230 977260572 84977039 937686090 356222303 583337852 367377456 543409031 239103807 673699930 850514835 733281247 64506139 390908102 827725364 49088408 994659769 380397499 736472371 682998618 814578435 16428545 796958122 751697206 783733577 621019175 852298015 96867754 944934097 991913178 835401985 834172818 464972184 768048638 82116659 229758984 775014353 903589344 647720557 400198979 484223070 16935135 315046950 458483502 644221317 850981405 471927491 917617229 211786645 936967911 466314224 379406478 893783953 990681179 620144979 48795268 837574098 597086390 260742532 945276425 806144570 326469700 355999106 980783169 597372681 411696281 746333700 709255694 139565556 157556622 841287042 217247692 925711400 859979848 315726895 35604115 113394994 954458276 259190342 543005814 642762535 371317078 927593927 61559907 116389976 129916407 592658151 782809898 36738170 17924022 59264079 993860680 116245067 533208520 474112849 702693383 558636433 164178074 775746929 470401200 638780755 568599556 742474057 779184565 296706292 23701226 121915545 441660831 285949998 969786319 398015983 680821810 347068176 976578306 608035836 684196095 489963903 886498599 232698814 353109728 960917866 340924059 83494925 761145507 531584316 568190090 281480227 712264875 393202754 729337205 569557602 554184125 620877102 22913493 913436143 686921223 193530768 437230178 45807260 453537752 706333894 300092418 312699780 468141668 543618797 967856940 679604905 767887905 3858256 612547048 743252963 250474115 652925033 964807496 269671775 238471945 946337666 302053264 471066956 921389158 875333101 122863234 369174497 59854808 614988942 202394689 367372855 349252852 706704212 322320927 555328479 224585060 410253979 858663749 722971416 448124703 493683966 306281390 883244177 91434454 88876707 53624842 188105244 292629414 899943709 457243011 170122687 109558406 763495694 154809825 388353550 161702458 953197233 15891319 805059622 372548518 775889267 820335103 559125568 811595912 370648960 497303874 816517970 683698166 907750324 257720979 315997497 246939760 901214293 931185764 488097308 591412894 605681944 615222370 317361564 599394942 794074226 169372125 550201800 445608514 98418926 589664315 852520745 11993283 952553667 998662737 806045231 677995263 64071240 165475666 612867645 975306744 387112153 669652263 746134204 96357894 142823725 255860494 779427962 3177824 971583643 837145776 17828912 498557125 30337110 471423541 715579642 882706877 485440715 256247771 719352020 473565927 533091933 581693734 628272336 902019668 937772909 536376149 614947334 880347521 845631800 493375224 888550802 589397092 158543214 202220607 887255205 483076001 750666400 245477305 516619236 653001855 709737119 149657257 560767376 927047027 507577177 434569055 737807417 390726602 629384698 362184366 568520521 395784876 241957361 185071599 308521225 761883393 694938880 954147168 44389831 665322290 562132151 257580141 266576158 278247324 361590740 492104166 849684511 363416144 929431910 672165098 109518636 974107776 472348040 582185657 879819191 179308680 722836818 784823749 108874778 913520510 674417810 759244321 398659385 586938867 395227713 337391945 335835349 582573348 767259029 426864446 908388075 131311417 303582032 983445913 280875991 945082979 802007607 162631429 97509402 306421449 728867158 495321158 420552833 975573439 360144111 818792594 747744882 769646993 187714230 999615246 815013871 498063080 983189691 626371464 908481784 597969654 296506322 647454810 815446741 315708935 98118027 872260858 192745529 72221857 643217348 363596963 374488110 659983339 669276004 329733238 981004230 110344081 588292981 22330822 767509379 925064358 469712324 432793011 99968247 526201093 265600419 73460217 724979077 999415935 777398242 750359033 412523802 182537333 215113541 97545167 536406970 927672282 383738017 281207955 243811641 394254171 69940116 645393085 753374816 778723398 849720175 603700215 321750788 170322121 162536063 177344975 477041388 294160326 967435917 292092239 417295331 279170623 431411930 541518219 168074797 789902565 197508685 662330598 920903109 452896325 180466837 218297051 650152729 792500629 598030392 226244326 322799898 423619335 772775200 246604747 190222882 727730383 562716099 333217707 306079807 218936734 964102966 62093451 449934807 209386225 601957944 68187554 323226944 250851750 751248728 813475099 682518911 788917788 286133933 457673846 51388833 294991635 299713706 616994961 647917235 726865849 838733296 468591456 489749676 767038907 818224122 141944570 965190417 348062812 762126598 701390853 936084929 709793483 422121291 880338641 705915249 656903572 894754698 714561348 638075237 554789758 667660304 114672963 732872125 657982133 283863690 172263765 147054355 94361453 786524959 551650300 255584049 557255140 442375697 392519151 109336764 333528203 482483758 433154691 481764318 439174572 191877022 6581334 522253516 519962147 911904949 310654586 410894318 61863171 398955340 923251034 477524521 274287417 640820093 87927091 330415871 867812180 168511552 749357656 193528591 911190290 129697178 315839180 282605111 595267669 179889159 941008691 2689219 133967817 20805295 8223115 332177088 382327930 416394470 102906039 316052352 922765070 48047367 64980126 710577010 305094367 77821403 197202587 914355751 664080382 55122346 315698707 479832233 592167121 572110031 647574567 502686756 752639240 334389505 604960503 371084515 253362622 370903495 373816071 788534640 970168243 912907660 551393101 406007971 825073648 264895810 930820388 87535372 424954908 757615505 251653590 439495078 832891706 905855676 100281377 793892186 482751905 931764697 559253915 867000625 637181899 662576983 349915084 768058185 221587520 127996698 677395384 536260251 872363624 701632574 341051700 388391268 195952764 132969337 816411309 728953186 308466463 569704459 477727197 727027377 286580789 101379693 302565076 440314187 285242747 951504021 769065135 632295648 680716025 560360789 492760641 78467180 150850072 949154253 272128642 628791405 723804160 209764447 504003012 245148868 214216154 307752336 238917573 16132641 19054716 671547005 577944398 636149308 157073575 840996964 345745479 388231354 998549025 525226311 172505143 445614418 759095448 279314319 972055565 370564632 785459574 90130032 731182391 940547251 470532627 86808645 541613269 333016228 702471558 186064134 959134124 322823172 679223836 179967480 436262564 44399720 823227334 610964451 214946081 526281916 162874670 97440282 413401586 568793130 637171052 101725026 415872222 585075135 590864707 654854108 408811326 150002155 934805101 453073097 670552432 226021632 584448618 197607481 760353225 80002718 821364512 342570326 324147882 240464331 670921907 54311847 30789970 131275805 776124054 712881022 349760243 687094931 759828938 996678814 345035883 761404075 745465691 461494159 176687606 837723319 861751637 493851480 111157767 589059435 757435689 696758900 923821337 634793659 219888484 41032467 945706512 223508830 886146732 478275308 973861526 220052926 312747068 439321102 639359317 269170086 648286889 799626914 437661525 49830818 696836909 226282218 921782698 985152448 191506440 838223137 645063506 439066524 85160084 968345721 183995844 238211085 930687436 133914279 614465584 328363931 901088697 566750880 655899527 309137997 10943617 763946334 748171370 55572718 439828259 940791825 910980883 510510154 164860349 582604945 696346220 69816944 900799096 964158966 814201945 154793412 934205732 3438100 331324715 416178368 572393907 666517088 735005817 139093434 429836038 834930230 264190549 915198293 594303120 170210215 856664191 158363300 898942805 138139418 74321246 290440038 390407957 676352845 170674342 749921139 167645251 124648648 615408685 678490030 737137003 72265199 303991834 218447440 299422821 863370183 583349550 224857091 813245496 113997836 844781098 386472590 510914513 862290909 492846878 79289106 633176977 955458477 21598728 662831810 408240345 967262007 737574647 811605160 127522824 504327452 654936281 663399809 611314976 299296204 930149261 412948427 142692828 112725781 425398282 872705235 979978339 513226076 413936176 349488686 141551922 454772769 285411417 243808605 679209957 373903557 924886826 697417484 517414681 107110055 336960206 853810277 183355290 285310118 750942351 806010263 134111851 745282686 339390529 150502559 94910459 77182115 448647235 99585662 485500835 954145745 641244793 655450719 614436055 589052014 459414354 978893273 674740560 166321003 52400399 378031216 930210362 988719521 615598429 432823585 355413862 736791351 207353866 107015793 416124900 83143056 64943806 438776209 857119084 600683497 617276730 534229004 319631061 608139699 360996622 510045378 930707138 867755544 480052916 281148769 228602814 688773918 117517548 919672477 988905118 310687482 177461557 46610128 386339745 803055000 521217498 507908513 544582362 983473191 698052408 573142926 628475752 710346132 646674035 401041571 824612343 274812260 912629302 462519833 490173521 327148631 728463648 239133402 532918211 188017468 302300455 395951964 133354892 398563820 943495221 509242754 211730368 831460169 498751258 26190378 330245117 788023964 496335518 334423314 642657252 502261569 701204329 967188284 34452178 462237669 871606247 361145502 51269001 78926689 149976318 769844925 43391349 546649708 601109776 144614908 5064996 163138340 456936456 20969597 328091059 553378031 379823005 199092881 926493151 149935905 768527094 303048478 772439943 943934141 511152900 467648402 73213308 174595951 985955388 702434283 9012931 939708915 261959091 18863070 561685629 861457656 862647346 430437296 685458159 813142571 596049981 36456786 684556284 965676585 790425513 915619078 26645785 169692346 992882246 565257899 633167534 294085786 152963854 924672208 190940987 620198599 763725749 242542762 109505103 163712092 209210839 443434886 639079382 363954421 763070897 903693420 775770655 664948874 575276422 700698919 487906934 8901691 754614654 856289739 679465335 809309519 545119797 369990388 225766825 344893067 281149026 781232254 429086178 423757602 609338514 933852898 50220987 797337919 13351277 602872078 553455700 444955265 90286971 321901305 1380181 32207443 811658881 156847188 603375586 233641068 303577349 132668066 239360127 787005365 390610405 276138530 531233894 889173912 1172828 843410710 426545655 490621339 697934783 378085366 130551058 992124749 104496716 242261172 385987144 528123550 921137213 431335245 536675192 900174573 597793781 596636155 707795504 190454678 141263284 459491167 204789059 275121154 384851886 662883384 406218605 394493985 270296936 110585418 291303261 308423890 458198495 961621264 58434470 463697839 935670144 594063437 531062528 14823014 358037779 192402286 693626990 632658758 440577602 490613498 187854962 343156308 382767944 393514776 668226799 980870021 909527984 691178125 530364683 215796319 850633687 347130684 849563161 254660806 94933375 736187869 594359102 93356338 222006948 127334501 399338619 616341567 251956797 454494444 908769589 284386198 225995232 277197563 935554208 958467376 725238799 967056076 764375015 338238478 117142338 524158777 67244323 247668876 108282683 957532595 160185201 114225740 930616317 237804561 696891697 392197886 240620517 909058395 200982441 810318383 224110301 711627368 781642961 795044187 988405145 505891726 608872017 11557903 10880093 131800733 247935554 499490783 646624344 846148091 485694982 943376028 378344344 976158557 605238640 506614612 839415496 116817684 282823212 806346527 238283478 527168759 245936203 866592011 807322193 846271071 902093978 518700698 568540399 101243216 902857314 620861347 675874904 867411742 648143383 603842576 344918508 61850218 40857178 311307812 665651750 602450560 588033705 820705594 940833102 227313435 955022907 142357046 229706472 202039205 711075391 325163056 39050886 794771236 909337007 427513833 572747696 372415636 850244590 470460042 78305092 218259386 614690741 178104585 138435800 413929478 759270153 69866399 284007020 752314552 713825344 727049587 903395116 45256733 401779140 55341645 149579954 328336667 485587119 216428801 281928434 651089839 493960668 67096495 452911128 542194846 42523715 696717283 758221627 78938667 498980192 23006922 59059397 691126463 700788314 798793095 290501054 377504883 947974436 6281252 832138955 253809575 3244921 186212558 638710629 353140967 159134371 755236295 171511637 455429478 102894167 953074038 289528204 445188380 68367526 589154270 288667158 569660056 76283661 323450143 458671783 562289354 559512078 496225071 385033121 472449422 626551844 622688868 221689946 97945083 693082290 695294697 70201088 220456556 102450466 972004227 821022876 652075857 969998565 219853996 596979447 882000832 181639214 529213532 379422656 805823145 426203902 911170818 470882242 447234939 636295915 837163168 724139365 440288057 817352302 324613093 7249250 846246419 551239076 728263632 984060496 959634677 980518690 974009853 115901446 585560907 953070811 855275505 434848700 262907417 900972764 690190608 830874865 602144892 586126738 981672846 918726624 826088029 970627201 874743517 474618448 128169663 423427597 261105795 733715058 662156717 33147023 359976826 651139894 775509276 661254853 548117545 312460713 185438046 392120170 276251910 471697873 44434341 413046788 554246122 262921994 791280660 839535929 397312092 603558836 804206729 586126741 41964322 916336708 855476183 721188334 323007669 604208188 408111132 440421671 550780620 84683068 221453391 938150169 578145018 912457167 557384824 913796080 205291734 884784645 44692128 185625999 367776863 534665195 429706778 49812113 17072909 478930618 527206196 429732511 97821053 456354493 2925852 190158502 649456135 656462810 976445158 748675029 864227223 881678267 778983278 154150270 270632766 818033302 679400615 840243641 75234862 106909851 662638660 990335440 38086240 347852620 203064198 252732231 372354482 352054745 572990494 44856518 827873843 577180940 358987079 374458004 243798216 257663206 327672679 439491160 755390224 536289431 766584232 590096656 710470759 825470728 775219479 580323753 47024597 960854190 460761998 618992533 474916835 578540845 547286586 24375806 286317332 94283118 938672090 683930224 917375556 617969369 868173399 687484455 985075757 916445321 449967574 57492439 691758130 180148530 163418636 258291533 176526445 625101301 514425841 481161423
778 1487 566989449
1623 1881 257082937
898 1384 579698167
1787 563 989050252
1 203 574377861
1647 12 917090371
517 375 335828215
1126 1813 935989187
157 695 383230112
1827 228 424693362
1808 1433 269724818
245 1096 827289664
1323 1897 123645298
562 810 292166329
777 1157 142726448
441 942 35711354
733 112 216608711
213 159 85472282
440 1690 894522027
320 1073 807139046
1570 1225 945061107
1885 395 399738391
1568 1826 322603150
913 711 847244230
1505 34 688803043
1676 1286 896301240
718 1623 395594410
1814 968 365410653
1659 981 760239008
374 201 844628127
1144 287 77213945
558 1102 631791258
1778 35 767875820
189 930 692449491
1039 1435 307331880
149 1818 341176137
551 1230 557759302
1662 983 25721859
906 1873 42475584
1095 136 776990046
1162 1259 353824675
415 1456 726154780
1993 779 142347681
343 1222 367639095
1751 725 566053301
1978 1897 255416812
433 762 879178511
1061 420 518559986
1753 631 93395394
1799 78 672284370
1328 681 490720386
1711 147 337113583
1078 341 219609273
448 1971 202778310
1425 1041 83768174
660 1643 263429313
510 267 818819108
75 1591 856495584
954 570 170173349
736 1330 144490216
1061 719 224055664
793 420 894957254
835 845 815263034
1801 390 907766528
1507 876 924433316
908 1763 872266550
239 744 978775247
1754 567 157738761
1195 656 694968872
967 1916 7217080
1235 832 759128134
308 201 816385910
221 523 401986271
486 125 535844752
1359 901 650394557
1375 1067 60477087
363 942 528722858
673 1347 872813445
187 829 231602568
101 1007 965894491
1176 1598 251000988
102 810 902889782
771 820 671121305
1509 687 5175703
812 1651 94722067
147 736 482629703
472 658 222680649
1020 1957 81807428
861 1652 30543197
1193 357 156217279
1006 1561 727538945
1319 670 134375489
563 1270 728897506
879 1331 832693905
117 1878 394035329
979 1700 947405189
119 1724 742809771
1572 641 904678169
242 357 360145846
700 1281 167070739
1268 1248 222023176
36 1272 744867514
1094 483 849963791
391 340 793451000
134 1027 895838846
1137 1125 465061952
1775 627 37634075
1540 1195 147417594
1703 1856 523027176
676 76 20261750
1514 600 623860944
1717 1120 41169430
1067 859 604405199
260 1786 68796586
1896 857 284071178
133 1144 793854713
1178 433 89602904
1290 20 176993644
513 739 461232257
1279 176 692145500
734 1490 420076914
940 1668 759894433
145 1646 311442000
747 1099 518614326
196 1272 897001891
1897 57 260102245
353 1199 166340566
1828 45 786342534
1013 1097 358165932
162 1074 545305206
1737 1513 831686011
443 1359 694081802
1973 1124 115352251
939 373 513488948
799 197 879948667
363 866 280355704
1945 1146 909840111
1790 1899 18764595
1668 458 81020907
1722 1718 26335480
1003 683 843876323
1083 63 149558567
5 720 117361609
65 238 165690451
331 294 3269096
656 992 403969839
517 552 593139039
54 15 65389108
661 438 136879664
429 19 780911465
591 1145 615578843
764 685 67606823
1580 107 60672551
1798 72 540718693
841 854 975184639
100 627 599165098
126 1105 383246983
479 1884 667327722
1818 1747 36958355
1283 947 187672162
67 100 459458003
1684 784 256931528
465 392 563495285
161 1793 61961823
170 860 931183477
1391 1488 665826955
128 1174 202536121
250 946 875224276
822 636 761281815
1112 1450 549804723
383 1543 262476357
594 1710 720967318
1699 1771 330360234
960 16 461061147
63 858 605855005
140 1557 57856793
1014 899 691279960
1631 240 683112213
846 1423 249296412
77 467 72505457
663 1098 526727658
577 120 287791959
1384 1084 8703931
612 1429 625576087
1502 7 749928248
1104 929 307677525
747 170 374171045
1535 1503 55387268
714 572 17506798
381 1511 599449597
1922 1209 29614637
1837 1823 243286344
963 1980 823916523
346 1505 26863416
1747 234 514278599
1284 335 286182004
921 1738 870484172
944 404 31213194
125 751 165807446
874 799 198005721
813 113 513364538
558 1750 121466233
1256 834 66309894
1754 753 322629142
1696 571 191633848
908 1245 347685353
1212 1948 835134270
146 895 486383420
1270 1569 339501124
234 1280 939249593
195 1945 75923317
29 1906 503280610
237 429 829893047
1480 629 995969135
1252 59 752597231
591 1792 915596359
581 1864 928437458
1827 924 267206610
1816 1069 66418007
1160 1683 257256861
1704 1884 265519521
904 736 683420005
1013 1884 199147366
819 881 346569505
1311 133 11521940
1912 933 106373677
1695 1233 830259407
34 1966 594549477
1103 1412 257155865
618 1890 539727818
1308 815 800340216
1749 927 456641764
58 1950 305431870
1656 1781 911647655
328 435 99363770
1303 1876 562652071
999 108 740617176
435 1137 766522074
464 90 107344388
1380 86 245575945
1702 1502 923483444
716 1990 345510676
99 1381 821027596
1609 301 895058014
1516 928 415223368
1020 86 745302803
1271 508 340767728
1347 1041 53241959
974 942 560344083
1722 1999 63957659
1366 1302 524688462
1931 1201 441691245
170 1774 873168247
1047 1652 502892507
1505 790 480637576
1865 1991 802123605
1283 1852 249138229
99 761 748178589
612 1785 394381087
1032 470 887392977
929 1941 972819168
843 312 191403721
72 1230 872665169
808 776 557949898
1059 1254 857871361
1789 1414 988436098
863 802 914463677
19 1753 340892196
367 1055 713409248
597 184 453119218
61 1458 179661874
1072 933 872883582
1228 382 579384264
1523 1088 480523530
1566 1758 625310974
358 1461 848791479
254 866 631103245
579 130 937205409
1129 49 599912429
1982 139 484208396
1408 1505 16126144
693 502 47228166
1065 818 485223205
1962 1625 587343607
21 957 600643655
1463 178 683031795
1924 1072 994620943
746 119 967648206
1624 1138 104586894
1282 335 768955701
557 579 382036639
156 1049 91265915
370 1318 438502334
67 1023 70869960
212 362 774075469
360 1023 274018250
1016 262 486156785
324 1465 118017505
1881 1757 856073044
698 510 858240413
1987 537 930437467
148 51 127308553
1471 1181 372076437
1649 752 581721441
1275 802 154115422
644 631 469093040
421 1735 488094824
512 1455 258573185
1200 312 385357845
1328 1210 41116599
1433 1490 59505433
608 882 755076700
895 810 777376488
340 1835 556408282
638 462 706691119
1898 1150 242355303
1261 1609 263408619
794 1671 854216806
1606 1421 138909257
336 1475 233742703
295 272 556736917
559 521 436817474
1040 993 281083402
308 503 429039048
1873 18 530563797
1925 1949 579295601
231 579 532647770
1474 1961 905810790
686 571 909179831
1722 884 784549716
364 372 559793625
1447 337 120161278
87 835 762813720
1209 1088 432048736
1898 740 869483986
1834 556 579785429
173 198 17290638
921 1756 351168835
607 329 667303890
1213 150 464534956
1485 83 782715079
1439 1871 266339905
1604 1743 645098128
285 552 943321556
1991 584 851411402
1454 1312 474554199
652 419 94118993
59 882 906734116
1940 20 65942455
1628 1614 818601837
1556 130 795039871
1516 22 708918315
1895 1103 35156950
591 379 906279598
1373 1860 677409253
1516 337 142813070
245 820 581853830
1748 1534 986246608
953 965 688466275
89 1246 960971045
1548 562 705703709
563 1188 622944202
191 92 48049376
1429 1841 188684235
1059 889 828899914
1967 873 379117759
666 1548 289461119
303 1264 948212901
1380 965 626814982
963 13 654946840
1692 1907 658544984
21 1275 819418353
359 1695 384340779
1706 1639 559048684
1977 744 454107457
522 1845 349803392
1137 832 980462820
676 376 493513132
1558 802 274306901
1717 14 598405648
1930 968 632156711
221 1409 956256829
1744 1204 14120320
789 312 559491609
1760 1200 427082459
1094 306 737665813
1019 335 6005808
1689 821 403053661
1976 1964 779195909
816 1303 57298761
1841 1764 619983095
781 1012 198534908
1767 194 951677164
199 944 622717943
139 1125 688185857
85 466 949475764
1123 653 957645601
431 1640 323608329
336 1531 858309462
1647 1470 888264346
986 1558 285321187
1223 27 611550808
1074 1083 771794667
347 1950 308847951
1881 1798 436120534
776 255 63292217
723 218 255750788
317 1138 963841797
1201 749 413470811
755 764 899498661
451 908 885612070
411 1338 611940624
1996 1187 32736961
1585 818 628808576
901 1171 743571267
1078 848 808245303
266 1243 959791490
1504 1271 70988449
1358 285 206807637
1380 476 62037782
150 1822 117611091
442 947 678133771
792 1773 155809497
11 569 692030582
1256 771 156966051
1703 1121 546380597
138 554 165917360
1287 331 611972923
821 1616 228704883
1020 18 588520356
1370 1310 573531988
1814 947 593286348
1788 1219 49850488
372 1638 385538936
1540 1256 556733770
1769 763 573724029
1686 1205 558859060
1200 1427 490925854
36 876 366707940
1848 845 500595562
1458 1099 771458027
404 805 264132290
1003 454 702209430
1600 1217 408889756
552 1901 695529351
1991 173 215587254
688 411 700889006
1622 298 865727485
376 4 463897062
41 298 502079428
1207 1084 166904364
1713 1050 472048846
1924 537 918764836
747 1879 499359887
1221 1642 970142755
1561 1791 483835975
497 6 792735079
791 840 586133302
171 247 317128240
148 211 517518702
1218 383 612542538
454 1922 90150410
1921 618 532794712
352 1870 962296840
1126 74 216870302
1386 724 450415109
1374 1917 128953779
1423 1000 550183739
1187 892 93237445
288 1170 865709868
681 113 691377517
1826 922 571168684
1182 393 180597951
920 1304 32033978
1365 1727 202446616
1941 686 122961051
174 57 847385763
444 1018 429194255
415 226 904122138
308 991 133099694
1121 688 67574628
971 422 931978943
1441 81 4998422
200 505 755332456
1507 1185 562007109
631 1365 991101850
1821 1107 821903631
649 1754 107894239
1080 91 685597983
1105 1701 662989494
1492 1868 73555185
1119 1123 658852712
1289 756 507046109
1228 1476 361271973
566 591 636424706
736 588 142366823
1901 1430 323423017
1320 980 136554970
564 666 149179853
1466 1508 414371739
1205 1978 563053083
502 1221 668928032
167 900 590096635
1049 1354 614513918
1575 1719 897550123
512 776 199153868
982 1182 825879928
1284 1088 250952533
1934 995 269113096
476 565 282914597
1047 912 622875375
1453 94 462448772
831 361 442812300
1677 1361 203761295
1527 1516 964950242
921 1761 599793252
1124 50 301346098
1977 494 24332239
1552 391 509502336
124 924 546311699
491 1202 647701537
1904 1370 368471579
405 827 952023506
1203 1197 164460047
866 530 377710178
886 1690 674974924
458 479 235599934
1560 1073 893565130
576 1103 88097804
61 611 627188134
352 177 767064484
809 1780 36868972
1347 904 909808853
267 460 858477148
75 664 946215085
1774 1834 781833910
331 1910 996670444
692 989 626883297
556 235 711974657
884 1218 502658558
466 1372 258016783
1340 1021 228424679
623 1085 864432674
1417 692 564238330
1135 1634 992264257
414 1287 496863653
1371 1837 980973691
1340 1617 745831214
496 1030 413831743
844 1766 470531376
812 401 733392395
704 280 958294307
1559 620 741288802
615 1821 624985430
249 144 593810621
246 323 361926355
345 168 91087198
963 1479 744865328
506 570 702062515
709 234 812248514
636 317 600352853
932 1708 760389094
1328 1219 416076623
1875 689 925823530
541 1287 312078675
562 1999 503006572
1560 1555 799177856
797 1848 926104452
1383 1174 839334913
1995 723 155808495
771 1953 334572509
61 1619 718533084
1715 398 718259762
278 1927 186019350
38 195 908034467
1943 116 172738006
1813 1472 490445747
154 775 112684199
660 1118 288411419
1203 894 961877881
1718 1034 602193861
1815 282 94598155
543 1299 600043669
65 1918 658351782
1138 796 619864874
1650 946 956008775
96 357 721408227
1700 1541 258380606
919 1113 925451709
454 1033 500961689
1947 1445 529715400
539 928 572793296
785 1444 221370473
461 455 696195804
948 1155 147361988
718 575 133793671
1618 1863 706688775
1606 28 144356490
1821 1250 905244833
1507 681 232260287
86 467 69712136
441 1210 373152150
1766 1079 674080137
320 1533 454777840
508 1123 251048635
1738 798 524147639
1357 90 268380821
1424 1589 386288096
1271 271 86438541
738 980 261206523
1747 1746 458748325
1452 1905 872795848
709 1711 1028007
1712 238 372122703
848 1675 526261508
447 1743 812844450
50 1841 175219345
1985 501 113045285
925 1207 524257934
1638 1388 425469265
343 14 983192452
422 340 971679542
299 645 47246043
1642 1250 914861740
1144 1671 797023243
343 342 817935797
725 1568 739879277
1692 1994 177412547
227 952 15151852
1154 1545 826336068
1479 1608 994648625
236 1676 579563782
365 1060 326637877
349 281 219910505
810 784 295252355
969 1650 859869266
1077 1626 65825308
1090 1306 798736705
594 1985 448532313
1175 705 89175892
9 141 940647925
1160 412 658036530
26 757 972267752
1312 1800 554461458
198 353 221730954
1395 177 769196117
1956 746 889762996
1292 539 628311128
198 1974 917875723
1231 1212 259668742
1872 1934 594338535
1976 1203 146888643
491 150 702629933
1744 401 472188540
1347 687 344938984
631 1135 776666951
1925 907 165129416
1497 1662 428645470
866 669 617642130
1520 1476 106497303
1526 760 879236593
837 450 128863487
1382 1513 80164305
1303 963 995086810
498 170 74921251
1577 894 504041010
1029 1776 758639738
448 1244 832777386
345 894 566871204
59 981 612560725
1185 1607 685666388
325 125 212952982
1808 48 759657991
1067 1860 94878032
927 1367 862161552
934 351 262664199
1049 82 255962912
1747 1490 454236132
744 624 674969190
1192 1023 599419745
1624 1630 578753395
1197 879 269524700
494 39 153293572
969 1662 634811405
998 899 941482719
1395 1670 172663046
1432 372 566723382
1018 189 576299565
1436 1443 840665437
119 562 75576176
1933 213 577726586
1022 1539 822046507
1381 491 934687297
962 1614 533844613
1937 705 153340128
1180 1253 592375205
1474 406 89976034
356 582 196331582
178 592 695826810
984 153 715063883
646 370 877179614
296 224 60154629
614 1433 49161477
1965 1579 325741462
1938 1489 986846356
1734 179 377132039
1571 488 547329263
231 10 121996351
184 1585 826409499
738 326 594006932
1054 408 689965766
1664 1913 92311917
1418 1975 207534078
1266 564 696536141
584 191 216627588
1963 1401 429248936
27 838 14986274
1625 36 449797292
1200 1042 14899681
1269 1138 980203591
1781 1419 310813934
1336 190 399360227
743 224 485774072
1431 143 42555678
908 31 867896092
584 1620 588795958
1229 1478 238604528
1764 1295 185444756
942 593 345994436
1492 886 703050672
677 1313 603265055
322 1355 39438709
802 1452 106137565
686 1325 924822577
250 1210 958917895
1830 1467 446509790
1118 1183 147008297
385 770 42772379
1759 988 39588976
145 28 84190116
776 17 357978362
819 339 580082885
276 203 483200405
267 1055 412824144
837 91 79736182
962 612 423974463
183 81 807939748
195 708 232641810
1032 1977 695847757
595 637 748819412
1163 73 577744712
1763 748 525202487
1860 1421 211632140
1412 1615 842754115
507 1072 122804282
995 760 340894275
251 1712 922199098
128 140 751825210
1204 1742 917079305
1342 1561 523736875
1188 742 617796372
1854 1990 473948160
898 365 330683056
1857 135 740620480
1437 1405 394411682
1516 247 51822713
642 224 369802012
816 85 183545627
1000 40 420761417
1700 716 192546292
1005 1759 177662137
701 868 186864167
1948 830 781155258
1065 1122 774811621
530 1520 59941303
788 10 708380699
15 499 960235180
710 1790 952551922
1193 405 969857645
1375 434 531232283
165 1749 970964391
1082 1379 420000023
1094 779 856856547
213 1938 505911380
846 1516 510058231
882 696 293144998
1707 1194 89947413
392 1692 863448839
749 14 3517140
1296 1449 298856458
434 590 502425512
56 1217 883360371
1922 1013 121436801
1114 1546 499732460
1842 1751 536505813
604 1014 426065495
1956 354 46375718
1384 1806 250091477
1884 1933 630105785
1302 1037 329040893
210 1349 722527700
1672 1228 19110244
871 1317 491756202
534 1492 266420616
617 460 473364326
1472 638 696328600
1980 892 544499710
1874 279 193671432
895 38 306226563
907 1052 740994772
58 1424 523867401
1097 346 354994333
822 1891 624468208
892 159 554275209
51 111 17708670
1669 315 645345685
1058 285 447730449
1965 265 364397324
1996 125 228452040
1595 1386 397086911
1404 665 671931824
476 130 948177191
614 1817 624526448
456 857 574820338
1771 1365 682431282
1593 257 682028504
682 947 351868742
67 230 737247348
1368 1126 754171420
1938 1089 751241505
1248 1342 554092153
936 1704 854037161
1694 571 467425791
1093 489 662501813
646 442 88164680
552 705 903298502
1661 1157 544839208
30 253 801939667
54 137 65780575
108 1347 989543639
1124 1768 464798365
1831 1013 520888337
480 1065 809761781
1603 617 259404929
112 342 449930967
1911 1501 918086643
1681 1900 847175739
507 1853 718747670
1440 1372 273746709
1727 1272 817068455
697 1243 943822224
1700 1700 869014303
211 1867 209377176
1395 1999 80577140
485 1794 798790955
1216 532 707489324
685 1021 298482102
754 267 398850991
119 1202 701587387
401 524 14601540
561 1481 593323445
963 905 435048851
1817 1805 447575059
1084 1503 509144287
7 951 47237250
1273 506 955611984
1737 37 181542453
754 1522 409927189
1276 633 987045673
1632 919 754912266
1218 1920 263585845
385 239 690080782
906 1245 824969368
177 1339 311612428
664 155 767570200
1160 1680 299066557
930 1256 44193590
375 501 73771082
1348 864 271714188
686 1072 550552498
624 1129 300413903
803 1055 675924790
332 1347 405112409
867 1708 89998492
665 1959 106815441
906 1669 828821902
1841 1914 51149326
88 214 35489146
562 1653 521914498
571 341 28521697
166 518 215259520
1876 1925 96430758
1722 224 852167643
1958 1666 851845726
1263 625 649398107
649 871 72920219
1716 1808 879357408
1483 1038 849645615
852 335 708025687
1939 191 536674203
1074 22 940921977
336 83 449074017
1212 1797 282660804
952 177 529637587
1158 1984 998157798
1295 180 120216426
335 7 38450969
807 113 333489870
849 135 103352465
918 169 794759273
1660 443 702008636
1205 629 738902441
154 1486 23389941
785 1638 785722172
1519 532 718495711
883 1966 576223315
617 1928 706264477
1238 1413 915863030
1741 1657 435042946
213 61 95609813
728 1661 197276233
330 1994 577012886
430 416 997497775
1716 1980 282656515
202 1640 135062359
1353 503 471922352
31 253 680616019
114 30 566952056
1663 572 35876976
1443 1766 46695734
637 1210 874871938
1973 955 847359094
734 1824 718387133
255 987 660386679
1331 369 962510119
673 1368 512026517
392 514 931933613
1303 1314 792268601
1341 1137 931765386
797 486 737117239
242 138 752987055
1200 1007 269356413
1899 524 729913699
261 570 569212265
862 1075 480612383
1853 1406 772061952
1321 1987 537735635
343 1769 716699246
574 1959 819180907
476 641 614073004
359 1236 395334736
1303 424 403348878
1634 1962 94842383
1672 1278 249864538
497 1230 549033472
323 794 760260572
800 509 61272116
322 1380 231508843
792 46 889409748
105 295 177282401
1736 1574 498344373
1040 1708 330849941
1814 401 831800674
1249 1549 731981335
247 206 652942226
836 210 569568768
627 300 23588759
666 1356 531540482
1958 1410 889538690
49 1789 305769042
392 637 299524812
643 1245 124729789
1504 260 615394675
1991 430 449801717
1349 1327 34673935
98 1126 68744865
456 480 311519092
143 287 927940047
1115 1747 294872648
237 1778 438435021
299 1951 712089618
367 1418 946664977
1250 1524 893677818
1423 322 815241015
1947 1366 914302878
1646 569 866117616
1117 1085 73185717
683 1287 776494762
686 245 781272600
1189 369 20048558
672 674 155394770
566 129 352602264
1578 1481 664843813
1728 308 442595116
1948 1751 105233707
192 1241 49887873
1243 1753 374102989
583 1343 947334391
593 1064 958762412
1048 293 930287972
436 1709 312208545
1687 1133 225918062
1445 1575 996791281
1603 1455 176389807
1821 556 202855223
122 1484 748707686
788 340 800383877
607 683 206570017
949 1568 561791008
170 501 813736486
444 1042 517934605
5 573 722824949
1001 1703 132841456
1263 900 906933854
1799 978 425680452
1450 1224 438322598
623 714 946514314
1146 1747 427706016
216 894 829263570
413 1343 252903085
1345 1648 867804328
1549 589 784687425
1857 1995 895745209
114 1867 67172095
338 568 234701063
295 391 965439565
1173 1121 861483186
1368 620 405111282
583 890 57622943
1620 359 69160281
630 512 27314934
1858 921 342493812
1014 567 582342890
288 1253 294694296
1729 1317 582712008
1928 85 344394867
1207 1318 643812723
1146 1946 82009845
1108 1336 659961689
1792 1577 973576480
916 1685 691969167
470 763 367639293
1599 613 602725019
1430 1501 41235779
25 1565 989876421
1229 180 46637025
1007 510 628983396
667 427 474688586
1849 1543 63171531
1574 1122 237581986
1960 1004 296883382
38 495 934672188
1305 393 842912537
1281 590 141763980
1904 1151 429438885
194 709 806736206
1443 241 367482307
1898 863 699614101
1627 555 612795411
768 1197 723860701
1878 1321 932641268
1495 763 960093614
726 1904 454711495
300 1342 874387059
1861 1082 942974163
1242 236 997284301
80 1009 511495651
888 367 934484517
961 1488 285788640
599 88 336840312
1742 1738 550117625
850 1449 558159152
253 311 803159744
1638 600 14844913
699 1010 938470438
796 259 23873297
967 1308 759264955
1875 1282 643834657
1243 221 118779402
693 1670 563402408
1246 1240 121763414
1142 1943 902507589
378 1250 983537058
1392 1629 216786297
1927 127 455213431
1256 201 939832907
755 498 80795779
140 1990 493184777
63 1447 540432810
1743 1659 736120486
223 1773 559113731
349 87 850525762
643 820 816138231
476 1522 729080007
1072 1777 928037930
197 1346 911349362
1806 997 299064062
269 1840 253655219
420 1041 872381844
1929 1316 433804822
950 99 466657511
946 1326 967940862
1299 1102 831810637
998 1792 164235435
687 1035 263461539
1613 717 681393739
1077 735 376601442
551 1936 496898288
703 1414 34248442
520 420 319016344
1749 804 874260168
1993 1025 801052599
625 860 797155940
779 237 951831506
931 385 46846760
462 933 310774430
1691 350 782522583
1655 271 954542969
601 1023 479655255
1307 435 290943900
1761 1053 94675983
824 732 351710030
1294 1716 390747914
502 1223 40847716
1646 2 786152984
684 900 103935186
216 987 821584974
1864 492 602747165
1393 659 207758553
3 961 447836578
1470 559 234155792
1659 595 575939965
1317 1154 775799488
803 1386 598341483
1251 1166 454802930
1824 547 65312435
745 1665 489449429
643 571 870395540
190 204 654850211
1352 97 337599144
325 804 767759558
1988 673 620760126
1851 1073 936097614
903 626 22336983
1609 487 630144122
560 910 410597542
977 561 572203860
1964 1948 102980943
650 1352 568219064
812 882 838853760
1774 141 929700776
1648 1421 200374406
1682 1866 582195282
930 1014 697096465
1832 1753 61813704
174 1114 979027250
1475 57 826242336
833 1226 510430013
134 1338 269206621
556 996 794547251
1535 442 924327167
252 925 150704452
408 1427 639746829
603 1610 76862272
363 1075 660028968
762 217 115889591
1271 322 729037978
1385 467 464184033
1417 21 838655829
864 326 59525002
1772 830 549250296
300 268 102466225
1666 325 131907495
651 1802 3654021
1058 1871 761506023
531 663 594404639
618 506 329222740
1353 1686 432038319
1102 158 939528266
1268 1273 887929870
1332 1573 28659869
424 452 191277885
123 1801 617422867
821 345 898952165
1435 719 947178350
1701 1022 964696974
1568 1117 760037168
816 1258 311818585
1590 202 754877059
1785 1809 993053786
1644 947 123036751
746 984 988282673
423 1923 737889354
1906 1201 652763839
1056 1197 816669102
1468 684 842631895
1483 317 923638671
1669 272 333542215
1459 1132 115051365
1621 585 996646851
511 167 297647524
463 1377 847923740
1055 1306 543160026
1450 293 330046678
846 321 778179189
1809 431 921892135
79 936 461180208
1349 1292 469794860
1149 634 767925938
83 447 478654041
794 509 116198338
814 892 224658719
957 1470 83456900
773 1490 444135298
118 1164 218960537
1966 580 724451868
857 1358 940472994
1012 1663 918335420
425 532 945972092
717 57 522375061
1727 1916 675374405
805 1834 452035530
655 1876 510739499
224 1704 974304077
619 1517 611986976
1529 58 476244396
226 880 516144506
526 1581 539166864
489 28 848889098
1777 1318 668886675
1668 89 469891734
1714 803 817488709
181 698 998271711
1228 366 134033956
344 777 733054527
1961 1360 986860992
424 799 735052661
3 1457 235444952
426 1192 824031913
1138 418 646553933
1100 671 879912964
189 452 179886515
1277 281 442511929
285 1549 761911889
1279 1380 124518150
281 1648 338040313
547 852 740886914
1419 1427 920425606
1044 1892 357751033
256 1293 345854839
347 590 185283329
560 1743 344231522
1513 733 496344281
213 1661 38209260
1158 856 893081636
1462 196 76156479
1091 1201 321780019
663 1524 182732653
912 589 660691315
1487 1888 802104145
565 1093 21820675
323 1789 290368369
778 1143 689496515
51 1039 464397059
912 630 377444514
469 871 212494472
681 1565 358556350
1115 1967 227708287
308 990 206720349
92 1582 236686888
245 46 739495840
1099 1484 180377404
181 550 799401768
431 1655 998901528
1759 332 554942071
1599 487 225240802
148 677 102539446
416 494 389627515
652 169 549012253
101 404 457520380
70 1415 289718333
585 677 515429890
1993 1876 668417519
1420 132 526904733
1926 858 172789223
601 576 991799650
500 1932 617551108
924 729 873504947
37 1574 25928427
1794 1172 692931526
1708 1421 452096356
1198 1872 596577211
123 564 747273170
1755 1181 541628151
455 1664 552345168
805 499 482619002
1456 533 6070480
1058 239 775985194
1213 519 634269265
356 869 355884771
669 1732 453875940
78 1506 92653040
1722 555 949082833
835 1019 158221479
1573 537 780276845
1705 1682 508550742
1399 425 170677950
365 1409 499668332
371 1891 647630949
825 1790 544404745
70 1952 785930461
349 1029 301120315
1469 1643 349780186
267 230 996583487
661 83 87914988
1350 1750 883990313
1225 42 914141442
1813 537 369240670
1666 1162 311202498
602 659 818104879
1600 1155 364906751
1121 1191 14652996
20 1476 775800557
1491 669 516291352
1361 1012 430665903
499 313 353944068
1539 242 274147453
1836 1101 593460803
73 590 252069796
1086 1777 388695859
1373 359 996536817
1635 929 710662201
225 950 755225296
1482 1846 167036861
1323 785 70611467
856 705 762616856
975 700 989666703
179 336 547483023
631 485 194027385
1655 619 690492778
1551 551 842147385
768 709 233802873
601 1881 937032073
698 1237 67200211
449 308 100979399
687 836 800362082
1710 118 851531209
1854 683 893083070
597 596 813260915
838 388 11669719
1368 1176 24570286
233 1897 13887770
1959 1132 687079228
1678 1495 843599849
1267 1876 544294651
951 390 353071616
389 1895 291498969
761 1204 414999178
60 7 204089657
1233 1334 298603255
1912 786 892590143
1490 93 97205130
596 1701 54486993
680 1809 440132602
645 441 124825258
949 904 890557262
1435 1469 920586660
1559 1627 86696330
1019 919 336389540
1167 1795 577340634
1588 1255 758282858
1853 336 355082778
1521 403 68215893
1704 321 792864375
497 129 422918465
664 48 214086458
1982 227 793771443
870 384 940940393
1567 1397 310385296
738 1283 963258481
335 694 258836746
1306 633 616227858
641 1979 141877002
1659 9 199950904
568 974 599808542
1788 566 691655338
8 749 458295250
1659 478 891166055
59 1187 905689194
1769 914 582087818
1165 454 740884461
1134 358 491123671
1322 326 262804723
1828 1605 345525828
1051 1442 313105823
584 1361 323149214
1211 1801 506983619
1947 376 703450017
1744 1683 453640641
85 769 156385647
570 123 544432192
567 1504 269073132
840 1181 729276559
56 174 335665886
696 1906 941063311
594 385 643766471
654 889 568479913
1584 1781 28313952
1111 781 19147656
524 1213 201887396
1800 331 917287447
318 1542 849148197
571 1749 768074079
397 1896 85078440
1189 931 98439285
637 1660 956924839
1730 1547 299607682
237 47 846333383
913 802 18121070
825 472 221922605
1804 30 665875540
1506 733 4776382
1046 1851 964652994
1877 393 87027347
1200 440 657973757
1706 1160 301177812
1150 779 314543784
711 1154 789511302
1464 476 961586079
1661 1593 226582011
1471 395 356486866
1688 1315 462002543
196 1775 719474991
1358 359 963909928
1144 1413 781515707
457 531 165225598
158 229 251780178
789 322 58016629
862 1847 989398002
633 1735 952212891
449 1240 764284305
1490 1957 223325964
1244 1440 534719126
745 1592 994311253
760 609 890453417
1480 1740 835368933
695 1250 343748856
522 1447 953420669
223 1639 913187806
1610 1198 736566977
303 1612 937237894
1745 1088 300171620
1762 1361 609624890
770 1641 100166638
1329 482 217402401
1204 140 399979724
1004 1678 848437548
1290 1551 941457963
1964 882 722909556
1550 536 141153636
825 677 768121846
731 1621 263856769
593 1858 67657861
1680 220 693631924
24 697 769316920
1293 1288 894423418
1188 863 161372687
845 1862 781338631
1663 1241 588963570
574 217 991079870
127 1406 549985605
431 1536 334309505
1610 1943 701349174
1869 551 747185133
1176 350 130074465
1 1370 739046714
1306 1758 103694122
1689 1319 876824881
871 1600 286287348
1877 1043 122706537
646 479 706700850
250 305 522876008
1481 261 787294411
1383 661 186649753
745 1361 428150967
82 961 344813117
817 642 516266309
1869 1654 979907417
1240 127 386166512
1979 450 889254356
1384 1189 330089912
1637 795 731470043
1725 585 737413605
1486 322 558052981
1167 637 917190613
932 877 880509480
1869 1882 622391640
1215 733 699878272
1254 713 531155429
1549 333 559576588
614 1033 179332387
1600 1686 778787060
994 1117 247011733
47 346 853634111
981 1624 129050292
1762 1588 826694733
1019 779 155750788
1356 36 489117429
1595 1900 576834407
442 1349 864457852
1619 1077 747164910
1255 200 979860739
150 511 746008240
373 1943 818607183
792 136 588286672
1428 1292 636028968
1666 1212 594739136
912 1729 359831257
708 441 494404154
251 1656 914963052
870 1403 641455064
1829 1246 723155570
1597 1285 425878816
1674 558 292331725
1241 1963 630096667
1783 628 258919370
1878 284 98280276
357 600 915636685
172 105 508236580
1882 1918 829162426
742 1320 783225522
1712 778 627638195
627 1075 695937113
381 1585 350291548
385 531 26933937
298 244 567596441
38 131 324661920
1351 1608 128520714
1945 657 818733033
1821 1311 861949165
571 317 118023338
710 1961 571118373
759 1896 668868155
806 734 829727656
501 86 669569433
1489 1058 617970985
200 811 473328364
949 1728 191250037
968 431 871400301
838 1679 297549970
742 182 505416986
605 1362 336372150
1624 430 72967260
1255 1598 80979758
1589 1476 66056541
680 529 809596900
1632 1298 373755742
627 1359 428585833
609 1554 243145521
432 1649 163992472
1679 1504 671922474
467 1464 70503805
852 789 698479916
736 1345 559843182
1527 607 245211850
354 1838 6038641
666 1309 275170843
1770 257 325273025
908 994 126354201
1614 94 944946448
643 1606 188703776
1830 1479 767514300
1402 468 907804416
384 1891 861280485
80 1651 180742413
1980 185 763021292
1625 307 365912396
1947 276 634867768
1801 1430 877210509
690 544 486522553
940 369 617888227
1261 1857 136303216
513 738 490486124
1701 915 564302427
991 412 73122086
1968 1633 614804308
1070 1615 250524095
1114 1891 401341818
461 1047 857581724
342 1922 398103416
1940 138 325671760
921 1288 91383072
1848 1308 496234781
1597 961 838026501
569 1036 384209822
677 1960 314309562
1903 172 680658350
1854 1108 187023097
686 1874 219746349
1446 769 104564121
510 1251 125704652
915 934 939364672
1588 730 77272701
129 856 772808726
489 252 1003072
841 1045 233228281
357 498 245380618
334 1866 62072934
1220 856 186251115
1106 407 238309695
848 1946 610283825
334 781 642170411
91 1244 579106305
1752 1717 61474103
1594 1192 577679275
1817 1368 328072398
1677 774 243356341
269 594 165655863
1544 345 402922798
1837 1445 185245418
292 1422 421589177
404 1086 298812513
1936 1105 739840271
1531 758 376971805
1950 1494 567790502
246 1951 387323890
1993 108 416786407
1045 1079 665655189
78 565 977947810
440 1215 111296915
1890 482 591487130
35 601 363425360
1465 483 834317580
1663 1021 279989836
1917 1830 253950346
1650 1114 291499955
1584 1138 830250915
1800 1006 164186016
1354 1914 2652313
1379 1199 806870233
463 1334 102806780
129 1433 190644260
1846 1216 519902847
1071 465 581558091
1328 1552 846031049
793 1155 856889900
1733 728 801526615
375 576 857717615
1089 1743 446543981
77 862 415738859
1580 1853 145364799
838 1489 390773555
757 1736 446240633
385 1082 328087997
1127 465 422018867
1887 1994 621598886
41 1973 296378780
1015 17 630332179
446 1136 213348803
450 627 584616623
1626 700 458506040
880 842 999118507
1953 1099 68908008
1199 909 630757024
893 1762 94155631
512 1692 294164652
20 1172 648765441
341 691 126951530
615 1491 240698215
1703 1862 189841965
1519 974 115075350
1374 1901 857712914
318 1194 48486489
944 1893 63146533
392 1248 867320426
1794 1285 293545182
1909 398 2122897
40 670 761622040
1401 557 8619739
1618 167 7797346
1444 1370 979047998
1228 1798 902000994
236 223 523875456
1134 992 876994770
446 548 215289990
698 1574 115608691
997 1805 353466834
305 1300 647541823
1173 1823 569241600
1460 1018 494211088
285 247 33484635
1301 994 908727576
1469 1482 947365869
1894 174 843812511
965 1495 943712426
1323 898 80615114
1269 929 490444134
1951 348 444070047
1389 1313 949938530
295 1380 248859812
908 246 262105081
1748 337 124224503
1428 1098 920881921
260 1806 291515405
175 1086 513128481
1704 103 461402971
1891 723 879921208
1896 1977 746921913
22 1199 207488181
564 1343 501559334
1318 63 474820138
1045 158 736649373
12 1929 189331838
1067 221 246581514
652 62 53997760
1554 391 415417598
1339 1809 82145643
610 865 749390295
3 1972 510683451
812 58 622770745
1395 1318 453094930
790 481 126298657
1884 1544 141617601
979 1706 924642950
822 612 459035708
1865 1481 729455796
1484 1869 212212281
669 1162 60725783
1398 761 949900916
1139 133 246032905
1747 1778 886928590
1451 575 480093893
1510 1257 56918396
603 1374 830052907
1725 1465 971156342
1381 1073 321516151
1763 296 876318339
1486 1003 630563795
1264 958 611198101
1964 374 84866648
557 1088 978629431
1793 217 430728317
847 1336 930532278
1479 980 709310375
54 1116 789002267
1550 1621 558646674
740 583 731389221
1215 1470 702732266
279 637 343258243
1486 778 240632719
1934 366 825067353
1637 1445 822503795
1085 495 504080383
1860 1669 296069863
1322 432 371723572
1855 24 87381273
1267 2000 328605895
972 1048 270556247
615 1870 893936191
369 23 871553631
648 437 797735516
1821 13 302176189
897 776 640245953
1351 26 972193570
931 347 597597190
699 540 271808375
20 1102 319446733
564 47 572366132
1350 556 958553063
961 642 11092042
176 284 265389368
1429 632 871670511
906 794 290397274
1756 102 595566471
1469 1676 96674489
1803 1406 423323922
156 289 385617548
1944 114 751476630
1659 1541 690232050
568 367 461875714
445 1160 922199468
1597 1906 281753691
725 1139 524248371
1356 1148 282838866
446 833 594564664
646 490 658972909
1620 665 500251179
740 974 515127033
15 945 724821326
1595 717 856936877
1952 663 704281008
1992 644 989643455
170 378 631937285
804 1897 89753055
1579 1120 176991151
1517 594 762480682
1895 1253 702432297
1571 670 984868929
1107 1302 517539110
967 1022 937667374
1251 983 145122819
305 1297 835041192
1044 709 512173386
891 776 156960259
662 273 188481051
1205 817 244292239
246 1291 297680788
1259 204 753266962
234 385 70217615
116 1661 606322108
826 271 978209732
1727 1091 320765693
1898 201 993798654
294 359 563477122
1338 1405 861619742
555 670 235817022
623 1301 585031156
839 1592 523241941
1230 1155 7388207
1933 918 130581989
363 229 218604523
1669 1308 529110983
1631 1792 689193048
1265 849 175505918
1110 1001 692591516
680 414 484191187
335 1783 180026463
621 83 764538533
262 508 512592058
1687 793 704432185
161 284 331537695
1101 1408 884108211
966 547 33089771
700 1182 585984060
576 166 21535176
1456 915 687216973
871 1647 556717875
1931 61 36093636
771 221 623445235
1207 956 552989841
1796 811 929347449
1457 1878 780689259
735 1903 44638134
1182 1744 884777082
1019 1769 373396180
857 381 217118891
215 1711 725643942
1898 616 698307730
1922 1848 70085029
1315 910 116006973
1183 1698 930071893
1813 1786 788518863
1529 372 980848214
1336 274 731815919
1215 838 517076502
1320 800 127584679
1675 1116 393587040
1397 12 330355033
1071 14 784629433
855 1193 531272582
912 575 175753393
950 1741 765699178
1229 1667 436968953
1233 127 768023848
1632 566 897373577
1062 1615 545405403
953 412 19697505
1580 1155 117931196
614 1834 492453745
852 1948 761815818
129 1657 857956358
1054 1184 553290098
1845 297 700934288
1865 298 138123115
1515 1355 437431003
1433 1106 187065270
874 74 403559196
238 766 484169437
1950 1523 372521291
475 1935 251131238
1495 1966 551691760
475 1444 179480208
18 1726 185752141
1707 278 160325386
1579 955 404633378
190 729 766477759
1755 122 190186284
899 5 20781657
844 305 785726170
387 1445 128109318
800 335 596594044
35 881 21170735
326 614 928900977
1435 1140 343702354
1451 645 212020261
1377 533 890927504
1998 559 532557823
930 1170 44577512
579 12 171797272
372 1128 55666640
1947 467 641008102
463 925 732760373
747 1097 659614429
1628 740 664750445
1757 1612 261274070
384 776 95315782
1661 1805 319708875
379 66 529497821
387 1441 755864167
1397 453 764438272
261 1843 566810146
1542 519 934992025
1154 1989 685102824
1642 709 468819244
1921 1237 292849965
245 1119 17716684
1880 321 845365222
1029 1841 856035185
883 1679 669887453
643 1333 753845944
715 1210 765937584
515 1570 229945722
1056 165 350335676
1712 805 100193445
1721 1780 390588206
661 274 543862553
170 1761 576523770
1788 984 164896911
1980 983 492994946
962 1420 443854947
577 148 655377034
1774 1762 511342225
642 1324 436661492
1503 527 528580507
647 395 675074709
737 1130 795194264
905 1717 826525111
1983 934 296596156
1729 1623 249827205
1020 1203 88988023
986 1401 706237450
1986 1800 884572758
718 769 731573729
1939 723 625436761
761 123 209466840
194 278 604297611
1951 1339 895776462
834 1718 210110625
1165 1076 134379846
1642 1533 607899934
397 1757 910473982
793 891 788609559
125 1801 611239354
1754 718 463281579
1700 784 584820581
596 718 268501820
1373 1172 206244124
33 1462 433988661
1352 583 325045961
1064 484 875777702
186 135 936090141
1738 803 603822662
1685 1521 39113344
1332 406 825151202
707 708 79954848
1995 1914 485723118
440 908 63185603
455 832 739434910
1485 1528 535499326
1406 979 487743328
794 1573 510192870
1609 202 674845028
1652 566 195289088
1035 1007 690312123
295 507 59456930
1970 253 112938463
604 747 445452008
26 1986 166433156
283 1656 813397953
82 504 353966315
899 788 518504930
1771 1052 65025877
1534 1784 116210466
977 513 278317390
1066 1637 111031763
323 1742 612587917
1656 279 739041479
1187 1359 12735962
933 1010 678048041
933 1898 87722123
783 982 429215417
1212 1503 405765025
1200 1589 213517883
1317 1361 386316958
212 1416 858205391
1758 572 558803740
34 429 500332943
755 380 774167442
94 1209 838777303
181 636 620324519
