2000 2000
1 2
2 3
3 4
4 5
4 6
3 7
2 8
1 9
8 10
8 11
6 12
5 13
11 14
11 15
9 16
10 17
6 18
10 19
5 20
9 21
12 22
19 23
18 24
21 25
15 26
14 27
27 28
20 29
23 30
21 31
27 32
23 33
25 34
12 35
7 36
36 37
20 38
35 39
14 40
25 41
30 42
39 43
43 44
29 45
40 46
41 47
46 48
41 49
31 50
15 51
36 52
17 53
31 54
37 55
1 56
47 57
30 58
45 59
43 60
17 61
54 62
47 63
28 64
35 65
34 66
55 67
32 68
65 69
46 70
53 71
24 72
39 73
61 74
67 75
16 76
44 77
54 78
76 79
58 80
48 81
22 82
66 83
28 84
33 85
7 86
26 87
48 88
52 89
38 90
13 91
78 92
16 93
65 94
78 95
83 96
22 97
38 98
70 99
99 100
29 101
26 102
13 103
89 104
42 105
62 106
93 107
62 108
32 109
91 110
18 111
24 112
99 113
52 114
81 115
50 116
97 117
45 118
117 119
57 120
89 121
34 122
117 123
51 124
121 125
120 126
56 127
57 128
110 129
51 130
55 131
119 132
121 133
108 134
119 135
112 136
127 137
114 138
128 139
81 140
86 141
84 142
120 143
127 144
94 145
136 146
83 147
66 148
109 149
90 150
138 151
88 152
141 153
67 154
58 155
98 156
138 157
122 158
136 159
145 160
157 161
137 162
59 163
98 164
50 165
108 166
109 167
82 168
84 169
122 170
125 171
153 172
105 173
143 174
137 175
74 176
111 177
149 178
63 179
94 180
68 181
172 182
60 183
123 184
42 185
166 186
161 187
60 188
139 189
112 190
100 191
142 192
77 193
40 194
75 195
174 196
160 197
61 198
56 199
198 200
144 201
198 202
139 203
59 204
106 205
159 206
92 207
146 208
150 209
134 210
141 211
159 212
104 213
148 214
72 215
71 216
168 217
175 218
82 219
192 220
19 221
92 222
154 223
33 224
74 225
190 226
209 227
165 228
118 229
173 230
100 231
206 232
197 233
115 234
167 235
49 236
165 237
183 238
156 239
229 240
170 241
69 242
214 243
220 244
213 245
79 246
191 247
93 248
213 249
202 250
170 251
150 252
237 253
144 254
234 255
203 256
173 257
86 258
254 259
227 260
125 261
220 262
245 263
157 264
145 265
205 266
158 267
264 268
126 269
248 270
193 271
180 272
85 273
233 274
160 275
254 276
168 277
151 278
210 279
229 280
162 281
264 282
250 283
251 284
214 285
105 286
189 287
204 288
133 289
148 290
49 291
131 292
282 293
243 294
77 295
126 296
260 297
123 298
187 299
297 300
192 301
209 302
106 303
143 304
218 305
276 306
131 307
88 308
234 309
263 310
205 311
158 312
260 313
193 314
184 315
288 316
316 317
111 318
239 319
153 320
191 321
134 322
174 323
195 324
97 325
206 326
258 327
292 328
128 329
295 330
283 331
237 332
248 333
163 334
281 335
152 336
91 337
310 338
302 339
176 340
241 341
314 342
240 343
149 344
306 345
95 346
140 347
250 348
297 349
230 350
171 351
348 352
345 353
244 354
243 355
85 356
325 357
222 358
210 359
161 360
166 361
275 362
231 363
176 364
273 365
251 366
212 367
257 368
339 369
130 370
246 371
186 372
320 373
64 374
142 375
196 376
242 377
321 378
130 379
318 380
325 381
344 382
171 383
336 384
287 385
219 386
72 387
312 388
284 389
372 390
217 391
140 392
322 393
233 394
311 395
378 396
293 397
124 398
284 399
239 400
183 401
355 402
257 403
194 404
179 405
270 406
129 407
271 408
391 409
335 410
212 411
203 412
359 413
70 414
211 415
372 416
273 417
407 418
129 419
356 420
189 421
114 422
332 423
255 424
124 425
365 426
175 427
354 428
187 429
44 430
342 431
357 432
263 433
177 434
167 435
271 436
434 437
409 438
298 439
344 440
417 441
277 442
324 443
236 444
299 445
440 446
201 447
53 448
429 449
256 450
110 451
216 452
327 453
223 454
369 455
327 456
162 457
219 458
374 459
71 460
195 461
305 462
326 463
73 464
456 465
103 466
221 467
296 468
255 469
359 470
133 471
471 472
299 473
215 474
156 475
412 476
457 477
404 478
426 479
451 480
241 481
301 482
336 483
441 484
223 485
298 486
147 487
414 488
404 489
262 490
283 491
194 492
102 493
107 494
340 495
218 496
292 497
356 498
352 499
476 500
386 501
380 502
392 503
322 504
216 505
445 506
302 507
483 508
447 509
354 510
272 511
334 512
480 513
466 514
235 515
410 516
397 517
323 518
494 519
337 520
270 521
95 522
308 523
307 524
146 525
516 526
455 527
314 528
350 529
315 530
360 531
508 532
303 533
360 534
305 535
280 536
288 537
235 538
265 539
164 540
277 541
278 542
462 543
340 544
274 545
469 546
505 547
476 548
517 549
378 550
342 551
246 552
406 553
549 554
420 555
228 556
389 557
508 558
256 559
268 560
103 561
357 562
338 563
507 564
551 565
363 566
426 567
376 568
563 569
559 570
333 571
457 572
364 573
422 574
393 575
375 576
548 577
462 578
177 579
485 580
494 581
430 582
474 583
577 584
448 585
579 586
518 587
335 588
64 589
217 590
543 591
519 592
555 593
199 594
469 595
395 596
548 597
436 598
519 599
375 600
458 601
226 602
310 603
333 604
324 605
513 606
395 607
590 608
318 609
247 610
401 611
543 612
396 613
287 614
511 615
320 616
539 617
151 618
317 619
197 620
332 621
607 622
511 623
224 624
408 625
481 626
185 627
570 628
361 629
436 630
75 631
534 632
373 633
470 634
614 635
290 636
430 637
480 638
262 639
467 640
622 641
350 642
524 643
258 644
503 645
343 646
599 647
321 648
326 649
172 650
439 651
281 652
328 653
522 654
604 655
400 656
545 657
438 658
282 659
546 660
533 661
382 662
289 663
135 664
330 665
406 666
313 667
590 668
416 669
591 670
400 671
580 672
179 673
474 674
644 675
196 676
582 677
501 678
439 679
641 680
394 681
497 682
463 683
530 684
433 685
658 686
653 687
467 688
435 689
390 690
544 691
642 692
343 693
405 694
558 695
667 696
453 697
629 698
692 699
572 700
696 701
269 702
501 703
355 704
547 705
635 706
368 707
587 708
278 709
190 710
338 711
667 712
541 713
387 714
523 715
329 716
499 717
411 718
221 719
699 720
569 721
549 722
551 723
652 724
686 725
675 726
132 727
665 728
238 729
557 730
473 731
472 732
443 733
363 734
598 735
486 736
293 737
90 738
640 739
606 740
684 741
585 742
603 743
704 744
619 745
643 746
113 747
276 748
328 749
681 750
541 751
628 752
450 753
351 754
163 755
664 756
653 757
756 758
742 759
488 760
552 761
624 762
331 763
96 764
295 765
379 766
429 767
312 768
534 769
102 770
739 771
583 772
568 773
729 774
638 775
489 776
761 777
286 778
468 779
252 780
669 781
290 782
753 783
450 784
307 785
393 786
200 787
515 788
663 789
272 790
530 791
309 792
542 793
788 794
79 795
135 796
224 797
309 798
707 799
252 800
749 801
358 802
382 803
408 804
361 805
451 806
286 807
806 808
698 809
169 810
668 811
723 812
407 813
579 814
517 815
583 816
391 817
620 818
634 819
449 820
228 821
597 822
443 823
799 824
797 825
459 826
482 827
826 828
784 829
497 830
658 831
554 832
427 833
440 834
496 835
555 836
717 837
269 838
200 839
560 840
385 841
460 842
485 843
232 844
532 845
826 846
800 847
708 848
236 849
718 850
562 851
625 852
505 853
635 854
673 855
526 856
625 857
764 858
113 859
606 860
550 861
373 862
706 863
104 864
202 865
568 866
697 867
528 868
627 869
561 870
554 871
592 872
676 873
580 874
600 875
201 876
683 877
226 878
792 879
864 880
232 881
829 882
466 883
323 884
688 885
736 886
68 887
700 888
609 889
812 890
847 891
624 892
829 893
711 894
524 895
308 896
816 897
846 898
432 899
222 900
894 901
552 902
567 903
686 904
781 905
366 906
621 907
691 908
464 909
858 910
693 911
346 912
582 913
830 914
630 915
600 916
438 917
726 918
394 919
592 920
859 921
883 922
672 923
852 924
705 925
805 926
529 927
678 928
705 929
767 930
380 931
591 932
455 933
561 934
771 935
334 936
728 937
673 938
379 939
303 940
652 941
366 942
904 943
341 944
931 945
936 946
881 947
697 948
244 949
684 950
835 951
369 952
896 953
660 954
896 955
735 956
188 957
786 958
895 959
453 960
901 961
185 962
694 963
204 964
660 965
900 966
460 967
919 968
687 969
623 970
827 971
76 972
405 973
634 974
422 975
616 976
230 977
688 978
823 979
184 980
704 981
872 982
564 983
188 984
486 985
602 986
663 987
253 988
782 989
677 990
816 991
819 992
544 993
715 994
306 995
415 996
238 997
821 998
504 999
927 1000
604 1001
577 1002
709 1003
872 1004
782 1005
337 1006
559 1007
977 1008
411 1009
410 1010
787 1011
692 1012
768 1013
642 1014
646 1015
841 1016
906 1017
924 1018
955 1019
594 1020
881 1021
645 1022
346 1023
598 1024
647 1025
353 1026
931 1027
398 1028
811 1029
967 1030
636 1031
775 1032
557 1033
763 1034
636 1035
740 1036
798 1037
513 1038
889 1039
560 1040
722 1041
955 1042
655 1043
520 1044
739 1045
843 1046
979 1047
806 1048
603 1049
304 1050
795 1051
628 1052
385 1053
384 1054
958 1055
515 1056
850 1057
454 1058
903 1059
949 1060
810 1061
929 1062
618 1063
510 1064
1060 1065
602 1066
786 1067
784 1068
1013 1069
923 1070
986 1071
627 1072
1020 1073
553 1074
837 1075
1072 1076
943 1077
403 1078
1045 1079
986 1080
912 1081
869 1082
706 1083
617 1084
917 1085
953 1086
753 1087
566 1088
861 1089
731 1090
381 1091
715 1092
909 1093
377 1094
265 1095
1019 1096
847 1097
266 1098
665 1099
963 1100
154 1101
725 1102
249 1103
531 1104
807 1105
920 1106
987 1107
813 1108
951 1109
1003 1110
621 1111
703 1112
700 1113
456 1114
813 1115
914 1116
763 1117
317 1118
1001 1119
655 1120
761 1121
989 1122
671 1123
1091 1124
984 1125
1001 1126
693 1127
118 1128
772 1129
1084 1130
691 1131
227 1132
866 1133
489 1134
537 1135
838 1136
709 1137
1025 1138
879 1139
895 1140
570 1141
1013 1142
676 1143
897 1144
596 1145
1079 1146
837 1147
778 1148
454 1149
1051 1150
865 1151
594 1152
1133 1153
565 1154
765 1155
860 1156
1077 1157
601 1158
809 1159
672 1160
698 1161
1019 1162
401 1163
729 1164
1022 1165
737 1166
849 1167
844 1168
1047 1169
1056 1170
1080 1171
1170 1172
1028 1173
291 1174
531 1175
1096 1176
240 1177
599 1178
834 1179
977 1180
397 1181
267 1182
274 1183
1101 1184
794 1185
545 1186
894 1187
647 1188
967 1189
775 1190
796 1191
178 1192
1091 1193
247 1194
1031 1195
720 1196
1042 1197
169 1198
1081 1199
488 1200
211 1201
713 1202
597 1203
887 1204
1141 1205
574 1206
1152 1207
1043 1208
900 1209
1036 1210
536 1211
1169 1212
423 1213
610 1214
964 1215
1000 1216
997 1217
535 1218
1099 1219
801 1220
785 1221
1185 1222
808 1223
640 1224
390 1225
1003 1226
771 1227
1036 1228
968 1229
869 1230
998 1231
946 1232
1109 1233
1049 1234
1153 1235
978 1236
348 1237
1159 1238
876 1239
249 1240
69 1241
1129 1242
267 1243
510 1244
639 1245
418 1246
586 1247
701 1248
415 1249
783 1250
618 1251
1037 1252
743 1253
831 1254
1203 1255
215 1256
473 1257
1205 1258
886 1259
384 1260
1037 1261
812 1262
1046 1263
1230 1264
434 1265
1111 1266
1118 1267
1266 1268
740 1269
1249 1270
266 1271
747 1272
1243 1273
883 1274
1268 1275
1106 1276
685 1277
1162 1278
1231 1279
331 1280
679 1281
1207 1282
1175 1283
921 1284
465 1285
329 1286
877 1287
1095 1288
529 1289
1049 1290
734 1291
1248 1292
1275 1293
860 1294
849 1295
475 1296
772 1297
971 1298
1261 1299
936 1300
452 1301
279 1302
671 1303
612 1304
1085 1305
427 1306
791 1307
1283 1308
353 1309
289 1310
1030 1311
822 1312
468 1313
514 1314
1227 1315
810 1316
423 1317
509 1318
431 1319
242 1320
1166 1321
279 1322
1177 1323
1007 1324
927 1325
654 1326
1055 1327
567 1328
1210 1329
732 1330
918 1331
115 1332
578 1333
835 1334
538 1335
730 1336
893 1337
493 1338
999 1339
1199 1340
1000 1341
330 1342
629 1343
522 1344
888 1345
1264 1346
1148 1347
774 1348
1208 1349
978 1350
419 1351
1241 1352
914 1353
1115 1354
371 1355
685 1356
759 1357
1251 1358
1083 1359
446 1360
846 1361
1297 1362
1165 1363
734 1364
1194 1365
1044 1366
528 1367
1338 1368
607 1369
905 1370
1022 1371
1239 1372
988 1373
477 1374
1214 1375
347 1376
814 1377
1018 1378
682 1379
341 1380
648 1381
804 1382
755 1383
940 1384
1323 1385
799 1386
790 1387
993 1388
1006 1389
778 1390
479 1391
935 1392
526 1393
842 1394
632 1395
358 1396
339 1397
465 1398
1060 1399
370 1400
449 1401
1058 1402
961 1403
1071 1404
877 1405
1200 1406
367 1407
523 1408
1278 1409
819 1410
1225 1411
1335 1412
736 1413
933 1414
773 1415
1297 1416
1282 1417
1225 1418
1231 1419
1180 1420
1110 1421
803 1422
797 1423
814 1424
1375 1425
463 1426
1399 1427
885 1428
1315 1429
639 1430
1369 1431
1339 1432
1128 1433
1213 1434
790 1435
1425 1436
1077 1437
1131 1438
720 1439
821 1440
779 1441
699 1442
1033 1443
919 1444
897 1445
721 1446
1429 1447
1028 1448
1307 1449
1115 1450
1015 1451
1332 1452
1035 1453
1196 1454
1328 1455
1397 1456
1382 1457
898 1458
795 1459
1298 1460
777 1461
1099 1462
632 1463
432 1464
576 1465
1177 1466
754 1467
1126 1468
1063 1469
1452 1470
1266 1471
650 1472
762 1473
678 1474
477 1475
1208 1476
1120 1477
670 1478
296 1479
1425 1480
1179 1481
1151 1482
719 1483
268 1484
1403 1485
447 1486
304 1487
481 1488
727 1489
1280 1490
1279 1491
937 1492
347 1493
182 1494
63 1495
803 1496
1366 1497
1155 1498
903 1499
521 1500
723 1501
825 1502
1098 1503
1397 1504
871 1505
389 1506
37 1507
885 1508
1113 1509
1432 1510
868 1511
870 1512
1362 1513
1298 1514
777 1515
1132 1516
1201 1517
1216 1518
721 1519
437 1520
1187 1521
750 1522
966 1523
1070 1524
475 1525
984 1526
1057 1527
1079 1528
498 1529
940 1530
1204 1531
1375 1532
1092 1533
1339 1534
770 1535
948 1536
865 1537
437 1538
689 1539
666 1540
719 1541
1351 1542
1479 1543
1237 1544
1260 1545
420 1546
364 1547
661 1548
1546 1549
1159 1550
1548 1551
953 1552
1006 1553
1164 1554
1224 1555
674 1556
1117 1557
961 1558
614 1559
416 1560
527 1561
1441 1562
500 1563
1386 1564
1180 1565
1081 1566
550 1567
1537 1568
493 1569
1435 1570
840 1571
830 1572
155 1573
970 1574
1209 1575
906 1576
850 1577
610 1578
1182 1579
910 1580
904 1581
1162 1582
616 1583
538 1584
1242 1585
1240 1586
751 1587
553 1588
1029 1589
1523 1590
1196 1591
1448 1592
1423 1593
798 1594
941 1595
884 1596
731 1597
1083 1598
1229 1599
1044 1600
841 1601
1124 1602
1069 1603
1371 1604
483 1605
1491 1606
1467 1607
1554 1608
839 1609
291 1610
1567 1611
968 1612
1548 1613
661 1614
996 1615
617 1616
713 1617
1444 1618
1023 1619
855 1620
1505 1621
1412 1622
767 1623
804 1624
855 1625
911 1626
773 1627
776 1628
882 1629
1295 1630
890 1631
1245 1632
722 1633
1062 1634
675 1635
419 1636
435 1637
1409 1638
1248 1639
791 1640
912 1641
1524 1642
1480 1643
626 1644
1604 1645
1381 1646
884 1647
1600 1648
958 1649
615 1650
1197 1651
1150 1652
1002 1653
1151 1654
733 1655
1500 1656
1066 1657
1413 1658
1534 1659
87 1660
938 1661
1371 1662
1635 1663
1398 1664
565 1665
1314 1666
1312 1667
1051 1668
412 1669
1072 1670
586 1671
901 1672
1152 1673
1296 1674
1670 1675
1214 1676
1171 1677
1676 1678
811 1679
716 1680
536 1681
1367 1682
990 1683
1182 1684
1631 1685
1684 1686
1311 1687
1118 1688
1114 1689
431 1690
578 1691
941 1692
964 1693
848 1694
1282 1695
809 1696
1502 1697
362 1698
1170 1699
499 1700
1586 1701
1600 1702
1582 1703
1414 1704
1616 1705
926 1706
1451 1707
1106 1708
742 1709
1535 1710
976 1711
712 1712
1533 1713
930 1714
1140 1715
926 1716
1188 1717
1365 1718
853 1719
452 1720
959 1721
1699 1722
712 1723
1721 1724
1203 1725
1389 1726
1637 1727
1705 1728
1700 1729
737 1730
730 1731
1395 1732
1167 1733
1094 1734
1143 1735
581 1736
155 1737
1521 1738
490 1739
1352 1740
905 1741
1005 1742
370 1743
1171 1744
1688 1745
472 1746
1305 1747
1376 1748
1141 1749
301 1750
1501 1751
1198 1752
116 1753
662 1754
1462 1755
1662 1756
950 1757
1592 1758
1173 1759
922 1760
1265 1761
1742 1762
349 1763
1693 1764
487 1765
1595 1766
1302 1767
1474 1768
1411 1769
1053 1770
1245 1771
1434 1772
1199 1773
792 1774
1285 1775
542 1776
1632 1777
1351 1778
836 1779
1087 1780
1069 1781
1123 1782
588 1783
1606 1784
755 1785
1378 1786
1223 1787
659 1788
231 1789
1765 1790
1570 1791
376 1792
1027 1793
1195 1794
1065 1795
1296 1796
593 1797
313 1798
1210 1799
484 1800
1717 1801
817 1802
1024 1803
1119 1804
682 1805
1627 1806
638 1807
1711 1808
708 1809
1240 1810
1577 1811
1446 1812
1087 1813
392 1814
917 1815
925 1816
1654 1817
1169 1818
1348 1819
1015 1820
1476 1821
1408 1822
1126 1823
1124 1824
852 1825
1652 1826
1824 1827
646 1828
403 1829
1665 1830
878 1831
644 1832
1034 1833
1699 1834
498 1835
805 1836
1492 1837
1494 1838
1650 1839
1167 1840
1385 1841
651 1842
1088 1843
1739 1844
1438 1845
1041 1846
818 1847
1249 1848
1259 1849
1536 1850
868 1851
732 1852
1390 1853
1123 1854
1507 1855
1381 1856
1558 1857
1633 1858
1157 1859
1788 1860
1209 1861
1621 1862
500 1863
1570 1864
938 1865
1602 1866
670 1867
1286 1868
1319 1869
1086 1870
1385 1871
1053 1872
1252 1873
587 1874
1283 1875
659 1876
1392 1877
1228 1878
495 1879
1202 1880
1370 1881
1784 1882
1566 1883
1632 1884
1443 1885
1045 1886
1161 1887
768 1888
1466 1889
1676 1890
1104 1891
1416 1892
976 1893
584 1894
1690 1895
1795 1896
1764 1897
1794 1898
873 1899
1874 1900
1747 1901
1387 1902
1608 1903
1457 1904
631 1905
1736 1906
1888 1907
995 1908
572 1909
960 1910
962 1911
1202 1912
1689 1913
851 1914
1376 1915
1147 1916
564 1917
1361 1918
1261 1919
1547 1920
1308 1921
388 1922
1726 1923
425 1924
492 1925
1257 1926
1445 1927
1640 1928
1733 1929
1419 1930
556 1931
581 1932
908 1933
921 1934
1284 1935
1128 1936
1483 1937
1559 1938
383 1939
1790 1940
1112 1941
1534 1942
1620 1943
990 1944
1047 1945
442 1946
492 1947
1794 1948
1334 1949
1762 1950
1178 1951
828 1952
1516 1953
1063 1954
996 1955
1519 1956
820 1957
1543 1958
789 1959
993 1960
833 1961
351 1962
537 1963
1082 1964
1545 1965
1192 1966
1059 1967
1607 1968
1674 1969
1085 1970
1110 1971
1399 1972
1528 1973
1020 1974
421 1975
506 1976
1054 1977
116 1978
1932 1979
539 1980
259 1981
1891 1982
1476 1983
1239 1984
1717 1985
1317 1986
1253 1987
1594 1988
800 1989
779 1990
1720 1991
802 1992
490 1993
892 1994
726 1995
911 1996
1692 1997
991 1998
1369 1999
1875 2000
516106670 48975584 37501639 406803728 566154765 138391242 952573414 951465974 83351429 644506211 115754595 661501937 994074096 382522050 572398344 529397349 646969885 205202588 666959 175267927 146758746 691431013 825284714 640310685 239443750 624463687 943399292 689400124 94350481 617593821 209838769 118978485 286431393 298357688 902935035 539143822 548483435 525196305 99613943 272034516 984043659 505473199 642169490 840141702 547818232 892935694 588976637 492169796 944651004 689457162 862346604 810052529 184289743 245339941 355669513 465654383 483466013 877271998 263061381 155544160 28439945 189423645 792616877 904555290 223494546 949205832 51262239 765518121 171585464 861832970 691949768 547533603 898388193 379902078 187568078 614813059 991246613 399116273 310740074 340198755 867059588 484594422 792414731 915618223 155619880 384530818 491266457 840194805 952452068 782734697 587558634 816904762 51874331 822475813 315491407 747153776 953699572 292681888 660042022 319616787 623851833 659101337 432289930 810601461 247347762 778310237 570620833 675740378 838673238 865993459 653514721 29464858 451630404 926540710 313986562 573465600 486587767 344783959 977127386 362749212 235843736 36703316 970967637 565551314 375856720 284047464 287193832 874964338 546280386 666428704 270262301 623981532 561992291 559488313 715868361 520512938 578247040 39104411 296039137 391093405 42367298 301361009 994116130 29541144 445683242 541689275 13897135 219679420 437358202 487941698 668779089 431727509 511588553 426366246 545696387 749203011 138576941 126688308 999681499 845497370 805042943 839504294 814377859 108386978 748963325 969549338 450412262 81079497 364210312 41752555 810542524 275973910 469126148 798848721 915005889 328103152 465471218 645730446 788634618 515085864 731240151 64559883 289514849 339989249 702794406 67990437 683407133 802675386 149302285 687987956 461714601 975538136 980586995 499871867 493894291 956770564 526817787 889220504 1380848 95606219 517661594 248266097 551525387 534574 213035200 165898285 765153121 723589339 333708406 724527091 772854433 394528439 363741451 981314838 569324931 300382731 36878040 500573834 164502876 981510960 852675812 581934946 764956703 226112812 729265815 933712030 483775028 747059232 694134283 811705663 801032215 202641228 770649322 100559978 666373807 290504016 723553217 46926493 327223750 910426081 797038458 848638502 188462267 247275877 949719637 749559840 162102076 76423303 564066504 290355638 188647098 749547852 170727941 47284632 213933216 365166423 642830337 466206234 210544442 746583132 341809063 419125410 824179211 973442204 150628471 211623685 399671115 624456584 739741234 915027193 427906321 825671008 54418219 842561581 799872829 760400800 782327672 323958974 917125157 275647717 444244333 211460972 875622678 398574159 73272283 908192296 718270002 131481437 7176606 819862639 703550225 577874283 916676754 949752685 481331869 120532859 216167762 590432555 568966126 886833712 542644867 847311478 38198176 503670894 912567860 293384986 715053794 404937722 474995612 693228397 710305558 969382527 408403168 946565015 978849235 96229305 937363132 965443331 139773718 344194839 815351936 538388413 248797375 62792344 578885773 944578798 739697155 758615924 254668918 298942848 295604994 302296682 94243358 463179758 273569590 775888280 312065250 605321220 617670436 600953228 63691930 549409473 937024171 250230234 305318518 547711833 91904936 304951292 105554199 808587060 283930997 118533212 725369120 622962566 582582216 360166178 134884797 990544715 365498726 823551554 247337936 879174173 602019424 91714893 631331524 530825651 22735649 800778392 450114881 491270750 391730793 714726422 472298555 284725047 572622070 50162660 579141653 765792512 339380038 747892295 759486220 522147268 685072002 975580854 334622784 544809504 361583787 113405758 972271846 359016727 934063363 970896399 25285108 882326277 345975090 749576869 36892937 91267081 240017727 146145237 96665797 408084804 409254868 960080446 441877531 455535503 934445321 851792722 257388739 322422469 829816134 236486638 248405387 163464080 94910854 581883251 62630993 426881495 605300915 23877032 487903857 508881674 796495895 645180537 727504309 203714881 963777872 416542129 670380994 833411907 273361254 794761852 647979812 378331447 876915213 251196442 299433077 830176851 1712256 767991309 983931984 614819437 541650459 788040727 235030678 954624552 148676958 387621152 330537080 508161812 347920953 446613379 756547551 868673096 977680600 985161470 36995966 75736076 365550624 324022205 441863570 150687098 558483922 205344498 210041338 574844098 67682537 306099502 564737323 709129917 923446 842340067 5598312 589036073 29976426 432841278 787651734 127501006 648142469 782760681 582767606 295022054 80238152 437195051 644010436 585720077 236783861 96973041 965834697 850643967 895983093 622556314 678074208 900339714 759568827 630033297 16040450 945754017 717719623 61157469 858210966 600220712 618576150 476843939 115097478 206185786 510158631 952674544 359776049 27735476 811378288 209248443 689686260 996928999 486242434 495427484 80022930 918068686 769818729 31956174 58444650 122541260 185921936 408795641 35954693 940835082 399023161 224364681 491277654 803096252 687613386 498134900 808847750 514318938 250970735 8865875 500923133 566665358 223360104 126683665 896284915 364984118 828118761 687485532 142663544 688866140 316089963 676525425 295936071 368525223 275914265 722175389 455700657 180207449 759537764 610511107 252245164 710609488 310874002 78439889 111333171 492288577 448165115 257412732 86264204 290667526 329160669 51316295 978262872 365764048 273404256 854013441 105809468 883751136 960136842 676569636 339468121 510970589 558461661 539758614 813325837 257186967 808788506 58199956 942516788 834654233 38184007 700446655 686514666 952166831 428996403 813626824 611634129 744631292 322299260 625061665 907799276 579342233 997452143 641400814 314620752 414348507 598145442 438768222 647887746 963479808 467452284 864971956 181412596 139338792 150639336 64745004 189279539 871508772 537719500 329728927 858198720 999720051 263973580 417743236 788541964 194036522 800241230 889237405 356178759 985894653 602251533 650932710 457714930 395389771 710096580 936973070 84194881 627436048 969539004 710540015 895349637 597970435 560352020 874768245 758680415 374693501 613776690 446974028 540155939 917171263 80549083 623932961 848977734 655980049 261081369 184011577 126014543 130703377 995621161 18490789 518871460 83459457 97917865 623405275 985530015 860879825 404769225 7530910 954539517 995096276 237511307 979063242 558805001 278677835 453675243 626807738 403883497 409394211 918758200 754642621 435458418 360575781 10741565 807907416 237948834 726966466 701145377 177950272 467594814 9542064 783050270 731640354 939671776 590913095 556259953 268668238 725511908 723904930 558029573 772127847 365155431 496111662 136791565 615681385 511445445 899368673 175586831 792378713 407645874 788066239 237834952 247302263 493660335 336996726 651824628 263494104 288291880 491761262 516836718 669077590 346879361 108131940 429218331 747958378 694842938 476912173 123408429 322065434 21700700 699270622 524660245 165462491 549925498 101601579 755656649 333235747 541884502 172517763 591553456 204159494 868986495 790007293 264768535 543650747 865896306 352641165 883710467 61103818 928062444 808534792 527318037 140610972 514457282 41118054 432732998 384208567 914298466 162348728 185271103 77595244 755721321 613432808 396994906 160072402 110145153 455500586 589362497 443195407 640293097 616498135 556871184 68965253 531758674 721408029 979132381 270417264 728293632 940165949 215874586 941930220 13272247 763346115 611263731 41047931 705628074 53340692 728773652 850517626 600413457 163544328 530928060 732079451 960867829 71922063 105715363 736091408 543579561 801067257 406884621 119405939 644193911 563496233 416252948 931157028 541868034 536884681 341589810 224502313 635326084 666354494 712330246 13592089 875019315 277556048 258100854 785999270 756668928 140881734 250482758 616322694 487287406 456470877 730362101 533718825 334380474 571800605 582373982 367181158 841777971 342837395 408923088 882773405 555947790 657974960 903945102 659056629 149202798 819575305 615664551 470020589 879212904 881572658 426066754 746642928 687884529 841154468 298204741 709853134 969126207 965932527 991199438 861882475 996377291 185293788 295245964 783234154 844429548 628914733 973543795 356577005 524634323 841314570 802849348 955767581 179934080 467077852 376201467 142105228 865250017 430498988 694675265 282841998 295559271 841218479 363035250 239850677 622355801 213100521 796043563 599713179 308146083 824572507 701368876 651926496 117803210 347241333 504009019 607695048 114415404 565657139 663864800 544091692 807539300 859485649 743268322 298461327 675726707 25903539 454500557 284073163 378232950 625709436 979923974 892699599 373472883 39758797 993062057 978783302 263490515 407539950 354421952 642944102 503727419 684224205 805955733 512390057 748257295 955877738 475594558 856004615 248079576 567040561 22350433 767072937 83205186 428765151 349934868 293403230 824051609 385636476 645821189 99551637 237909456 186005770 311282810 626136774 72355862 94405685 666768693 518668847 137933855 45508100 386691661 883022387 805437210 846594668 835104050 880408678 744848865 788383533 288820363 370213806 760504034 333044090 577182594 598981021 660373559 969636822 121609926 467922271 670194709 145726044 360689233 558024404 306900620 135779962 286146426 171441992 687149171 574676928 160553178 551541104 929957086 484598188 521615063 907570487 968378638 331602054 580192249 537625280 16032279 148698520 306213150 48339335 506510808 85337323 692252129 36746201 965461269 683934909 932401661 770744130 345116289 640749460 992121659 670454441 528323966 416615681 698020985 281261089 788413301 223508360 876666046 470089393 233595576 331135738 213743541 320503073 205392016 464434948 294584599 458977358 822608391 448622008 866134689 904690985 524470332 166682231 814681639 870761273 198909737 109314369 853727864 778135329 430505295 444886021 511071350 503725069 742526074 12810641 262311595 399288036 276138622 795933375 160401731 489027458 40974701 864001186 252272164 530298290 484712413 695340970 820641466 912792863 714722334 398925394 376294916 188197221 193906377 735468284 594391470 766401338 658832401 768537883 961229122 965806473 249215373 143191687 93680153 913803763 591519005 602042388 663379846 168153969 605096591 63099356 731097512 893596436 533636476 777448481 786570060 352177117 579146091 96664643 327194720 523812084 873002160 167174046 389576501 17423486 76171822 765450510 568783990 263597536 994783552 500268248 983159998 443915477 974736370 662930806 387404929 142096427 642168839 553111284 882491577 833352064 106425606 454897946 37066002 790387069 260332469 792906057 742309257 899224180 942989875 640074740 339753703 510877662 486098094 251437258 961839453 983931777 834655863 556183066 417639915 397257621 353030356 715989464 164290075 706080249 945427650 913353049 859550444 408171822 818852016 642832515 608782965 953775220 231270271 456884442 267990982 321109130 967719606 543498263 541810524 304511508 177287592 905204030 229398185 657593870 453151404 115482713 281344200 583091440 947662847 270126720 691729997 389218336 654239219 235560919 988854562 924054626 900713066 789985326 153229123 399120147 478655386 520801464 32387110 689394911 426800891 284824998 126919042 756832175 861610120 798497290 572190616 189349508 660761976 229486782 272021401 280659402 951821335 765190052 313232875 380118501 269381300 765045633 214802070 920890073 311654840 891458441 301320856 458823783 422543433 236422132 893817721 633823542 516189077 568682907 807606993 179906659 395379452 604066994 568087897 840456179 381226344 90951528 311594819 590064571 803019083 465458215 718858977 697180124 467490140 702726001 499479137 670981519 96766959 104060602 366122328 944166912 255936795 475099895 980313339 363006016 48274747 912367392 284227242 587924160 909730502 356565650 398509131 382741696 249415595 495059674 182184092 632486344 458509384 104282062 823802740 312394266 525173229 863827139 378396263 112835272 934106323 180479300 622740020 609114080 792638022 935072282 982377573 609268165 987840929 172358324 209704672 932682970 396670443 271914021 306363531 277126257 66826617 358329093 96620492 479617744 460692207 711985539 558658518 113460836 251304640 328259992 234717960 455031456 316993423 986210261 80248106 231705219 260430929 171135504 996268215 768772711 518694256 75022528 557719019 202385078 994136643 144036302 683897181 875033789 537805795 158392497 257085886 419543511 409565382 471120930 482764392 247234279 174068454 4908088 679574794 518788764 708037457 630702491 818261118 946313860 666924059 723563788 278589168 810217434 460085105 157915971 381249118 95306280 538732320 812714848 184514922 568587906 261913344 420602070 894500867 187333067 263824085 178274105 561954359 485930346 861425841 226504369 506821016 752191974 56127020 431830103 846948235 299711137 148402003 533224319 947944964 301498123 476134331 712577120 477270997 246023059 258551409 157756339 498143432 278889743 309553914 614343947 894799452 212967055 760860091 227932567 555999786 391862389 464961512 995984427 325961174 339942566 565664759 567194856 759737541 542907589 747630926 525379479 761711476 697800102 626452782 80386609 489010392 672580562 731916238 877825922 548114964 699414931 682679317 870996989 953656944 410464812 580145179 433562531 209019995 244170816 75693391 276748980 569908298 376694981 963421130 599203419 115515883 17915138 361431135 257933579 43033648 331033282 722320778 170231037 749869737 84824645 3949972 827485501 3345238 580977198 436702838 975491042 548042492 781497145 834108302 203798340 416489846 446264749 964580901 590224855 375851688 902500897 824424489 77657866 110544458 602080695 975341376 599269958 73531662 927761019 353986499 693370905 125743340 556723185 344973362 888589306 971830688 600289143 643357955 688050474 437810219 664899893 133015988 735252494 977714024 932264469 207232075 626152625 955030415 153528922 128812020 903770553 115238747 875522578 836018541 485633903 596271033 846916381 246159160 341104473 948353971 142525369 406491371 463463855 58006702 888589048 220316246 695175919 150283110 439672113 475282283 578584008 455771114 437458409 495924390 922049030 194176650 461710671 315270398 732808383 231039899 706133000 524682534 298923138 486933611 911877792 379310334 444202757 346906663 388930092 116012299 438316826 719827147 884128033 195519516 323687695 553493673 856600160 638310606 317898014 69385886 677520308 378084185 93847558 173766317 754431094 545928440 833355735 462779682 45471245 758712428 298683825 497806854 299912718 563291391 36108883 842428255 701785727 529604919 934529632 123396973 363387511 679537951 412447937 124553427 927935775 593537988 857671875 751124343 620540005 161060223 620165687 11559650 586192641 467974034 708210537 506260729 692759620 274574749 639113147 762511456 741141385 174912919 48654422 672527349 83940975 246236236 791191189 913674052 659481431 726129811 381245471 308510749 96757686 937025414 827810437 841133366 414292633 707775598 425542915 695548418 42748272 806759932 72138375 717812212 837518507 452223999 687112865 758265301 508782191 618710478 777577824 240394472 1302393 362318120 590285949 846356439 978152243 388021320 934535987 578582631 793607232 656458475 615945917 968577664 331641534 155260286 456632705 429487456 408053258 311967784 685633251 29624355 152241242 595767133 509640161 294471849 141809496 729860547 164981917 621249898 182955022 864884222 269207404 845018032 430981034 536705735 905311033 880605333 590404041 127339025 945831209 602808070 367288095 740495222 867553487 185374292 99781760 22090704 991386479 289602314 364804076 718386750 697734265 166333180 92237844 971174432 133687846 448081379 530848852 10046953 391937663 858606435 826213331 502193556 959711025 882952320 281862593 525125887 897018802 637437406 239892066 838505335 636111532 345561613 358012850 691678261 46920178 359085614 116224195 773760017 377498814 787390575 679567296 905538207 669272355 644230707 104056830 496438481 905191091 183792046 332665981 753153337 477522424 754825795 195446992 471075041 300303861 200261313 823648956 836932853 580562587 553525006 441684427 597331805 673421903 838087468 481073352 40988882 443333919 226108115 914796646 375653772 14618812 82796103 57457094 421867911 977731926 631498688 423149915 516649122 328239101 947708820 711571127 942851514 16740352 979729133 847485407 415637866 723997539 974756940 340874602 239280741 2161811 110678800 50888263 471677226 253959156 436174134 688869360 363686126 107625311 520063057 775338718 101210528 940492851 647573234 562032825 88700874 721356445 500461422 878594874 245050039 51943274 738486290 412299213 743646 827274478 53033088 985034404 951987715 214185476 738000790 392070243 200897932 282007673 812196265 694333167 91303099 130863525 188645232 311896433 245981159 981761168 549773151 516186057 893842772 649660528 829342970 27028631 16479522 791321849 381478118 758496938 578440399 221274856 629275844 55107472 588036985 516328850 778041639 664741474 661449245 444216774 508425992 805665880 496875415 431651912 365364684 912916091 510709560 846704733 403191040 585866288 157555130 44699331 401395834 721636307 233609637 488379284 692931341 977006409 635990639 646858148 664797374 375174418 446072787 152936976 377329210 859410646 808779145 635380284 927461487 309628899 825006532 685795171 75509131 984712162 242837911 526101987 564460876 787541078 352572896 512424545 882241531 869923758 627686141 399567817 448973807 708695708 598663892 987946147 649132241 71606787 62206505 773084469 288416517 328597620 733341848 88225644 191694539 399229176 25368560 249974513 911378243 497158781 36902725 140230909 464371 203871725 218853542 629950235 95705327 435547136 699382132 79669094 473041407 244289328 779141622 149811647 614622837 109867302 292857209 252296781 226867600 731911850 444529516 694661770 104911287 943405656 625391683 918612694 65076331 511494153 868263936 476399490 674606831 602273179 582841035 43412011 611916245 330101423 617340534 220012356 671509613 201497858 911854358 878416440 897279628 46054650 241282006 210276055 622586854 654294973 789062410 281739141 228109968 91386804 533044943 737568918 287926565 694440860 445164176 888775685 420433333 254034473 450805361 731591183 215557517 101109922 205056047 109631984 428256844 199076078 520623218 109505407 733276300 303442558 853922035 302707903 663950000 322386701 190260426 38705476 606432738 299796788 292947354 514157218 192983803 735824577 549048185 560926365 680416551 81795919 816244950 924975483 864384377 61962960 806293925 859271140 698892806 385975749 906502538 549412431 679342695 838463937 31265076 147921039 268268676 101300182 221711668 106769600 738176300 155285575 57169970 725882666 505676522 401457380 598409916 356841206 307799934 241077874 159187061 686852276 609833529 765060114 865683651 706553027 401911000 562097532 463067961 873341882 581086067 780877261 734114532 97500262 611766042 922778234 41524959 354263836 162005917 1729598 681433679 276499913 813427476 536330045 439757070 659085860 16514830 829795309 973114134 356739624 191912265 29528866 743700138 861741598 700897052 812856168 314563160 239796082 376525726 286013879 416998837 269018365 196993413 922256441 382372334 14176837 371364216 998879271 949146426 756636602 266106930 926870014 850253940 544721464 496008700 634557042 377637280 742985429 652899357 399200338 235591536 909973 11638850 454071776 371265792 885079248 120664653 862576864 543479592 253241785 188085514 471773453 111030404 413000697 516182107 984540811 80393282 203109461 74256653 943805442
1698 717 498694282
1059 584 305916682
665 779 861107951
1601 969 298564259
1076 503 982503665
594 1700 642314201
663 872 967143588
671 641 76729642
1692 584 638601007
1773 1156 271248774
1011 1432 577551950
1697 624 795801720
904 1109 849512236
1547 518 461581541
259 1696 363475019
1477 1631 411388599
803 887 477239253
1412 741 353331867
1564 1074 518606754
515 258 298275712
14 1773 589227687
847 1988 214947175
14 348 233711945
1061 191 172995078
413 1206 345247778
399 130 540631594
1049 149 198069080
650 1546 717927602
1259 559 727453830
235 898 14489844
1768 578 211999836
511 500 97611313
257 1385 614307737
1905 1866 774676906
214 916 273321945
257 1850 981836652
221 1137 26458883
1035 808 428915821
662 401 562791288
556 1191 420003720
1665 1281 465678949
827 30 928297117
1085 726 214138248
1377 1220 438432754
1089 684 869557429
1061 813 160645822
765 1024 433012570
578 557 682646680
877 1942 675857669
1571 1555 411065969
1104 949 19916684
811 1504 662679600
1000 1603 805307699
54 34 488757856
1116 270 931875284
423 292 671599908
449 642 986108255
1735 1484 214493680
1719 196 328729711
1927 1022 221416788
1684 245 450932627
791 767 192723592
698 619 329521463
1041 1583 463913047
791 822 491405527
184 501 71034037
780 499 980425391
875 339 92846124
1511 1637 415951562
1050 1664 590677113
375 917 265266464
1546 723 766380324
1174 1422 18634973
1511 1260 399250663
452 1071 125875902
178 1720 726781674
1265 357 157591734
789 465 900446120
1107 1033 535332422
998 457 921910321
1328 591 47091762
758 662 423902995
604 942 720730017
1941 265 79646387
184 1315 84169729
943 129 411871164
130 858 957518875
606 306 14417263
924 1981 998132156
1110 894 673626438
1129 1538 639458800
701 1834 946669396
59 320 114078970
1796 1371 387690879
184 1575 231305022
112 904 82725369
747 665 112120160
1148 715 378414241
162 178 44771453
832 1628 770536206
678 665 291951843
811 710 445610200
1839 798 221939214
414 1021 830616729
195 1929 683123219
1309 1391 858682111
1122 494 830235240
1742 878 191699252
401 1678 67621367
1107 930 613389558
703 900 696063214
1007 1433 98356410
618 1654 874302274
1661 1210 528678728
1119 18 635136512
402 1356 81120766
1705 1221 487346369
1245 474 826505347
448 1863 297362542
449 380 282012573
813 1515 181044341
1997 1912 945176434
416 1353 708617987
1046 1591 775139235
498 584 132430385
1444 1537 637191897
1634 693 829525204
1999 89 322044723
1945 587 902463618
1852 582 298041559
1953 1418 343888874
1513 1957 362890269
1965 1158 986224089
678 520 499516062
1396 242 854445453
354 821 336855386
832 787 931093831
506 622 472498180
1379 935 947067053
553 1553 302390959
168 1818 498448136
782 1679 905354195
1630 1580 111306499
308 475 703905668
1949 1613 185129432
13 672 366280380
899 371 478361993
810 1362 478106964
958 1796 812642034
289 609 823419791
50 1308 776299257
82 229 396866197
1307 1043 284411183
253 255 116123974
752 337 549448950
662 870 4784687
668 46 270035380
1611 1875 291145309
1400 1542 731004979
810 968 326960238
1976 1095 489447000
887 1218 914192800
717 714 292841282
395 742 325456832
68 41 931147523
498 1113 477994219
1353 400 159599833
787 597 667174290
818 550 328123082
1895 263 626755003
120 1469 863544293
818 1711 236096206
432 747 208385607
1960 423 718153335
338 1852 642073392
428 1876 374212232
1274 836 872823999
507 644 215449413
474 1483 621738092
669 1626 826198078
899 1256 526873445
177 1727 130031089
166 1784 939308166
6 474 395248831
1870 276 955338955
946 410 975179136
713 1122 32666287
522 867 549820106
817 1158 215083469
189 361 567757084
8 1521 601224924
1158 1571 807481394
477 1670 7606918
567 347 833940497
1236 1652 207662789
878 294 27790367
1758 1977 972499349
718 1760 84297828
310 1779 448868732
977 1702 449505607
1587 1415 903123179
577 1538 565921558
1170 1833 46996335
1656 1658 203040493
602 1332 925865534
1832 245 292369924
1651 1545 547273598
1507 166 33307546
1718 1888 981301131
696 1100 733140232
1030 1073 802932961
218 1563 206171196
763 623 120110644
510 650 528986677
168 1146 555802545
1723 1806 196485885
337 243 633019754
1601 475 622749036
246 1537 238640929
918 892 893846916
499 1101 565149245
1590 1350 224938928
322 1898 606922202
1035 404 924696666
652 1158 52619787
388 2 350968968
1213 238 248946685
1175 491 241753810
999 899 442361742
1776 1644 964198079
310 780 888396490
651 1697 297333821
34 1195 672887749
1387 1885 468609262
1231 2 854635369
1053 484 757590456
1242 1844 971107896
65 262 188691532
1008 312 940655721
500 1183 543438435
823 1126 458854739
1816 540 737755634
286 1090 929734951
746 910 70533206
355 26 68315875
1051 151 421605713
1768 1961 635713253
1125 1347 565620975
681 1559 925245083
765 302 404265926
1897 1971 564422620
1540 102 225393625
461 1828 47160892
1034 1218 361080690
664 1180 62984532
280 1638 969001023
1309 1254 924708207
679 1454 99680844
667 1430 451879980
1936 737 209838048
505 1693 116176057
1191 780 788542582
259 954 611331006
198 1887 132317526
625 223 633528009
527 1787 797062867
778 1172 804546178
1202 1722 825710155
1791 749 282432107
1593 896 82486402
975 1781 574182772
1633 1321 201161461
1427 391 751872776
1243 179 552487090
1918 1431 694667563
164 1840 635861780
1381 1425 836112146
929 61 175794593
1209 746 678049989
1327 336 461659680
460 1091 981169843
427 1346 903814689
1990 636 943082617
1797 1692 568687976
1632 1761 565174270
548 946 89501134
1122 5 957022049
915 724 238311145
765 1908 930187074
313 1118 943055233
624 1798 817492182
130 1791 258328481
952 687 335178013
1350 125 941182684
932 623 487176450
458 399 612044742
553 161 672090404
1622 696 634636691
954 249 325256818
1008 1635 491867332
7 1907 348905038
1529 95 817166311
1638 740 907840074
1884 1778 328899341
1560 1836 867125909
3 1800 272330061
1286 932 385045246
1665 810 133506142
1372 1818 419969491
295 89 456110180
1329 408 544626781
532 1103 571175139
938 486 96120718
1038 955 363573854
1179 1612 657655500
219 1759 135633782
12 634 570856656
1807 596 283544980
1178 1263 953177187
104 1761 884358305
893 1354 237445261
264 961 457054157
794 1409 302149214
1351 658 32613211
141 1822 136800199
1462 1679 231078234
922 1720 75769822
871 1759 145424642
1384 1044 435466120
925 322 298511798
59 1622 956895051
1628 1578 847227714
251 694 828038263
847 462 41203343
1787 1082 67349491
1904 1745 639173859
713 1220 841605656
522 220 195441518
1667 97 602366506
199 1181 373481636
1051 943 472549697
574 1460 68468727
1783 1033 42860795
1389 1763 283078420
732 43 721513402
606 898 57748720
365 1107 871567084
283 1987 899871758
551 1937 742752170
981 1034 106302035
481 99 77494533
1512 1867 194410126
322 1191 804772218
19 726 728533431
889 1044 125099920
9 1443 773736924
456 727 518435382
891 1910 473066470
145 1190 698572321
1744 1193 628673996
2000 1191 541361727
1377 630 982942590
564 1072 44337094
1976 1110 133942454
1021 771 501762167
1122 37 182096099
1960 809 827369146
1026 510 155610097
742 1123 947391906
1074 1154 470530861
573 28 30252582
1755 542 334424275
1195 139 994841231
468 1700 732459410
74 1689 612788287
545 1498 141176557
558 283 567148102
284 1436 458147479
1579 261 103241933
475 82 639009868
400 1662 132199439
464 1017 948948290
1996 818 760336594
261 1587 758382426
553 1316 275809204
225 584 738882667
216 711 878967548
118 1498 926955083
1977 572 483061370
407 1840 308601334
109 1871 253151015
594 224 951079360
1390 188 712937546
361 1938 665449987
1168 1955 718339888
1735 1317 704114852
1799 1211 677287782
901 182 555524159
1476 1798 659961873
386 1774 955666791
912 1909 371658415
1750 499 804002505
1140 1725 811613780
98 1431 683626946
1416 1623 887841832
1866 1396 471825333
568 428 887305829
227 1603 980784330
451 341 761351174
722 725 721262312
630 1188 497673940
1222 1155 344881122
354 1914 428325336
1287 1403 749943531
1267 127 321747312
1941 843 50350625
130 649 947678603
1161 643 865620577
98 875 668698065
1127 1780 661408268
996 923 430285507
1129 293 523093247
1146 1644 744801643
197 577 64522106
153 953 30664541
898 1371 364878041
788 76 829437801
1398 1268 275702562
476 1100 127993895
1460 379 673850019
794 1553 358826039
555 1485 288552885
1640 1407 807018908
635 1325 500016177
270 110 24213793
153 1863 277023320
454 73 452817945
1097 1602 228341041
2 507 442833093
507 876 18132093
978 1119 931401286
1002 489 469711832
1905 44 788631633
261 1125 192686417
1247 441 95870273
740 794 439840242
952 718 361232170
78 897 715694470
1303 1056 681749600
1951 1302 911555413
1453 1950 449839071
654 863 637690155
580 1798 555989403
1097 1417 56549758
996 63 929634439
592 744 477707588
124 1998 214032412
1805 452 692016910
411 1463 777736173
281 365 89174653
1394 312 264782897
940 913 133343209
899 1388 306028759
1741 711 430817375
1678 1386 349138812
605 74 497438216
215 309 49851868
95 213 255790988
1211 318 131569192
1133 1758 162036436
293 1637 222515377
562 1734 877053291
1566 337 560910544
637 1533 407502642
383 1683 22483036
1911 891 49309324
1599 1119 547962721
157 438 939587482
607 12 58016431
1697 1564 473415693
1121 1772 394061685
68 1569 973193370
650 597 705938667
1699 1148 521216514
884 510 618350498
150 1191 277390996
1227 876 394103684
777 975 788923973
1731 442 373835737
659 117 64863711
1577 400 796542768
1210 1431 275242178
1175 1532 336369993
1700 435 950004851
1816 454 258611646
1362 1631 364444645
1839 1313 552646371
207 1602 112488761
1148 1918 265958395
1982 921 411275078
332 1245 91112829
592 841 193042647
513 119 193103412
468 1201 599779427
1230 1717 35031601
169 1577 429969103
416 415 116497347
1301 1929 971770411
1070 1840 854116320
335 843 365551301
425 1296 271842835
275 697 158383705
1352 1934 756393704
439 1136 909607111
235 566 830970992
896 796 214175621
977 462 625033004
1706 1029 356469889
636 947 240586930
1397 225 878131512
1442 1296 105903667
1255 1079 661950314
1393 1205 105588284
699 917 48702520
1513 84 577194926
845 740 983072449
1372 352 331882955
380 601 103667931
673 750 521492054
805 161 815937926
452 1430 962690165
473 1139 382186752
384 601 149375888
1674 908 262024550
1922 1793 792288385
766 1383 329191091
1298 980 958898629
498 1879 614692063
334 1757 29302011
1494 1321 244858511
1396 1668 736594477
816 1832 230896643
94 1160 630736319
1842 1340 358018923
1987 1365 477157001
11 1630 863434384
255 1241 355340913
889 1004 609623917
1499 96 165174884
295 14 957035614
1357 1530 481988290
1049 644 502897798
1959 430 562732734
855 860 944953899
523 1793 527616977
682 1093 954555891
1141 970 422478996
1204 1703 81171035
781 442 848487326
1725 827 516124721
1899 875 928861828
477 548 740540114
1376 1717 296517750
485 1208 270598270
1785 450 830651994
227 868 242732913
910 1286 569286396
288 833 850244645
1978 1084 40896481
391 511 693325654
409 873 456336483
663 1963 524091110
1870 4 324172827
1646 880 889457477
1015 1331 360210782
239 163 636600014
788 14 924261059
810 681 824407888
589 1955 596162975
165 1209 876492741
356 531 515535191
1462 1907 930196915
1659 1616 777675788
254 1421 422616823
301 1397 263650067
694 637 129397939
54 1436 162294317
8 1229 922349449
1296 925 363593707
1021 1308 21521707
1685 1215 402720950
674 212 103414228
53 1182 222806883
758 1794 937370844
1635 811 739818324
1558 1205 996336132
539 655 504263316
140 961 466561026
673 1411 701827284
1574 828 412122471
1041 1482 557566868
1797 1588 43302854
452 1735 261946573
614 391 431513164
178 1794 227109752
890 781 178023399
1085 1052 308203358
929 1117 958285540
785 103 257799180
1168 402 173725165
837 385 772454362
1013 1510 954198903
1946 514 309388230
859 395 846159741
1251 217 892627099
508 1293 402684193
267 1210 146005371
448 1134 750186886
775 1236 356578408
1999 1048 185130378
1055 15 831848470
490 931 913569429
171 1554 651556914
1733 1753 713530064
773 399 243385484
1121 1178 751344539
1456 1059 471904764
227 1376 468148910
1215 1595 490584860
846 977 935598353
851 1341 143039568
1628 410 923404542
1518 1543 63842646
490 476 441203895
1240 1605 419337826
1863 623 260360454
1410 1715 4269310
332 1097 385244222
214 7 725951121
987 1552 884200352
1626 553 637985174
1050 430 920969304
506 1407 243324134
380 945 819348490
382 1835 802229293
688 259 352789384
1795 1960 991488127
23 616 415654786
212 1162 798810560
17 16 419323362
690 335 407752929
815 1455 650201335
708 1346 164112813
1990 1250 71905196
1927 1987 787304787
1022 1912 541259618
947 1955 721069214
107 381 786728261
691 1369 999019033
509 1028 239243625
1712 1196 877618826
910 1819 543134516
234 1413 805036981
1753 1948 207616073
777 447 259096854
1473 1945 750968084
1878 1250 584441083
1947 1273 27075834
841 1227 988958889
969 620 690345584
621 106 368926566
1005 873 86653329
1897 614 400180182
725 497 147745168
668 1710 723992378
1117 500 615511553
183 1812 629855698
1431 1911 730564120
1289 613 77533448
761 796 154008533
585 1753 538857380
472 1269 522155681
592 1314 8083766
1011 1831 77209734
716 39 286134775
379 29 58268990
1424 122 511065999
894 221 766366729
233 1954 61122942
1050 1533 510297815
87 1508 552281869
204 692 532466559
868 973 299094258
1620 1192 990353697
1740 1033 170904618
1501 1061 428913081
521 598 177967926
1234 921 12849317
213 885 664560127
1863 544 61347899
1214 45 995535633
530 1651 876735080
784 1150 100256262
1923 1948 850565497
984 1336 60824707
1223 1528 648686583
1972 1005 441081370
598 910 816184392
45 674 330223173
734 1511 462329579
1771 585 376614329
1863 923 840446383
436 579 596783565
583 1761 160190880
1320 587 651279799
149 1247 938544402
1259 1067 977093952
1894 1164 476423850
363 1430 888409442
1256 617 282429750
1850 1985 279236762
1170 171 861331043
991 908 245990011
1796 1750 915120349
1818 705 156355743
1983 1228 895558394
971 325 350302299
1718 1794 333222514
1487 1553 947800254
1465 879 700084265
627 492 410999531
222 444 409524322
1751 1554 595457468
718 1029 291786689
1397 577 227055710
1809 1311 266308507
966 1583 199301842
437 820 786526512
376 796 845062739
689 673 219075968
1475 1283 593269941
1372 1283 637168516
245 1736 504981222
391 87 38104817
444 1556 37277620
959 180 859195264
1493 1124 514387370
1071 1245 648195872
1052 95 481670655
546 440 882519645
1334 240 133890118
424 518 36110163
572 1803 433037502
1289 1122 652934552
861 1426 748490600
1086 879 836422541
499 654 898790092
153 1885 688990133
1172 659 36139358
1987 416 889611247
180 1037 147691640
1967 985 897071120
1699 166 675302453
1463 1566 247201517
1958 697 110916491
322 741 513801974
895 1705 4155303
1515 835 34658574
1181 1945 410139939
331 275 781216382
1346 1216 562655910
87 1238 541196262
1318 1666 227093873
1533 815 657574381
1682 17 792595175
712 1131 482535606
1850 1202 402392606
808 141 306549069
464 99 343943513
842 1800 377640021
645 983 775372762
1760 1539 996503408
1806 295 450635294
822 537 48006955
510 258 448043620
1353 652 207900946
67 536 893319008
595 1774 580959954
1290 415 629795162
417 434 898022537
1596 364 823267673
612 1482 430062522
160 1334 418630241
490 976 899051743
1374 1836 926636893
1403 1217 882298930
1348 46 832027091
1161 76 254663139
1783 1335 56898131
275 1501 71891982
1908 1512 52997842
962 1831 820850259
799 638 923924049
244 82 651328473
1624 1845 607701629
421 1439 91352603
1988 1801 553380425
543 1358 781975846
269 601 279860819
1925 639 496361140
1326 518 794486065
1119 494 917754598
1482 23 523221454
926 914 940168626
1266 1840 397821761
125 1737 830892789
1979 1122 172096644
1810 517 149865093
235 371 288269241
1365 1661 137637066
1445 1076 903449897
1912 1020 555227327
1852 1455 469266607
209 1726 451265527
1992 59 26191136
1751 1417 155195130
1425 490 617733168
1479 661 127430133
1208 801 472829392
1112 261 605694024
1840 728 529335121
1072 1636 201072243
1907 206 2254567
1134 791 748399245
859 177 311933982
112 185 473650604
967 162 171932881
772 923 778836536
1796 1829 318137449
522 112 604974808
962 76 31435366
978 189 285069960
1949 138 771940663
1207 1683 758738038
270 669 710944861
226 194 268490511
1581 824 851817519
1230 1653 986776355
1674 1365 500306748
255 1920 949030025
97 297 258733221
178 1811 40728180
463 491 985726839
334 1164 734053508
1781 111 82447331
808 1460 947525500
904 553 765210595
1201 1084 927142909
1030 1683 608581166
1272 1288 667212288
213 1621 433687539
1869 142 865706112
1421 707 357864226
1316 1091 257697463
1434 1116 446114449
1033 361 750076462
1313 1595 729728548
1821 17 540526388
1999 9 443036845
332 1433 825972307
823 1183 852565962
1145 594 949323286
343 1576 93869059
1591 336 59087365
1018 1329 402464412
1349 1446 38846816
1841 1428 539812517
761 1174 548892551
254 188 271894820
703 1789 461412122
29 512 759278222
1068 1600 832033910
986 1937 550810229
1101 723 447358843
682 1141 881383590
1647 655 349736620
881 916 285961430
1784 1836 932168103
1192 893 671024813
1994 1416 916846764
1316 1986 834067925
1246 1931 48041269
847 1486 5524173
501 166 733556503
1024 961 917146816
391 855 80895376
907 592 81385717
267 900 265622285
334 752 923943753
436 1559 45749062
414 1237 330001324
1031 776 731307949
1820 1782 432895466
647 613 449566668
1206 1195 443809068
1157 1221 3533524
521 769 346599644
397 1980 391254147
1897 1965 545029758
1368 1391 386108758
1950 102 81515093
880 977 765317970
230 537 424931055
693 1154 140526085
1103 1734 304053381
662 1243 770309047
959 114 959124617
823 963 809197345
676 405 615040824
533 443 262890381
1012 1767 330266322
1478 768 79957731
899 1701 320313408
172 732 901438753
1160 49 125630310
662 195 573955019
323 633 391086441
124 1343 626136032
283 700 301147648
726 1888 438426556
1176 1183 396061411
997 1520 108480141
1431 1141 63738930
1186 1794 543013500
315 22 889234938
1700 379 227366530
253 1172 229958417
1275 1710 576733468
806 13 235797452
1901 1215 972291078
1061 1484 924273432
59 1687 617144080
1439 189 460947723
275 1009 113867883
941 1730 671063572
1213 1899 411965563
1638 1731 370614568
682 417 955160869
827 1549 701216602
144 1121 617067174
934 1991 619152030
718 69 374701640
172 375 993780130
1346 608 874483292
1195 1689 328148196
1258 1938 89330798
518 318 166118083
933 310 440739025
16 191 700100706
1801 512 511155526
1088 120 300871463
98 385 319429665
1252 683 381743543
1684 221 613699516
754 789 581610198
263 1376 986382975
791 367 543229822
1220 508 379114878
1284 845 144357797
669 1170 529285390
1016 1007 862334166
1505 1687 314755054
1020 1528 712172552
1371 548 500724178
826 1121 782454578
1974 1991 361652825
743 652 730380994
981 1347 555723556
1910 1340 190659359
1281 365 926662331
314 293 861089671
480 177 765178645
1581 1890 519536690
1040 282 2787600
899 1808 642361753
726 271 6933568
1359 535 144698568
1575 1430 108318760
560 999 956472352
1947 1328 776544272
1294 1616 401673642
940 2 712419795
398 856 827716070
935 1452 780223728
1999 1886 531101746
1923 1672 663627354
688 186 742427186
1198 1240 214948676
457 618 515030736
429 982 326069566
1428 1350 757249499
778 685 507012660
276 685 824568457
54 1086 172629962
1492 1439 832407228
1042 273 889634786
1169 105 214320866
1338 76 837104561
1704 853 727080768
1906 614 837265350
1422 1868 932452115
898 315 96014362
676 114 228646914
790 162 129970961
1870 626 241898332
1011 1470 638911300
718 1662 192392869
1135 1572 46910792
787 1377 731152277
1347 1618 312999996
1591 1281 57573034
1656 613 628552429
599 1825 2498374
1883 749 753426221
582 1548 355371851
899 20 472606229
1624 1348 589555903
1250 62 50924743
915 279 901127550
1602 274 47063254
1232 1255 309984408
1282 932 885130134
283 1539 671476314
1494 422 365085779
1248 1218 782507749
1295 148 858292133
1177 1307 612359378
199 1020 219610145
1718 1316 651261372
957 1964 199584391
1264 792 679917484
1767 426 868636186
602 119 47530117
1700 716 154728612
1065 1227 940469945
1440 1812 800351161
536 894 489732079
1907 69 207546233
456 1866 76332119
1392 1698 879725248
732 84 879042289
1441 625 697763530
1887 1452 778354815
164 1343 50824122
1840 55 203210181
542 780 807082341
293 1433 544342672
1765 664 708505353
215 989 699661388
1431 338 388658503
955 943 230669251
1456 221 787079607
1856 317 561771246
169 458 633704675
415 740 702017068
536 580 278449501
428 743 73160850
1956 1331 370063896
1854 626 578079959
1154 1956 945509823
31 1966 736062282
1981 384 939764981
569 1884 814055339
1316 62 81981947
1933 568 794328567
75 1870 869887698
973 1981 229439015
653 770 188370802
1193 676 596379629
205 916 874679074
817 1609 110478006
220 203 80347697
216 1163 966370145
603 1250 58586634
1523 91 829441153
399 1447 236987417
877 1219 749633676
769 1791 534957332
482 20 990177908
1424 910 743695430
1692 1318 694025501
1445 838 841400495
347 1001 709536
1675 1657 797214400
1883 1578 341806905
407 1363 937552413
1660 704 757516940
582 1935 444579627
1368 1306 223236326
1534 471 888272374
544 1121 410465864
1852 558 555017654
1393 1714 139840962
1618 5 583776508
942 42 196283709
1469 1365 624652320
295 1330 119917859
462 1387 990725293
308 1344 606996055
658 56 300599566
575 935 937555253
1397 1488 909212043
532 1910 352002807
1171 331 530507371
1724 1341 244867338
99 1650 646454289
1723 548 213878562
763 1934 592745150
1291 805 349420651
1030 362 733241164
1426 64 890133505
733 626 492715808
421 775 508083070
1308 155 966553654
233 1114 659725463
1193 1802 370710398
1815 1405 371416600
1547 912 786171811
524 1852 809556171
580 1668 502192500
217 1613 946646422
1251 1124 670906510
1980 1122 609412807
1413 175 710126994
190 1046 15341032
584 645 910807005
1922 1606 395157579
1963 309 994886868
1962 67 501960544
1724 1179 556627021
770 506 367846002
1773 835 237004877
640 1654 740264689
1073 808 765163012
565 142 278931133
1810 380 7223108
1744 1790 276560885
1271 853 845012189
805 1950 202307337
916 365 393463329
514 1081 814874105
1665 561 384380038
540 1011 22449692
589 321 94533213
932 22 112321268
944 932 346552389
855 256 858333024
1738 1411 559035335
1733 1647 816117185
32 781 464172787
601 1371 345824671
920 1228 866717425
219 849 227703001
1470 1979 586452862
1657 1590 404252828
1013 329 285397113
96 1079 646909592
1271 812 984151135
382 1877 155320330
1798 1113 44728922
570 1162 428087210
867 1340 221864419
128 1038 475469625
611 905 753392781
999 1940 997719575
1019 922 523180429
9 1313 29311452
1044 1254 827180946
539 1402 557399487
381 1939 45291762
1199 637 597397744
60 1403 799791813
244 1266 377974774
630 118 266691383
1356 1380 559076098
1947 165 939363117
1790 1402 982441937
551 212 817804492
906 1143 175655550
29 710 604894521
359 1744 213638479
894 761 535172869
1850 1572 28483446
240 437 791591947
776 1177 795914874
1698 58 126256641
1353 1929 945572214
1173 800 877468682
1233 1452 623383720
850 46 390203301
859 29 545284560
130 1094 540582481
583 988 851215143
1094 1937 651676531
1829 1299 693861927
1602 1861 698036079
954 1765 169843224
634 209 370875006
1570 538 954095171
805 116 306889876
1308 17 43368683
906 1569 176506184
642 248 591673803
776 1116 557842908
796 1224 531903585
449 1918 97156011
326 856 60015458
314 39 836819182
1365 1955 906009957
1612 144 149099406
845 1353 946892977
586 1933 81027784
378 229 786850013
1325 791 685115234
704 743 955669239
1952 1592 827941952
1520 630 7813404
23 1656 736200404
1876 679 791098095
1108 501 208313097
89 1104 219220029
237 753 574873580
688 785 397451115
28 1707 925365
1947 32 336551801
1445 1206 933932666
224 1740 629244994
1856 1960 495073301
420 564 346899633
1171 1416 356572419
35 185 57246282
1927 1782 623744269
1380 284 553158832
1346 1471 481605047
346 813 119806511
1967 1086 500983635
460 1615 124542951
633 1845 119173046
866 573 377554406
1555 699 272854317
265 1857 36194106
1390 198 665092902
1740 709 645751557
1563 746 125754410
1073 1600 472035318
1911 1542 625431167
909 1612 640661590
624 921 68746568
200 773 172391999
1198 1649 589116912
245 948 405129566
1271 622 746340590
632 553 57045269
568 1196 241068417
1056 273 710869030
1615 1945 357248061
1407 1105 373111418
976 596 375339172
1274 1974 902429449
1864 1776 164061439
954 635 715620102
153 534 338345087
851 1227 101508462
82 1058 977374505
658 1744 868617858
1886 689 566863796
1462 291 11305715
1397 889 10402683
209 1691 465748566
1195 633 319444868
42 1877 592212650
1034 1401 136296312
1989 1259 659426217
1884 500 283316421
1523 570 788970272
381 1466 914047867
1325 826 257683894
444 862 657407229
214 1590 423351814
1854 80 577477867
967 1625 922550500
1825 1005 499411190
699 472 708378020
798 53 637590436
129 436 781704258
128 1908 16395151
650 424 265997980
63 1799 340504614
1315 978 411513583
224 729 966249298
1754 1243 891029386
256 71 263090634
306 1899 349228
737 273 715910363
221 1168 801483239
971 1239 830713299
233 852 986492333
1036 1852 879128835
507 706 741633886
174 1098 645839196
523 1884 964388319
232 862 983157836
1820 1357 894905633
1802 1606 981203727
1714 412 616604258
811 1158 664481584
1175 836 237314404
1207 1955 910688221
1061 895 666560233
1399 1657 667147095
359 470 101189045
1456 1004 591006738
1659 1549 389142497
850 791 698498511
724 92 194708828
1327 1478 159538927
170 133 514386065
42 210 374935160
558 1283 741348916
1367 200 525405721
1120 1658 65805140
1990 1204 561812764
233 1157 308623717
425 1502 744102207
1288 1831 984087054
1124 630 274812650
362 674 100003731
1471 657 992777541
1101 1191 817963863
1523 431 144491232
171 1468 946316660
666 479 790160193
409 1216 283122133
958 136 35334482
684 86 716644521
1929 219 739445704
1831 780 107993955
1848 1750 438717359
284 1209 775154136
1237 23 298086566
1743 1520 364810881
864 1469 78439001
365 956 697459300
947 998 230964726
1191 1198 561682472
1083 1526 513167262
1708 73 469478170
1855 39 585623786
1981 1013 375675980
566 1650 430672448
230 1128 678235812
929 580 316348619
1675 137 943245917
1112 1607 193555817
59 845 425566234
554 1169 103823649
586 1882 658664525
917 294 330686754
1611 654 998266912
577 1627 546237252
584 729 897239098
1810 1830 832158313
16 1289 327533831
635 1969 857054418
1843 570 326869157
566 81 375968456
1015 538 975481134
293 1591 714551289
1106 733 264081307
1804 204 249407571
1838 1762 227989005
1334 1048 878876217
1765 901 123429205
1331 610 619071041
1473 1337 871749715
497 72 331803679
396 1342 155462348
1953 355 5870162
887 1285 943365585
1181 807 666282229
175 77 716856370
1293 896 678060015
1212 136 806242366
766 464 114768928
1719 909 465827486
92 911 940336566
661 1020 218400583
523 1166 925598939
1511 1734 26935631
1587 1256 962691691
1634 610 966464708
831 1006 87222242
1118 1475 934323308
1498 1184 216059913
1390 814 442654118
357 938 890800548
1159 199 9677743
1687 1080 621710694
1545 848 56172837
142 72 540771114
1402 1174 17065875
1143 158 499043088
1592 818 721953724
776 413 759089109
72 1588 305216172
1282 41 216085845
275 1776 45404031
1393 1088 52352080
290 30 619797191
1237 601 665310547
832 335 327270404
87 432 804498413
678 1848 48998481
1495 1608 279678729
827 1574 477719815
1647 1692 311188791
1424 486 915143768
952 670 374980984
100 1563 334566466
532 290 395778821
122 88 762446935
655 1255 2402417
1299 883 963003432
1490 1096 576762161
937 1265 514011698
926 1260 592828083
30 79 923384224
833 611 995935631
882 1139 524844945
1183 935 156087237
1092 68 506049958
324 522 121339212
179 1508 384017213
1642 1877 312247783
1142 1648 53660052
769 865 870242455
365 1335 445387736
1225 503 48174260
861 1569 530955095
1967 587 759644465
450 1813 524159331
749 326 715528237
1777 808 871444962
1818 1874 578485338
571 819 43772419
1957 556 539343854
402 1063 841737989
1464 1979 653303172
25 1438 32302714
1610 928 562297002
158 1022 450820289
847 853 873583745
602 245 972751374
493 1328 835281383
159 1904 539685520
384 1653 530510508
222 372 382959025
66 1314 698033896
1477 1860 182632709
789 678 10896268
1321 52 850821640
1605 756 309510620
405 726 835731088
1862 1239 278581648
189 866 763075901
1308 1778 337592527
984 1787 546395916
1042 319 61916401
394 1029 981102665
608 1075 583551461
860 1459 759343888
1663 416 109869399
299 1187 390952398
1886 1120 702712568
370 993 498758892
1852 1046 40939552
1447 1884 874328220
1033 377 819996069
628 1101 919885914
413 1159 518890160
925 846 998625485
228 1967 93187897
255 248 754259786
1644 488 66949933
664 498 91563679
442 1256 15510545
112 1812 537260209
1828 1953 364255694
688 1474 956139277
211 696 240090907
12 1286 592699811
155 148 809526697
398 1557 573976398
1097 216 887676467
224 571 143183856
436 1924 32749805
1930 1188 696609701
576 708 927443960
198 591 689334214
1209 1354 169429095
490 1671 127663403
1879 361 877540356
511 1212 655758534
886 1101 930867118
1136 848 548780532
1209 1907 541801468
1671 1167 504098929
548 1701 311332916
226 1043 281102437
918 1094 792335678
704 687 887131158
1258 87 882356631
1798 350 578218948
1083 1577 549618342
1556 1968 781541554
1303 346 355826911
966 1765 301784576
1105 1663 113087582
1343 1494 251950055
1092 1897 404130489
1488 322 160835211
1094 1109 738436522
444 1551 106209344
454 1883 442193587
1145 1183 804097003
582 155 866967064
1024 1210 155456645
180 1567 478448785
1833 1188 21968679
1241 603 411242280
671 516 399989878
597 161 291186388
813 1963 154761895
1041 123 238315604
772 1204 217800094
1467 1922 180762949
1424 1799 628479773
1833 1147 186336374
1079 1704 495336317
704 1693 65520310
1711 371 469455008
1605 66 231260822
884 654 792249300
497 1422 67765413
1171 1010 139794748
1116 283 802326007
1971 938 3102109
1876 480 741664259
578 517 579961245
1623 753 372976307
1081 125 230782934
362 1607 55044218
241 983 537728423
1723 1094 874284253
1894 729 885193378
12 1807 904712824
1244 190 148018214
869 973 584106362
1723 1033 205011185
36 1115 972824041
674 1954 913910690
202 812 523401688
338 1538 983944658
1907 29 41173559
1670 1729 399543547
1231 1502 580782041
1873 436 803987765
1388 719 918722941
236 899 955826445
544 567 648211214
863 1685 851407369
1742 1379 669847250
628 933 429531761
92 1657 423839458
210 367 502889001
288 965 854515785
237 122 674583597
333 522 133167732
250 1944 17690996
264 1106 656343147
617 1679 966593320
859 245 248730823
1867 1830 175100603
247 1331 10164762
1072 1221 124433208
237 883 269885657
662 1272 567189076
587 1283 411048111
608 489 665744366
147 526 587387874
286 33 994926894
1185 155 726086835
1016 1196 638710012
1884 1889 116247255
1240 1748 437370115
1154 966 115903668
1258 55 353473390
1776 1365 352476540
697 752 521345269
396 126 963588656
9 557 751523450
1213 834 365539757
1297 903 219942249
772 440 296519411
750 877 946232911
1432 1292 379155170
975 1005 192406308
249 528 393405066
421 1971 457975211
1681 1317 625707670
54 962 421323997
1022 523 887147284
943 682 79853723
649 596 766759446
1763 986 983858890
3 1506 974643764
353 565 74542870
502 427 890353176
1583 557 494414310
641 1418 802667171
1362 274 859100950
1058 1078 380153569
306 1699 801468114
1284 967 447678014
1728 541 785745832
951 1030 417832288
1775 1708 406688472
1034 712 313592089
787 549 878987385
1296 1973 26216310
548 1456 186903159
205 401 943808740
1574 251 905537081
1956 337 455623095
212 156 792166665
1449 1314 935688889
550 1316 883997395
1149 1610 953611005
1231 1290 623031111
857 1327 436622956
195 1441 955777343
275 710 555796050
1485 1375 98083201
1405 1274 170953863
1102 312 626928810
931 338 690773426
1183 1617 272880578
1481 1872 510499097
1617 1050 890750674
1560 1553 176339961
1654 1161 842158726
809 1742 42710157
1790 1980 318876818
712 920 843597860
48 1633 918349019
561 1521 562124538
1072 1118 529049136
876 311 413387792
1591 514 146272923
1820 1617 909451509
89 1439 761223601
1341 818 361847027
843 1019 352877096
977 1753 859293133
396 1094 827525230
529 596 553706736
96 550 602819868
981 1830 670590459
1281 39 516109986
1168 486 61382902
1731 499 208616521
902 129 39560544
1725 539 345612778
1549 1234 95358929
942 1898 919097775
449 1713 264945051
672 1399 892763090
1648 86 970718125
886 319 342736276
1948 779 998828287
476 1821 7496497
1783 1141 701322764
1061 1853 659959033
307 839 71245633
585 379 438034322
1982 591 872157151
673 779 379905590
1593 365 314784579
734 262 573173396
1978 149 431067124
519 1513 261772256
1798 687 746102999
608 1343 685286049
500 1077 521060712
600 1513 917231452
1955 1060 516067579
229 1337 846247226
156 1472 265320675
253 1758 427467521
1512 1459 979609410
1811 532 925429768
1592 1603 449224113
177 1657 80630747
1402 184 257193135
1125 1063 625872996
1807 1597 845727730
1137 806 665818726
315 1398 130341131
701 1826 381994113
1769 928 478554530
1718 1619 677894104
718 1754 492670055
1894 1785 703946721
1686 47 122726046
133 1235 336709319
495 1837 11876714
1134 1597 158705613
207 344 303650876
808 376 909753009
624 956 97475989
1752 1038 811970246
1464 1729 815563033
715 1410 710387490
539 341 438959916
335 1796 120233377
683 1758 674274186
889 1203 674412562
898 1473 484754690
1037 1502 419329700
1257 1418 684778003
1153 1906 896968281
140 1891 115990146
1424 233 441685039
542 589 298433302
1184 322 508194587
1407 1470 534976215
554 223 595543681
597 1187 584340614
1460 1825 362714432
1652 1931 785996597
1897 1715 461274698
167 93 889558112
1578 1284 36399952
1520 976 523873301
1321 925 629800425
1928 1464 702622305
1297 284 392921645
1331 862 184457255
359 159 244101818
648 85 691002548
883 1198 462332035
1698 1214 159604416
548 1578 910118392
1726 180 223337007
1697 1870 93700963
744 633 679134675
985 1224 945318678
879 383 932596697
107 417 833117663
271 1694 466646403
1790 1571 74944295
126 1462 446963637
1357 1517 762073903
998 1460 943510721
367 203 175192352
1219 126 938045307
763 1512 174930884
72 1700 391501776
1563 1783 306790007
1766 765 409498778
1040 999 955705224
1394 144 783812820
1418 687 496696910
800 1955 225891288
487 1665 922564333
832 1826 588130809
680 462 278416343
258 1192 26140435
402 1000 132230041
259 1774 194599926
766 409 267825194
390 33 87604772
1574 716 534477009
424 876 733603147
422 1809 758628970
1157 1633 458774552
11 871 928896217
1398 1569 96199123
513 1300 226639310
1249 450 768212480
1490 1523 670110919
1781 1613 934606373
31 139 858783795
1984 7 812612961
819 464 284226278
1246 843 629673112
118 1567 192465506
1046 695 66928977
357 904 480814288
429 678 625621580
160 1313 509381005
352 1895 733379016
1852 1240 167494230
1611 1666 934721820
673 591 3391472
1920 1303 628338688
870 1912 103983135
902 582 696911460
369 1982 256943789
734 1734 672533026
639 89 885036473
1470 1624 817287967
1765 457 796120214
944 1667 516995835
470 1397 817216643
151 1705 156108154
702 512 178374043
325 1115 216478913
1087 214 337125791
1983 1814 462654308
1386 856 153601396
1741 194 305004756
23 877 665972512
1959 265 132114122
1882 38 930091318
1631 1503 759606875
1322 631 902032399
646 1543 343425905
1274 1968 969890312
1112 1487 83210575
1579 508 684841587
1210 543 898594901
1626 867 388642625
1972 296 231709035
1347 848 744387551
730 1972 118391563
687 1057 16888823
1068 1309 199920327
1994 1151 51091627
419 698 5271918
27 1377 342329320
215 932 697369634
875 1336 901162237
1899 1182 120159373
172 759 20362990
1551 667 999014482
1540 1141 362861300
1815 62 163666779
715 1420 720079468
1451 752 969609131
1659 278 111431357
448 721 263480776
800 348 183236183
255 1593 736547655
1622 1053 816123228
1994 953 921068249
1216 1709 888658055
718 1731 272213683
407 163 275645460
1775 135 426270471
477 1921 183701077
575 820 437727483
204 1856 243011141
88 1586 225806829
1256 1972 321269343
1441 1905 135036408
1080 1569 954320161
1381 85 741847063
863 1039 783510829
323 783 939179961
851 448 923740512
36 945 374792554
1295 1677 503714129
1860 266 857254321
440 1407 592466156
873 1814 103443763
1602 1425 726659759
400 1579 282325487
1094 793 906362498
276 1250 397214721
378 1782 319636238
452 1870 440275629
1846 701 79498740
173 42 699636184
692 183 892937485
42 1208 336311151
1660 1180 500491130
1275 1233 923299786
541 1383 304959713
304 249 817046072
1984 529 766679085
1981 377 718683664
496 1802 63030924
1318 1262 463486381
1545 1521 992930552
1614 1168 215297896
523 924 44810007
1503 1151 767424745
21 796 825358366
1951 1726 486551418
1468 101 919783676
447 990 548821342
1392 869 680803101
1789 1530 106875236
1991 1911 132475531
717 385 88544263
749 460 406838467
1044 939 286848988
1941 695 445755818
388 1345 130922284
525 1872 83427843
209 1800 13495408
1809 125 76397689
636 1638 699467037
1420 572 805078571
985 944 933488915
1237 1268 444918588
1946 1990 411000861
1569 1938 151688006
1985 217 774254220
758 704 585269296
912 909 172750396
950 1177 313538165
1289 1302 651148150
1530 1494 514144810
1242 1988 574443899
29 937 225821250
119 1305 943011199
210 1975 204555467
1239 1301 540759933
412 1764 355199073
1950 917 395534015
1979 798 207656074
436 1217 594920053
781 1207 1250554
1332 518 799109367
1793 86 238552115
994 1667 157808533
1556 1520 434319281
873 439 513764559
767 876 94952608
193 1207 926690096
181 1139 43008714
576 1300 310171453
651 851 292124278
424 1821 532932387
1517 1367 11561532
1743 1051 839359974
890 780 597256072
1465 1583 117267393
42 759 848959032
1298 1283 632844065
783 494 802033111
938 1939 852262704
167 1703 555030633
1116 1732 692787463
1061 1118 700648532
1258 592 443112594
701 803 368806633
1259 1547 765311549
1242 1448 378080950
1811 1186 780981608
285 1679 843541346
1958 1678 577757069
1942 1247 339597457
922 64 512192866
391 1916 926869443
601 430 396303775
870 935 541932662
1528 1503 457750884
1351 657 762900911
1140 1798 901723098
1015 1402 498954524
299 638 707207412
721 1462 700587883
757 1631 726114289
1314 266 846916665
1861 1690 983994567
694 117 523140723
1446 1908 145505292
1842 1549 82542718
434 1731 794070120
488 131 384885031
1946 1647 701774084
285 275 864814287
137 1500 277569364
826 1274 759010892
1216 765 46116174
1516 1903 34360403
915 316 529041372
