15509401
429493
26492730
2503228
118859
219881
6896412
1726364
3214847
25908833
18183945
86194728
268540
3007076
11076681
3216777
16670958
17423729
216700
11343158
41975458
2177609
2202755
172995078
13490962
18843585
10560885
238444
23299950
14489844
9995321
22608035
451486
24315082
4666941
285170
447482
2700733
3142381
326182
1004638
402706
29748048
1998341
9952871
7389588
5106249
20988993
635787
604912
19916684
35843772
498915
33579146
1228735
18030960
105335
18759350
24987001
1100542
7123207
12004951
64355
7931116
31042436
71034037
7883033
6368901
11363812
3654790
33757274
299814
18634973
6222563
27924734
81051228
19200492
4788398
1384289
27876881
404632
5803135
17051776
79646387
495984
1562412
10605397
14417263
18308523
130139
98624272
22444717
19728489
29116833
17910502
4711525
14168992
342515
44771453
31456647
27835024
3119146
8544694
13296329
1660850
583413
27380649
2212318
30119728
498759
4799845
15004981
10001130
16500656
21827671
32145182
258239
33164461
15121631
4858691
4493291
11874748
9768715
168435
372503
11379773
34054137
25018111
22949478
691947
1875727
17469727
7773658
549039
9064431
40603925
11806823
21022197
326797
21246719
11971154
2927539
111306499
26933430
18426574
28765629
36205963
35820737
8156490
5286707
3490666
25733232
35478818
32772545
18481637
4784687
11889100
19110793
8225039
428606
469378
12371030
27334913
29070203
46650917
443257
15235783
12200066
29625258
13625170
5718856
12601660
35999171
3925852
737778
11181760
602679
2679847
21028
14446182
8758218
17526172
74144143
118466347
29307499
17441844
32666287
10679482
30693269
119850229
13517916
10623170
270369
359240
271877
27790367
25564889
25368112
119618
601795
22517846
30719107
18556390
27706543
8773946
292369924
26738278
33307546
16280872
20606311
95346
39468338
6350864
2012633
476851
21217958
8889254
6496954
22962487
114883
5696562
427061
68533789
21121428
3644203
10751694
7572950
26951740
14538868
1206149
7659898
295076
76172373
275942
14491414
606911
34312998
12798651
666095
5203099
19308331
4887650
199967
33031567
19340291
14721092
9131440
241835
35505700
5810154
367538
11652265
9659253
8595806
69416
10205752
9125544
627544
1599107
21137086
9431
18952884
1103594
18557746
3118086
9962944
515564
4403018
29164279
450445
27799459
4222664
169400
6389438
4125726
18923612
113791368
3817225
19417653
11083744
9103228
357154
62824403
174429
3773648
6149705
9984435
1581620
15662813
358550
426274
26819291
1469607
34744
9204463
6156134
11668810
28937922
10763624
158457
11390287
330076
2648983
29102553
5528240
481162
2214382
9740299
13733366
20152769
27523963
24064655
5104518
15652901
6038204
23128865
17291688
278670
9844415
36255205
7335086
2218923
64192244
32613211
9698305
31850348
766544
28508775
11342895
19341258
35858788
33658349
31697316
3701704
308914
79879
21783405
23924674
33084731
652676
7147428
30967088
6157479
2256294
558594
20247081
553037
24249080
299403
22950606
35741978
8073677
27984576
214203
29231398
23574063
14727509
10025699
29394533
2208246
19492924
19584643
165865
16629221
321894
22074023
27821828
1882405
8844249
7885135
1812637
35501137
60056774
8469032
5366649
9175504
5481038
17820765
29835301
9504922
5075710
27956355
34824686
37262661
46539295
9616852
7435120
16299093
7472922
8588222
3344129
34757
146429
24015369
9696794
18711988
7853684
726503
936883
6848257
19171042
1408503
3512506
23259892
17135425
19149968
14928814
13234274
28007629
4281349
2670226
8972984
16319280
11439021
450383
12848986
765125
4010457
8331011
31075823
11746266
9971756
102223
27020467
30664541
22040646
48382766
28159585
127993895
42186135
1890584
27624
6506725
465902
24213793
22819532
26451699
53073114
2052837
18132093
526544
6249081
7004733
5178222
191266
16916011
27523764
22262672
15699917
40157691
37544831
114876647
16230789
1097095
1116576
10838609
326649
11727410
164580
181529
12008973
18748681
7819220
31345986
430533
6629569
12350229
10451047
7446942
8087551
11054405
114995120
20926410
9046870
22483036
621317
12505644
29917014
9040847
29911323
15351479
88696764
7591320
79363
10655450
102123069
292384
5861400
27278445
25759300
7752505
12730705
4254690
14530087
14322318
94027381
14926871
29137332
602740
877255
7761400
37419654
54712170
3638623
349733
16783207
11005271
34704192
29536937
5504488
2832006
19992463
21091963
399175
45618700
469858
466345
25780524
20907510
10189871
524145
598556
22236855
14513
34217614
13946242
6930371
27931855
34257128
33853096
69463407
1501536
33621293
10919270
32029477
11204678
11402803
196073
29302011
28205213
44989787
25694055
7854346
1026087
2658125
4176635
3346080
27884490
426453
2244695
36017800
139156347
6791858
4859892
2516871
3023125
7739364
81171035
6878378
16645584
34234692
620794
9875542
14287075
17694750
67464986
3388789
414587
3394842
29520934
14557544
219597
6957691
16815239
15426823
16694376
73203123
284963
11409107
127529416
634525
33427501
16000014
14798623
32140877
8544871
15535571
3287298
3876595
21521707
421223
15019654
1813824
6026150
20584339
9993067
20041469
588498
58500037
12735044
631765
84011
28681246
581581
10180099
17113331
23245742
6647716
32789346
7826880
21815750
15937053
66149739
43310393
23042671
1493433
19317063
62521396
186627
36617072
6551922
13949878
2354819
135089665
1416988
38599290
189708
4020449
168316
406480
151263
11884009
481541
22078485
18094736
15730578
4269310
33971956
17937277
291056
28022860
5672675
7673490
71456195
505595
370560
10483981
139329
9753682
27518690
48736202
305920
38482
71905196
26686299
9896374
25625278
8610104
896148
1943235
467169
16587680
557157
50060943
6924161
337622
19221707
10561004
468913
22771230
66629884
33312637
415360
7998904
23309618
26149056
13324361
448016
166204
6361741
4309476
408691
8083766
20329844
31465857
9293406
13417519
491000
23621303
6626921
322143
30855
16252260
30785433
32513376
21186155
2633976
12849317
138605
190430
34192657
36137189
16904833
15722134
24078506
320094
16254098
112634
47171730
1539458
75253320
4092652
94390681
160190880
14355886
14852414
720473
10824202
14355502
55508078
31459068
9663768
3285784
18113701
6544096
11005794
6304661
22519880
22240890
19412922
152787
10408049
21931506
16593093
14286144
9270958
3567512
11767477
4958540
2146315
2780302
24144383
28734854
1226777
37277620
25311881
5887106
26352572
115906607
93093527
35938950
36110163
26081876
252820
28754280
72931757
5657367
7932388
36139358
7457037
9300398
153038
6886962
30415754
4028966
2627671
437073
8114080
4317632
19366724
99245472
954221
19334627
24983068
1372349
6271936
4608356
7523111
1483433
261096
3707633
19496999
29942567
348410
4276004
15415546
4129195
44727478
31649720
512906
25013593
13152553
19242814
10906137
31465746
4873568
7560544
7325203
7922547
71891982
5713210
167856
44770
3520485
25186466
664625
4040669
28540356
2915430
224326624
81908945
6329823
199277
6096478
55550753
174317
16473651
32551860
1336687
1177438
175266
6017
284298
117557121
26191136
27197
87753135
19846071
2291118
32849572
3499368
317584
2254567
17018188
2397827
211999
11379703
32799420
365296
1993481
88293
339407
10669964
257270
23135134
3306789
572946
228760
14836540
7977326
120341979
3226541
7051773
7812369
13482078
9671359
1845475
35979789
28970464
11081470
30841677
7980285
284248
26188273
11641726
12531844
34178115
7308132
71753580
11540174
19022604
578835
18865781
394973
74521305
1345177
615448
24960510
5930516
35235182
4474374
6826608
594397
20992597
10053074
2716561
20890152
62244345
25294367
138946
32900367
10539630
5524173
24244123
25109723
7139296
29511386
12245669
9001652
8247423
3073164
6349596
8943079
46821253
27566660
3533524
2502063
22324777
219340
171946
28174401
219598
172199
46175604
4040269
10204809
237746151
944692
252291612
33701325
237856
6551099
13042175
676007
23105832
2832167
9962053
11609134
10792010
16394099
31231633
14627155
63738930
2517951
209256440
23513483
10254892
14351372
235797452
43504
4119154
16018040
551103
25473309
21077673
25767587
16628069
293308
91055
26244294
15216281
20840962
1254867
216850
16553377
89330798
19359337
6603853
4000499
3784326
16678609
26747777
1623167
372524
1268136
12197208
14653007
33849299
61152611
4376747
25147352
17631738
368873
6862573
47804204
1251497
19730635
237164
8886481
115917
20947969
69336739
4265234
2787600
27819287
6933568
61347139
24967331
15193684
347262
53752689
24852627
6312341
419286
633831
16292186
115488
1242913
34083178
9811273
28718407
311874
16883025
25871216
302848
410615
599392
37552265
25358107
42552683
4705112
9537139
32912584
20547259
22634364
12377021
10712401
402854
9011779
290252
214560
30589777
2498374
234737
23181606
67951838
7040740
50924743
30143221
47063254
9310586
938044
5445203
3996949
15485669
22524629
17653095
55313
36855744
535961
412330
613182
18065259
7755455
494836
4372887
2108954
650474
1328841
532411
178215
1230857
6419603
13322483
7475851
508055
4107495
4220660
17831540
5440623
1566093
94453
86072
483534
139451
3607376
24185266
6322445
14601677
4648265
9017709
22445931
2148773
33006363
3334145
17090908
23597981
24854620
1758765
22538274
8281981
31372113
16246368
21084995
10155058
585133
15482078
3198658
7160578
1785121
23826194
4558876
709536
7849
26315498
3107092
34741293
12775439
9530563
405001
25482822
154867
4388155
2665250
300062
5486414
911550
125482
37328154
13343155
5380
3768763
31050199
11020490
515693
4434089
1108996
3382653
4385125
4551229
9688021
1907161
20179213
542123
20402759
9514370
12702904
27906510
292343
24564015
24695422
12974736
22082359
20180270
15341032
37807665
18236989
297471
27893223
2939325
20582217
27166108
78214
1199848
20138521
7223108
12963349
26693901
12883692
61978
15020173
39323222
22449692
94533213
14370100
28092739
50566030
16802946
37415473
9286164
31203919
10268518
25698486
32381441
5888032
9536101
551673
3184746
326059
7227283
13347578
34356224
5915700
196101
1228459
36740725
29311452
10479714
35676001
7790123
1656258
22071013
14944302
15494941
16478006
14532637
6913553
7818360
8645330
9326777
24214834
17102089
12442996
3107183
24008491
412544
14350882
20349198
46201126
19615725
7176933
28588517
4924998
515638
440426
301814
6410527
5376280
15194092
59551940
4264272
9495964
218627
8995457
104215
18947189
1085742
95035749
4034610
14996808
10065678
6024506
21057501
222736
16531780
1133704
7813404
544627
1237268
69921855
23697974
8437296
346038
925365
6255201
15166043
275235
9699336
615923
13874686
402832
1517023
31049760
186716
36455082
107252
26591783
6538220
18340341
123292
10290567
322833
18490248
3439472
1166150
275362
14969795
49791
19905890
7904102
41388115
188621571
17940858
454410
268589
33619674
117436
3242947
709998
20217313
43239243
2669590
493783
8185661
4558430
16817
11305715
10402683
19535243
7850049
34781
22536532
115946625
2831647
116442923
16170405
331747
27423613
56913648
660405
21833442
17380035
409671
74094203
97032630
16395151
11794192
17709435
11379974
437822
5038781
23646884
349228
650789
465480
14076182
16615125
909592
18705689
43646234
34778639
6694639
15967217
10011948
13484501
767716
502687
314173
12488058
7386843
101189045
16791150
268620
5020349
10697251
15288558
13355405
104202
30739428
7751788
13930809
6353610
4049674
590882
20506266
75584764
100003731
18463461
32761944
12164219
23269219
252241
388952
10049374
4843433
4356342
13452766
24225509
20922659
394379
17547096
230179
371254
24766942
9055438
16284823
10543588
16898933
15974036
24250327
351497
29463579
642304
17968986
30652733
23800719
25199586
8851098
23905882
6118491
24239758
14699883
491682
6457403
42676303
85300930
28947375
625633
12644049
309349
10928950
19654350
12252125
8422692
299145
10994679
2206114
5870162
4042176
371527
3156523
11135956
17437990
16817760
2059799
2578736
1173591
17181016
3816331
1006861
44794929
3762785
121873
21737253
554328
6488488
11807
24983382
7197253
7900915
17065875
26183928
31888802
27708052
25010306
673557
7902392
3376496
331655
26968018
30147088
32747182
11496842
2733340
19821143
27576049
69853364
3770939
14949679
25850629
28380615
2402417
1994050
1372294
596190
17767962
323181
2767675
30844866
355061
15227601
7284629
241188
492152
16956736
22225488
37599
48174260
55332340
242058
15997519
13562760
13584545
3465709
43772419
7994931
25568381
1259067
3862769
23600593
34052049
11530976
26194928
101122
19172582
831831
1638210
17967091
11966048
3719662
30602803
4758760
7651061
18351269
16564476
11682519
4764924
12940817
17696891
1940916
32155989
27073296
9686155
500515
7488142
307928
539495
502049
29509454
22079386
59476398
499042
11900160
25197378
525800
15510545
6892765
19471735
108624
28254417
1633204
381505
26373912
31675782
454630
32749805
35291122
19365134
6775534
22670349
11908808
14510741
2281428
22659243
15935693
29927878
1126072
25870694
15918715
285283
11401016
32302729
25142
18360058
28553513
25166752
856095
371511
4612119
212177
24421476
36949834
29812992
15827341
3099038
394115
55842702
31459693
21968679
30569713
32696126
5724166
4552
4483870
12597506
18414221
64952837
67803162
490445
507506
12624187
21808934
37795506
3603613
21935316
3058
3102109
36861278
20015072
27414694
20944165
17542579
36697763
61016998
12194038
336170
9340834
420803
29743258
21162190
20118990
26869494
14881987
4470243
606792
648817
33269007
305165
962968
143189
15653006
4198010
14792129
24723185
3188643
409135
8363974
38924374
17690996
23826561
27315103
17221633
24413505
10164762
378834
11071304
45041808
29208041
1939646
3708204
86734598
212849
146986
492660
296749
29639464
25213398
28517566
6183282
306024
1360589
27616528
66563
26102147
517669
307880
4898113
29663615
10068356
5292188
546073
51167858
3517211
14771732
2398919
399473
27258238
9926598
81850
43986756
128598581
642167
25559614
34033363
428241
32687288
29142817
17987095
4360778
204909
2642774
8316511
34011132
7457980
3109787
37545154
146946949
1635700
21126488
5440919
35484657
21718234
20372584
5055578
225082
30706167
49386032
13436427
2329629
2857448
15507700
42710157
12607282
15613909
888473
5458683
33765
29352920
143932
30513093
556675
449276
3410116
244920
28972777
401895
6104492
17320905
1309239
2453186
5413363
2058905
25774711
384268
30750552
9054877
9644157
19244473
185540
8631247
7496497
876109
171804
5304049
50413170
403017
17156378
34253548
55620107
11389586
2400601
2796208
21481329
3174768
6819809
2617484
20260823
15049470
2660210
21915617
5152109
32960434
21701031
24219537
16347650
108139
17145267
17836214
31977889
33334073
23576479
1212579
5547249
20949520
25862305
11876714
5449379
9335351
12675135
99975
12398195
4321659
7628836
27469702
22282209
27395690
17669857
151299
415813
3022739
12421416
235551
19039837
24702425
30566102
20254581
18028397
4740590
9380851
33572096
33866
33234811
36399952
19237636
36192413
34809410
9999464
14988063
5702589
373687
30042105
21213174
3482792
84945765
331376
6992677
476290
30107865
457339
1238443
5458620
16157427
30157665
501697
16042809
3911463
4291214
10406307
1002662
5673658
3807950
25491048
685887
13121722
3755725
10615525
1028392
26140435
190605
5461398
36316004
272524
24836848
9905882
24737462
3347469
2859457
21195845
51371383
33119693
15863379
22564822
19428719
4047457
11451204
10841792
3764544
15666738
2403817
32209405
26196124
22179744
350504
27139801
3391472
26028102
22903638
21011911
302773
1723503
23323444
2130230
2086486
7460395
24735297
549636
31615297
78087671
41086654
8739158
200826
41514241
347430
2935214
1159894
19156301
32625689
22872823
30669222
8207297
26888373
570775
13281201
14579482
343388
16789984
16888823
23620437
402743
5271918
12868962
15539786
7167506
10049425
20362990
37436594
20875124
16154619
646839
20565264
28079928
30215449
7968256
39829
12057627
358677
29413
26484945
6027052
11223177
35717213
7880647
314545
12101066
19344393
14503549
16203263
184474
31107895
192787836
500981
37277803
29390631
25791185
5528465
20092334
28925494
23675333
33290346
18937665
19451
24138303
5712866
230510036
228101
163815
554206
68267101
61721222
24955844
521894
11909056
14055340
2115134
2005331
24307016
7308368
20104183
8213207
1876973
10178495
14167036
28269
8924068
417649
3224428
24071249
2783245
10996558
17516526
11518457
156228
29675
40428777
582143
33484715
26207516
5603376
35933411
31722636
4448038
25991650
41237412
467295
18304811
19867288
37120288
14147907
15131822
23098339
79122
1292752
158750
45600676
1250554
9820691
14430961
42053938
24925070
832089
16743786
498332
43008714
8810444
222301
4505977
11561532
1473624
4008413
1512798
1948
1180181
21385128
33116904
104618371
2731603
521534
18085643
18790409
23656030
33364302
15338992
44594
28779019
14121960
8424437
4918443
5946947
254012
254716
1189435
10867718
22318445
20928053
5744945
21038296
17397002
10314786
32287608
3459231
354430
703910
7488685
5186585
9843590
27515077
24360518
96003
34360403
523988
