2000 2000
1 2
1 3
2 4
2 5
1 6
5 7
4 8
3 9
8 10
7 11
10 12
5 13
9 14
9 15
15 16
6 17
8 18
12 19
18 20
15 21
16 22
20 23
21 24
6 25
22 26
12 27
11 28
14 29
23 30
29 31
4 32
25 33
7 34
31 35
13 36
34 37
16 38
22 39
38 40
26 41
33 42
10 43
36 44
31 45
29 46
25 47
32 48
19 49
28 50
45 51
28 52
45 53
18 54
14 55
54 56
21 57
46 58
27 59
34 60
19 61
35 62
57 63
20 64
24 65
50 66
59 67
39 68
13 69
47 70
70 71
39 72
3 73
38 74
46 75
26 76
11 77
52 78
43 79
68 80
42 81
53 82
58 83
32 84
73 85
27 86
86 87
84 88
42 89
41 90
90 91
75 92
73 93
40 94
84 95
67 96
30 97
48 98
44 99
17 100
77 101
61 102
93 103
60 104
74 105
50 106
99 107
85 108
17 109
71 110
62 111
106 112
111 113
93 114
35 115
95 116
116 117
68 118
57 119
92 120
79 121
101 122
30 123
37 124
103 125
55 126
60 127
23 128
112 129
76 130
75 131
24 132
114 133
80 134
124 135
36 136
92 137
102 138
61 139
71 140
65 141
101 142
62 143
37 144
135 145
96 146
66 147
133 148
140 149
141 150
108 151
47 152
98 153
140 154
127 155
129 156
96 157
143 158
132 159
126 160
142 161
106 162
79 163
141 164
156 165
136 166
51 167
78 168
51 169
88 170
87 171
123 172
132 173
58 174
102 175
153 176
169 177
82 178
138 179
162 180
118 181
52 182
124 183
77 184
136 185
90 186
137 187
138 188
82 189
153 190
175 191
156 192
159 193
108 194
76 195
131 196
122 197
59 198
131 199
199 200
111 201
78 202
64 203
126 204
173 205
194 206
49 207
166 208
202 209
65 210
174 211
81 212
80 213
187 214
155 215
198 216
89 217
67 218
198 219
139 220
103 221
94 222
143 223
190 224
164 225
205 226
133 227
88 228
119 229
204 230
226 231
204 232
211 233
221 234
174 235
190 236
215 237
145 238
83 239
191 240
233 241
87 242
184 243
40 244
164 245
144 246
121 247
49 248
56 249
85 250
250 251
194 252
142 253
48 254
227 255
130 256
86 257
214 258
222 259
235 260
107 261
182 262
165 263
238 264
162 265
254 266
182 267
74 268
169 269
183 270
121 271
145 272
177 273
207 274
160 275
97 276
180 277
117 278
64 279
201 280
172 281
53 282
120 283
109 284
266 285
206 286
276 287
219 288
175 289
219 290
81 291
272 292
155 293
91 294
167 295
186 296
94 297
176 298
147 299
258 300
254 301
225 302
251 303
265 304
244 305
262 306
125 307
202 308
294 309
147 310
171 311
299 312
183 313
160 314
209 315
233 316
137 317
237 318
273 319
290 320
215 321
231 322
44 323
270 324
110 325
295 326
289 327
109 328
284 329
298 330
328 331
54 332
185 333
151 334
205 335
168 336
290 337
89 338
122 339
117 340
276 341
316 342
293 343
238 344
267 345
214 346
278 347
208 348
43 349
195 350
196 351
165 352
308 353
222 354
247 355
144 356
319 357
110 358
310 359
338 360
98 361
159 362
295 363
319 364
72 365
199 366
348 367
56 368
213 369
272 370
346 371
66 372
305 373
283 374
72 375
293 376
292 377
208 378
352 379
298 380
114 381
333 382
207 383
251 384
253 385
237 386
209 387
305 388
352 389
356 390
326 391
158 392
224 393
307 394
185 395
128 396
112 397
170 398
389 399
252 400
41 401
263 402
239 403
256 404
236 405
308 406
213 407
288 408
329 409
55 410
149 411
371 412
113 413
210 414
307 415
323 416
263 417
302 418
227 419
418 420
256 421
216 422
104 423
107 424
230 425
220 426
225 427
275 428
379 429
334 430
322 431
322 432
393 433
326 434
241 435
262 436
210 437
221 438
128 439
415 440
289 441
315 442
236 443
429 444
195 445
33 446
220 447
427 448
406 449
300 450
377 451
206 452
427 453
301 454
454 455
360 456
189 457
299 458
176 459
349 460
177 461
323 462
197 463
285 464
203 465
451 466
243 467
357 468
191 469
181 470
218 471
240 472
387 473
105 474
181 475
223 476
434 477
374 478
353 479
105 480
315 481
261 482
384 483
362 484
423 485
127 486
63 487
479 488
248 489
369 490
261 491
457 492
454 493
488 494
313 495
149 496
63 497
270 498
439 499
490 500
130 501
419 502
268 503
113 504
417 505
193 506
173 507
424 508
97 509
358 510
474 511
304 512
399 513
502 514
412 515
501 516
487 517
231 518
192 519
235 520
333 521
70 522
496 523
337 524
294 525
467 526
99 527
241 528
527 529
285 530
431 531
245 532
180 533
507 534
146 535
512 536
366 537
530 538
345 539
328 540
510 541
179 542
318 543
533 544
520 545
154 546
515 547
252 548
245 549
499 550
379 551
437 552
317 553
265 554
501 555
154 556
461 557
273 558
465 559
508 560
186 561
458 562
91 563
394 564
163 565
170 566
407 567
401 568
466 569
283 570
348 571
203 572
496 573
480 574
234 575
375 576
423 577
310 578
271 579
234 580
517 581
197 582
541 583
309 584
357 585
311 586
481 587
288 588
426 589
388 590
351 591
465 592
591 593
472 594
361 595
585 596
312 597
592 598
500 599
457 600
115 601
280 602
421 603
532 604
603 605
306 606
402 607
566 608
548 609
349 610
468 611
104 612
517 613
168 614
373 615
100 616
269 617
610 618
450 619
394 620
429 621
579 622
242 623
535 624
361 625
339 626
472 627
519 628
526 629
389 630
506 631
353 632
530 633
366 634
316 635
557 636
592 637
525 638
500 639
567 640
292 641
583 642
409 643
513 644
296 645
325 646
410 647
317 648
483 649
244 650
374 651
178 652
519 653
638 654
311 655
399 656
376 657
455 658
551 659
615 660
412 661
320 662
608 663
390 664
659 665
646 666
452 667
615 668
636 669
95 670
487 671
116 672
491 673
619 674
536 675
377 676
437 677
369 678
647 679
529 680
673 681
303 682
387 683
372 684
426 685
631 686
683 687
569 688
435 689
526 690
576 691
438 692
229 693
670 694
469 695
618 696
148 697
343 698
492 699
413 700
557 701
351 702
505 703
336 704
453 705
548 706
414 707
681 708
665 709
689 710
152 711
639 712
685 713
266 714
446 715
512 716
309 717
460 718
716 719
520 720
398 721
275 722
570 723
657 724
626 725
367 726
513 727
232 728
339 729
559 730
653 731
498 732
679 733
404 734
541 735
497 736
687 737
355 738
516 739
644 740
167 741
528 742
644 743
243 744
306 745
685 746
358 747
744 748
672 749
642 750
683 751
503 752
612 753
747 754
562 755
737 756
344 757
184 758
621 759
663 760
364 761
591 762
146 763
303 764
662 765
735 766
670 767
391 768
715 769
736 770
139 771
662 772
327 773
166 774
100 775
424 776
766 777
484 778
253 779
723 780
478 781
598 782
343 783
687 784
359 785
627 786
404 787
726 788
447 789
440 790
674 791
505 792
420 793
247 794
453 795
658 796
716 797
464 798
486 799
647 800
631 801
568 802
767 803
365 804
248 805
368 806
421 807
444 808
521 809
257 810
433 811
750 812
590 813
586 814
608 815
376 816
511 817
506 818
493 819
381 820
756 821
232 822
610 823
789 824
480 825
751 826
783 827
748 828
383 829
555 830
297 831
682 832
434 833
400 834
491 835
819 836
334 837
745 838
382 839
598 840
812 841
784 842
382 843
521 844
489 845
565 846
780 847
612 848
793 849
668 850
450 851
304 852
833 853
794 854
849 855
675 856
578 857
212 858
754 859
498 860
556 861
532 862
69 863
589 864
773 865
797 866
568 867
773 868
331 869
798 870
481 871
83 872
346 873
268 874
274 875
635 876
354 877
614 878
152 879
616 880
443 881
318 882
679 883
880 884
788 885
828 886
838 887
359 888
801 889
672 890
853 891
711 892
337 893
774 894
493 895
200 896
415 897
385 898
211 899
554 900
790 901
411 902
604 903
656 904
286 905
344 906
422 907
392 908
844 909
556 910
905 911
674 912
732 913
196 914
890 915
360 916
217 917
392 918
877 919
448 920
782 921
879 922
408 923
834 924
746 925
486 926
297 927
514 928
287 929
588 930
444 931
877 932
776 933
179 934
325 935
613 936
192 937
650 938
904 939
666 940
842 941
455 942
905 943
935 944
523 945
583 946
876 947
371 948
851 949
718 950
118 951
706 952
649 953
729 954
834 955
724 956
611 957
700 958
654 959
403 960
688 961
694 962
643 963
420 964
515 965
604 966
872 967
639 968
636 969
625 970
257 971
907 972
758 973
633 974
843 975
654 976
760 977
695 978
702 979
637 980
624 981
727 982
115 983
665 984
649 985
230 986
246 987
663 988
964 989
854 990
619 991
978 992
150 993
706 994
134 995
281 996
981 997
622 998
296 999
717 1000
637 1001
724 1002
527 1003
678 1004
1003 1005
578 1006
827 1007
321 1008
898 1009
886 1010
865 1011
588 1012
986 1013
694 1014
330 1015
539 1016
668 1017
555 1018
280 1019
475 1020
714 1021
836 1022
258 1023
572 1024
638 1025
940 1026
734 1027
703 1028
781 1029
942 1030
507 1031
858 1032
445 1033
652 1034
269 1035
576 1036
736 1037
640 1038
271 1039
757 1040
888 1041
961 1042
1002 1043
1001 1044
718 1045
691 1046
779 1047
483 1048
878 1049
362 1050
355 1051
590 1052
443 1053
523 1054
682 1055
734 1056
809 1057
223 1058
405 1059
543 1060
742 1061
767 1062
952 1063
696 1064
980 1065
807 1066
1031 1067
616 1068
629 1069
475 1070
600 1071
402 1072
898 1073
929 1074
542 1075
860 1076
368 1077
435 1078
572 1079
536 1080
408 1081
1050 1082
575 1083
659 1084
363 1085
1017 1086
758 1087
817 1088
887 1089
417 1090
677 1091
1020 1092
602 1093
1035 1094
405 1095
910 1096
975 1097
1026 1098
611 1099
533 1100
201 1101
820 1102
246 1103
438 1104
602 1105
613 1106
961 1107
550 1108
747 1109
868 1110
810 1111
879 1112
936 1113
531 1114
965 1115
409 1116
150 1117
664 1118
762 1119
566 1120
841 1121
803 1122
1003 1123
490 1124
462 1125
805 1126
123 1127
826 1128
172 1129
885 1130
952 1131
712 1132
1008 1133
635 1134
862 1135
807 1136
722 1137
476 1138
782 1139
965 1140
354 1141
826 1142
562 1143
332 1144
178 1145
863 1146
971 1147
843 1148
302 1149
729 1150
845 1151
451 1152
600 1153
1049 1154
840 1155
1132 1156
709 1157
398 1158
1104 1159
788 1160
1094 1161
720 1162
934 1163
569 1164
930 1165
397 1166
950 1167
652 1168
787 1169
896 1170
957 1171
768 1172
452 1173
229 1174
1097 1175
188 1176
1066 1177
605 1178
1133 1179
274 1180
811 1181
1178 1182
828 1183
1132 1184
135 1185
1052 1186
1120 1187
1027 1188
710 1189
998 1190
193 1191
775 1192
1185 1193
1074 1194
1174 1195
187 1196
1074 1197
1001 1198
267 1199
739 1200
570 1201
1060 1202
993 1203
558 1204
407 1205
818 1206
990 1207
1035 1208
781 1209
881 1210
120 1211
422 1212
1007 1213
930 1214
853 1215
868 1216
916 1217
860 1218
158 1219
1046 1220
902 1221
226 1222
710 1223
667 1224
775 1225
587 1226
216 1227
1181 1228
547 1229
1133 1230
603 1231
1068 1232
509 1233
840 1234
888 1235
240 1236
1219 1237
563 1238
838 1239
1010 1240
893 1241
1137 1242
695 1243
742 1244
651 1245
939 1246
824 1247
1106 1248
984 1249
1199 1250
627 1251
872 1252
622 1253
696 1254
1068 1255
1134 1256
1193 1257
901 1258
1191 1259
949 1260
1174 1261
1230 1262
867 1263
884 1264
946 1265
664 1266
1205 1267
751 1268
518 1269
580 1270
1266 1271
277 1272
347 1273
1177 1274
264 1275
468 1276
1186 1277
129 1278
1118 1279
312 1280
707 1281
1086 1282
1102 1283
524 1284
1129 1285
901 1286
1130 1287
1183 1288
992 1289
1212 1290
1201 1291
753 1292
388 1293
1282 1294
630 1295
1082 1296
372 1297
845 1298
1253 1299
1083 1300
1022 1301
986 1302
1192 1303
1065 1304
1188 1305
1125 1306
1163 1307
756 1308
1118 1309
1208 1310
1077 1311
489 1312
1220 1313
809 1314
584 1315
470 1316
1038 1317
1158 1318
1217 1319
558 1320
811 1321
1120 1322
942 1323
151 1324
341 1325
780 1326
963 1327
607 1328
1275 1329
1306 1330
476 1331
978 1332
1202 1333
1148 1334
1106 1335
1260 1336
1318 1337
684 1338
1222 1339
547 1340
921 1341
847 1342
134 1343
977 1344
1208 1345
212 1346
786 1347
634 1348
401 1349
774 1350
575 1351
827 1352
814 1353
752 1354
1343 1355
854 1356
994 1357
1064 1358
1358 1359
259 1360
630 1361
1359 1362
883 1363
1121 1364
599 1365
259 1366
688 1367
873 1368
1295 1369
1287 1370
951 1371
1023 1372
580 1373
1340 1374
1188 1375
597 1376
1087 1377
988 1378
979 1379
544 1380
902 1381
1258 1382
1297 1383
1136 1384
1125 1385
474 1386
479 1387
1362 1388
948 1389
737 1390
593 1391
618 1392
745 1393
1380 1394
1291 1395
336 1396
509 1397
793 1398
797 1399
579 1400
331 1401
871 1402
599 1403
1363 1404
1103 1405
1216 1406
1340 1407
717 1408
503 1409
1273 1410
981 1411
801 1412
836 1413
1076 1414
945 1415
899 1416
1296 1417
894 1418
1406 1419
1021 1420
678 1421
899 1422
804 1423
418 1424
462 1425
709 1426
1004 1427
960 1428
920 1429
1024 1430
990 1431
471 1432
1423 1433
329 1434
1204 1435
286 1436
440 1437
497 1438
1053 1439
769 1440
1138 1441
703 1442
1286 1443
1365 1444
381 1445
1211 1446
1231 1447
1447 1448
1206 1449
1243 1450
1094 1451
1080 1452
1321 1453
1148 1454
540 1455
1190 1456
413 1457
1046 1458
1033 1459
783 1460
1244 1461
974 1462
200 1463
1173 1464
1388 1465
976 1466
1447 1467
217 1468
249 1469
946 1470
1284 1471
916 1472
301 1473
865 1474
1305 1475
889 1476
499 1477
1178 1478
1403 1479
1282 1480
1442 1481
1108 1482
723 1483
428 1484
1159 1485
1018 1486
1407 1487
1441 1488
345 1489
962 1490
1217 1491
1025 1492
1239 1493
967 1494
609 1495
794 1496
1258 1497
1342 1498
1374 1499
1162 1500
1160 1501
416 1502
1248 1503
1453 1504
1477 1505
1211 1506
917 1507
1298 1508
947 1509
341 1510
1435 1511
589 1512
714 1513
657 1514
1407 1515
762 1516
1435 1517
1268 1518
884 1519
1032 1520
701 1521
383 1522
655 1523
1448 1524
1362 1525
397 1526
680 1527
1137 1528
470 1529
800 1530
1187 1531
469 1532
962 1533
681 1534
364 1535
856 1536
1127 1537
1516 1538
1390 1539
891 1540
460 1541
791 1542
822 1543
1228 1544
1277 1545
291 1546
642 1547
909 1548
1168 1549
1123 1550
856 1551
878 1552
1158 1553
1045 1554
1186 1555
546 1556
1302 1557
463 1558
1121 1559
1458 1560
586 1561
1365 1562
1236 1563
1363 1564
862 1565
1444 1566
1072 1567
540 1568
436 1569
525 1570
1018 1571
1549 1572
886 1573
551 1574
313 1575
249 1576
804 1577
400 1578
1450 1579
897 1580
1269 1581
799 1582
912 1583
1580 1584
1472 1585
1460 1586
889 1587
1409 1588
1343 1589
881 1590
1271 1591
1209 1592
1209 1593
1455 1594
947 1595
1406 1596
976 1597
1261 1598
1025 1599
1329 1600
1176 1601
1539 1602
1080 1603
1519 1604
1058 1605
327 1606
941 1607
1090 1608
1150 1609
1509 1610
433 1611
1017 1612
753 1613
1044 1614
1396 1615
934 1616
605 1617
255 1618
1350 1619
1249 1620
1379 1621
1597 1622
1308 1623
1377 1624
1009 1625
970 1626
650 1627
847 1628
1609 1629
997 1630
442 1631
546 1632
892 1633
796 1634
935 1635
1294 1636
282 1637
1519 1638
1264 1639
617 1640
1424 1641
1451 1642
1440 1643
1452 1644
1058 1645
1036 1646
584 1647
356 1648
932 1649
1468 1650
596 1651
1323 1652
1152 1653
1578 1654
1496 1655
1615 1656
1234 1657
914 1658
890 1659
1138 1660
824 1661
1135 1662
760 1663
419 1664
1474 1665
1642 1666
1236 1667
1547 1668
1430 1669
963 1670
1575 1671
363 1672
1510 1673
1404 1674
997 1675
593 1676
931 1677
669 1678
1302 1679
1650 1680
1664 1681
171 1682
1380 1683
1537 1684
1288 1685
914 1686
1339 1687
1092 1688
1389 1689
539 1690
1511 1691
923 1692
655 1693
691 1694
1583 1695
279 1696
1179 1697
712 1698
1225 1699
1410 1700
1339 1701
909 1702
1285 1703
1429 1704
1392 1705
735 1706
903 1707
1562 1708
841 1709
673 1710
732 1711
1477 1712
522 1713
749 1714
752 1715
1493 1716
563 1717
759 1718
1378 1719
1361 1720
896 1721
844 1722
1544 1723
1147 1724
992 1725
242 1726
188 1727
995 1728
1368 1729
1254 1730
739 1731
1417 1732
447 1733
1087 1734
1375 1735
441 1736
1557 1737
624 1738
1597 1739
477 1740
1561 1741
1271 1742
1111 1743
835 1744
1275 1745
1451 1746
1354 1747
1299 1748
939 1749
796 1750
1145 1751
1287 1752
1578 1753
1592 1754
1731 1755
1623 1756
1709 1757
892 1758
1698 1759
1570 1760
1289 1761
1403 1762
1040 1763
675 1764
1187 1765
1509 1766
818 1767
1535 1768
1061 1769
1446 1770
928 1771
885 1772
1352 1773
955 1774
601 1775
393 1776
1202 1777
893 1778
538 1779
1430 1780
1408 1781
430 1782
928 1783
1773 1784
1501 1785
707 1786
1619 1787
1412 1788
1247 1789
1442 1790
653 1791
1040 1792
1683 1793
1777 1794
125 1795
425 1796
1197 1797
759 1798
658 1799
1183 1800
1225 1801
1322 1802
967 1803
282 1804
461 1805
228 1806
1624 1807
1072 1808
1791 1809
1107 1810
1630 1811
1293 1812
1043 1813
1274 1814
1541 1815
1637 1816
708 1817
641 1818
1153 1819
640 1820
1565 1821
1023 1822
1350 1823
482 1824
1265 1825
1712 1826
1469 1827
367 1828
1801 1829
1147 1830
478 1831
1668 1832
975 1833
528 1834
614 1835
1089 1836
1631 1837
1010 1838
920 1839
1520 1840
1733 1841
1610 1842
744 1843
926 1844
1566 1845
1534 1846
964 1847
467 1848
1100 1849
1037 1850
1129 1851
1251 1852
561 1853
1746 1854
1565 1855
1049 1856
1536 1857
1349 1858
1204 1859
1573 1860
1799 1861
817 1862
1827 1863
1067 1864
1375 1865
1855 1866
1190 1867
945 1868
1347 1869
1762 1870
1678 1871
510 1872
1165 1873
1722 1874
1215 1875
1047 1876
1348 1877
1537 1878
715 1879
1142 1880
1687 1881
1835 1882
1062 1883
1734 1884
1387 1885
698 1886
1650 1887
495 1888
1347 1889
832 1890
1823 1891
900 1892
1107 1893
768 1894
1168 1895
1479 1896
1647 1897
1504 1898
698 1899
988 1900
554 1901
1524 1902
119 1903
1714 1904
1433 1905
802 1906
1890 1907
1214 1908
1228 1909
1759 1910
1176 1911
1561 1912
1798 1913
544 1914
1744 1915
1747 1916
347 1917
846 1918
1707 1919
1618 1920
1651 1921
1568 1922
1829 1923
1805 1924
927 1925
803 1926
1455 1927
829 1928
1036 1929
1400 1930
1760 1931
921 1932
944 1933
1699 1934
1558 1935
473 1936
1502 1937
1794 1938
1157 1939
1817 1940
1925 1941
1657 1942
954 1943
667 1944
1446 1945
1420 1946
1020 1947
1880 1948
1028 1949
1608 1950
969 1951
802 1952
1428 1953
1693 1954
1341 1955
1721 1956
833 1957
1522 1958
749 1959
1545 1960
805 1961
1606 1962
473 1963
1889 1964
1400 1965
1862 1966
1042 1967
1457 1968
875 1969
1934 1970
543 1971
954 1972
1077 1973
550 1974
1291 1975
1453 1976
1936 1977
1465 1978
1888 1979
1450 1980
1773 1981
875 1982
386 1983
1009 1984
949 1985
810 1986
1322 1987
1545 1988
277 1989
1620 1990
1200 1991
1489 1992
1681 1993
1751 1994
416 1995
861 1996
1429 1997
1122 1998
1942 1999
1095 2000
743605365 589652856 994127207 205305063 499643918 26862633 489583794 406819329 286055191 731446280 672672227 426214886 860337327 633708445 249416603 209303514 475597862 525142249 746832816 909887167 426465158 378042138 54381146 847224124 456430944 626527574 909539102 207355870 586260372 331468961 945163192 526067614 97966393 586203217 104855507 355479471 977426353 455187624 88903914 386960430 927460689 200759804 308366036 886645682 783588292 284684485 533842974 891498855 352725983 552259151 427710642 238830192 700589057 250870551 47435765 198544367 56846892 946357781 867853456 715238384 626684697 693660786 837901822 83653818 576125186 281281516 712468132 250850970 272807592 807842519 296489948 629936640 914898541 894465613 571634894 317234113 503200009 518231194 433475116 371001729 88838732 885515855 809356524 720927618 539614408 216931272 287759388 145326492 324228275 656234548 464715925 642617125 602895022 760035962 468033519 577160086 303514189 847653172 406347636 298566194 487303957 283519390 356445530 507348330 93196076 452473450 123995135 860019168 969040736 384719477 652727910 941239376 5680565 387877765 353381415 288527533 513108019 484989386 755799971 282692201 435315638 4501601 811264796 370899017 854273876 526374216 439406063 255242593 157481374 37767981 807657807 791037299 370711344 748921663 40571048 633772579 715755702 161456427 949264948 651596440 414438577 182168584 38043506 612886973 148618879 129087734 186611393 807379618 327964105 674640742 336787165 878798028 83947249 890036581 764239394 458475364 589915596 437147053 799500111 754198436 671647289 519826598 816449832 526432939 853863794 477952673 12411004 516969772 300006860 831642178 950940515 141824264 7744276 935787797 71322781 323616972 355885706 85799611 337360461 211529488 834219969 640191044 680401794 961926290 166904120 835462062 63461606 663047314 627981571 894212773 416435765 545883647 219166192 615278805 714887852 661707190 835897195 506803964 313868254 712325920 251663488 415423810 584094740 973090503 391742346 324193568 896202241 921489741 290306772 942309753 230903178 831603298 299005068 199189060 909858203 273047653 445723388 642270176 894567013 349626403 997608585 343636682 325030133 736057728 460774976 483490746 747107456 474967934 808854494 900685932 767793271 109953208 106396402 905909321 341112769 986609884 163056435 894945008 399391273 107101162 479557487 729174589 400572028 472244889 256598575 849873649 657823346 388609219 595815458 762157620 114177039 706932519 734067176 853359689 778863254 592248657 203397892 196696420 359524259 557855585 147129050 776833272 514365030 326092418 234907937 966421103 331098111 472802409 329113049 872856578 939600036 517201886 15069958 335214634 136007588 795533724 406691087 920026125 885689010 511862490 648934002 625830639 486350379 247884075 256221719 495045895 991857340 19584154 599985455 135068638 81627174 701693937 16923004 211165924 299015353 463825917 891328964 120607054 345664083 530342902 162247621 190860839 187260420 656928479 158034236 395995059 898139508 548156626 941074540 856687324 799367351 48046442 410042305 251497463 28475544 193155107 330995487 312251618 367737442 949774619 589673696 805016570 988788385 502479241 734107321 153194223 170570535 883522645 152002634 14156855 870000930 893876145 478113240 426889868 630333657 295818609 808560545 453448034 239481517 250768329 117048746 942197605 475241258 693159230 394313669 508057441 612725937 420213711 625475304 717648899 85855487 349407092 68668226 551167281 562611416 54187508 336945620 656556703 825167784 467222338 168336113 451375828 299450274 913898439 258303331 914784518 543537136 686821256 71053425 730057923 534376970 322462586 919431105 557401319 975798167 16953286 883399324 653037598 50006540 702932546 71916173 790342000 114795740 60325052 387561786 840823116 655040720 429931083 199046163 578211279 443864398 269641852 515634772 393999840 798367171 897140599 892786303 609422671 963636483 725600513 158260815 695165161 30810060 671855510 618112637 785173253 763979935 70213212 173446732 491952060 347751619 136670791 272374455 450049406 49835339 130148885 34227954 224947555 626556716 135327633 784186395 844513660 500516908 175584238 948613514 611252444 732118842 291600390 611425868 392167911 628006717 210293157 393966582 5939813 83295836 828319751 861888523 312027075 168141795 481044651 690720515 364899574 685127087 780228369 534464385 977195455 347707748 680456673 725226312 796322191 925946348 246928444 459936565 794403288 362063623 213595112 266598044 988267886 930059238 359621031 748795748 865425391 221744018 860907583 91921040 167573209 771194514 87459137 254577727 858042418 367195755 560760271 241923806 382456991 175398281 567711323 837281947 226895249 397488393 5141995 819765008 373224353 130856851 902901967 677843145 826544187 706879648 761407954 229082538 576047350 374329908 461128504 253777003 873479000 867825122 117894437 470945569 101863142 407369422 703428514 921565587 16627210 760654607 63929737 818806247 552922147 842221262 696336189 920968647 433036233 972942164 473730055 290502821 14497648 123953366 682771449 120057011 650029196 71576450 925960570 558141906 108397575 48714494 785525606 691927140 299231357 540674603 369416284 414033115 852441809 14323570 177132332 306452387 116837157 72522992 118104556 420293062 164387447 276434972 299261426 436434838 567587 556061816 6052225 128979579 482566769 764016839 77305942 110904611 512548642 768758066 611736094 48195005 550164583 559628448 302232674 249658490 200541596 140239224 935944049 831130989 953708282 966698489 525612589 575978421 549910155 231434713 396232244 904735398 317798813 521881652 932627055 859309313 48297 504790620 203766894 15257853 907376390 705225057 168854462 909018547 985566668 722410709 924319119 189063917 762119408 919201697 323038923 25309834 121805766 771768361 168300382 929289928 845139010 364851592 122964103 335252181 303520048 167758614 457876337 950687345 538778107 366615376 147446143 719306593 625844230 973148257 595573984 550831918 915930733 182201276 769000079 622503977 22868013 972415408 298371631 4412051 456006190 558574356 409020583 327382804 958588900 7849714 513348958 343813123 54898208 131549533 424219565 280559163 484027581 234880571 670756702 284476457 571133842 792042514 591499054 513680554 675235839 834149827 30475224 767042414 323373952 660859766 84187267 267506119 419842870 868750241 986960284 811305419 126627549 179507653 996407317 129743805 995720713 516219516 670076261 169880912 81654272 614838024 407858363 612291135 422908094 880627707 712111386 454270111 878369930 899978927 413031250 403355952 299739152 310164996 86660709 940937200 958475051 818381640 35074675 50618524 364557276 318999211 296377837 995564368 51495891 957434339 249730696 353926245 243858298 423487846 677989312 711410537 137669398 805056833 208038081 182598862 418014692 215529760 657750516 157531519 437766841 871268507 296698247 662514606 965450175 725927857 131223652 285269044 737942664 289485330 888441156 42399641 566737045 802381138 849035680 28258195 251780025 421246230 110896719 784773161 30465310 263202324 590754721 487227775 259393986 333899618 271331602 466146630 797222304 625309671 583311914 91250884 341933906 880803659 752382018 679937532 542130960 830003233 885333550 6927345 377725697 852301222 877052905 121015408 365054351 973709385 385246612 189358863 826691664 647413117 135985804 796405334 223011418 428428744 474812442 410008717 887432501 896134854 299548908 879081458 81219684 252612950 336122760 770863112 28897367 177533065 850761796 585906472 261848311 366693586 307498469 603839228 609132261 394203082 727171750 463665765 544912067 848648080 706438684 767799041 756355363 115657266 933085158 881584119 346401909 783423144 116661577 38705026 237148101 660381860 753515950 322999871 966469780 387922946 107585477 928561755 550811595 111384138 595394061 640202006 417719397 441737496 130114461 679751250 975793548 249748661 68791859 945147462 172083953 758402385 726690875 318382563 679678539 386101259 321660652 152109977 781657108 648301189 701572983 494398527 478929013 44870252 550447160 944388098 244777230 637688853 997629260 485058297 203369755 763447311 251930911 909525652 789268796 508886030 410496513 160897914 313031267 381956582 579842012 448329747 133398756 440353609 358532256 224269133 542807024 740956156 27994528 230376316 554314648 30533836 506123275 225692190 150570852 155122123 550971534 729468240 504227198 670571474 337551454 221862571 55035445 311131421 457900275 127013444 484372291 342389366 673526027 502999711 3529711 329509118 865547445 776348464 159920647 176112410 658982333 630587078 329029969 963723954 925512872 831287085 333028703 924151217 118471226 452432395 589620436 587494604 939581779 147162379 416057730 789556183 362030158 869527556 2776157 377700145 15862716 346229294 505454023 837694774 337933704 92725204 54695916 2153409 473465324 892190356 434014406 858063702 656319594 351461456 739402478 85690775 698802694 139893336 591367852 504589658 606594881 626513334 329134488 950826631 133731332 253716900 19037872 308717976 945764390 105466880 925475466 342702315 793685940 901897044 884542372 562446284 65851201 953364877 978126919 975433082 665771503 888192956 844554368 891691654 867503842 317649645 413369503 257688020 897978852 411777834 312297836 197763508 893956200 703066093 123640085 949508806 76465994 103599163 848343086 118677871 786687903 551734990 695510763 577777306 30216591 652410220 925497354 421331220 626263609 209091694 552357623 145961654 177654687 8202210 920673345 249713334 454390584 336559827 257386449 630825368 373415021 564851638 673099634 89988188 535401111 718604848 203466361 55418540 83238758 717328134 187551163 313509419 409702914 603813095 903231981 686944781 912660359 651817078 953442781 781848233 733273909 657053053 955796683 883439055 333466903 994261290 103433143 369132917 86805265 174980584 655448638 77112905 909410949 124573076 124554055 567910781 487551268 299581166 150182257 709868175 677361715 698174993 243266485 794517003 497266655 162214763 841895105 382628060 96427725 630839051 603125711 306421297 525172922 103066292 636110277 480429565 993037146 785742643 941970571 719550560 813370402 689140322 842582674 819606364 593079851 674334471 819913776 705857991 581689513 315753957 91557555 417430047 172283001 303685972 170120949 278388789 317770755 402944483 794764577 6547793 244307135 966940893 193120948 78381919 933574141 67418470 138379092 7227999 799372063 155716045 240643234 450987053 447388263 129203805 302779812 585683163 252339201 422992619 596799267 363616284 24450697 945846496 566773706 239049566 281763849 922069822 567842335 924177084 978768320 405897554 248383284 267382016 743633610 357469548 21568632 698802469 929424574 682338419 619038477 407737969 603320347 469433649 582572263 739671281 621119576 418407058 67403143 28026128 38192544 31787154 685092913 291391440 232871015 810627265 428383603 614269872 721446951 827828597 802532734 637340214 122666772 928529752 306864304 561973994 42440117 475577356 315850209 580702772 684589519 170391466 622866749 977845504 936066113 440601141 276936301 723228277 491735612 961746755 939977334 964032620 114026087 811867974 71288628 830428717 876889693 997586269 255802250 531440612 882497620 625772511 920625392 817671286 721283494 523457578 723793196 800644173 902943941 361858628 197105406 945318041 479116588 672315336 450007131 720293179 472700464 848323245 926257591 809965883 60899645 702486117 545665802 727684231 604578947 590941831 867029482 338999129 256230574 891304242 609529829 846331144 896423541 678974723 145819885 838433224 107107451 120627789 210215885 481390914 400802658 123685304 774011637 38735565 278198911 289575443 356558653 898581181 889331668 978264570 207362913 143856618 930777051 288823502 211598800 951324962 220594631 932455753 605670498 465821837 899663691 703534314 253986961 311612673 452107062 573888854 828930238 133549180 638306744 604276487 868704627 961520276 741364582 190034737 395805841 165965585 904395877 684697534 906831874 121676387 421284097 553500821 365202819 179950897 651084464 810154314 582079036 695007125 622169769 367666953 138904511 39332379 718940953 111178985 988839670 283913920 61087989 233651995 328448622 412043280 265555095 913606700 419092804 271181141 823471292 428340183 929152672 499648221 36525556 874158507 120895250 872260469 827521798 901483711 874307065 627587992 632550894 840627097 149791923 76070789 405898963 459807125 60454489 675803588 722472506 345745684 634870902 81977155 354906684 501225911 766216882 342800622 356771464 340051266 962751409 29789574 779871750 66019170 696522530 768108155 93585295 41568274 341727909 970293208 683630894 223369998 596855504 326649050 232561000 35661579 348782919 762057674 518797743 42171742 261313977 109267435 252940552 221033238 238087111 897713207 15840451 259994394 974804279 960047565 4288087 915227065 869294924 213903206 94723613 107963535 104050529 407794095 346222333 361407162 737095012 156196172 32974080 594194398 408662758 117721131 727345723 335196386 180799046 128574269 604521626 239497597 386731871 181615414 47828784 772629748 344163627 893051085 707680708 38484534 566796759 19837876 354308352 769207767 133918832 712001139 309130214 556377288 429925960 654335429 42332667 413769225 889352475 631013956 495890051 51854735 426651373 513375095 633517064 863103369 690202396 485187449 822186525 670273624 167899046 535439719 65266179 751227990 992703757 872035186 250925552 344639054 31993604 456945463 170464312 639091658 741138155 858300266 3319672 285391516 345688937 301534299 804685083 892514566 256746039 89483521 208327439 750419652 995167781 574041699 514742957 627060629 681829503 334470357 312839433 60513351 644566613 466844936 683430580 541124790 474026527 338893274 729082668 483862409 642741544 103038325 27950147 829943368 745701994 599576188 20547855 884162151 303068808 275465910 25407460 177475070 444251440 218543729 925624469 945087314 802078117 455970650 20869039 577005984 684820126 739816510 474389154 188582458 183494799 588324668 895018683 705907324 650999011 916579964 773657798 260308058 81111299 227002995 307560306 368136221 757572857 745620151 2935522 820430666 52324870 736775206 875127084 169671332 235634131 204913608 419821822 783431173 554081428 956466479 307657440 548926796 978734964 432455390 454609653 606543119 797867917 199032645 786363617 451629975 622514733 140288895 234580514 270343725 777832891 533614616 345130981 499923606 404221921 468954505 847176778 19137940 157362880 170278675 348852408 164931099 334240607 368346731 762914754 183961497 31563705 644297139 621862950 36786943 334355342 486754814 393011359 367550747 679365289 48890670 819400618 737684589 665443074 339014606 688510013 905241524 531741945 814981646 183483211 899941918 506679979 25792461 534644495 138682952 954142165 974624854 150495467 218879499 938035810 575843742 152702299 463024320 710886344 789697454 674877801 691133957 864744459 194906366 428916259 585834945 783086852 400401863 547605351 867046175 629277598 243560329 156569768 375925828 597068569 970811970 267802852 419150548 240189646 240737901 202460719 381959472 459774325 193105352 749405075 31623824 372264042 253501822 135914176 706168634 949788677 50350052 638759173 171502832 179765410 679801187 230665922 315383776 791461513 836083221 367506419 84472768 354063750 74358570 822805859 936607039 32639779 593397606 956408674 697478963 966770736 341859239 279836741 911527164 572002673 249274822 585157806 718820646 632652342 345011129 602474601 957449702 486661322 743559321 712485563 679540727 789809281 860760371 401813772 606732468 100918120 81269236 529555843 628647782 231739472 941936077 631400491 959308763 586719375 581970828 453115518 951907656 465337990 366512397 333808789 851805994 9891569 623248956 888086937 610998060 435760296 470823528 701657340 653366286 263788978 372913995 499400342 367812660 968966802 413640237 609294165 383615865 894253813 366613574 389065688 699447057 218122752 237766760 612510399 237680095 653624316 803617175 19122678 715723760 941860072 38591879 721978524 849358800 899231996 903536822 496736955 874003369 154143553 789644973 712339133 930360213 749730728 361484202 474408780 128603051 493265981 782589933 62922985 138841673 223550974 400815355 541801121 408162520 735189689 819657287 122444597 206784493 915008323 960238273 190371556 537440716 580235472 766755116 282351474 192373598 271942451 869156109 878756052 942666625 928548508 3636815 799006975 22265104 939562095 934655552 970194058 655063166 527717099 649206970 197447029 987359590 339684173 522887514 797153825 198870350 340241973 618113100 720472414 279986500 756134670 366453470 329864814 233847428 913387346 643285829 537614268 410207100 219103893 404022731 402352280 951030627 319447258 257318066 98579139 832633216 22219829 571269112 521311807 938158610 89734401 190387084 995652959 711608329 847894592 841606159 873690071 831275728 538796089 881853081 600825360 141391905 275241314 406152312 806187203 705482726 639755328 605444003 515734184 171799047 356625302 583679059 170787235 982294567 527046541 388885716 862906590 616881068 177587485 401505932 400254026 461760548 532895330 100003754 486832598 585195800 314720771 454066906 26172526 302648448 948979603 41608110 77938433 449999943 434604726 319882975 697381740 55686530 805088834 788522768 34557535 226459935 483014804 531004322 709597592 190414599 202945257 776503153 570308330 698797838 544501128 494715639 423302001 695030129 49808396 490088189 746247159 807647995 601367432 236558071 923815723 577018897 425895202 583438159 835615132 420249365 198114207 202157172 644226674 190411007 960722975 149086907 969816586 960327818 351393291 58264490 662548922 198070599 237762224 187657163 55606166 913793013 376392537 251068232 155634836 67815783 376621772 532019830 356762032 486216308 346720961 984538686 317182583 254711398 253427688 483195292 883036407 983369448 721039213 247246907 829649790 630294930 20118384 546305892 227836881 618741586 368647450 345207580 996093492 944592568 624538535 667850989 146488171 766886268 566683624 745019822 691342118 880118733 106401220 94541479 595768762 286913568 814904202 489298883 209432806 136663824 775176480 770865133 330331541 473905840 703587058 944903205 624451473 175476525 264382754 631571582 982629985 281821751 182851980 663321447 260902447 848633152 385287289 302159482 695092888 638508749 228558765 262824094 30090252 859352148 845717808 366570001 846936603 162101902 737444420 316825183 422677488 425712443 289978249 378574456 520253970 595758669 658697595 822228321 376629385 739242386 557550857 688992454 17980274 508388814 84638311 598685666 808977353 787896101 265704109 974458654 480558594 588156060 446893199 37533303 82870751 236329494 582670167 400172136 827512085 14291648 502739152 321799187 842510884 5777707 256582281 25197137 342238142 333045444 505302655 982835285 103396204 86350857 135352176 910603857 590827711 719877455 725918102 184287657 495375638 729739067 437173567 973056083 551831939 985314670 848583030 298916184 30824746 226285965 588065471 487139421 310164082 388134106 17841413 974879117 193490333 527969957 19205873 617418733 384778131 719928322 67020321 152505021 139495523 613074388 886105160 188195167 409214304 530557635 533775833 364965772 178137992 492453359 744055924 152831101 651747589 689915313 807470344 57554837 54070344 46516358 45938597 615864847 814489448 520165237 727402700 154025833 592627570 347563771 579223455 340515938 420215927 813654482 617942780 908750853 996019921 763829136 939238754 598479260 490153184 939098458 664450309 171861409 741963927 857748612 74760926 258793038 431920925 895080654 510161345 78359903 74312203 403040834 759747828 148477130 626139264 734191090 792159016 654947182 4559302
349 1253 393474804
436 1286 680164055
989 1176 96565705
1375 510 629987329
1948 1718 645245327
626 346 908040694
1558 1418 352359477
514 102 668278570
775 491 226364382
1629 1674 292969558
1621 997 454809373
456 1197 390025011
967 118 945747536
1729 974 772165373
1065 325 911113429
686 199 615253633
295 1671 726055916
707 762 64406987
701 1295 40839535
1652 671 66051162
217 255 712305567
478 155 525886165
926 949 967177013
1153 514 545467334
859 834 971300857
837 916 691886894
316 466 160440741
1364 1438 963835690
536 254 940911362
1779 1773 59034139
687 1201 762579522
1518 1475 977777146
1290 831 995637506
93 37 523275612
264 672 969880529
1231 1686 62546905
1100 1535 543286071
1598 147 549684016
1723 765 373449686
267 898 785393215
1651 936 950579350
1952 1719 215934315
142 1654 693508263
1436 871 244183125
533 1965 676419912
1551 1125 999533406
695 1391 757070616
430 945 291617226
1962 127 976649335
761 1741 398998154
904 1437 938734377
324 481 416725867
1774 1595 970832782
1689 439 209286847
369 1280 567889742
1556 1233 995500829
1818 1445 828841200
1446 952 159206151
1742 1726 695062485
1782 386 345236337
463 1574 457210420
1310 293 314130948
1804 1485 619853412
116 183 381749763
490 1791 464934797
1685 277 455513876
1348 467 743430379
1998 1563 131350130
817 1403 747841040
1862 1148 153124424
928 803 560073170
1115 1422 709905151
1563 800 717260186
1187 1512 572557312
9 1174 124355077
1181 131 177824502
1592 642 833407321
1934 232 603593354
1461 255 974270952
1515 1594 515797901
631 372 482258982
1756 48 663425042
375 62 540288412
951 57 956613456
1605 1661 859786182
1845 1306 679690311
641 1882 560376978
1638 436 195402012
557 1760 919643532
936 1341 987212789
1909 558 197552026
498 70 894515690
1486 1852 619389541
1581 300 288728576
135 1061 210977128
921 1577 8417028
148 752 575844173
776 740 262687360
1340 1388 995799948
1839 189 348083170
1304 722 306550192
1468 1028 750383807
1303 1742 574276710
1562 307 560934126
1035 1215 738641511
1771 783 358887380
1830 1444 233201211
1306 1192 971507121
1738 826 440740528
880 757 447364397
1648 999 41744199
1990 396 208140773
45 532 471246768
1465 1316 108414846
1465 886 217644496
1514 1904 751929967
1250 1783 286535539
1694 1220 208955477
701 1288 631633114
1033 1097 695517625
1554 190 601009336
1375 953 605927809
77 1425 666541778
778 553 747995265
435 1566 378957099
1580 1363 464149802
1249 443 696616284
1531 1954 573519362
323 1781 590279291
1707 1995 6337896
505 1001 456334191
1428 1826 58437486
1072 1960 603426996
349 577 950741328
267 203 332367470
1471 461 229723563
840 684 526311365
160 872 238460345
1154 1092 202582535
1677 1127 323890304
298 140 56884485
1769 994 657230147
672 1066 99422115
73 1517 839943125
776 1817 522690277
1637 86 469509989
630 1455 245994006
1568 472 818824103
591 406 878716588
433 909 226129554
1828 305 986723189
283 1808 821363363
1102 995 454253427
188 1748 79103526
30 879 90025331
1460 1323 250171112
904 686 551831601
1779 1933 794935530
328 34 817292842
569 1493 283284579
766 1701 50983090
210 833 219948453
464 603 699391403
1718 1079 652546978
565 1638 301606486
320 573 544316321
1306 1558 131585627
1460 1053 611821946
909 881 963452702
699 1983 547188878
1023 1872 298253330
719 1213 454212428
1391 216 126266619
1552 1429 969315110
1294 1547 847174091
586 1565 670998711
993 1955 179008856
230 1353 703015618
583 1351 428147386
1717 203 104862481
533 848 956711940
1131 1058 546607307
1457 208 346554828
1292 1808 328200757
867 675 204284590
1359 1353 232003749
16 881 416453352
748 1997 743986096
1664 499 467981959
361 460 794344327
1154 15 194412808
625 325 547947902
665 674 925775823
1810 971 752411297
1612 642 560594929
848 1203 738207717
173 1422 202861173
123 239 19808532
1875 800 147350025
1803 141 946098444
1137 577 390909120
721 1511 918817944
1843 958 337215343
1881 194 568628690
471 617 872495517
338 1495 746232719
1819 280 577666850
1787 373 176288327
1688 1705 277510737
94 1283 358529978
1351 84 994559786
132 924 70533219
358 1476 420903055
68 1809 884747922
1428 858 897386489
1517 1970 655164906
170 1728 442675244
1598 735 164237662
426 240 80354118
852 1468 767797386
106 661 134566861
1051 999 832934320
974 101 565306125
931 1484 346118476
1796 321 311548147
303 1380 893332382
1975 1482 738737302
1533 1311 597163686
1917 1788 771475463
461 747 968885755
1934 821 89163102
383 673 499292582
1947 1490 963413962
1781 1844 228737669
336 903 724493134
1759 351 1040528
581 596 954613923
114 1320 674606359
1289 750 221450166
305 433 176897719
378 79 578296525
888 879 703622536
456 377 754520808
976 886 808140785
1515 552 532155680
1910 1760 343519442
1135 1602 560640082
869 1078 4320794
1246 368 166892185
1637 131 400095638
614 1093 203597925
706 1202 52837883
91 1329 954283540
1521 118 517978492
295 1376 927313664
570 427 901777903
1878 1466 974995839
424 1358 239180531
221 1716 702286005
1862 1451 824928273
228 1103 76061958
1086 1891 261560353
601 111 83927654
1173 311 492905410
615 229 343168644
1975 700 977662048
1454 1612 528628908
1891 216 471456049
1054 858 858676983
439 1585 339424042
442 920 526893672
192 961 475647430
984 1250 689089518
1001 1268 696185286
1657 152 193644672
403 773 538156103
1551 1507 722784572
382 568 925006277
15 1176 656181019
1226 410 843723625
1594 1821 169121120
1690 849 631123789
1947 1454 950606646
1219 1657 935473454
688 210 698837238
329 1109 356308832
72 867 566298038
335 1432 902644788
1220 543 497968985
1973 334 900844414
411 771 257954609
340 1743 662533888
1249 1246 992885617
192 1267 897618410
738 1116 516978674
434 454 588083811
1999 1931 826423003
1200 978 662751405
905 1663 623867303
45 1118 194800094
589 1603 432948351
1364 818 498092191
789 1413 261246307
916 1527 492045468
980 1271 261875059
575 1492 271205985
1088 911 669408315
546 790 77131005
1261 164 142696687
1466 296 510023859
1260 1558 218743671
1664 778 847947401
769 1494 459913246
460 1937 721602573
1907 270 717428845
1617 1821 16180490
794 1943 765153962
154 1278 590584826
938 1859 808656162
1650 623 766062157
316 1591 454225453
63 1831 436670505
1241 247 546083683
1794 1153 636385718
1167 1289 760587682
1362 25 312145578
626 1588 369414305
1910 27 451217366
115 1760 423387702
561 1421 316560325
1421 1705 221640693
1500 665 837549321
282 350 866769724
506 689 880925549
70 1679 890433539
616 753 80870167
526 141 865355222
328 1098 233479691
306 621 410567824
1415 1910 209408154
486 928 122975005
1395 1387 421703310
1429 1046 571032283
745 275 433745755
35 1039 46846935
1687 107 30282068
1917 603 975036610
956 588 787873385
699 1158 126812063
1612 646 489451040
1909 1953 845704206
506 355 862176732
1070 1059 613507157
1579 1212 607740678
1877 1198 955644
1888 1713 391454226
1026 1311 204350498
1164 3 392082201
1638 1064 429560567
1484 1070 834227771
1096 1416 839666976
1674 704 465838967
1710 1919 234980010
1770 1576 569397381
744 1408 839217469
920 173 941000415
576 514 733042488
1723 1370 869829560
290 1663 330803863
1643 1235 839357832
889 682 756304358
1267 1062 700061331
1529 73 812209114
1786 355 423391340
1800 309 26764561
181 1382 346769159
712 1226 342393566
1003 1099 140188273
1928 85 930525772
540 1950 147928445
75 683 792298117
1576 1605 752993777
1708 1717 486990752
674 1906 994704676
1959 277 675366519
1043 408 627325336
1142 116 797778958
963 1242 625625086
322 1740 168545683
1970 1372 310546541
1073 1101 75215162
1475 1597 328053769
911 1549 320081375
668 1573 621651221
1513 816 135792993
178 1543 623811237
690 1707 469714718
1749 217 149795856
1392 1697 560729504
1152 494 745201232
1008 1848 165396365
960 301 115343140
1027 494 20166184
408 1603 789904041
819 637 114408106
685 92 983371916
1571 761 589863987
592 1917 956464736
492 804 60903071
155 1348 553066077
1513 1314 32053729
51 570 378003488
1377 165 154670822
1509 489 202434351
440 608 756074844
1924 164 381012738
97 1291 638056413
516 1869 151592159
1550 946 576200055
510 1502 916708061
1920 690 699223944
975 102 994559156
1725 692 746258663
1831 1071 273814743
1370 1570 295266916
1954 1958 188128518
872 48 325589741
1273 1104 645947604
295 1891 178269655
1371 1957 183360301
1875 1520 358535471
1725 381 357599621
1298 1248 887241032
647 1179 345583238
1277 920 357703692
1117 1871 59577269
1982 1652 911614199
1346 1921 979400769
876 1804 739194925
869 14 21115473
167 696 994617423
428 818 582632788
1325 553 224398203
1394 133 897739553
669 395 351072540
489 1282 201762793
1308 1179 67882009
55 1004 629293183
1994 1560 64733043
1599 1150 104677890
1023 1378 880901340
616 214 190968879
131 1605 845910326
1172 225 759634156
1345 706 289154075
1712 273 527448637
362 228 554113868
612 1645 898103536
77 1751 2798832
219 1105 43462520
1158 575 353261328
332 316 196163946
1875 547 832465433
1683 1220 157205021
134 412 491178256
769 610 665318676
1496 1212 271558981
1398 940 694503656
157 1111 1978329
717 1468 725410835
1465 146 786046967
1089 534 514106040
61 1162 845087927
645 916 476219261
684 1066 310008425
1356 1294 614545174
1163 1428 784136375
1036 1485 923655059
819 226 421865921
1507 160 988154258
427 44 904875462
1049 1693 16911902
1072 60 921923503
1995 226 542836719
306 272 51715721
760 640 487258670
1612 1618 27669075
938 407 179963490
720 341 185022331
1783 471 924136954
756 232 236516125
83 1809 525481624
1922 791 961033904
329 1143 301849988
1264 482 643845033
1879 1113 894979457
875 371 570281146
48 282 711842159
711 761 654714755
1362 940 751550860
1881 370 634874565
874 1336 4746270
619 733 931544779
441 1874 779331264
1200 1534 379023335
402 1920 355467508
599 1003 864595345
137 444 376241249
1746 1127 312334279
357 1116 726745893
1254 1513 516837559
119 903 216362235
157 232 404760567
865 778 293719664
1920 516 375601472
1900 284 333054424
597 926 612643583
1887 539 610933859
849 1326 265943356
1075 104 202879421
1995 263 775650740
292 1623 630911888
854 107 580171160
844 776 668545888
1672 853 509549160
224 1327 451968468
1970 1159 496284690
1507 778 449605632
1310 1658 42602384
407 298 438456536
1801 1635 98769171
1078 1780 5629576
1122 1796 698350706
545 1201 538759656
537 1171 28604088
209 52 419439335
1797 1650 452527582
554 1715 149642852
202 1655 711483067
163 1736 564740921
1110 374 736937612
407 352 780134423
369 351 593499638
1837 739 200352033
215 849 8609167
1953 1602 32645811
606 540 609153117
1371 1047 214313161
1217 279 318765768
1907 1131 968308327
1883 1607 403471736
1643 1598 193022630
475 153 884552768
1366 319 806865160
220 1734 64526012
5 446 25663020
1721 1044 916656989
1956 812 104623295
1292 1046 76548517
1503 1750 469561490
567 764 996034926
1920 1104 471834781
1608 1799 898777264
251 1797 452503171
1201 16 201291976
1208 323 559451313
1837 1192 215964415
287 655 175916738
534 728 900390725
485 582 829221638
1583 94 347418221
1350 404 620460404
818 896 589797665
1133 1493 155982671
210 1719 869516807
1405 1874 571607735
578 1301 814165528
713 884 320989272
1394 591 99662201
239 1601 891665526
1615 744 20784372
1331 364 158438471
1988 1431 708398267
181 1814 702584347
544 315 3728120
1323 42 162281450
687 867 632251090
105 958 632794468
1991 306 173685885
289 1838 909987102
1240 656 446396565
1005 988 911537011
1182 640 249261377
1266 1408 717151269
1587 1785 225185502
1042 645 418350295
924 1969 33544102
1520 480 342466698
324 588 869259106
1166 1668 623544551
1183 369 17148579
1813 223 491028824
1594 523 810907313
635 237 855523765
698 1375 739616062
1892 1046 545019526
262 1464 666817993
415 709 874449656
1401 1660 308394431
1574 499 234232107
1716 195 672413594
1636 877 55652826
1766 697 645152285
340 1110 23502195
1627 1465 324388573
1672 1445 916325923
1640 1671 117816225
1087 74 569092281
1380 949 773249473
1735 1626 370322857
1271 684 137664419
1174 1347 658109917
480 1863 853514127
1276 882 27141336
1451 1170 256305615
463 131 498412038
72 432 377480901
21 277 185539634
1061 838 290732949
493 1687 115379956
1778 1448 224430901
1289 1586 172106109
526 1537 296560081
1312 649 714555003
398 1790 285915479
1145 418 906805399
1278 1074 323010565
1652 834 244639886
1575 73 564309427
1790 1672 187490303
767 15 193217215
1176 1067 121075956
69 1117 68116800
1184 907 564518511
332 1040 149778330
1165 722 786927085
1295 328 840611931
194 1410 819306349
1414 175 188000360
363 1876 57627310
1165 780 493356156
943 1083 616740582
1774 1019 746061039
1036 618 22137412
1151 396 288987165
541 272 503284646
929 1844 253802743
213 185 4560236
457 738 289612218
869 68 605148189
138 1224 153942876
1302 2000 454659152
694 396 947596537
1128 1397 768407830
1852 1805 458953132
639 1197 397511428
109 1457 718860918
1655 1310 120423340
778 1111 381281639
93 1915 496676845
38 1185 814128584
571 1916 674042598
1044 36 268693303
635 39 418660344
383 318 197177936
806 1356 332523786
1491 789 615132807
1633 1762 581110848
593 686 511181768
628 924 924697181
499 191 987013728
1767 1139 653873040
857 616 592831981
184 724 25224753
547 416 778855726
880 772 700626581
387 1371 949081592
940 496 679075213
1954 1053 932316457
1447 970 246176300
1132 1171 954971870
1178 1393 797263180
663 1886 602225379
1097 1151 280467718
1928 1134 280160581
286 573 935930013
1530 1431 788401612
825 1221 742295717
1050 1268 66508071
634 677 920950820
833 1055 656864635
1927 471 252645116
797 720 376729050
97 1796 920749124
226 1566 466204099
1861 1304 523219310
1388 1783 424748528
40 1626 313527463
496 1367 761875650
1329 434 255593510
1838 1348 544841123
689 1449 310359152
681 388 615253293
1252 1403 440002167
343 1672 619566770
1629 933 495818783
1763 146 747794839
1228 1173 586988138
1183 929 629545846
1259 1306 645497163
1202 1587 167712405
1752 421 995361584
1513 55 360966336
878 335 61165599
1046 1265 500277853
1644 1402 438576928
1585 1602 796012927
1005 286 624747400
188 266 60569541
740 521 819830333
1473 771 963365831
381 208 885872166
807 1096 603479172
1642 1422 316317053
543 748 131847977
1392 370 570722422
1575 839 752362601
1410 948 323005578
1555 366 110411214
487 1196 151209506
1915 1556 178179940
259 600 315697890
1945 1139 159989458
299 726 634397503
623 1128 503116129
1914 485 292154844
966 903 886008259
1802 1312 363347764
875 479 865078739
629 1900 211068063
1009 570 931631523
523 1515 413491963
809 645 332345440
719 398 477721785
1964 1412 643835207
1813 885 43841912
1623 872 773340300
153 1296 713605119
1735 1519 484439032
1470 664 726126691
1898 1020 359768422
294 22 179458653
1561 1320 267081039
259 856 317351556
1341 647 210985331
988 725 998807837
872 817 353405150
215 1678 973985611
94 856 239068503
1737 1844 336366315
1427 741 324189164
75 662 299848579
311 885 360504013
1413 1574 894988012
365 509 949639215
631 1630 105619459
1587 1167 957397400
1389 1503 948464492
732 177 14634725
15 1593 672598091
1911 778 489651292
1429 1398 43654895
1413 1943 487718510
1599 1419 344454782
638 591 796158731
1670 1742 327216414
1455 363 1802433
249 1557 836181950
1276 530 304375529
819 167 520937674
899 103 471428851
760 146 204878235
1767 1681 73694465
94 898 753824902
698 1131 22096098
1492 1066 239831586
178 1432 165198992
732 1560 7764534
1469 971 408173128
1984 1477 768523594
284 1706 146569207
1791 1444 696101466
675 1090 8932097
1978 908 687220738
658 1952 968550855
1301 1917 584910825
1421 1224 855394713
764 1790 734003568
1740 284 782471313
762 1964 493831914
1018 1298 304475571
1139 678 315455952
849 1329 919353074
887 76 645923015
737 737 786485933
345 1605 337379738
34 1449 403552340
642 635 279719663
383 192 156542609
456 1943 740682532
1834 1035 271176205
1226 1781 262944284
522 383 540533481
1670 923 503893065
1124 1589 871321733
1439 47 280196713
995 1786 25395491
226 441 201100394
1142 1436 181295072
1377 1541 328131281
731 382 789565029
710 1342 381593572
1029 1833 718912545
1835 1774 828313188
411 1481 576510309
753 865 765338294
1944 123 447616091
1456 397 285829447
697 385 606656575
184 585 7290078
1046 550 445546247
232 107 22424684
637 1996 193026189
1485 825 452077328
39 496 528777994
428 224 580969821
723 1106 48522093
737 614 916211668
642 598 482547325
1705 1635 71211677
985 774 456705372
1163 1950 254348461
798 646 281773491
1814 372 630118809
1245 1982 841860770
16 1873 482621529
1886 1175 396289649
428 648 255426299
343 1035 52911374
560 352 85447151
279 1362 116978548
822 1899 330577817
333 248 711279982
51 727 378970765
834 723 746956995
1669 1458 324353628
1623 1290 669581593
949 733 195158018
605 1322 7975171
1013 201 245022087
522 1564 965819252
908 677 378161818
963 1562 319488259
1162 559 536552222
1120 553 46030751
406 242 19870954
1954 1351 400354492
273 1387 228018254
389 701 464163238
841 1602 407835494
1383 247 293514759
462 909 581258363
233 1284 600823018
944 18 228143449
1800 13 601885204
1985 618 77310240
1247 1488 335961228
651 1820 161888953
1755 1441 331610603
203 266 768390374
1229 1338 120124315
1826 664 788180915
1295 1216 150669950
292 1670 850689880
147 198 485333849
702 790 538735545
430 1585 449299979
1430 524 589042688
97 1380 643276809
1370 1238 721759989
1711 1843 187557018
461 198 790282002
895 207 786394023
1106 764 303983173
1321 1498 119639303
1576 878 842841375
468 249 772012252
1826 986 965593159
1840 1023 462545457
1224 646 741009281
1328 127 329952960
639 908 566908737
355 818 392987228
975 333 928696771
299 114 782595959
248 734 223703780
1150 81 177369964
1286 528 426808053
1091 547 870461173
238 984 923495548
430 239 279422202
917 651 597200439
112 56 280731865
328 925 666537377
1229 815 952230911
841 1120 651690478
1053 1355 739956385
1456 724 373234758
1310 1605 992547955
893 1130 183082793
1411 1401 289902187
1360 180 105350865
844 1733 684980019
1546 517 148612567
363 1412 230462810
887 1073 342351922
1494 210 430428793
477 1073 677303619
388 1701 461286912
112 1641 748738229
1956 1970 415414081
1414 1060 997876312
1973 4 269199672
313 191 679186923
451 83 676391247
508 1685 140618160
1919 1848 842445411
746 1263 856078716
1608 353 287933937
617 644 746008201
1006 389 608713900
271 2 222335845
789 1391 639297476
126 478 570024377
754 1798 543269264
48 525 238823215
707 1854 82322889
1906 607 882922784
1408 385 728349035
1351 820 860257998
1537 1770 834671427
729 553 455653144
914 348 520271676
1835 1621 591900070
1989 855 252434161
1234 330 665315419
333 1267 644923781
232 14 602487119
1869 353 379793225
1093 1167 798341449
187 1446 571855787
1711 1159 702725219
1564 407 846004073
1072 1621 725367942
1365 142 867953309
214 127 133370491
1002 834 73296528
849 474 290981384
1821 369 597337570
1474 964 885450640
1953 110 181133833
1706 513 334763513
1038 635 906828091
247 1008 462957514
1772 1802 600600400
1063 1881 642453662
536 1109 56968380
240 590 552981327
1313 1694 791948338
646 1007 926741889
34 1052 296959150
1833 279 202599267
37 303 372131993
1319 930 892058759
386 1306 858006019
1283 1018 466186476
589 750 548370014
527 410 823594922
749 1502 901227681
75 93 36576298
1371 1147 166305642
547 762 448217142
1168 1116 331413189
1921 1112 338571233
265 1659 759085786
782 673 637495652
1372 1069 752693037
351 1527 674449790
1160 945 501571944
107 960 839598611
28 195 779850277
452 455 225588028
818 480 978143143
1905 476 64620199
259 1840 453534760
1857 1096 528060779
69 1822 643563862
1928 1883 721351526
1746 1055 202111450
1128 1483 979944547
989 865 735147600
1877 534 325252183
562 444 817536793
211 1580 428560637
763 1973 572823630
973 810 512217455
902 55 381246399
1580 974 989905774
1489 1273 937628458
542 1375 525904094
198 355 163931278
1850 1426 543674539
435 1127 529804367
192 759 441120036
242 795 967611268
46 105 570952640
1369 973 756913036
503 638 645701603
726 162 987527715
773 1085 89636243
1121 1874 680666502
1806 771 984601114
518 1951 140650672
1054 437 202316157
1381 1750 624091260
313 1046 344198787
1521 1920 154017733
218 668 255999970
1022 611 812897384
153 2 612131505
231 12 782535984
324 1019 829708379
259 17 334399219
1937 703 478689452
1834 301 730121086
1670 76 887377439
1888 1758 345008272
1974 549 589901303
761 1461 838383429
1877 871 413645201
122 828 994250874
1784 607 34063433
858 1228 357775852
1019 153 99490808
1605 1959 374408545
833 593 86440139
736 1003 408799131
1322 860 680145832
1555 191 31483230
108 554 776549043
515 1658 379549264
888 39 408087218
632 403 45278167
918 372 960825692
1546 1114 284058226
261 364 525713927
568 185 637768707
1860 1044 300878101
595 1228 769272376
820 405 39321379
735 936 437413058
734 1595 198422501
1756 945 164859099
522 207 43012124
1963 876 903718042
1597 820 314127939
243 1864 866657100
1743 1334 673346157
779 966 714580711
818 1000 750145347
308 775 605100445
1488 1023 371021866
1366 567 676581885
1496 1051 302357751
1872 1962 834278359
927 825 970651926
1796 650 199440356
867 1787 107455011
903 1250 548890141
1303 1583 608283730
10 1683 645961252
1339 473 661046096
226 833 434182580
783 666 693060186
29 1242 257248525
448 181 440650396
1688 1491 670893482
1374 33 202516358
1630 937 94932667
1351 1796 961840240
1106 1712 570746230
450 263 436695619
922 869 310270443
38 1560 127623685
1481 1109 805525488
1680 1438 583802158
958 471 62023723
1296 221 569347365
1704 1534 860264712
460 683 302746081
237 1449 495193079
390 1174 367814500
744 513 171067451
1734 1137 409858024
1704 728 51483275
1076 184 22144079
163 1724 726854539
1840 1690 544089760
1597 1942 754365672
232 1970 630185238
414 1960 368465362
1434 1162 155110620
255 1006 843983385
228 1045 488033286
605 277 294444940
371 1006 195279892
64 41 338313847
132 540 175845022
561 403 733651598
224 1545 552370261
1434 241 720983160
1960 1430 982797824
1382 1914 463730772
127 1667 800050510
28 959 214304147
854 908 408970569
659 1704 776891192
893 528 224283073
1815 126 736925822
453 348 738677258
1016 835 48601835
1803 1207 500679309
1916 706 144796295
1863 1855 11179481
286 1241 519477916
563 256 881037976
573 156 63413122
442 1493 418842115
527 1796 159083004
913 676 487074038
179 1806 762213488
1323 177 726044309
157 373 833188194
459 1560 735954438
1183 1876 216466750
1027 1457 516996191
1189 1450 846742733
1651 1563 392016657
1658 1832 709993114
373 1058 720294910
1375 1935 217873735
455 853 989125072
1469 1865 897357347
1347 189 316835779
346 1277 862901180
1267 1105 383454291
663 1467 193556259
422 1498 62411177
814 1583 995533307
980 1077 823879167
1165 1499 523485941
1436 423 556666555
1934 1924 445962222
1073 1621 561784902
1281 690 304482634
209 1646 73889044
689 1541 171213858
1761 1475 70272704
1111 1085 180351780
26 1899 534914840
1540 427 771835869
1954 1045 102425694
1807 1173 894252865
800 1145 660645590
532 345 779995448
339 1983 837535646
514 95 498236039
1615 333 294510327
1611 804 422839483
165 1551 455763872
447 239 252425119
1810 1706 696895135
1787 1734 550149311
1392 42 993359559
1578 1875 892176152
1182 402 205034124
66 728 433391283
549 1647 777729279
1906 485 763130937
1420 380 850023385
1152 756 474077491
1029 1948 447469008
1464 827 259685935
1851 976 742041460
463 878 52386799
1475 187 523179992
1303 1633 907436575
1889 1270 557242719
1834 1464 517351030
1894 465 558624939
1672 1123 404268197
579 213 382259491
477 1977 467196024
1751 193 658874323
827 1749 342699795
543 1704 991174509
364 1666 727757827
558 700 345722748
450 900 680766539
1327 1452 306987615
187 504 910279814
741 263 556611288
1453 1648 618570415
701 1040 868668512
502 1615 648045856
630 566 875261499
1656 620 875515268
1017 1971 188017333
874 1461 870099019
1203 1833 979534621
875 952 579965132
1464 1384 746499397
292 1674 257703066
987 51 974542194
1010 1137 547583474
1758 826 474930092
1843 676 358704928
1099 1511 938989064
295 1262 985117530
449 1291 327598199
131 448 966303051
173 1899 586520770
418 1933 914128403
1823 769 92909132
1390 173 846398963
1198 1039 35577593
1205 131 63165477
608 703 913063711
1344 1849 414772612
309 6 740377684
1560 1188 206060242
1277 727 229747611
1566 1316 958921237
493 233 365846097
1091 1501 476921627
188 143 997085015
928 1289 163145656
1480 236 263543746
1158 1300 107743996
1382 683 792958490
382 72 10606585
993 702 900051105
928 1219 476414693
1756 1845 175486658
500 150 88316182
362 110 840586650
299 1764 419478649
600 1628 674812266
1699 733 171752154
1531 298 485737472
1591 1451 492132511
1782 1251 150757334
1246 622 186304458
436 1349 748296916
355 87 446717297
1982 1104 425874853
1644 1395 785025450
762 377 612492960
1641 879 466738128
1942 1806 226306162
1700 94 899165064
1780 1519 934924038
537 267 815330264
1798 735 773113250
412 1143 969584945
1070 315 538591593
1823 342 861160107
1916 1655 156209727
1649 1165 536185203
154 206 241007236
507 890 960554904
1762 173 487284144
975 827 71983900
1214 435 13197999
1200 1731 549829561
1490 1960 273084511
344 1789 6722899
1454 840 75776870
1003 1494 296614749
27 550 136609732
966 753 479992144
108 429 309452948
314 1671 931140709
1070 697 327419415
1300 1654 702951444
465 1683 492322820
1421 699 763541012
1372 765 29126754
590 978 52690770
1902 1971 731951811
564 1559 596721542
801 969 425867347
1708 93 972800002
836 918 817351334
799 120 109401467
1699 30 746363010
735 474 391141489
368 1000 723687580
1229 592 406056441
376 1851 428258255
1238 1721 149851199
1337 162 143029162
1768 202 749712222
1586 901 39426230
550 1517 985747316
1877 1742 382471993
759 1824 216644644
1049 810 21243657
1979 1147 489366102
1117 1523 262935368
650 60 872924672
1916 1539 105111899
552 1763 937061062
345 692 205098203
646 523 540026472
1955 1534 636391952
506 1239 218605707
438 1248 278226862
747 1684 34961580
801 1681 690016719
426 1300 533933151
1906 1239 977790685
773 687 276984706
501 93 862733828
1312 1637 188551965
1817 1380 989784488
1133 1356 522802192
1578 1890 341517777
1791 1860 304845385
534 537 327721591
1170 1636 10602575
1811 1023 929245522
552 790 897392526
815 134 58914307
911 314 449369863
552 947 787657390
93 474 665758442
597 939 717085732
1155 1585 5180047
689 1643 680210289
76 1479 427848950
345 265 519444812
1129 1880 472499220
2000 758 398907557
701 54 527825749
755 443 388531247
1996 178 19088845
246 270 790925896
1189 1488 298718823
270 114 238163446
1661 681 38980362
430 437 188548314
594 1293 820216922
1295 41 850252305
673 1472 467068608
145 332 288343907
678 588 606128376
897 304 817956846
412 401 622206704
1411 1605 980546522
725 619 788405686
604 464 23267684
1342 154 553294065
1213 755 29078524
726 533 895496501
1387 1994 456228355
715 1565 755284709
866 1084 409460874
1087 29 508627530
652 658 843196082
1011 23 817862097
1385 577 368721160
1927 1392 419096431
428 114 191990504
1325 1386 104095712
1864 14 886049531
1811 976 764917560
1591 338 840146272
424 1007 517180185
1797 407 192802092
166 582 857368711
696 1886 154988062
641 1823 786935693
1807 1401 163281517
1992 1312 124156071
965 1573 30005930
956 1310 621295166
475 920 35467680
1095 101 201315837
1675 476 840279680
1076 362 710626995
309 1543 995404375
735 1679 473682131
1799 1663 775132549
1085 272 498145385
112 1495 199386276
1606 1535 179133691
79 1783 767875921
251 1709 379883800
99 785 65106663
866 576 895280903
625 698 747716625
1419 1075 994105441
1562 757 849834222
820 1424 640148417
747 954 962097
677 567 268784732
1700 564 395375786
673 1658 120311926
1626 1325 856537165
1910 1933 654040349
1337 1067 531340467
1793 173 993749725
254 540 571841510
3 1393 426915597
1845 506 952718735
654 606 542929698
1699 1723 324303608
1901 1254 70395967
527 602 765285261
1579 514 595991837
1322 1082 126768414
1064 508 142022462
297 318 284939835
1238 53 35182604
1866 1985 244749028
595 502 972581818
283 1470 810193053
170 1532 180140910
1796 471 192791025
372 1507 446379325
1075 1044 170454697
933 1502 526835595
356 1532 63488040
1115 163 606913677
353 1692 490992838
1595 1005 369791761
1798 1774 261612395
452 784 304112513
1789 1051 638653792
264 659 815342849
318 1535 341436777
1687 502 182969101
102 276 299185348
1504 1968 660653485
1268 1003 450444835
39 921 104269964
1251 958 358948750
711 18 53094370
822 655 917639991
933 988 930673229
352 1317 68361972
171 1702 820826074
94 1713 263526799
1902 1462 345790506
1902 1166 180449198
1010 254 252149898
979 54 986764769
1514 1417 179508740
1923 1784 701968915
1816 543 564201567
525 33 173840605
1230 1338 621801617
787 292 443062934
1376 488 568289906
1344 786 666737606
200 1280 180326033
559 1559 349705115
99 30 630896326
1376 216 17657480
752 1269 321467540
62 1844 727572097
147 932 693658257
68 454 582777817
1186 1329 926907333
793 225 966612498
1163 47 187736960
1493 101 609020876
811 1287 751849349
1738 263 496294332
1076 460 838283531
19 1811 446726717
1283 101 15657488
534 1929 156800085
1607 915 4060641
882 424 961755439
1534 1175 950081645
1612 1939 891586722
877 1220 893283166
1785 1652 991820703
1661 450 349301682
879 1339 885175638
799 843 415359209
870 1092 952546308
1927 690 714756262
1027 1905 602375012
617 1899 194524953
669 34 284030171
1441 1347 629357076
1519 1433 2542311
1577 1189 771526231
954 1106 139191611
1571 773 251602823
93 1724 812870330
688 1526 676072842
654 1907 945000789
566 126 49970887
1891 141 239051837
1293 290 301531181
1367 438 50072196
1957 884 534979035
1061 502 682925161
1155 1006 233502914
1599 1504 526752961
212 562 258458229
853 470 161708046
193 1894 231101929
67 1848 522130738
1388 1469 7025526
230 1183 856551750
1159 679 372875987
1672 896 671221080
1049 1354 485638883
883 596 284248044
1670 596 517730491
1670 1384 697478806
878 1365 951306705
1635 74 548196948
598 593 911032811
35 1781 517143110
1890 30 485435965
858 1591 200114306
1013 1338 169574368
2000 1291 826285827
1490 1223 193092081
1929 823 471699987
663 1001 584692000
1593 455 742486184
1739 1916 584187555
1034 993 955928842
719 1614 244156501
1703 1769 481324480
716 1768 491261600
450 1949 94825133
816 1962 137126605
52 1967 670936637
1686 1584 302576663
1738 1093 595108758
1773 743 638152568
1931 1687 550308379
342 1571 295133987
676 1553 515224401
113 1665 339478249
1097 1659 873839234
679 962 152659056
184 519 331459098
591 1526 864762121
1576 271 128059349
477 1484 348305494
1680 1969 934887718
299 46 23023190
1752 43 756961803
1118 1114 447093869
940 729 896261025
819 531 31112541
287 843 652272084
1860 211 212680843
840 1752 575209779
1181 1522 426240570
1020 1827 759909030
553 1583 540358858
660 732 882796246
85 968 89589030
797 906 800127702
1558 655 691075232
1682 296 917462122
112 111 935315565
1658 103 409335274
389 867 654415998
895 1888 620552905
328 971 774360545
26 1640 89406322
9 1182 11885031
556 510 37845000
601 1256 354677310
1811 1129 731385709
391 141 526798850
204 1137 477807639
345 362 737704845
1757 1920 758283492
215 746 940031581
1975 1449 829611575
514 1053 47056448
575 876 792702183
1777 841 732908354
1102 978 578482536
656 708 82927154
289 1568 340508779
513 984 619674124
1269 707 50577175
1983 486 683336462
1682 801 945776325
1304 385 772366073
972 1935 668523307
1860 583 954108917
1943 345 147980939
1252 1111 541602313
510 1548 263660744
1584 1449 637194041
1399 476 243711142
1182 1683 421862487
338 324 637551443
612 674 44830025
1099 19 388417522
1988 232 506021884
1177 513 927297747
1180 111 216680404
467 675 44090677
1190 1335 712062697
1756 586 308001275
501 34 580481951
594 434 801245720
90 1974 702294698
648 1911 773572361
933 525 868892896
1002 359 612505184
635 540 257265403
138 368 865260695
900 1480 456597980
1350 97 465269165
1190 1546 39965342
1962 138 810443416
947 470 304680027
1343 1253 77598840
844 211 43834983
247 797 842932977
1970 1814 407771057
1988 220 581832375
1062 470 691113159
1458 1046 71790581
1421 1063 262184118
1111 721 94774291
1872 1826 774568442
192 674 721796310
425 1366 631676830
1110 76 934932763
1712 1746 900089427
1074 456 132458331
470 705 617405744
1675 718 967705460
23 835 240637684
505 189 784324831
990 578 45050703
261 269 156279425
1451 1161 457738873
396 387 268015138
837 1346 659257534
1665 424 700834461
1049 264 946679546
755 668 126627411
959 648 742500896
1894 41 880277513
1255 73 260719175
1773 1028 872008188
134 388 96667863
59 1323 361801727
488 1141 442204530
1532 15 554379297
1208 1617 715552564
1444 1016 21097624
898 1154 148449344
1711 1411 31364866
1524 767 98456885
1434 410 619273872
638 204 890068920
260 679 988145344
285 1237 464408024
451 1034 205170838
1129 641 806226353
1740 1905 982714888
1051 889 618222721
225 1566 265063283
1506 1362 451626037
313 1170 858197424
513 1884 677470534
1601 1630 13810829
980 591 370374329
764 772 455959061
1148 253 952056523
1723 1938 809867044
1843 943 720673638
1977 654 764462075
487 545 220993646
1979 553 323549335
139 1884 502088159
1866 131 546435503
1472 281 227646165
1564 1770 228548184
206 942 252038157
646 596 40426305
1221 946 763685201
117 551 69965955
366 435 461067816
1437 1588 617236065
235 1525 624522678
76 1143 720900869
552 78 277944957
1609 1617 243224054
1716 1492 230331609
550 882 723104411
142 850 302009738
155 1739 787889803
1815 1197 196705065
530 1421 459594430
1952 1419 628367732
877 187 204976421
24 628 548611690
655 1627 753834212
1245 1899 150654896
1643 112 186612436
402 764 393765288
86 1815 890039800
744 243 729844163
1007 1507 198475512
381 564 802401736
1858 1531 946758186
1198 1468 556670713
1520 1527 249803238
582 1714 822007046
1843 913 961901856
61 1453 948399113
1647 1791 977912837
1179 1737 484303971
383 1439 356150633
365 1074 59531108
1967 1949 980151745
802 706 424672991
195 1806 548947972
1881 540 296778606
1810 1314 512683960
1113 327 830124755
1409 581 771957181
964 895 150946379
294 1717 463974530
154 1790 560554448
278 1958 712450965
477 1977 184537840
146 1240 763449121
1061 536 403803549
1164 36 816613388
50 1211 305321804
826 1001 596368851
1607 1504 520463555
1107 1486 632763932
232 672 381386106
1117 1139 196659366
63 806 957906557
1026 1717 956756295
1113 1229 805987448
1464 760 358804094
1599 1021 393211046
67 1217 900943488
884 1699 617461919
1873 1211 413671148
434 1481 606890083
442 1440 252560355
1302 1457 788625807
822 1223 876439405
679 1478 356305751
1983 1733 97450267
1781 1874 485272639
1446 1888 16436859
419 922 910320963
121 370 340228320
1161 618 691343427
1025 1160 640869395
1986 1604 379565167
1697 1383 37117917
1215 948 316529430
1649 1369 526876193
1443 587 104746911
1747 1618 25374386
925 1053 737198031
1497 1658 658161916
1457 474 170035004
1074 305 245253759
949 515 956487997
701 1896 540143532
790 918 797463598
1045 140 238697744
775 522 220808392
512 982 55765097
738 1712 194826481
1280 1829 419449039
1792 1626 243843095
805 1342 65708663
1301 1430 814996466
38 507 579227174
1625 1348 348427056
596 638 301346120
1658 1798 737020010
1605 1489 299460002
1235 40 113005434
1438 403 183756842
1374 1865 444166054
500 833 793175868
957 474 248101139
296 700 74688715
1640 1821 741798827
1321 1240 660861345
1224 1463 364340274
1781 855 544336895
1085 1015 728765388
602 1125 371504519
1154 579 140216399
1912 1214 388750591
897 720 45496610
1652 342 830210653
1783 382 633152394
1795 1828 672801844
598 874 718103507
1141 509 695524784
1516 658 329576068
715 1433 979360136
80 509 36130820
1744 1359 85202771
383 1636 43649097
1948 521 552260859
1639 1453 305832568
1806 1388 484761092
287 782 978745024
1227 735 520495171
595 1941 12055675
598 1013 825441819
762 364 875113498
750 1722 388603063
922 820 1622845
1056 310 423748312
1456 191 444656131
936 1721 605647019
214 96 281714144
1818 1426 506498645
522 1271 620984798
1609 1688 57198666
1180 894 5499431
1063 394 180098416
1555 1070 831702279
542 244 158717945
227 1593 742847892
58 705 355830134
1594 1795 316819886
222 841 575120671
1867 283 599837200
991 1247 149684460
1967 1400 632364676
1710 187 547451690
228 515 925451076
458 1700 914672766
168 1799 178799938
638 711 926454888
1830 1221 578376460
1789 812 298106195
1114 511 479827731
459 1020 987770496
166 495 277383692
1549 653 510333204
801 1803 360063497
1601 1010 894241759
1830 1522 197507001
1665 807 3540355
1031 340 135100617
1488 1726 494739970
1728 1418 455133040
371 940 712772896
27 1463 757593276
815 578 881176647
96 895 28496449
741 1802 292759277
1600 920 279652745
48 628 802835168
1956 811 595601927
938 1737 625150568
315 1679 263437246
306 1032 993613093
1271 1964 637321909
62 514 76541939
883 1398 61928959
890 1773 610678490
285 296 546436436
441 78 181837550
1110 1115 161726132
149 1072 582246250
233 27 797378116
1359 1689 204358570
90 1471 522247284
768 604 39674276
1740 578 453003305
1475 1375 841085457
753 1615 526563836
1108 1501 156159987
1599 923 957622506
1332 650 638444615
1008 543 51200641
418 420 946768644
466 1233 36090585
996 825 206671320
126 1314 631130415
1885 826 145707353
1940 1115 981682491
385 370 369201386
859 204 662543789
860 1119 616813496
726 1950 842872127
287 640 3507960
971 1658 203264444
1232 1268 735132684
674 217 81584923
1029 799 285918441
1409 154 818501515
1908 1175 3712305
1790 1402 609266172
889 353 840681208
85 1906 857192173
1098 1514 433627465
1154 1537 75588549
1533 1615 787411776
873 1990 261487114
1227 1217 895302693
1242 1785 455303071
476 1398 935448109
1336 1694 824528406
204 1168 54015988
965 1113 524604161
1279 565 551663588
965 1214 880903847
1089 755 733803315
1060 1883 718215802
647 504 902170832
1169 780 404751526
1850 842 645153892
1260 1878 889330991
857 177 844112980
688 381 721753831
884 21 136326651
1808 294 454070461
588 1368 171070078
78 1615 329483409
1478 345 179711932
1611 676 682280307
1109 778 157302894
239 718 274404265
1296 601 727877778
1719 236 368350923
147 1092 605547004
1618 1739 565013794
142 10 711183483
232 166 700827901
1268 1472 196029163
1356 1292 442626165
1598 1291 268827628
982 816 325741831
1105 1721 548304087
1767 823 546014040
1262 1841 245507132
220 1548 1554040
1509 1218 615908615
1382 1396 848615077
1092 1145 358374286
1378 1151 547683440
465 1880 228092389
