85108768
39973011
96565705
56098
32661268
2659760
3453682
1386762
11463318
111667
38162236
24738240
18799706
26846519
6686794
127537037
3915170
6612253
40839535
9204270
12097109
72095667
19173035
4454947
11043961
1793450
13473291
13804935
114179470
8265127
48784904
5850389
25024015
23631694
20457935
23214526
8590455
5647721
2393774
13805161
7957960
37796323
147002511
534799
7614844
45345629
39158555
22990896
11938798
1120796
33533281
17351306
56434083
27746794
22469325
11519172
3987456
4594267
11433435
147122130
217581
1979361
30220365
93222230
38614247
20585116
247540328
60027349
67050361
59928348
4268266
291377
33541708
22647157
10661293
54139198
19083389
14826725
56843375
2031803
12497840
6831877
6864928
7190488
29997298
38025857
2604044
23205520
170668062
6015163
13586890
25885288
21993112
2190364
8121888
8417028
205132829
2915855
4947700
98666567
2096015
5934222
7084186
48536458
9576
636079
29803319
21624298
5602576
11362820
41744199
8114613
8059245
19510932
49745450
4593175
11490619
38834528
16109439
6377303
3223106
2859211
163341769
47202834
45773755
12500691
36880670
92043560
88846
6337896
11370789
27627426
16610268
1642135
1269359
59444888
75858069
1281520
19638431
23851064
3159219
34365967
12761406
11643457
47526666
183454798
20085210
18765233
21092740
2246000
107794163
3419389
22756389
1165093
8781552
15590598
153739275
20247291
19343384
34569274
887629
3021572
35876041
2051270
15713524
4041769
1039198
7276886
12114574
86060374
11232671
12421369
40411132
5622142
20094896
95479935
11701220
34334107
16565276
21208663
37354779
5465713
333028
23042099
46023775
64104703
1844775
64057076
42889469
120999875
11468704
8936033
17235601
36464227
20225374
232084442
1509997
19808532
4794513
164365280
6127898
5307563
35067
824044
1330426
11436982
31360958
27201420
84655287
5394118
124739161
70533219
9320945
43291098
488451
9050129
6695768
5972558
9031337
9469982
7643649
1364609
24607949
46079236
33517317
5904763
35202988
9899151
51598008
5188943
3942760
40109622
22438127
70529
132855916
1040528
385502
673403
7480692
18863483
100343852
20667820
15769079
61573750
18389582
24072184
66996
4320794
9410811
115411153
20653821
52837883
24851690
18661512
5445597
16763674
60004
63596293
5085849
46055902
76061958
2736769
83927654
40671903
27100172
744415
50515668
126248469
37478697
3140452
19616378
17172066
29353904
2943152
25344290
14385083
20819031
134664277
50240362
5364693
7945322
78253845
9630811
7651733
20847926
25440931
32874554
1261471
76684888
87189932
16190912
160997230
18714030
36772015
4939812
42324
37435179
20695728
67100784
32237570
2681173
23049907
11070992
10263573
12158785
21789382
81813712
23405739
29002903
105801938
2542143
221390685
11804383
2360511
11909009
16180490
34102
25468548
334054
4009835
13727731
38742261
64785751
160861270
21658804
9933367
4012249
60716683
70006287
49848583
33058235
18220341
31635571
2440808
2003121
282268
17475905
18578627
14572765
14550178
6584535
14141810
50416167
7592264
46846935
7049240
12086111
2242019
126812063
2806751
25117954
90088393
2251892
65378396
955644
20555209
16312067
16364735
2296071
769288
1492927
13786157
87850960
21505025
17909325
4982634
1713034
17014949
60666587
3042633
25057217
44244091
53303682
133906010
26764561
7014275
1228778
2795536
5783392
13615280
13307353
2464708
244848
36229625
42263312
6107805
187669693
14915837
5915887
603176
20519246
25909921
34026184
50585735
408961
23213960
56706524
15482691
104723314
36323669
165396365
22912960
20166184
17558709
24667602
70214363
3175014
23041786
60903071
113660014
32053729
93319003
73451138
9279244
25853498
25127032
31028035
520235
9547087
23772962
66178908
4689088
59062475
46919494
942158
73332778
40905256
17368805
4515599
2627410
2845049
14001527
2439023
13532883
27607842
59577269
41858827
1209562
53333202
21115473
1737103
19017222
4773306
1005923
101414050
591293
5535904
12628238
64733043
1611598
7900720
2930448
209013
8116174
3098884
5553477
102738040
24247950
2798832
43462520
62608344
89767544
4038765
5899396
31272613
7754182
88075770
24899479
1978329
11325164
118224315
5489908
13098167
20674711
22509748
2474816
25642084
37904400
2545101
6901957
172756620
16911902
17247714
4474017
11144673
5809418
27669075
53335941
21878893
6164121
986395
33441269
6098871
15534189
24626270
19025870
29761449
185774545
13421249
21349462
5115711
4746270
1915026
17287968
1343525
40504760
25802275
41550224
12327419
7644779
60831369
45821559
9712444
51826348
6406796
15538807
37159192
12248193
40251166
250862
33265090
4858526
75943962
24671744
3446346
5369590
14566539
17334440
42602384
50547554
4090755
5629576
28048192
22841340
13534130
129132563
13388468
149642852
57229065
59943024
31378531
16154488
25072238
1023225
8609167
1835751
5802188
6731376
24440471
10817121
46166925
4576769
7561363
7025060
64526012
25663020
5869200
24035396
76548517
31254818
70296074
35589277
22869428
1209762
201291976
230338264
16635607
12773300
5087866
2825660
22341277
4969126
110868652
22583915
43975018
1334063
22849704
10149127
2826601
92882980
20784372
6264447
38955340
2019152
3728120
6844548
1407374
5451232
16966079
24710523
30659213
39525479
1277511
2685399
6019310
11549027
33544102
1970038
4801570
9895303
17148579
5785633
12223513
63481251
14158153
64460932
26626949
27248893
12905468
34205947
71588234
12515562
100651157
23502195
15653541
5564097
3102899
554493
3013756
31020577
29289403
17983485
5084952
12071378
256305615
904790
6376693
185539634
28620502
6960092
13826301
12536789
5250048
22110337
3677171
40149377
8047817
122195289
154267122
3939529
193217215
6224229
68116800
8120689
28065186
143714
22014620
204027544
14814437
7983294
13644001
23450058
39838100
22137412
4229703
13124542
36278159
4560236
23014174
22099795
153942876
381455
2804861
18921317
64304533
42244303
1499359
16372811
131865036
17202239
27924302
27336616
4489262
32350130
82382196
160439833
8655537
10053072
81904333
4681601
4133089
75503583
14793674
8301749
14838887
819919
3734100
23443469
20366035
10182026
12623258
15543601
6651395
10503154
2737867
9240018
20396909
137670
66508071
35948724
1393353
26749838
44038893
10206557
4763269
3930498
12145835
104223949
783762
4865914
94294352
60471644
93794335
66413768
8941480
742431
17486447
8299673
9776806
36930851
4655970
3655086
14314781
7685297
17406775
4087930
6771180
1882020
60569541
62144930
138710336
22878090
11230515
1236330
131847977
33574136
8803280
34478045
36052644
37515722
21144784
106394376
76335640
102122027
734433
3293817
1331401
1749672
57313019
5763000
32888025
23776011
13962877
103622742
12821251
9935340
1696706
42027127
7397138
16087272
58777488
179458653
4939893
108048042
51571
617059
68720665
64127408
29764989
4315960
2742452
15164094
72744625
1054236
31444162
33096467
15461323
4238671
14634725
173764885
61221488
43654895
3003182
35255906
35067405
8430473
1802433
41822125
11858202
2542894
1985689
59551743
73694465
48169126
5173094
33699002
79399381
7764534
6276388
26559667
12256042
55192076
8932097
19398086
70353863
20051785
30011456
23817315
4587878
2576675
2331723
11935904
16584314
112327991
3695948
6281627
117497149
11093333
41746869
1930803
58373765
6664388
26355282
12282837
11060683
1492333
25395491
7493494
2228230
3252545
11102199
17876392
38226798
3377317
13857626
7378952
29129522
78466534
134062018
7290078
16400435
22424684
24725807
2254661
3670525
17354255
48522093
1802128
24860208
17486411
3809767
24436126
25551772
26979864
54505281
5262039
6967393
24547181
2142362
85447151
33324730
4518814
66262622
92915574
120894461
12642172
6516302
28097249
7975171
7843262
18050753
32432954
702318
28131817
46030751
19870954
112595104
1968884
66070912
1608528
72481521
2885716
68841008
13242385
18774001
13848634
12961357
12034591
29466755
16987998
56662709
498942
41402515
377064
112111063
23602623
3406802
21263595
5987306
68461889
85693876
41486254
25063014
7022259
5158218
16015747
12059324
895070
16817212
9336918
42980256
31491256
84621192
28814891
91267793
18398717
588661
28125341
4366711
28550540
279422202
9178740
73375995
2901084
29482033
15113781
54829298
11669690
18049688
48014155
17633192
40084686
13111347
13260127
7064738
20858494
180715459
164937
378725
88908909
5913698
93935053
70655305
63839555
10570482
16623025
105294783
29387052
14110305
371582
110497680
17030782
25137055
43650161
24236622
33518152
82322889
113175941
16940155
59218211
12452003
617588
191137188
1783183
40904673
3263115
77906627
5285314
55589421
16313692
701333
91546367
6493850
16297729
10916587
6447279
5483384
65289194
24061365
46398891
220900
11835044
25963867
27641876
11950884
5877621
3243114
17475517
69134014
6468250
10903959
22622891
29600876
14285576
17182903
34689438
16863500
45741494
18161638
36576298
47627771
12895438
21457349
2223279
1614992
30872321
2447165
73461381
14374784
3197621
157782667
20282965
4859132
1065422
13422602
18679503
34487072
12382368
36438520
81469425
12007741
3639653
26195547
48151442
40224435
24899351
6632147
827822
199943869
318532
163931278
14909031
30029351
41706404
21505407
1583670
8553943
172899194
190305411
5902458
8316306
506208
1253704
9195209
2038423
58143596
154017733
50694907
150749
24500762
6998437
41173947
17645173
19786889
91713766
11607515
6793960
22971515
7240485
14350315
3898654
217425
700549
15543559
21563349
3282757
10870887
35885552
31483230
29578765
7689166
46057060
14468107
8932092
7177090
8976987
83275648
48947190
39569192
39321379
978220
9582596
5846924
16149491
45929389
31045842
3558836
15881359
20637115
52050142
3218553
31679202
4716201
1014266
18761
677232
32621858
107455011
106551712
11151342
3575735
1560789
3718854
14742880
20069700
26211819
11163854
15101386
22409675
44583850
22305616
43302779
14781480
38719771
6137052
13249744
5218073
63466261
78644847
97441018
6023774
42689452
13586077
7247289
4047510
22144079
76448151
15153258
7798637
6120800
53029589
3107986
65120131
13065352
30069073
4895074
3698575
14669224
15796930
48686767
5522092
9531632
2250553
1783377
6948277
24517521
12033548
89214435
37126945
29324090
48601835
1252641
19971965
11179481
24432021
23551976
9687856
25466997
16775709
3975747
87492566
83172964
37967535
4773245
22788925
2483236
30118180
8054390
22307110
12070954
2024224
3462173
17012107
8364897
28731467
55545671
10461786
1343505
8571136
74730345
4605478
1852897
17768310
14825742
13504716
73889044
4622186
34611125
6597724
4565666
3167794
11029764
14609677
10073285
71466120
2049469
5316007
55680135
9199246
22696568
47120056
22466550
21668906
1562943
3078839
16194219
9802472
1397002
91705560
39906957
511474
13217889
12757491
1707586
2869188
3761337
5063229
11623736
91746150
32704
5529891
73893455
3890610
19108373
4239715
122861075
13411351
3870965
23500425
17921669
4775635
10494636
12027296
3298666
16211876
34706381
114029044
25802570
2735567
44696602
39445435
18469454
7394236
1542222
2165173
14911328
34136544
14126840
1194443
88768007
158645244
5700070
14338183
12321233
939345
35577593
63165477
26836743
33778609
26292013
35939293
31690101
9305430
5672692
18565134
11124847
2447958
4720162
12701290
43998875
10606585
71287078
958638
2698983
17262757
5481054
73814566
3199077
10576356
4261670
40956873
8111772
28823084
4396402
11401659
90660219
29949630
5648253
341076
25245199
11952813
18197607
81168948
20328176
12889408
12396750
64348545
31385397
10517759
26106172
2169502
2595929
4291884
13197999
160943845
1760278
6722899
75776870
65276034
27847440
37653715
2083998
34341025
63117220
5971600
2456495
9211180
2569378
52690770
33310512
17383687
190986776
6029266
13158062
109401467
16825814
6422012
36866324
38389488
4426105
149851199
143029162
12745205
5580222
11448106
14416231
16618484
21243657
79323797
13518765
113159378
1113644
35337317
205098203
2289165
25067548
11249837
28810259
8098947
10265469
10061787
49783027
35091390
31838246
188551965
4709208
35250924
10171917
13522935
1115965
10602575
10912278
36239829
58914307
3036877
69524894
62863420
46581370
5180047
13843601
21710923
125131143
47026428
2248283
28508769
42867164
19088845
178038923
10787809
238163446
38980362
188548314
3082585
85380260
12150801
18011884
8826671
26319875
12061934
33848614
2752006
23267684
1232761
12155520
98274197
53089772
13276667
14398
21309426
70999583
36671141
13241689
12729715
8547151
49714566
5687947
64153292
14562779
8170566
29658654
1428562
2681026
19893279
10300093
49843868
5399300
10060
35467680
33421339
7983220
45236155
6894070
10384660
21927853
4154793
44774392
8563156
9407559
10490050
26401637
2264020
9321367
476288
18449264
17785084
962097
15692112
1059230
120311926
29996672
6630844
6513569
3396730
18911263
12203857
4907055
120597850
13260276
13229375
14899644
3747925
126768414
18027327
75636321
35182604
4155090
8033681
14287840
34814418
25972527
16466207
178597
82881
9300532
3928633
10315256
3279364
8999445
57184069
1501918
14539134
14115201
4850753
15665958
1865967
18425246
15366050
1804643
26231737
25919328
42480273
7411524
381498
498019
32650970
23879430
101967641
44649589
9627828
6888081
115089941
12664807
66183573
27615143
40851957
31747601
36186707
15501401
19243627
17657480
3744162
33911311
133824078
81075877
10842165
38050743
26280533
63578840
29959094
61156380
71029549
20511831
15657488
1241548
1284484
59883385
30532995
20064714
61996081
39765668
30004872
6377610
59879738
64039159
9473362
2863797
394709
34371681
6212562
2542311
23193645
2924717
24994937
4670245
5780006
7103135
2535122
239051837
6328987
9501148
4766789
10179351
65202532
11421501
192866
810132
11935737
95915852
7025526
6827379
45133442
10265512
14090361
1859345
11050305
6181658
10833143
2301673
472667
21498702
13748292
8145338
27267073
1052165
3399843
19128057
34781845
138209697
952565
27546557
22363063
34584484
2464850
31363527
1500317
30992061
17892178
62213428
4635504
1214750
26442918
24178951
4324914
935077
10351761
52526778
7138273
128059349
3796340
12904867
23023190
59580063
7380092
4386292
135437
45243706
76695039
48377141
55184658
8363195
10213803
67079520
685116
8457929
1138272
20046904
30368665
80200786
57277509
112998899
3273720
1165302
11885031
37845000
1295895
30621441
8468428
69784875
12293065
25178421
30173378
67553901
3563504
1856372
21576292
28035376
82927154
1492389
38668482
4111519
4695800
48361107
510413
2023153
7085118
2710843
51612765
21897047
14912994
37634492
1430717
5549117
44830025
9007900
8081789
7367262
11375341
44090677
13289190
3831615
13962236
1461117
46060150
4473936
38459077
2028836
10385030
57978560
14334173
38617792
13102709
29487267
5128518
77598840
15840455
74212912
15259971
17873110
4521628
71790581
2548235
94774291
1675740
18431289
10431084
61077248
26399356
23696039
43512444
28406522
23113100
31309843
45050703
9150375
25283483
12772545
22889356
32353247
3582502
126627411
110003752
1775805
8379974
13591181
7763949
27922395
44716137
6812297
1709858
21097624
16189499
31364866
19792127
11263336
3667157
41741225
2881242
15980911
2152839
3109879
2730179
15646680
1034790
38112814
15245208
13810829
37419297
81438221
49112582
3914245
11233458
632939
50452970
37494144
3952177
62063212
13326934
38805124
46733094
13563672
86544295
19959415
40803160
36520736
78104846
86432643
28528354
1102638
96932853
42413974
119841154
23650409
33561627
25564883
22630975
14591603
50570082
20683424
15270864
8058144
78802540
22314712
344597551
12322468
11323833
20619403
4866328
2798825
2715664
89173581
32462104
18800753
2913057
11763413
5149962
15425699
28440747
22410345
2496118
5828584
30716875
5210009
15618746
41642682
22300803
84547206
403637
118010451
92371459
3890184
97965934
22321705
30887983
18494060
4090717
29351730
6310951
24156070
6579568
13673113
84012170
436925
25105789
12295609
1029157
24756003
2350506
32154507
5742835
97450267
14208354
16436859
15137917
31862284
108771164
22471643
5760537
37117917
2068520
9446238
5076233
25374386
29345541
9158885
5298619
27729175
24095530
40826552
17406913
25440574
5907328
55765097
31683043
18245226
14082120
4640991
35013284
131134
48845890
10208040
6764918
22701818
113005434
26782232
35015511
343112
5620031
841370
2666987
73823212
117411830
22457690
1415288
14985524
3008321
225363
45496610
95543071
12183230
109830355
19142371
15371127
11705031
12038650
36130820
6685193
511833
143046555
15164850
138040131
20067862
15279822
12055675
2665576
8192488
4415847
1622845
8300521
29930305
5361964
19063478
3539045
25271657
3179454
5499431
25486532
13758009
361172
1425204
71145649
10336709
22180475
25904286
22761248
16261344
25992732
14503666
36733207
16552317
13190492
11692836
12213233
1080587
57711258
277383692
23350206
125182926
69028797
82711261
3540355
3447925
3223282
24654656
24610081
126073327
87548966
28496449
1084445
11546579
71462491
52363160
37717751
7157350
13584544
23583747
10033099
14493194
2700107
33992998
39191988
2676150
12518448
52603302
36459524
9136508
2441264
1577517
104391995
116555119
47397695
5590520
28045532
51200641
46978424
36090585
181920
9884669
8370901
1535573
4864218
13418314
28152712
11421869
3507960
203264444
16191731
18123317
59023192
1150703
3712305
22238750
23593506
31522574
2345974
6984510
23492832
12291514
12257137
36210267
4663147
12312539
6580223
7864931
19063347
3267377
51464896
162153986
5017766
27071716
2694600
14071459
178525267
3193471
17855425
14634393
14396846
33664800
21893407
16798323
22989729
8168582
12285660
27657635
45712825
28764536
164677731
41108653
7990732
7310527
1755265
2806636
9525980
51298401
3689176
1554040
46487893
49820123
69091111
34191362
44250309
