2000 2000
1 2
2 3
3 4
4 5
5 6
5 7
4 8
8 9
9 10
10 11
11 12
12 13
9 14
14 15
15 16
16 17
17 18
18 19
19 20
20 21
20 22
18 23
23 24
24 25
8 26
26 27
27 28
28 29
29 30
30 31
31 32
32 33
16 34
34 35
35 36
35 37
37 38
38 39
39 40
40 41
3 42
42 43
43 44
44 45
45 46
46 47
47 48
48 49
49 50
50 51
51 52
52 53
53 54
48 55
55 56
45 57
57 58
58 59
52 60
60 61
61 62
62 63
63 64
61 65
65 66
66 67
67 68
68 69
69 70
63 71
71 72
46 73
73 74
74 75
75 76
76 77
34 78
78 79
79 80
80 81
7 82
80 83
83 84
76 85
37 86
85 87
87 88
88 89
47 90
90 91
89 92
92 93
79 94
54 95
84 96
96 97
97 98
97 99
99 100
100 101
85 102
102 103
103 104
102 105
105 106
106 107
107 108
108 109
109 110
110 111
94 112
112 113
113 114
92 115
115 116
59 117
117 118
66 119
108 120
120 121
112 122
122 123
123 124
124 125
125 126
126 127
127 128
113 129
127 130
130 131
131 132
132 133
133 134
134 135
135 136
135 137
137 138
138 139
126 140
140 141
141 142
21 143
133 144
144 145
123 146
146 147
143 148
148 149
147 150
143 151
151 152
152 153
153 154
154 155
155 156
26 157
157 158
158 159
110 160
160 161
161 162
162 163
121 164
155 165
165 166
165 167
167 168
167 169
169 170
170 171
171 172
172 173
173 174
134 175
175 176
176 177
177 178
170 179
179 180
180 181
115 182
181 183
183 184
184 185
185 186
186 187
6 188
50 189
189 190
188 191
191 192
192 193
159 194
194 195
195 196
195 197
197 198
68 199
199 200
190 201
201 202
202 203
203 204
204 205
205 206
201 207
207 208
208 209
209 210
210 211
211 212
212 213
213 214
214 215
215 216
199 217
217 218
212 219
103 220
220 221
221 222
190 223
223 224
152 225
225 226
226 227
82 228
218 229
229 230
36 231
230 232
232 233
208 234
224 235
223 236
236 237
237 238
238 239
230 240
125 241
221 242
242 243
196 244
244 245
245 246
246 247
247 248
248 249
249 250
250 251
202 252
249 253
253 254
254 255
255 256
25 257
257 258
258 259
259 260
260 261
244 262
262 263
262 264
264 265
180 266
266 267
267 268
268 269
269 270
270 271
60 272
272 273
264 274
274 275
121 276
276 277
275 278
278 279
279 280
188 281
162 282
77 283
283 284
284 285
279 286
286 287
287 288
288 289
288 290
290 291
291 292
290 293
293 294
281 295
295 296
296 297
297 298
298 299
298 300
300 301
237 302
277 303
301 304
304 305
304 306
306 307
300 308
308 309
239 310
299 311
306 312
296 313
313 314
314 315
315 316
316 317
317 318
317 319
307 320
320 321
321 322
322 323
323 324
189 325
325 326
104 327
156 328
328 329
67 330
89 331
216 332
332 333
333 334
334 335
335 336
157 337
217 338
330 339
339 340
336 341
341 342
342 343
308 344
344 345
345 346
346 347
347 348
348 349
273 350
350 351
17 352
352 353
258 354
354 355
352 356
356 357
41 358
271 359
359 360
355 361
361 362
362 363
335 364
30 365
365 366
366 367
222 368
366 369
369 370
370 371
371 372
371 373
373 374
364 375
355 376
370 377
377 378
197 379
379 380
380 381
380 382
362 383
383 384
384 385
120 386
386 387
200 388
388 389
311 390
390 391
389 392
297 393
393 394
394 395
395 396
323 397
318 398
374 399
399 400
386 401
401 402
234 403
402 404
404 405
405 406
402 407
404 408
408 409
409 410
410 411
411 412
407 413
255 414
407 415
415 416
416 417
403 418
405 419
307 420
420 421
421 422
422 423
423 424
424 425
425 426
415 427
422 428
428 429
429 430
430 431
431 432
350 433
433 434
434 435
274 436
87 437
437 438
398 439
436 440
138 441
441 442
442 443
224 444
444 445
445 446
446 447
447 448
377 449
449 450
450 451
451 452
451 453
446 454
454 455
453 456
450 457
375 458
458 459
456 460
460 461
461 462
462 463
463 464
464 465
443 466
466 467
467 468
468 469
469 470
470 471
83 472
472 473
473 474
474 475
475 476
476 477
477 478
478 479
425 480
480 481
481 482
482 483
483 484
484 485
484 486
486 487
487 488
488 489
489 490
489 491
482 492
286 493
429 494
494 495
316 496
131 497
326 498
495 499
418 500
495 501
501 502
502 503
503 504
504 505
505 506
42 507
506 508
508 509
509 510
504 511
467 512
512 513
513 514
487 515
515 516
516 517
515 518
511 519
519 520
520 521
521 522
468 523
523 524
524 525
95 526
470 527
527 528
528 529
529 530
339 531
531 532
496 533
533 534
528 535
520 536
387 537
537 538
272 539
539 540
540 541
333 542
542 543
543 544
544 545
207 546
545 547
547 548
544 549
549 550
550 551
551 552
552 553
553 554
398 555
403 556
510 557
557 558
526 559
559 560
283 561
561 562
562 563
563 564
497 565
381 566
566 567
554 568
568 569
558 570
570 571
569 572
119 573
573 574
574 575
567 576
576 577
577 578
578 579
579 580
568 581
581 582
582 583
444 584
584 585
464 586
586 587
480 588
587 589
539 590
569 591
591 592
592 593
590 594
594 595
589 596
596 597
550 598
598 599
598 600
600 601
601 602
602 603
603 604
604 605
605 606
367 607
601 608
579 609
521 610
593 611
611 612
562 613
561 614
614 615
615 616
491 617
617 618
605 619
434 620
527 621
621 622
585 623
591 624
624 625
625 626
615 627
627 628
583 629
629 630
630 631
631 632
631 633
633 634
627 635
548 636
636 637
637 638
638 639
639 640
443 641
640 642
642 643
643 644
574 645
645 646
612 647
647 648
648 649
649 650
342 651
619 652
652 653
653 654
644 655
655 656
648 657
656 658
658 659
655 660
553 661
661 662
423 663
663 664
664 665
665 666
666 667
667 668
667 669
669 670
670 671
671 672
628 673
662 674
674 675
675 676
669 677
519 678
393 679
677 680
673 681
680 682
680 683
40 684
668 685
685 686
665 687
654 688
688 689
689 690
687 691
687 692
692 693
693 694
334 695
693 696
696 697
697 698
661 699
302 700
541 701
701 702
702 703
703 704
636 705
705 706
705 707
707 708
708 709
709 710
694 711
673 712
712 713
707 714
714 715
691 716
710 717
717 718
714 719
719 720
720 721
721 722
492 723
610 724
724 725
725 726
82 727
727 728
472 729
729 730
668 731
731 732
732 733
524 734
734 735
734 736
169 737
737 738
703 739
739 740
740 741
741 742
742 743
743 744
525 745
745 746
674 747
747 748
748 749
749 750
750 751
751 752
752 753
747 754
754 755
755 756
751 757
124 758
758 759
759 760
760 761
265 762
762 763
758 764
764 765
765 766
766 767
767 768
768 769
769 770
770 771
723 772
770 773
773 774
774 775
775 776
710 777
250 778
778 779
779 780
780 781
781 782
782 783
583 784
542 785
785 786
411 787
787 788
788 789
789 790
790 791
791 792
792 793
788 794
794 795
129 796
796 797
797 798
795 799
589 800
800 801
801 802
696 803
294 804
790 805
805 806
792 807
807 808
777 809
774 810
441 811
811 812
755 813
785 814
813 815
815 816
816 817
796 818
818 819
819 820
744 821
821 822
822 823
823 824
716 825
825 826
824 827
807 828
828 829
268 830
445 831
831 832
825 833
833 834
834 835
717 836
778 837
837 838
838 839
839 840
326 841
210 842
842 843
203 844
844 845
845 846
160 847
847 848
848 849
849 850
850 851
831 852
547 853
376 854
854 855
855 856
856 857
849 858
858 859
858 860
851 861
861 862
862 863
863 864
864 865
860 866
866 867
843 868
814 869
869 870
870 871
738 872
833 873
873 874
874 875
761 876
876 877
877 878
757 879
845 880
878 881
881 882
853 883
883 884
884 885
885 886
886 887
596 888
888 889
889 890
777 891
891 892
891 893
893 894
894 895
895 896
887 897
897 898
898 899
899 900
608 901
885 902
902 903
903 904
904 905
905 906
906 907
685 908
900 909
897 910
910 911
911 912
912 913
877 914
914 915
914 916
916 917
917 918
918 919
552 920
866 921
921 922
910 923
923 924
924 925
921 926
926 927
927 928
928 929
912 930
925 931
931 932
932 933
933 934
934 935
905 936
936 937
937 938
938 939
699 940
940 941
941 942
942 943
740 944
944 945
945 946
946 947
916 948
948 949
925 950
812 951
454 952
952 953
864 954
954 955
955 956
956 957
957 958
958 959
959 960
960 961
930 962
962 963
947 964
963 965
965 966
964 967
799 968
968 969
969 970
970 971
971 972
972 973
928 974
974 975
975 976
970 977
971 978
978 979
979 980
980 981
981 982
980 983
983 984
984 985
874 986
985 987
985 988
988 989
860 990
399 991
990 992
990 993
993 994
994 995
995 996
996 997
664 998
998 999
999 1000
997 1001
1001 1002
1002 1003
1003 1004
1004 1005
1005 1006
1005 1007
621 1008
993 1009
904 1010
927 1011
1011 1012
1012 1013
968 1014
773 1015
1015 1016
593 1017
457 1018
529 1019
1019 1020
1004 1021
994 1022
873 1023
1023 1024
1022 1025
767 1026
1026 1027
658 1028
1028 1029
1029 1030
1015 1031
351 1032
1027 1033
1024 1034
1018 1035
1035 1036
1036 1037
900 1038
949 1039
1039 1040
739 1041
1041 1042
727 1043
972 1044
1044 1045
1045 1046
1039 1047
376 1048
1048 1049
1032 1050
1050 1051
1051 1052
1052 1053
660 1054
821 1055
1055 1056
1056 1057
1057 1058
1058 1059
1059 1060
1060 1061
1059 1062
1062 1063
499 1064
1064 1065
1065 1066
1066 1067
997 1068
1068 1069
1069 1070
1070 1071
1071 1072
1072 1073
1070 1074
1074 1075
1075 1076
748 1077
1055 1078
1024 1079
1079 1080
918 1081
1081 1082
1082 1083
238 1084
1084 1085
1085 1086
1080 1087
1054 1088
1079 1089
1089 1090
812 1091
1091 1092
731 1093
1093 1094
1094 1095
1095 1096
1096 1097
1097 1098
688 1099
1064 1100
1037 1101
1010 1102
1102 1103
1103 1104
1104 1105
1104 1106
1000 1107
1107 1108
1105 1109
1095 1110
1110 1111
1111 1112
952 1113
1113 1114
1114 1115
1115 1116
1116 1117
1117 1118
1118 1119
1032 1120
1120 1121
1121 1122
476 1123
1100 1124
1123 1125
725 1126
1126 1127
1127 1128
1128 1129
1007 1130
1129 1131
1131 1132
965 1133
1089 1134
1134 1135
1135 1136
1135 1137
1137 1138
1138 1139
1139 1140
1060 1141
1141 1142
1142 1143
1143 1144
1144 1145
753 1146
957 1147
619 1148
1133 1149
1149 1150
815 1151
1151 1152
938 1153
1153 1154
1152 1155
953 1156
1156 1157
328 1158
1154 1159
1151 1160
1096 1161
1161 1162
295 1163
1163 1164
1139 1165
1165 1166
1156 1167
681 1168
1168 1169
1141 1170
1170 1171
1168 1172
1172 1173
1173 1174
1169 1175
291 1176
1142 1177
1177 1178
1178 1179
1179 1180
1143 1181
1181 1182
924 1183
1183 1184
995 1185
1185 1186
1186 1187
1187 1188
1188 1189
826 1190
1025 1191
1172 1192
1192 1193
1193 1194
1193 1195
1171 1196
1196 1197
1197 1198
1198 1199
1199 1200
1200 1201
1201 1202
1200 1203
1203 1204
1083 1205
1194 1206
1206 1207
1153 1208
1208 1209
853 1210
1210 1211
1211 1212
610 1213
1112 1214
768 1215
1215 1216
1184 1217
937 1218
1207 1219
1204 1220
1220 1221
1221 1222
1220 1223
932 1224
1224 1225
1223 1226
265 1227
1227 1228
1177 1229
1229 1230
1230 1231
1231 1232
1232 1233
389 1234
1234 1235
1235 1236
1173 1237
1237 1238
1238 1239
305 1240
1240 1241
1241 1242
1242 1243
1243 1244
1244 1245
1150 1246
1240 1247
1247 1248
1248 1249
1249 1250
1182 1251
1244 1252
1252 1253
1248 1254
1254 1255
1255 1256
1252 1257
1257 1258
1258 1259
1196 1260
1260 1261
754 1262
1262 1263
1263 1264
1179 1265
1265 1266
846 1267
1267 1268
1267 1269
973 1270
1268 1271
172 1272
1272 1273
1273 1274
1274 1275
1274 1276
1276 1277
1277 1278
225 1279
1279 1280
723 1281
1281 1282
1282 1283
1283 1284
1283 1285
1285 1286
1286 1287
1287 1288
1275 1289
776 1290
1284 1291
1290 1292
1250 1293
1293 1294
1282 1295
1295 1296
1296 1297
1297 1298
1298 1299
1299 1300
1300 1301
1298 1302
1302 1303
1303 1304
1304 1305
1303 1306
1306 1307
1307 1308
1202 1309
1092 1310
1310 1311
1311 1312
1312 1313
1261 1314
1304 1315
1279 1316
1316 1317
1317 1318
1318 1319
1319 1320
765 1321
1321 1322
1322 1323
794 1324
1324 1325
1097 1326
1263 1327
1285 1328
1328 1329
1329 1330
1299 1331
1331 1332
1331 1333
1326 1334
1334 1335
1335 1336
1333 1337
1337 1338
1255 1339
1339 1340
808 1341
1341 1342
513 1343
1343 1344
1278 1345
1319 1346
1345 1347
1346 1348
586 1349
1338 1350
1051 1351
1351 1352
1352 1353
1353 1354
1354 1355
1353 1356
1332 1357
1356 1358
1221 1359
1347 1360
1278 1361
1361 1362
1347 1363
1363 1364
1361 1365
1328 1366
1363 1367
1367 1368
1368 1369
1369 1370
691 1371
1371 1372
1231 1373
1100 1374
1374 1375
1375 1376
1376 1377
1377 1378
813 1379
1379 1380
1380 1381
1381 1382
1382 1383
1379 1384
1123 1385
1378 1386
1386 1387
1387 1388
1259 1389
1389 1390
1390 1391
1391 1392
1370 1393
1393 1394
1317 1395
643 1396
1389 1397
1397 1398
1339 1399
1398 1400
712 1401
1401 1402
271 1403
1395 1404
1404 1405
1401 1406
1406 1407
1262 1408
1408 1409
1409 1410
1404 1411
841 1412
1043 1413
1412 1414
1414 1415
1415 1416
1320 1417
1417 1418
1418 1419
1419 1420
1420 1421
1421 1422
1421 1423
1423 1424
1424 1425
1416 1426
1293 1427
1427 1428
1428 1429
1429 1430
1430 1431
920 1432
1247 1433
1433 1434
1429 1435
1435 1436
1434 1437
1416 1438
1433 1439
1435 1440
1440 1441
1441 1442
1442 1443
1437 1444
1444 1445
1443 1446
1444 1447
1447 1448
452 1449
718 1450
1431 1451
1419 1452
1322 1453
1453 1454
1440 1455
1455 1456
1456 1457
1454 1458
1456 1459
1432 1460
1460 1461
1448 1462
106 1463
1314 1464
1442 1465
1465 1466
1117 1467
940 1468
1468 1469
1469 1470
818 1471
1459 1472
1191 1473
1459 1474
1474 1475
1119 1476
1476 1477
1477 1478
1407 1479
1014 1480
1480 1481
1476 1482
1482 1483
1483 1484
1484 1485
1479 1486
1434 1487
1465 1488
1484 1489
1487 1490
512 1491
1491 1492
1490 1493
1493 1494
1397 1495
1493 1496
1368 1497
543 1498
1498 1499
1178 1500
1500 1501
1501 1502
1463 1503
1503 1504
1494 1505
894 1506
33 1507
1507 1508
1503 1509
1509 1510
1469 1511
1511 1512
1512 1513
1513 1514
1514 1515
1512 1516
1501 1517
1517 1518
1518 1519
1201 1520
1520 1521
1414 1522
1520 1523
1522 1524
1524 1525
1514 1526
1526 1527
1527 1528
1144 1529
1529 1530
1524 1531
1531 1532
690 1533
1478 1534
1334 1535
1535 1536
1046 1537
1537 1538
1515 1539
1539 1540
1540 1541
1522 1542
1542 1543
1502 1544
183 1545
1288 1546
1544 1547
1229 1548
1504 1549
1549 1550
1550 1551
1548 1552
1551 1553
1480 1554
1466 1555
1555 1556
1556 1557
1557 1558
1232 1559
275 1560
1560 1561
1561 1562
1559 1563
1563 1564
1390 1565
1565 1566
1497 1567
1466 1568
1568 1569
1569 1570
1538 1571
1570 1572
1572 1573
1515 1574
1574 1575
1185 1576
1576 1577
1577 1578
1578 1579
1579 1580
1580 1581
1581 1582
1537 1583
1583 1584
1533 1585
1585 1586
1580 1587
1587 1588
1570 1589
1589 1590
1590 1591
1591 1592
1592 1593
1593 1594
1594 1595
1595 1596
1595 1597
1596 1598
1598 1599
1332 1600
1599 1601
1426 1602
1583 1603
1602 1604
1604 1605
1605 1606
1584 1607
1561 1608
1608 1609
1609 1610
1610 1611
1611 1612
1612 1613
1596 1614
865 1615
1615 1616
633 1617
1617 1618
1612 1619
1619 1620
1620 1621
1386 1622
1622 1623
1566 1624
1624 1625
1625 1626
1621 1627
1613 1628
1588 1629
662 1630
1568 1631
1631 1632
1489 1633
1633 1634
1630 1635
1607 1636
1634 1637
1637 1638
1610 1639
1618 1640
1640 1641
1641 1642
1642 1643
1526 1644
1420 1645
1645 1646
1646 1647
1647 1648
840 1649
1649 1650
1650 1651
1622 1652
1652 1653
1535 1654
960 1655
1655 1656
783 1657
1657 1658
1603 1659
1659 1660
1660 1661
1652 1662
1662 1663
1639 1664
1664 1665
1665 1666
1631 1667
1644 1668
1554 1669
1669 1670
1669 1671
1639 1672
1665 1673
1673 1674
1674 1675
1587 1676
1640 1677
1557 1678
1678 1679
1116 1680
677 1681
1681 1682
1679 1683
1683 1684
1206 1685
1685 1686
1686 1687
1687 1688
1688 1689
1689 1690
1690 1691
1415 1692
1692 1693
1488 1694
1694 1695
1695 1696
1696 1697
1692 1698
1698 1699
1699 1700
1700 1701
1701 1702
1687 1703
1703 1704
1702 1705
1698 1706
1082 1707
1707 1708
1708 1709
1704 1710
1701 1711
1486 1712
1712 1713
1713 1714
1663 1715
1713 1716
1695 1717
1717 1718
1702 1719
1468 1720
1720 1721
1721 1722
1722 1723
1723 1724
1724 1725
1725 1726
285 1727
1727 1728
1728 1729
931 1730
1730 1731
1731 1732
1732 1733
1733 1734
1734 1735
1107 1736
1736 1737
1737 1738
1738 1739
1679 1740
1740 1741
1741 1742
1742 1743
1743 1744
1653 1745
1745 1746
1742 1747
1204 1748
1748 1749
1741 1750
1750 1751
1751 1752
1752 1753
1749 1754
799 1755
1754 1756
1750 1757
1422 1758
1758 1759
1664 1760
1760 1761
1760 1762
1762 1763
1763 1764
1764 1765
1765 1766
1766 1767
1413 1768
1768 1769
1769 1770
1770 1771
936 1772
1772 1773
1773 1774
1767 1775
1774 1776
1776 1777
1777 1778
1755 1779
1355 1780
1780 1781
1667 1782
1782 1783
1783 1784
1784 1785
1733 1786
1777 1787
1787 1788
1788 1789
1789 1790
1626 1791
69 1792
1786 1793
1793 1794
1794 1795
1216 1796
1794 1797
1431 1798
1798 1799
1799 1800
1725 1801
1801 1802
1802 1803
1543 1804
720 1805
1805 1806
1806 1807
981 1808
1807 1809
1809 1810
1810 1811
1811 1812
1632 1813
1792 1814
182 1815
1753 1816
1816 1817
1804 1818
1818 1819
1798 1820
1819 1821
1821 1822
1822 1823
1823 1824
1824 1825
1586 1826
1803 1827
1826 1828
1521 1829
1829 1830
1816 1831
1829 1832
1830 1833
1684 1834
1834 1835
1835 1836
1755 1837
1819 1838
1838 1839
1839 1840
1840 1841
1839 1842
1842 1843
1160 1844
1727 1845
1845 1846
1846 1847
1427 1848
1848 1849
1849 1850
1847 1851
1851 1852
608 1853
1843 1854
1525 1855
1205 1856
1853 1857
1857 1858
1663 1859
1859 1860
1854 1861
1858 1862
1824 1863
1856 1864
1857 1865
1864 1866
560 1867
1867 1868
1868 1869
1869 1870
1870 1871
645 1872
1728 1873
1245 1874
1874 1875
961 1876
1876 1877
1877 1878
1878 1879
1364 1880
1880 1881
1874 1882
1735 1883
1616 1884
1884 1885
1885 1886
1238 1887
1013 1888
1888 1889
1889 1890
1869 1891
1891 1892
1550 1893
1872 1894
1894 1895
1784 1896
1893 1897
1893 1898
1624 1899
1899 1900
1866 1901
1901 1902
1897 1903
1903 1904
1717 1905
1905 1906
1906 1907
1112 1908
1908 1909
1313 1910
1910 1911
1844 1912
1912 1913
585 1914
1914 1915
1175 1916
1916 1917
1917 1918
1680 1919
1812 1920
1920 1921
1921 1922
1922 1923
1923 1924
1924 1925
1925 1926
1926 1927
1878 1928
1928 1929
1925 1930
1736 1931
1929 1932
1932 1933
617 1934
1934 1935
1935 1936
1936 1937
1321 1938
1865 1939
1939 1940
1940 1941
1940 1942
1938 1943
1943 1944
1804 1945
1732 1946
1946 1947
1942 1948
1948 1949
1949 1950
1920 1951
1951 1952
1944 1953
1953 1954
1954 1955
1955 1956
1956 1957
1957 1958
1915 1959
1833 1960
1960 1961
1432 1962
1962 1963
1956 1964
1918 1965
1965 1966
1084 1967
1967 1968
1968 1969
1818 1970
1970 1971
1971 1972
1972 1973
1722 1974
1863 1975
1975 1976
1936 1977
1977 1978
1509 1979
1979 1980
1980 1981
1981 1982
1934 1983
1976 1984
1834 1985
1985 1986
1926 1987
1987 1988
1988 1989
1971 1990
1990 1991
1991 1992
309 1993
1992 1994
1991 1995
1995 1996
1811 1997
1997 1998
1998 1999
1228 2000
255288887 922652410 406671874 971728291 387459691 90854141 257076011 589093866 289267556 288157913 862424560 446191402 412634327 41214845 952102239 884988405 863581444 820641813 297771093 193658283 296640843 568528301 71122136 683850507 654226744 162355362 667348217 766807334 507078701 827961968 658568385 84931998 895749955 430264939 890224248 92945527 822811673 336786023 870330999 28376026 740397271 972501350 692962658 940288509 655070092 411377157 482419900 590427909 82902309 33198272 369661862 893473547 682760815 732095 974340656 244192243 989451460 245527 607737774 195002830 85575661 12754234 364416153 25570302 246548619 510788937 397400679 530411044 719617026 620294054 910954547 396346350 362967844 339051894 423790780 857024182 509338191 674806897 393867116 279345728 979729885 234257106 392352222 33109345 391573791 254341126 75347963 338037123 203481143 496574618 349351310 980315560 273064742 13795354 167334810 57230051 929003495 721454647 275526267 695209809 296128644 571505671 150063433 879884835 267706957 619945591 451952209 8539791 88529701 731670736 155725288 991902664 332800812 92573915 446598175 265916179 64447615 85049915 804310918 799564329 929381417 669003672 250004232 929460311 310222508 165126951 449219081 514819369 220217090 528646518 845506728 505623952 117298353 280675284 614959354 164489847 364305270 92352516 530529898 120534873 593982478 255573140 969804323 925909710 719521748 592872479 343539855 693909627 552794208 201932977 23522351 621477148 613113019 376604402 454226942 692989561 488996268 400894864 335723238 172818123 967644092 905393739 107059912 177096562 496969438 970192172 832716390 747906161 489149422 975730670 654921994 178927485 884403893 404979607 828784766 383622499 166160975 113211501 737399715 149909358 654657969 620147276 357379664 625843877 698055829 671049114 679620764 709809193 929066587 41786989 463298849 927341320 249176054 29036573 11056808 98332465 7734821 94780022 317322610 393311521 895493890 590367621 621044190 193764766 720550104 138881049 5211803 753611228 813559922 89064614 240840753 842546813 87449587 519163478 830941408 550834757 45351526 878448246 264299681 525678700 484261427 947593529 775258202 450850016 820052690 4543941 977495865 63661336 955185876 288491551 207887576 127850674 96348814 182999033 231184453 7511020 428114377 17703432 91209918 940239720 567673411 768122747 394932534 685939296 716223957 60297867 524985478 215845532 283414869 290032224 764909166 247450946 258703550 552953349 255443350 300575798 356780745 936636290 681699162 183880228 429481080 706567114 714295373 71481286 67252461 829706965 946059489 105265121 135551104 416628119 111268963 729481223 513394170 296634794 186751769 900994342 907593569 237149586 731992586 693246635 150125152 465970243 306490769 505530749 545296818 27511265 613005902 933148701 596051478 125010096 390025363 649533708 667592567 458086046 351614670 939099974 990840449 777835659 233955259 790568704 877433257 148137573 517206138 641601611 812288614 767538193 414058007 189514647 113977254 577069169 658986393 243820792 784842191 794933783 592959443 401090028 250779886 369462897 887539004 281032910 57253499 78554541 795639101 652252129 914647058 238645272 333567383 19159280 128214591 90847308 660922174 906631972 761111379 690898229 95921430 973790828 913141921 644242877 245984810 424517255 925665764 567317508 718928450 760243748 986727584 274857798 143390659 895840413 294163650 332623117 100372546 313519975 699711091 538691237 755432803 113520794 266871357 493212151 519601726 565964527 547082565 521363181 77508058 438169485 829421586 748578992 949427803 200878073 136589019 41119103 77702958 917654491 640741301 86231727 665142924 118502434 60251721 138425535 675813447 305960680 496841544 963363820 58158834 129346763 151233022 425534531 580433291 262338326 197218930 221466173 684672103 20389844 612215394 441940167 605312653 122211124 7684342 792001594 897783469 121741200 800495093 475816812 621265152 45356887 235101479 773482716 92758777 819749104 589629839 354447896 661299057 964813078 74481410 235242587 547012883 825595395 541439218 805144201 445172364 905260700 446814892 431212034 328862218 866784584 762282197 468344462 680808528 741999309 847962570 250000005 799850577 701979953 503327425 542838034 76914551 465988521 702936303 525801761 528498667 179622727 281048119 198267469 504503704 660492336 193291384 810891399 871922330 140364843 982287508 454791634 609886861 957883437 515056900 901097219 273039298 889252657 976656757 945316089 773889904 480854604 911589514 821972332 739328952 648068128 986718469 801017074 153258354 972871821 619715354 730775510 567013914 365670693 287203039 709375611 227877995 176642879 944689511 550083926 397315842 672811217 252428711 905371522 17585548 755196323 939906039 944399294 322808324 12435212 496561349 457691153 121799573 546981466 115365823 22245121 235348443 122894246 847635728 316791882 950084903 475410271 377018141 445535462 837112605 498806101 854546548 290539848 154825744 919423898 809247261 139350788 139183202 838282241 917051702 527558400 933979959 515866090 527563993 414744934 949534357 814992899 109797541 793564863 676835394 36086510 542289197 385573129 138561108 899340368 486460411 979963637 182997670 834962929 85389060 33731868 908597967 263761746 624713080 873080858 950361955 651019987 625790199 317100191 927813102 107498556 70252114 897442594 867448411 575131034 444676117 732675761 625047280 713543988 91932826 255284404 697216018 910996291 798614276 540762428 289406833 798672445 408473798 658053591 786578366 69422309 453510550 410440342 977118626 519301770 498916215 944179651 367802974 926509038 695915670 66920416 535693090 923631711 954102052 230843865 846496040 27719073 78511366 15393873 49120802 239444152 856971713 419291920 948539577 765940909 633089366 885621565 980313153 749810309 79756029 8415634 119899912 947222517 917975919 685271745 678695138 243653947 715542333 864681444 181299756 405994597 679033759 614099399 180913317 258981904 46584487 463969206 249010310 267730510 29374336 660101888 167708264 403488989 209491771 471957628 312024472 207913615 436455611 476355112 276642638 916167871 266559132 196730186 707060919 864720922 895571883 932668157 101108471 753014247 219660521 201736506 385582038 907794608 778747011 405172987 612029801 231628574 631186785 972245103 695240215 540524 802044506 206618151 139933436 104101120 796859494 540025174 527075748 67862831 623198064 146391467 83984607 978335348 701716495 308581055 72267131 911719227 964830467 890954727 800625068 53441635 33934484 449522295 194069310 976221691 332549445 146217146 944687406 362924619 511329592 151785088 234859765 813323675 483666611 498220157 792383981 226083590 721828862 153267017 463375492 260222382 348560607 441806204 344828637 738648778 57849519 741797149 610603498 421388162 956812922 968604028 788150243 686607507 570757325 661806130 628140297 637517590 520169322 52735652 396885809 39050256 751323631 625958907 526686939 489511185 592796352 524571014 606433112 813312943 534970341 845294219 440928629 428735641 283122985 751294765 439479825 476589242 40125248 34425547 286326250 807239312 412396362 710121342 82782910 650487063 229166997 644002521 917268293 566719517 477752425 190903887 606863195 578517026 82674808 422375424 595591113 973789232 109517927 866989988 34746360 429279723 240795829 725182496 123881309 33719911 90628365 821884435 765096964 815669755 728283487 823396791 944658402 614036797 673097130 99137802 859138690 946789205 386048620 745144974 42981698 399665966 844387769 391576460 337901675 115499858 219874953 582400425 358517892 165893278 339515802 223625639 480416750 735692932 404325407 765984094 793580167 207696648 436474679 285627784 275009677 596891810 838072263 536029117 870358535 20067749 161148891 799123950 672461707 943954546 197824774 896724365 924234415 429689691 173946888 780941921 378056730 148333476 16872021 322652 362747243 171654102 536566647 285567630 528128332 26373551 655486099 189241293 394437592 659067032 521368934 831742684 332743887 308550875 923022222 6535111 196035606 273247938 882382348 501566571 872469149 609375422 252830708 573961928 687736692 280230051 229345171 192819676 876724282 533042087 854751286 261697482 315092092 380334481 678319997 721979673 704304917 807959453 245993171 826637582 881913912 590097255 976726484 782580231 218699885 357098002 537036005 394771223 835687254 529855362 742984826 937482057 738893829 598179417 178566940 430608185 621611431 622516493 101338623 500026464 934308535 561328718 742990755 137018394 516992390 37002469 993715724 91581331 674987435 8992720 751629207 938869248 220607240 334435907 218715975 742658520 125179623 759163328 183972202 875260330 733221896 783362764 755838947 847981278 969948751 151568123 138244439 688270439 509302175 228653257 631357982 456849055 182571212 752067596 818770740 805724586 198375480 943651224 885390274 43660638 831928061 335680393 627638991 267056030 537438055 553877593 240303696 464408671 622280354 741291701 919655553 551017706 774002371 830928139 229239555 843768767 868698591 541668918 287618401 953743257 13294321 514189262 513017918 273659904 103983373 433832061 977875023 554773636 348060696 760550719 774011108 114134217 969284172 270163137 646032629 918229458 538110131 781142540 37084800 442876962 131203014 427114800 922430642 579396495 958908685 481344812 268495174 197812821 140253087 14858978 935902562 993756051 30605541 331469348 150409410 522699227 200305346 719596055 573968759 714417907 746843440 968509889 93126347 414243757 241033876 153051290 883631010 67313436 537585141 292679657 888654101 258872605 907270199 170896676 79276086 596149527 233470243 322618596 952152714 583670565 849450766 262812844 230321742 330473484 166267275 717264151 538196522 659423409 477692198 196374927 381955098 317121879 584231599 624973985 304052482 311766978 587302887 477380203 852667442 468983934 412334869 184956323 746817547 862549510 198962541 507389069 934889418 211212602 122253296 302624272 743977952 28072331 145151396 58283771 642616025 592034509 894134483 463975803 626818359 44952418 610215534 538620240 833463910 337973713 584326077 632480360 997213454 609620298 952923633 173731267 997050949 383691487 298585595 245791009 934746491 210671729 131506490 973929032 25944716 187730453 359671253 547038136 318471821 32748016 116139847 936959225 299671523 361350853 308977417 667284746 556342112 648810890 107553664 962047969 202111773 985261104 387074213 187849510 616553277 763990869 650140274 316686694 422519813 138910983 118743215 24273752 906426870 131541211 444454383 856364885 594677554 803699953 623640935 978144618 705450797 227272006 154417396 941305 46159803 922076699 902863792 994808520 10800530 596932109 308046130 17045767 810295101 238303420 194503394 509884122 90658080 272398036 63650051 740645611 915581343 667106721 882721752 126413937 104691001 820457381 240278916 67177782 257034720 700116536 53469283 701933263 888628889 38156075 771694091 34432340 635322917 155592656 927267940 615620744 744199854 424723345 823161034 370858226 178797056 224563278 292441225 331996167 743470854 686920374 827889517 843687691 2192468 183720321 492682097 795638172 600419652 795714959 772350979 807505538 108384633 681054808 258534760 73570241 455758128 401713091 131561960 457555159 338031073 612462649 684077140 421477971 795115745 299482486 788462162 309985105 559617276 628902816 140100283 668889278 496884449 774934039 819786585 998272407 53005247 884828092 558104801 166352823 463668453 255996792 482014237 41398448 612679798 525118263 551730631 362902790 790610654 598125302 142518669 364264992 533906625 397925148 547194498 10485137 219265655 630492813 776484699 633957041 794655838 734837044 794776050 888788240 980756837 37564047 168151034 589987614 456732693 303513617 885444185 222229260 677689327 38346915 753600641 89579611 201438223 258645593 537201841 590910168 258577903 936725260 444308455 607227129 844595278 753171159 346971745 999376481 578465759 258837677 773567188 957419664 872053008 380642624 554730715 66456494 646911824 974207482 843921484 501570010 41492070 828145247 99684948 610491811 291256218 480843312 578989956 610603342 220850993 32756623 917116948 228298161 150272662 2281791 683456374 337974362 233471326 493525424 943638355 80752551 704025231 994092124 911524669 704899667 134496786 569378921 939115374 826976304 603181755 26741697 849759047 668997611 617217402 678839908 92867806 184160204 841737515 628419301 233508771 77330532 153620563 179011170 837471789 794441091 439700648 821016757 950774823 779037481 473058202 437850405 676816585 906218277 174659561 879583318 426171217 545886195 15724213 686167802 699410970 405571394 452701775 693248523 778435419 127067750 712084059 458662157 682296749 261598164 784920745 398796694 736687284 434724328 693671226 592141963 476731682 353917791 625851404 259484918 988678840 43898519 523028814 764839549 333574320 522923935 886224580 595919335 118368968 400042680 672181626 345306637 479650337 454639828 933616920 827054496 513554370 258536068 846661637 504460140 260403778 310247602 237275079 878342201 780847772 344545698 274440805 978605065 593993725 41615841 530280557 616692563 830306376 710688152 165695760 18504226 2704929 980668382 665573986 873233085 432123927 511810636 419034359 409382018 68102944 977663844 580054548 350036391 188944305 144600672 740820082 835682629 743282492 263654969 359154969 846185819 738746224 620294785 230339508 348033228 130043902 963317339 414909560 837879177 263461515 394337042 581423842 851697546 885711983 473948335 671780622 741569298 899466961 917508707 894256373 730035392 419649552 759390984 358326652 186306157 480364840 167395617 333238259 816923093 110609303 477296557 672251148 860357707 194844056 960091829 358246567 393978235 452132249 179873509 142853415 513470280 480000434 79002399 933376925 232215224 981920103 824987173 314116995 251138172 359704565 600082400 942213583 2800254 497205411 953991055 806134419 268999681 896916955 893134980 799027720 269131245 662657429 9894801 213515247 515121057 596935622 456197869 657910564 414501864 530871025 281572432 909696499 369376283 155814318 366286716 888767419 345857122 603213840 282671072 572449228 879437048 588636588 143154557 121063452 770913924 676785526 382605551 649378524 707365826 728230309 892633311 921765686 358069317 124876118 147864583 113221271 903422623 319216546 561151619 164956169 619152548 400301337 537059425 736803465 474477779 694457144 149027283 165759881 61608032 297322063 501345719 237655875 159483465 458667524 524316097 440961658 125368596 481937390 347526501 329856893 367591905 389345744 901217125 139060394 25911181 646675691 758514279 562908268 808308783 526997483 114146593 802324624 890896878 264608791 68772956 180698811 338886259 293185544 603108655 235847570 142836501 645818973 120412938 689708751 543431440 599834131 967828936 943700923 231644771 291252205 38414494 41198626 975263654 782723965 523939625 857242636 100162738 260938316 906746364 458896314 396596078 478459898 35204464 111630568 165615306 707185142 39569599 882700382 754964285 94740808 298169290 161459793 598128251 153148337 917260461 44847382 852606394 173017123 266136006 773589882 334817572 638817705 592057613 855643154 937502211 669036941 240706610 490351921 589520984 494936243 796102336 392021767 545967602 220467987 172533659 65615152 819256546 376701189 484775605 387619193 220994217 74349448 102354969 406823256 977425171 875804427 379666761 169965721 786505231 146727044 171695218 636647907 189024581 760638228 283409441 982530913 513178904 604584261 178234966 391722396 937385982 669356793 910726187 680548380 552543516 293555599 515046636 505123075 161399611 693694647 799321674 556778038 101355963 618554476 401043458 389904688 541701187 473814531 789323491 566713845 899900063 356753333 474635184 934066287 17132221 979180778 386618597 594266928 184785769 277269492 372628720 644072421 516919867 125210562 844363960 620942843 402349786 960522366 367669860 219943310 680266221 662128904 47415030 828621330 218209552 815797486 347807315 444773530 236079714 553947426 18216707 794461849 695154255 737216520 321450484 202849579 639745018 374606399 622202167 613384712 579090252 566213365 277611327 721194633 253609382 182815573 283431593 496221293 271046421 420856661 902860279 69879033 330081259 330086436 174679460 582659431 195656891 874445076 628664362 44807827 378889845 469452080 38080717 562646954 259354964 737740804 342019780 993936685 690055873 173389573 726358095 877557970 976712758 523475156 884422711 656260504 948351139 8108575 721386797 462470603 246365541 482744964 191908864 968161020 731901580 693702590 307062646 278765174 293061927 787592410 68089047 749304276 624936244 113897069 653695352 907883983 822348370 463474252 113643853 488642884 678822138 840651111 463514517 844996683 518557959 763414932 177974964 280722286 22996090 971725323 262807089 425721779 724253410 34446119 949593419 471594343 857025994 619478462 956957875 830264471 768020817 516810345 882791119 94506062 153951005 459073229 391127550 337840814 22561657 518022819 680546969 550952318 610081481 113419836 640586899 712514352 370941689 725984031 600865648 54223965 300910073 339209476 470420864 675755067 710837890 350724156 122772616 514532464 819985040 521799913 618527956 542403414 505203481 852103104 438195891 419264194 262496889 819732474 999241788 4550530 233656367 463216674 68951321 31624322 180024285 652994045 959962006 272230997 198006515 657440798 882330592 134641669 895476892 336686561 17197580 138033415 681877859 591865600 127421148 745884411 739921416 426617399 306984418 786219090 997683464 305154325 639783690 820911330 547559742 6211493 254015243 169668939 866629979 831708907 401004061 680560452 914498250 44345336 980865351 721856375 799479838 757719557 643256232 712162805 414986879 2520056 814234118 240512715 934479758 33351169 6610812 678400781 550960179 571208341 779449173 576661956 567675967 629722295 371498210 987156315 241139936 794103510 98711770 24726311 678037243 126679650 298084119 335319692 334594081 675460479 301054780 986022296 405685735 229887950 789056868 455296349 607309078 664768306 414715399 997266315 828064149 644798107 326011440 475129962 22188215 810503385 415564621 77088622 807985877 284822845 510773225 618323715 88213037 687756411 87580260 421024439 667831756 106500824 565661831 727197341 988017870 913434989 858776546 594596750 356398550 14554977 965123195 880363404 543274599 967050113 82226991 336313018 572709038 528029014 474699253 72707607 184053681 37729839 685489952 158082863 611772277 885930707 75290332 256187485 189420469 283081025 120410738 177785132 643723077 693794867 971783696 863615184 534824546 895781724 564342491 812138764 181059601 16876876 371205097 569321267 87348874 79816562 182786414 897053896 709183420 29600637 586950900 677711261 225378234 217685475 652348722 941046390 75989641 954830335 38486444 427694481 919478205 915573777 661994237 672872152 22288694 957138045 506632330 289215274 107681567 350743711 370039126 164303588 899938886 573335369 124054159 277317019 338488820 617670930 149861816 914664538 587389934 160289863 459456988 432772345 913814553 135765847 707013023 477537801 802970062 59236828 719258952 821117103 491536768 724239164 116135669 489391872 222773203 600132267 719023548 129397682 457731165 606852417 775408867 151523312 724671917 177686746 725981903 506280928 555891055 212726236 977752625 810604425 458322306 710183375 33219054 137764366 991803910 537453881 505487503 597533104 609546080 15736893 906593998 228102757 384139741 249041598 309079521 795206945 813014302 799914276 863167665 518611047 374616394 263112878 631458873 935616077 308910845 448428036 443846923 477393170 192674523 903877302 188634675 583783988 325760879 951990371 30589078
376 507 25907754
169 1443 583731236
630 56 854219053
1951 349 433427125
127 467 612169887
702 1997 796021881
648 371 112634949
511 121 140053917
982 1410 197975232
627 580 822636330
1463 1991 355468159
1140 903 261924925
1341 1835 250671347
1272 1801 478302519
289 1296 304471251
437 70 75112719
1832 1299 780233780
187 948 527437350
1029 12 366768048
1410 1740 413114139
191 814 524416960
159 1 926642209
629 1958 154681017
232 1082 139368488
895 285 223816907
307 228 995888608
449 439 796641972
284 920 125142167
1782 1325 868329686
1352 1403 25994106
1918 1961 348924217
887 55 946921780
876 1749 624634994
1653 548 755257224
1490 127 686152408
1491 733 307464779
1727 512 513380285
732 973 692873367
1743 1260 18484137
1524 1199 65367472
911 729 852371998
656 154 54175402
1480 1582 665860945
1912 896 548736506
808 607 517134491
1514 1133 331472186
282 961 880950293
1879 1728 827498619
30 135 534505747
1126 549 602468383
1633 1483 644841735
942 1846 592712686
1731 1068 693370519
1576 88 918467860
543 303 55725881
513 1276 28876754
1620 290 212710532
192 942 708455151
544 1992 761226692
1664 1939 892827763
1917 8 496506579
537 426 880562990
1882 1417 205870093
1816 1363 804519237
931 1566 560970481
1488 489 256791740
312 1969 600308051
759 1593 849966941
409 250 509557256
1282 1760 224194501
1007 186 135066374
824 1194 570441592
343 1479 685667012
1484 432 974228883
634 283 519082065
1540 40 11759197
1627 1701 616540838
1787 1676 788053096
1339 1951 420617447
320 471 640309998
1868 644 257812833
763 86 5169567
1133 17 514250330
176 696 239970943
1372 576 340394962
1552 521 318866982
1678 1935 803262705
1444 243 898332906
701 682 269382725
1285 1917 460728421
767 1248 253331861
1468 1778 200917085
366 1559 47767674
537 448 557664869
1927 668 298881932
222 1117 597299130
1692 478 527688444
1934 1746 885005415
1560 812 109623566
1798 487 342447766
1859 508 136308378
1758 1380 897111295
1345 1320 444299782
1707 1592 23645536
256 1644 686200249
242 1525 8515021
1182 1017 270208679
1142 1335 33775304
437 937 972094263
1702 1352 915774713
153 1375 627752463
1583 108 274389848
711 1598 879151861
179 1758 568828160
1076 828 707769184
260 490 728802283
740 283 127665477
878 700 505518300
1703 640 680534190
1873 1505 479544514
1000 1296 286760052
1754 1995 354637912
1997 897 802550381
961 195 415663932
597 875 483706130
1850 1049 721184620
483 1401 858365261
1651 421 931078996
532 777 97764852
1312 89 327938838
1263 1777 461845171
594 1552 154178272
1537 456 871667771
459 424 609844303
905 557 936061176
1252 1479 907449440
521 380 500342184
1318 1406 727014052
1146 1693 249763642
876 1165 327732218
564 1074 917242816
1842 1659 417743642
321 633 358433067
1195 1339 754649784
1507 1599 801426030
1907 1264 16185987
664 43 460174497
457 98 334268641
1817 1551 673966891
1514 1043 880057976
285 828 722818830
933 830 462787889
1662 649 677387214
98 169 944197229
1672 1979 691735495
1414 1290 787581500
1187 416 332116540
40 1351 557312678
609 1366 402341547
383 26 431407971
609 1565 667083605
1499 61 847214577
665 250 695037128
797 1001 251880541
197 1469 786404541
758 1921 697193569
1652 1057 100333689
1315 1235 392750731
97 464 118437083
1355 178 327840314
1550 263 641029591
675 1379 557003419
691 1742 250615117
174 1832 943344038
199 1069 141283020
684 500 39829945
1220 6 830996959
1459 643 760286952
1435 292 155378193
1794 996 343686928
441 101 135703709
950 1120 767485160
1157 23 500173661
1353 551 337402421
573 953 158352343
1446 1214 776913851
192 1067 70589075
1062 1776 856871040
358 1613 493093614
248 830 660798865
1698 957 507669495
1351 1492 303710894
1686 945 994243883
407 9 290079629
1621 1032 219850247
1071 755 435940277
1457 811 164373640
797 351 686781568
910 1914 955078101
349 1063 518667647
1244 1251 732773583
581 423 745706360
1858 56 454003143
909 1139 495487832
1327 686 92419757
1813 1845 464616291
556 1157 27498342
750 639 664334828
1877 553 101754371
188 1890 931320064
1817 1461 20282934
1874 1827 767239773
1234 164 567918987
157 344 845381324
722 1348 616272383
1526 869 113240718
83 1148 554654836
694 1735 259484491
1362 1452 402483217
185 1904 724880391
1885 1771 114017007
1769 870 732785437
9 1139 131856169
272 684 546961218
77 834 889195546
95 1667 894419133
1307 1221 715825764
347 1562 821367840
47 604 917740477
560 364 157238164
1626 1968 466591658
538 1647 454774078
584 1156 866535128
1231 937 61204827
1020 1448 915794521
1278 1253 83696333
1703 395 937293072
1764 1935 149371248
502 751 200413442
1546 631 694490021
1609 1738 491781012
1512 662 283113450
1828 1478 553185131
1726 711 604567098
614 251 270326078
633 440 372900766
1980 489 163271564
165 1780 644502669
690 632 85877947
1523 1572 535141462
1026 877 412098141
1811 740 176049448
738 1931 724442167
2 211 433987539
1810 1562 974966949
350 9 846041337
1038 763 441896071
1670 1560 110572361
1792 1328 446939300
670 1403 480304427
1429 447 794546747
834 8 55500440
688 1085 437947880
1048 1374 607544915
1641 739 18336759
730 1656 603227481
850 1617 508609624
609 1494 619284698
778 1054 608457039
1816 1344 365521764
1011 1237 917510506
1977 367 539220206
1988 182 138902304
1581 1135 68596702
685 268 501827284
1610 1329 250914216
332 1307 356047789
1296 180 787240000
298 55 246283687
1482 1147 586993935
1431 395 357263123
509 400 442579782
1695 391 162037672
1581 988 50275282
1490 1463 381007032
1173 1339 767828523
1527 1992 818828675
1756 868 353215917
621 165 700301117
214 1212 47783103
453 1319 919337631
491 755 649188828
37 44 951476112
837 96 857214231
344 372 494337298
1386 464 916950012
1085 724 606957388
398 1873 827949868
1353 626 98857525
938 1727 640613511
73 1474 292825780
807 569 841485229
1446 1819 261188754
143 1358 393250724
1067 759 475763954
437 1486 718250333
1568 1865 493635207
1028 147 775567620
544 740 797786682
937 1302 18197672
1007 132 148525375
19 862 345977521
1802 1940 533868509
1217 1160 532804678
1525 1115 672570408
971 1003 240305299
1035 1639 796439221
262 633 154863330
1911 1887 746289916
1056 678 816463448
1271 702 892947766
480 876 331377789
479 90 153763924
1809 1129 892076857
1295 1813 610807325
82 1284 18553119
170 1233 479873839
1454 1730 971494129
372 1958 169350073
1803 1962 37822276
1923 1298 969275573
23 123 175621918
732 313 911857059
570 112 674628642
415 1311 796347005
1725 401 670680550
314 1270 182660062
270 1555 421511576
1889 732 457614126
591 1296 523756733
1267 1522 870096783
366 1123 380859757
1548 1169 369594320
1171 347 971929029
356 1702 522494917
1052 1830 328620580
1952 969 879441844
449 1839 773933814
1287 573 404307733
1142 1534 661025445
1944 255 627340476
568 1699 110949476
1850 161 121655317
1978 186 877813593
306 515 529430168
541 1512 137476213
82 1968 603612776
491 1722 810652657
1774 1334 244391432
1254 1597 298048239
130 1411 303074997
832 1870 864766329
402 505 946564722
1024 464 95945168
14 223 423414250
566 542 15602708
877 1074 316498869
1307 747 702586015
778 324 141359384
783 232 540922112
1757 1788 915873001
1723 520 740121561
576 937 150444568
1099 364 461852411
519 972 814198529
199 1615 503875655
1045 1685 931606431
1266 1371 778097339
591 979 794504322
1860 556 536992085
18 1019 367243789
895 864 641928662
120 60 695901778
497 1254 436332214
884 1170 410639343
868 1703 620489557
1526 1624 408429417
604 1432 637368969
190 858 648708168
613 49 493617563
251 1369 952974086
1765 1866 939451126
1970 1345 761410558
957 1585 92782611
994 1178 722922156
1454 607 163870853
1395 1637 559485851
871 1094 138671124
1832 556 724458529
513 1632 830563870
675 497 914008104
1918 1403 516768992
650 1827 436211463
1639 918 54617164
1983 1821 126633350
1682 1853 375159886
197 198 580782101
1968 1627 755061625
734 667 449704940
1245 1503 230881495
719 324 940055936
1489 608 131632423
1839 1250 167541688
1098 466 636394655
538 1426 266988290
762 1285 572239859
300 913 424740971
1894 29 485297471
86 702 825273266
31 662 353423963
1491 507 136843057
1062 170 258521365
1977 385 781167421
254 1037 142673257
776 1316 770985047
970 1007 972029787
745 1639 681202641
1976 599 436898856
1884 919 196030212
1982 1252 79110524
200 302 244618790
1100 365 944438481
651 582 14514160
429 1109 186081168
548 890 142538541
375 1271 547391339
192 1483 969934339
1337 1052 613592955
735 549 426468016
739 366 312648094
1455 822 533237754
1321 675 708133430
740 824 259317772
1401 1135 361119401
731 564 669146102
1502 27 48848646
1072 1330 398104022
1910 1129 744750436
1571 863 610895620
1982 1981 497616719
1904 446 492951387
1993 1642 559795635
1967 346 459594448
796 346 886530075
516 850 838869797
1515 766 340636163
525 1195 70934842
1553 1222 320087990
971 1513 955145164
1150 1895 435420182
1418 362 568348327
1934 1210 179989316
719 596 126543883
310 13 43897946
1137 573 92874819
896 1341 771693350
1209 1503 555396608
959 774 947066020
793 1090 230709430
1883 393 941562499
252 1138 306993413
1901 10 896610156
1276 1476 599470260
1240 1240 236939603
1774 386 635545777
1946 762 635644050
1653 1948 669552676
1229 649 513494565
1206 1833 38361589
272 1896 320329461
1830 55 103282746
1359 1323 895945414
1171 507 4561593
264 426 649609516
1045 136 202740254
20 1243 614701090
116 1115 53528995
376 1939 671706228
551 1081 258008796
639 1784 364304777
910 1724 168992011
34 1993 742962232
1882 1187 297912426
1821 1296 912078175
397 1238 89436563
1803 620 901115745
1137 789 362066889
820 282 240034049
790 1738 557824229
402 1811 973808568
1085 1957 556495011
452 1032 770630344
138 355 220815248
531 1749 678830249
1191 430 9975718
1976 1729 852658627
660 823 377539000
856 1333 528101979
364 1805 7852749
1840 1110 538177718
556 1276 467879966
1465 736 354416183
1810 1202 474877674
827 519 200681078
1764 178 46850994
1261 963 451938406
1513 631 799228835
708 1151 28351149
548 122 846005336
316 454 578258039
792 1506 781651154
1974 1404 251409526
458 1225 205212395
39 129 441770995
101 713 728184465
843 1292 593224546
1181 1654 791366082
1739 348 960446056
1256 711 348436720
1247 1445 315784427
1624 1861 756138512
1241 1953 373740053
1676 1891 933161248
1205 1765 246676939
356 656 348660383
685 1148 369311710
156 1995 989623763
348 1244 258744816
288 1544 661442872
49 1933 819253573
1089 1152 872140492
96 230 889783279
794 421 7562657
1625 1237 564739707
1725 1236 118993828
967 22 122091759
321 519 994522507
1967 1748 656946188
536 743 767057225
1385 522 167097134
104 435 322667180
1206 1398 939354813
669 571 690893024
257 338 890205605
706 1066 791340614
232 1868 532300847
1545 1648 485867567
997 1239 502332705
325 1114 395246607
1206 828 575414192
1530 1444 372050528
1367 1084 710694413
348 509 86477392
1564 1795 673806468
1356 1440 146752281
1144 1512 568494290
1177 1579 99385002
1581 1567 729526405
1021 525 80910057
784 1527 38449262
910 1347 703614090
1361 245 40340671
1722 1989 596750899
1508 1941 676913463
1835 1587 324625170
1608 1287 532286177
1409 368 425231426
1140 208 745566167
952 814 365321844
847 920 852710506
448 793 790398699
1886 1003 95113869
1802 1414 777612122
1654 657 41212462
555 984 487365646
1810 842 469565155
1295 1538 188391114
1980 939 846243628
386 276 543885335
302 1515 200166955
928 730 658737869
1241 28 767120878
1924 453 880862657
924 702 784551297
1668 1280 500497814
1593 1847 158563563
945 1002 842036058
385 1291 504961906
1844 1472 43556675
895 1793 666909155
202 983 943633098
502 1078 491160568
942 1094 743287410
1821 983 12141255
1379 518 22109150
1612 1182 574773022
497 1751 744919726
378 1961 580143566
934 1926 621226037
770 837 511208161
280 135 417763801
1980 1 362617677
177 1031 82953159
1146 40 105741576
319 1460 531964483
1515 538 61538363
1895 219 477430595
1891 1244 28771605
1211 737 448115649
1045 1754 664750929
920 1273 373259256
1623 959 157740259
1584 567 266128779
1243 848 503923150
1878 50 790572103
1552 1789 799994856
1282 1295 186761353
1736 1783 608076368
153 279 936557452
1611 165 81224699
612 281 421532328
173 1559 38009677
1592 827 255865461
626 1561 911740196
1066 335 393296840
1972 81 603176522
954 1474 758276260
609 1318 294207747
923 705 671854916
490 577 284061890
162 33 918717638
1254 98 548167382
1709 1832 983303251
271 971 142959229
1008 298 168065720
736 865 864519044
1241 799 865103261
1565 1912 42233402
1946 701 395203827
1694 482 707515093
1308 821 170031330
179 998 167829968
743 424 964171035
382 46 144632684
349 1526 788741601
481 655 563578261
231 1003 554236159
1440 1251 457362245
1239 794 789237200
1125 1802 833673663
289 463 147786517
466 629 403770305
1652 1619 555338765
1858 550 934068951
1588 520 410614255
1699 1244 832469405
245 498 966061887
153 1423 341725440
1866 1043 114451293
231 31 192954248
1455 1015 340876718
1787 1391 989477690
1679 1378 578891813
1786 1656 824638451
706 781 240045032
354 236 946464411
470 163 120457880
486 633 908927180
584 162 693910571
1953 60 762798014
601 1836 134241446
1568 408 777965318
204 281 764394054
775 1969 115377858
1587 594 222335771
1534 1384 732141837
307 1495 265650437
1439 554 194657862
780 1272 894628713
161 95 292596067
457 1477 83416166
598 443 374369994
1780 929 507548017
1342 491 130088534
36 1946 844307972
1029 96 421101128
895 344 305403500
1202 534 720178213
1527 1551 350044299
924 1503 359532635
1468 1958 744331553
1999 288 922305470
1947 1460 876525535
283 439 549062186
1015 46 505781203
1870 1130 487756596
757 1097 241357066
1016 784 591589999
1180 765 518859109
1922 1643 772249448
203 1626 75550906
224 7 450106052
984 1095 785865653
667 1487 148157436
1217 1429 956071947
378 288 901705691
1451 1854 407571408
873 860 219093881
1106 1350 222734347
1666 776 436323290
740 1375 532227551
1678 256 905173604
1614 261 175951434
1932 1530 430766047
590 1215 459005354
350 1562 664137024
1905 128 445933229
1229 1383 461448032
1037 625 217203289
1281 732 437025871
439 1078 935417204
1586 908 610299536
600 1576 511429748
1067 1097 710318153
467 816 906830318
638 743 721684755
196 81 104074703
71 769 699698262
631 1635 421702383
528 1784 225098864
1260 1731 810210758
962 1845 482503131
1341 361 150325086
723 1610 188350169
690 110 949845443
182 1652 517195698
797 1385 494315296
825 1514 86580413
423 1224 476614022
888 361 502269521
1975 1785 313883994
675 93 478831682
942 1908 878401052
1294 298 499974085
1386 743 72684604
1425 114 640702811
528 84 452045875
951 550 79858181
1999 867 482843122
674 1840 621408054
1004 283 429540597
1361 450 675990736
1312 672 38580775
1003 988 883135659
311 1537 774640139
137 913 663835245
273 1027 545910222
589 1874 404749147
1683 1250 617532204
131 465 673878863
775 1025 984257950
246 1198 33200897
1196 1640 514851567
1682 335 440596198
100 129 442434615
678 997 959978142
935 420 943083653
1684 522 952951697
664 997 688801035
982 1387 791724544
379 815 672197085
449 46 675425692
542 1856 221118402
492 1820 903560501
1624 3 649405306
1879 1521 63581345
367 1485 53278136
694 1448 117770834
1882 1849 208090686
1019 289 807898545
1314 1125 3002742
710 1949 785617499
1862 1609 580088617
195 672 19981737
1756 522 422765162
1663 1412 907891970
1758 847 268629560
1241 472 185810591
1905 204 745148064
1429 600 326744612
242 1032 702764751
1199 906 676262046
1969 764 329571196
1366 586 629902532
1242 222 959091404
907 934 248357056
627 748 702261072
981 1715 639251005
399 1294 472420948
1597 1272 362787731
554 1225 572842155
1220 1371 995399238
123 1516 784877937
271 1820 746759746
1417 1698 941495046
1678 1784 729343797
189 466 288321674
622 1438 889279125
1410 443 603235559
381 612 712403811
1535 1604 876142547
1240 1698 365626674
1273 878 345068052
1288 1604 984732786
1677 21 595450310
1726 884 262868979
1279 951 125362199
733 443 323886347
1834 966 769626692
497 79 5842678
1533 1448 874175574
1113 1674 890189720
426 1201 94825998
1781 1335 984732547
410 1368 818818671
805 1979 84692983
779 1157 844453751
1092 403 212682453
121 1720 76374302
181 1644 954011662
252 890 831093083
869 3 665946595
1131 270 836619171
1665 1957 47668523
1195 496 48513080
647 1994 805110225
1294 288 245646282
423 688 816847441
496 668 890922275
493 477 573833685
1311 178 198613096
327 56 765443960
4 877 455267996
1675 946 383284315
1387 1265 976780464
867 356 498585595
1451 1098 925987555
1958 567 836986988
1550 945 693181674
968 446 595154259
1370 578 454356953
1676 1884 430536881
188 1147 636688897
1596 1354 908634654
993 773 578071215
1782 1057 582452480
537 365 836207617
786 454 18214035
97 1642 160177930
1539 129 149208305
36 1437 477038573
1315 148 571407107
773 258 585780380
1444 1232 946794957
210 591 203442614
1600 117 477340289
1789 946 200353964
1772 582 209872375
1198 204 754292612
1382 139 794993153
740 1352 754218292
1106 536 398429594
517 1782 812689633
434 183 676618894
1706 350 69162033
1263 435 87097125
809 104 778954964
1358 730 159155058
1311 1796 254028638
265 1739 467863901
1632 170 104686249
789 1625 119823432
1872 1876 785818859
1320 1658 926956160
1003 1678 885161040
64 1697 546460397
1176 1038 50156466
1748 1547 63488053
214 1995 706572789
388 458 964667314
963 489 226600826
1028 1130 72472562
72 1029 851323756
1917 1189 661290670
959 1171 610352613
350 950 533002876
1730 1257 474777357
748 1321 80220817
603 1728 188771974
81 471 371003644
594 600 164850784
1194 1509 642682877
1223 643 333389052
153 489 800652070
1317 769 625446849
1845 235 372159720
1810 1492 163659301
732 313 994464673
1775 1039 734630552
950 1134 814284318
215 1781 59664104
718 627 272722792
109 29 457747923
1020 1911 689643625
979 1554 547401672
1845 914 525658088
1107 605 535861120
1999 1227 495130170
209 1935 526738026
1323 208 918841349
1717 1808 562531202
227 256 602387420
1381 1870 54203012
259 1620 667761544
556 1869 467972454
736 1925 35941554
1318 38 907281031
1775 288 500881670
1125 1830 422933128
1585 1684 345486588
1665 1282 252528472
1357 227 544957101
1061 1166 833041638
415 169 222273517
54 590 913971005
784 704 421098818
1715 1131 765342005
1619 1659 104633368
540 1151 53015889
338 801 654601464
951 1002 951012728
1127 477 783614743
894 1355 223020832
1354 1638 95387802
425 269 256116791
1462 438 397593487
1142 426 314596773
1668 244 407031704
13 1120 449484084
621 167 269010710
788 230 261025532
464 959 853233655
584 341 232195930
1230 1632 340197039
1074 1740 28302096
261 264 414653159
394 328 499456532
1597 246 712945524
1857 578 323953539
1307 1662 270430405
1300 9 44608466
1351 358 365620669
9 1200 360581694
105 1743 715010407
1047 1905 454686379
1935 1493 699884732
1775 173 771113650
422 866 969174493
1660 577 680918870
1099 1984 679745706
316 169 828973075
1800 152 449539742
895 419 333272104
331 112 379068499
898 1459 831627938
233 128 225842624
422 859 572487071
87 1311 537741767
221 433 318424902
320 576 734901707
1002 275 597980528
1316 1022 533937394
1319 807 497746756
501 1684 868520663
826 586 527977206
560 1874 753005423
1668 821 785853042
1761 1107 67044954
1184 1810 899516231
1319 1230 454621902
93 877 622763864
1363 1975 354430203
41 1745 461450276
1090 946 480765717
641 1146 872644758
249 900 867915571
192 287 682192830
1419 1786 565000877
400 393 167526108
471 1014 783880838
654 1577 673793820
1232 91 503856795
858 1876 685962540
395 524 681813713
642 784 572702609
812 1254 159192407
192 608 552269716
65 767 377187432
799 925 110531636
774 138 340996863
598 1478 8625605
1786 1468 134597350
77 1911 534095507
62 821 545882995
1801 1982 527402620
1752 1122 599803213
1985 1247 893566511
882 1431 414531750
1045 513 371655880
1218 508 632519471
1145 47 238361276
1310 1863 804607494
930 690 152177016
841 885 542751056
892 1426 319910333
894 1728 983952395
1057 1585 155473009
243 283 96109211
43 443 326985467
735 737 413992871
1862 551 496913525
1098 473 891505575
958 1816 836345
1966 517 489961928
712 1664 754849204
1245 181 304025562
1115 1829 160233724
1068 586 112149969
282 255 432307585
990 746 504947387
162 815 607908768
1143 240 237280245
403 942 332865597
274 348 665475949
69 786 635459889
819 756 840018999
471 1140 523253577
1358 1635 483534055
485 402 936318358
766 1256 301344415
1826 794 881385507
1806 1040 661029132
1670 427 79089542
1539 973 608848615
1133 1942 197784215
1878 807 171141357
594 124 889113362
823 1616 713413930
1986 186 897511175
699 1659 293863241
45 1786 95795742
1005 1052 499220182
1893 1781 39366915
316 132 214692548
1967 1216 25045511
1682 798 780619083
750 1523 815308242
673 970 249673038
1689 1699 882721210
1249 1967 84916701
1576 580 96448196
1357 120 993438846
29 983 479775175
1484 588 812960966
337 1104 551491469
1375 1113 982735667
1733 779 302004782
448 657 113461825
657 1431 596245175
376 947 207006651
182 1094 411895669
693 409 113304447
786 1561 75550046
323 387 108528218
145 103 131862833
672 1343 653091720
181 989 469605891
1569 258 994907849
671 885 877469805
151 106 440394425
595 1080 76495275
989 849 221977883
461 18 220775215
926 1381 122059713
613 1529 737114973
1753 554 856165540
1199 848 485785701
1575 1611 745580530
1065 269 955035090
544 1079 925596255
1907 1485 412718202
1719 1035 493723704
899 425 593361238
203 721 783111385
1514 113 303803092
943 794 251666406
1118 1454 991054774
795 96 227433962
261 275 959994848
1993 1267 857062794
1811 1528 591947252
1059 142 918841625
1337 727 824941823
1080 622 50294037
1803 1642 910456444
1869 515 393598614
1602 1524 670311320
1828 156 444068261
1385 740 691535658
803 652 441609371
479 1931 623309579
1788 1340 938658357
820 1829 692082234
1524 1536 335091728
579 1729 759636891
1934 1438 102035560
604 1916 332562431
67 808 670463549
680 1736 457926854
1483 440 955920560
929 1034 157082020
878 1467 783482100
216 49 342235255
714 1358 47661333
443 779 52880962
265 724 895487449
483 727 911313605
1791 1133 715029526
1849 841 22780273
148 352 297752866
1161 330 64244791
57 1637 612743354
667 261 443272123
1726 617 664697068
357 1241 770222254
1952 1601 858980458
105 1710 62665867
918 1966 989708551
293 815 290946799
1345 1480 4447198
1696 259 167460950
733 1125 180358662
93 1030 74906517
1511 1483 376650678
1914 112 197760904
702 496 454852380
700 860 286089090
1896 1231 563523524
1371 1953 974953861
999 1080 480390672
1977 1229 888623936
702 1176 33473986
342 580 119750628
1120 1490 561617563
968 544 223803229
1358 1126 958341500
1842 1206 486495221
1846 571 393270315
1563 296 72742631
908 944 720110382
1671 735 549430107
719 1065 43117160
1650 687 390119835
856 1367 411854377
759 1399 379826893
1863 124 109440873
1276 175 646955389
601 841 802218877
372 581 219376876
1334 1092 941689651
173 1148 712704317
857 713 551394521
584 120 608404511
143 253 806947586
274 1101 743018151
1660 1647 938020548
973 1466 80974372
1433 1309 607372728
957 988 560647215
1029 1159 258940328
681 1340 689427735
981 91 399577461
1729 1200 82282459
1051 1997 218695755
931 569 989375930
728 894 719470806
833 101 113850474
1578 1614 634494691
1447 876 698946183
1457 733 723879366
1856 682 977540553
1630 1007 811760084
305 1385 698857619
1027 1856 860786906
1677 1189 124305505
1941 891 275776488
1484 872 752790652
1794 1202 146932458
1660 548 278170268
514 1902 780833195
1980 898 404707341
1485 1234 269145085
952 1393 72266138
227 1887 902900562
1544 71 926340324
436 393 218483045
875 106 750893897
1276 377 95413915
949 891 809282542
1876 1928 776671305
1008 649 196505214
1204 1505 373316596
167 958 801532793
437 501 560137922
1945 932 992163610
1357 1481 27160812
1459 1174 356513032
1403 1968 210480758
161 826 508381550
609 483 17995219
727 1571 609600661
1270 1370 565923867
1490 284 705757891
1663 500 122229475
1810 885 582103789
1101 1669 20653900
286 1091 252672757
311 1839 679011089
214 1142 994414450
1358 1424 29864099
831 512 305549335
1783 1380 234098967
1425 1439 987781021
641 1886 878830033
243 1551 910792850
1751 1323 49501345
389 1836 132179886
102 1145 31585491
872 126 281598549
1170 1445 341874058
174 591 570101020
300 259 545153834
1102 656 678907460
690 1553 124877252
470 735 991332256
270 1994 265208838
1287 615 461273151
1644 603 350174469
147 745 823057225
1072 741 314101247
1344 440 825840516
1553 1621 391775694
1019 763 747643115
1363 1937 829089733
643 349 215468079
1552 672 172255673
5 1697 257215432
758 682 807597232
1691 880 465082107
98 1773 402725555
1289 410 508907465
1204 1450 546433764
1917 96 550748572
1992 143 789715522
625 1415 529098521
1602 528 808164503
448 1667 364472469
504 493 860402580
1801 886 512118898
599 242 129058038
1297 1657 280374398
1943 234 638064513
1735 422 723753893
96 597 344587463
1319 1973 929702882
1788 909 858621568
1346 764 356823115
175 1614 252055683
384 1256 467757752
1319 225 217261134
1341 575 545126772
1714 1083 365924861
43 700 967117222
346 1535 429229399
953 307 555185694
1658 1728 720133177
46 1758 262027045
1952 1065 719398414
861 932 43636243
1969 1766 111500051
1927 106 17417757
862 1544 739498754
1234 1040 627240434
661 1492 142805705
1369 969 359981202
5 1873 866619442
974 1937 741651302
465 48 459236647
1032 664 185478741
1080 847 374464410
1130 339 229998127
1627 823 881884581
481 1791 741956800
309 1063 59160344
164 1482 525668582
226 1315 831266501
1537 146 479969929
1245 15 377628494
430 1548 198323305
1190 985 45484429
254 772 270324243
1171 1167 875618581
1966 494 455509154
1463 513 521926637
1484 1213 393476670
995 1357 952806252
1650 1704 539559037
834 266 422748122
1387 1462 714947351
464 1225 483349107
1491 1771 477644879
578 1594 536901539
479 1330 86618480
1548 805 536773064
998 288 593938467
631 1610 181802268
1290 1828 128639444
454 101 594438252
1807 875 748329782
89 1734 694223435
790 1532 993406999
641 180 476775306
659 1995 320198175
1657 1183 972897233
368 66 598618165
1899 891 427420358
515 660 602034916
1428 65 265532120
1254 227 845794111
1939 1882 606384957
1284 295 610704046
714 1069 467043195
1281 1849 677924120
161 375 528383866
66 1002 163665771
1098 487 682438095
1299 1539 194720469
1939 623 654079501
1956 1536 608268379
1107 1951 302896358
2000 268 347122676
1460 732 144300379
568 1785 537300901
1636 542 809615589
145 390 842166472
1486 592 521627351
1051 728 406116097
693 1767 464884657
656 442 171055735
1482 1024 729463440
1835 562 190766454
699 1853 88777960
1053 462 905746390
1758 1551 83757083
258 108 827351938
210 694 868038673
786 1318 499532277
163 974 998336539
1855 1648 165418827
662 101 104742219
383 1429 750284095
1547 1681 409618169
185 1359 955444469
300 525 284834751
75 631 634371610
1844 1810 405051610
878 1 110221817
179 543 537285791
415 675 488552606
1911 1395 775187452
303 1552 73378285
1296 949 986695421
1255 1184 563024595
659 1731 851287678
168 525 416230777
1791 214 619670164
195 888 285339991
976 1176 392157275
1730 1162 116354553
1115 1143 230346618
25 1620 347522539
1373 1367 12221934
388 1191 397117045
581 1184 334418183
1774 1570 873007950
15 589 231349755
204 1984 181021697
396 73 131198796
409 1243 100157758
632 1086 380231586
1452 1463 34881186
1929 1172 229229938
143 1697 551600021
1332 1253 877547608
299 1595 172051078
125 1607 561662692
643 857 108127524
321 469 277417876
1414 1725 345556518
1697 1354 576622958
1885 1587 169172250
1855 158 488292886
818 356 690149477
780 789 62147241
1507 1131 376179844
1745 638 573945354
170 122 6326337
414 573 109326042
1578 1945 883184517
439 42 623289249
1091 1478 797623811
1624 1459 23307508
1731 806 203058150
932 366 683775334
1723 789 350760274
923 994 394136981
124 1826 729784254
1550 439 663527934
1992 327 979215930
1048 344 38345212
1188 418 600387139
435 1170 345385841
236 1306 999982059
844 1542 246388190
172 1406 77722377
1913 1080 518925899
1468 401 353469293
368 672 52620389
1379 179 483262952
1473 1933 553036098
1278 448 450266636
1822 512 499764042
1725 1881 200446690
72 1353 146716832
1404 622 50726362
698 595 755613881
1263 891 943905598
1251 1624 539932989
1892 1787 174368800
1207 1335 707970485
647 171 117898389
721 1362 104550211
693 1909 386514783
1802 110 439264186
1821 1789 512595911
1861 1140 714468971
1711 242 26081776
143 1326 209300510
85 1874 32321592
1238 1115 454639333
1334 1295 494306058
1905 954 712383250
566 223 771268464
1973 1831 365426961
1713 339 587085155
1293 1280 612769314
861 324 810443231
963 943 598213228
442 308 831589748
833 746 147198597
365 719 239407788
1441 215 473241971
1397 742 55789276
426 1543 58058726
495 1191 714766796
1570 1102 881327646
1493 1467 185116415
22 1767 201889445
8 723 943010750
1564 247 230596589
1198 704 493701745
1208 614 683170331
1737 711 725409502
138 669 633726126
1841 1023 173950465
811 1287 868974374
785 44 761474701
1329 1437 595799706
1128 832 643127800
608 439 495077606
971 1813 378048056
650 132 981161264
76 1549 477767905
1482 1098 910182001
397 1812 312414426
221 1390 828302078
1129 1718 314708909
995 107 394854825
1598 1419 547538885
1942 555 60043391
1610 999 31084438
893 926 417079934
740 928 623036684
1826 491 55657422
960 1174 4527582
1680 1909 330204752
1196 1303 384848890
505 336 735121700
372 11 919147320
92 1301 615587659
110 1754 569747458
1821 942 666355005
1818 1497 323135254
1679 93 45359317
1554 193 469136739
1791 232 837314846
1070 1576 354407522
1563 98 593405946
1592 297 140943001
565 627 665873756
1696 1292 188267945
1430 1809 23871610
1054 661 879647022
839 669 696014160
1826 1403 872339878
1247 1172 820639814
1695 340 932463413
1663 299 371306156
290 1663 264623653
427 1431 30083725
919 1159 427689299
1626 1776 487736161
238 874 947662611
85 786 864193343
209 184 577665852
512 1685 569918478
1465 1196 695978749
1248 1166 940519272
401 37 676150790
900 1045 750314630
496 232 477027905
853 1952 860036712
39 563 842239153
1878 1069 757872231
1534 393 807836329
831 1591 620539217
792 1195 944051080
1535 1840 179164768
1734 82 923282303
637 1321 125255836
1402 1944 974436691
1750 1571 364041624
1330 1487 265488109
1342 101 526673460
1983 471 267577501
1414 1775 803386271
244 361 697969882
993 925 847582269
111 1921 662007485
68 608 172038620
769 202 462670864
241 1982 108894887
1414 1407 884773759
526 1815 516836998
150 439 207126356
780 552 696755615
35 1776 183668274
802 1180 272253799
15 1850 129394487
352 1634 348693903
198 1082 89932000
1009 1431 895676719
665 1495 5475026
1561 734 249492896
277 519 641929104
112 1650 926543448
1440 610 890130556
86 193 386856568
368 1069 870657771
268 1317 181705897
1487 450 927155508
1250 571 550571029
1979 1117 264472004
1977 386 571358646
994 1127 101137880
1202 313 71696663
1200 798 188204269
1901 1168 262470946
652 744 647312439
1965 1545 476196960
1012 1137 275153005
1164 1878 284908751
1387 912 840365026
489 1353 992938980
33 1559 793662407
1820 570 456560588
1450 1154 710655081
765 1456 863688038
1249 1478 842312960
163 146 870641970
842 372 458213038
192 1613 708874128
652 550 842252570
529 663 213848498
736 503 15757643
449 1874 745335097
249 7 937239060
813 284 194844554
1211 1863 151344422
1385 829 991200041
601 705 852540472
1356 995 983266855
454 107 158744951
821 1872 429225083
553 1071 749489034
114 1574 1563454
1830 1948 175420701
99 353 820801810
910 45 155947150
319 994 908772046
69 225 960926798
496 1809 789453291
1290 3 683532184
799 787 214452455
1662 1376 925037974
498 1121 395473777
645 567 136159639
1190 950 454910951
1595 801 337972173
1008 379 246128866
144 1541 909841457
1318 270 466609358
1704 847 539384173
1091 1988 63476901
13 1178 545601946
634 209 197132290
164 832 48346355
987 1246 503983030
432 487 32583688
1663 593 749633795
1376 777 353006088
1249 1501 986224945
109 722 323324149
1968 1278 701173708
1499 1447 343799099
1067 1207 316070643
1175 1075 79072505
336 1362 741325460
330 1762 284112174
800 1849 196986723
779 249 484676895
1471 1598 747055343
1057 340 891363698
1632 993 573762338
978 885 287906684
50 1406 185976361
1242 234 894987318
615 1808 565103612
1283 68 629284487
1909 909 916209793
313 1063 714710302
1887 1375 959091106
1118 21 685260456
999 681 775546713
1920 511 11936976
800 1984 728423259
1678 1733 529493364
250 1847 386420826
1251 683 639808038
1173 528 804016511
1090 1848 60858923
367 1018 651029104
1724 452 271725917
210 1812 434458599
310 981 778058985
153 1852 425220923
906 376 118855869
864 1502 670096988
911 470 771189772
1867 1871 391731745
325 444 762430207
602 936 629748461
1085 179 499751480
988 1582 473943705
733 376 670441813
882 964 648135998
1159 955 117761583
1253 386 133805483
1630 1488 503397142
123 1664 577932843
823 1731 727082440
400 1197 479369457
459 248 367799673
765 468 197253205
1610 1007 213055192
452 1650 294851532
940 594 88185998
110 1280 350161766
1930 1093 34827070
664 171 873577831
1254 1980 498946827
839 1521 21388217
129 169 316418802
579 1899 6108712
360 1599 198223096
1555 1026 593640730
916 503 835956019
396 1712 219887071
1513 1182 278121396
431 157 92857601
378 1890 166536474
770 367 723247652
201 1470 742179464
1396 923 388790702
1013 1306 624762094
1443 289 105413590
1282 897 324749646
80 904 579950320
337 1986 640580983
1628 418 848724692
731 1469 704993035
976 1044 33907390
991 1148 60483870
718 1508 279746707
1861 1485 120243463
1604 99 556376667
1941 1427 383812815
1240 1832 463072034
158 1831 445182656
1432 81 223044180
154 1836 789508370
1289 1557 812622043
924 1981 614746777
1046 328 32695750
1808 331 934772687
390 1334 645847783
47 762 508146745
798 1578 898233512
1942 1584 568503577
68 1732 383825522
904 1675 758346260
420 1162 146701430
1616 1843 565754669
1400 1085 558667472
759 1472 442670872
1385 1456 68731972
1370 311 818073189
1864 166 558612585
493 566 270127467
713 1568 370726959
1494 759 14113082
1032 1682 443093664
1078 663 83812901
1888 499 387160941
961 294 107731800
1543 1402 514050473
771 540 111503298
257 258 857888701
1284 261 739649145
647 1128 278488640
741 488 285105644
1398 1207 660927407
320 953 945704655
41 548 553615827
1928 1338 863728505
710 1077 396177184
1724 1150 157873412
486 1122 396459112
683 513 795169471
807 560 415838529
1712 1072 111933139
1734 1984 79281580
1531 1261 447422399
842 1800 438726916
1975 1585 482717370
1381 859 198279623
1150 202 26576868
912 843 400531200
350 165 228026837
1822 303 882034527
1880 1642 492644639
61 1953 19545194
1517 377 412181046
1705 1789 448203765
339 409 53061871
1813 408 879931210
955 403 400058872
35 1070 262538960
604 882 131844551
534 1827 395529139
116 1042 607281491
139 468 895232029
1890 1559 38248899
1314 1329 209829150
1911 586 612602139
1698 687 420225484
545 788 635059702
332 1628 510613457
229 617 670200304
606 1798 291538659
1965 1850 980502569
724 1570 858215324
47 109 696518996
883 647 542298411
408 1037 398510013
1378 1834 345670866
255 540 279175309
798 1462 875772729
267 1641 983514771
1323 1744 272252339
1574 1608 118769919
955 855 294829727
748 1899 908212453
1558 950 602914349
1987 1740 68262435
1762 1967 790300840
989 659 854634877
119 866 182744377
858 89 125167278
545 1171 738160353
1772 243 700865687
1961 643 492805240
838 1459 761874683
204 552 805870314
898 709 379101011
1171 10 140043892
180 284 21036168
626 1852 143665392
1265 1507 762166931
150 945 585086780
1267 1184 41072469
1084 494 997927166
741 1567 572762104
1781 1922 881954916
242 776 954677990
229 1013 361988377
1069 22 508943966
180 1993 379300988
1355 1952 95344623
1113 1261 743142018
716 1596 100675717
1651 240 138086808
1697 115 959034848
307 1216 822999265
1159 738 935428233
1515 555 516253759
252 1069 386819469
788 750 200590988
1098 944 30062250
1854 1761 448769496
1558 403 154169488
902 926 916333183
1803 1400 645739126
1279 1058 994394931
1875 1555 273644351
1479 139 665597272
500 367 676264971
608 882 198907247
1323 551 290084345
702 532 704612629
1535 31 191201169
362 1870 251317115
144 886 812470736
596 1280 527549576
122 725 112355214
637 1786 525625798
167 1191 773256023
271 562 250891190
1603 1438 838468106
1580 692 817266528
1461 1888 148019258
1653 1938 898713348
1885 1467 504818805
629 1049 182516910
630 1477 505691607
1039 626 816861918
1753 1169 393196072
1849 1019 841973424
1439 707 984977641
133 1886 526377438
1261 226 182486178
580 529 688593630
363 1236 584974124
1291 1862 723329737
183 284 668067588
1280 587 179827059
250 1922 164516671
883 251 635720323
522 71 757425483
1874 614 849083284
1049 551 404773032
869 1354 320519363
1043 219 392997781
903 385 360630441
254 360 703644375
1706 378 253315740
113 665 46672636
1261 1849 586447257
496 1542 911398372
812 291 269396352
1916 1033 984594574
1687 115 816754462
1266 1879 800891941
1651 980 197358566
341 381 438632212
177 1325 725889415
477 1451 275883162
1058 142 807547624
304 1882 8320168
884 1696 582435933
991 536 356669016
363 800 282079531
1715 1640 802704941
1702 85 320006540
29 668 775994669
531 1378 722581823
249 1415 280564376
1981 94 551893770
126 839 538486452
161 1239 539961285
1628 1551 445462474
1870 296 993067582
538 989 952610424
434 1644 341145851
1667 502 497724116
881 624 244248746
1375 817 209431231
1316 1096 474365492
706 239 630176229
1052 1999 874015720
872 1626 600732678
1550 676 72229842
473 112 50533053
202 116 155084443
161 167 122115682
1444 1226 704676016
1049 1820 177803003
1257 1031 420924664
1855 619 29154762
1405 1441 507126366
726 1285 262940326
1960 754 990498642
829 697 910922410
1522 962 643684182
1989 853 31791083
641 1239 765514182
1705 1123 670496600
1219 446 963433303
1097 466 766496179
1429 1242 774284581
71 1941 326964506
394 162 363218965
661 125 142484632
957 1756 485152905
1848 663 902835882
1062 201 345371663
2000 398 477023425
1340 708 534774565
204 684 777538864
1292 1555 61874582
1908 588 518981716
1207 1732 535048505
1379 1140 677066977
350 1100 789973869
1246 554 288484223
1595 1546 962271812
652 362 511099436
1831 1247 451954309
1141 1299 798078759
1404 56 707540248
92 676 268211680
1500 1923 792427175
1764 1013 347442463
1949 1938 951302422
1885 1326 581339297
1113 1786 486645177
1095 1053 144739663
1305 1849 913909451
1725 1179 536146788
1991 1828 659273371
