25907754
492410
3771546
1942279
45652453
4987101
3322026
870715
344859
6352076
4858893
2067915
4769597
2835794
1847336
8716175
4836980
6352974
350925
1476801
1860824
92840371
2106808
11517814
4763074
17647442
13369599
3829783
1381821
2471755
14593807
2629373
9151359
1693614
9029773
1469926
7849536
7270816
18484137
25797873
3699893
123002
129583
9926290
7497231
30983972
8132722
1418565
13631692
3115511
36292998
1496524
2427897
1673657
3607851
1286046
23050412
4190733
3524997
4078265
27552124
8195971
16449624
20307972
200649
10913006
6790286
1683109
2091708
4055519
3837718
930389
1580862
8425156
4076976
1335591
4121574
193175
1353452
9438625
150435
5169567
1712368
5374237
1050122
4033299
2558050
42267663
7983351
8026646
13670195
17051433
14569402
4033473
837762
417438
12695592
1077226
7268597
13233582
9894441
2929172
25265423
9850182
2637170
8515021
561255
577032
4703996
28622257
14639444
3865929
1242877
520330
2767202
4896567
22194173
5393914
1189834
43298872
3827664
2561412
18659379
6513449
4162489
15480324
14258957
971158
1705741
8428778
12522265
2696860
3974317
2788146
2797719
80473136
5604970
13628363
1067090
2728104
6213008
1276190
4488467
13168
49057624
550578
32641417
33010036
56103140
579027
6726192
3160822
4806425
17943084
1053545
3588967
6454870
18168184
6461188
24296133
7165966
1229270
5290640
417092
5187620
3228955
11353205
10114153
3976981
5440698
7952270
87283889
13073729
15773069
5429505
1030313
320759
2358994
9824599
3427420
1965131
1220524
3289212
4579199
6380138
16106390
3853712
2540239
10701172
2205461
24542
598689
32261206
3263507
8076511
3291298
7423729
13192010
201744
14716794
6000624
2621445
1707886
4456834
486931
19949743
1439327
29936273
1397957
5643425
4647525
2445978
2516605
31674332
4979069
13077980
248004
1095891
54449989
3302211
4138593
319805
7067544
24162470
6870977
641673
1504485
2503596
5173623
569834
4814891
3620174
14471870
399452
8544686
13129280
8284348
411798
207353
200153
5740515
45457575
1035976
2328607
9804189
3010972
4504590
6399125
12634555
7074502
74124428
4081800
6997617
1256650
2945530
14803743
4917204
6287619
12736967
7718505
6050956
21565956
4227481
15032745
2942886
4169370
3017315
5951546
526648
2537992
1958897
8403420
5161722
278374
17528741
1977046
1037638
6582986
5304394
2088975
45634487
18569208
47891079
7576327
35149910
624495
3572378
1139417
5341174
47783103
1651302
2885327
5019904
3014460
24453863
11046435
2127708
35948274
1190163
2542355
20263357
3193972
19061850
14180191
791094
15314030
969692
185537
3602366
2562263
217137
6991583
24375568
5321095
9738868
1217660
7456060
1246825
356358
6596319
14932697
2515571
30119389
952988
13287231
2828906
2124546
2466484
148803
21436
3438439
5786938
15330296
395488
4038031
4090514
6915537
4883457
7117185
3993306
32624994
14934188
8845382
9753018
27196896
19643163
954605
9794059
11202408
1970124
7381488
3381241
7822907
10052415
9858873
4683125
3975943
32144
3172537
3889572
13789860
626276
2514424
28076200
11265800
133066
1215416
3988949
9706842
2931747
1216471
1320447
3482969
22678010
7056914
6861932
1983132
27306299
3821082
2646748
8564585
3115700
4178707
9510834
2048940
2391038
2566662
50074616
4823751
23628187
7171319
9579582
4792478
965988
148697
9263520
13264198
183566
3835248
9090684
313888
4129030
2166591
10389932
4833777
3464154
670526
6539005
4219948
69376393
3766453
2076518
1926382
2019004
2254769
1049747
1517954
23059581
21035043
2654224
3104479
21663232
9812666
11020715
7701407
1034143
5383079
1579139
7301146
37911898
7070924
15050680
14514160
2757744
2034313
2876818
9394747
6436184
3361929
15771562
4470107
630452
5535558
25702873
19069204
14102286
3480389
1277315
5554129
497616719
19341195
370512
1986608
13355339
195383
1520802
7257624
24429110
5139616
1116925
6563486
3237092
4173739
980062
25005851
3990345
4646728
6342890
4277116
2129892
17755478
2438048
5626771
236939603
4198191
4098804
4522473
1190565
5163317
25731815
32873818
10490848
4561593
6277942
799946
33726241
5471745
2860119
1317260
2620601
28487783
24193378
2120033
6206766
345219
1455753
2978506
4787777
5634518
5095362
5667981
7041769
8519508
4243571
1435927
2866405
520748
12877398
7852749
13352700
2857643
9101067
2749505
4704157
2623762
3701672
6845589
28351149
2788127
27042859
310911
2952459
75214
8417494
21467075
1507029
2007157
10907279
794659
315784427
5137395
8199741
599162
2082570
183578
5115694
14365990
34601606
9868897
4814464
1851892
31332514
7562657
27098371
3640554
16620455
21213024
1919204
11370047
2237754
22540314
2629553
3549013
1201571
4030267
399491
9750291
1537145
4304728
6430305
14384582
6682779
19742029
1598643
2151609
3385467
4272909
6279070
4051938
7661516
2390062
5761512
7040653
3019853
482942
2018448
1469469
4651954
3494569
1501343
5000506
95113869
3937217
2066175
1429235
2648789
6884980
1244244
118350804
1751459
8399271
66706900
1832020
4475615
1105336
57207600
955867
10047995
1862251
12840951
1889983
1134864
3732048
3601464
1261938
2449488
9760195
26441426
10671989
2481485
4481219
12339530
82953159
4689605
4345696
4208530
4878067
219900
4832775
7739538
3857361
541410
4144651
1857935
3637381
2306556
186761353
7210720
6597062
9743413
1080547
14487326
19955263
1615808
4249269
31292475
7079218
6966004
7138866
2752405
4784108
13333442
11949379
8167915
1913904
589966
6024340
3823327
1767035
22635535
12789200
3173511
26019315
5405906
2978158
351163
4300635
27898574
818440
2561316
10230192
2023564
9055264
206871610
1812277
20854179
8945768
4030964
8336333
7063194
7864818
1850303
12293696
5144271
3229675
2266564
514656
2622867
6087322
1391360
683875
3957041
15951800
2444702
1401850
4975083
32179111
910832
3544254
504205
8305467
4968099
5685073
4526581
2586426
428218
462144
1448804
3280239
585968
1790349
3974360
12277893
60863135
1350245
399657
321410
3540486
5087396
3084606
565645
32236162
6701973
12419500
4253013
10900760
10754839
6947186
353789
708608
7625317
2767536
12987439
6988256
2603150
3717989
12639309
1832775
3249854
12472120
4257368
5135121
3274642
5376473
1588167
4232494
5742238
3672025
1874626
3765632
4077222
2459051
1377749
9188444
3228919
3862160
8467980
3076036
2852179
6446049
328050
3900349
1532275
101177391
5949241
6398524
8771843
457805
2830355
3844096
8389205
17129808
10990067
7227175
7720023
5059337
4925344
2119718
11571176
7278805
1089305
30473
900327
1031498
5543547
4883676
3421275
9518638
4802460
6113671
1790676
12656761
4524804
5438554
38764464
2370263
5220886
15967382
18670217
2929856
3002742
50290143
3481152
8924929
10096626
21492108
5288790
35685439
1040259
1550302
2043347
3517279
3119978
2321000
81969502
3465224
157198
7308939
143210
17504997
9096063
26661407
2062730
8578915
1333220
51788619
8940144
2063219
1180949
1510297
11056932
27652312
1484110
913258
1083490
14690752
7750444
422877
691475
5842678
1228104
2264177
3971857
20714513
2129523
4421987
6646352
4383705
2844171
3098426
5166267
475395
1912066
3441291
7114632
4839804
9238547
3786050
30662553
2325333
80244128
98309194
1141060
2181290
2925556
2132503
17920245
635373
31113491
7054104
1918401
38814485
709910
17955200
6218412
675729
6539553
2578626
2184877
2139340
12310938
3959732
12594271
31458703
25313386
4308
627250
3501415
25701227
2862298
420223
3244637
3756872
987772
173763
3708277
1098721
14554386
17290702
9065095
1863372
2405105
1699879
10213850
712765
9484055
531585
25141138
2086531
1289211
209075
42346
240221
8419098
896784
165126
1855969
2357389
2260415
8885792
4953738
35655643
1106582
5297046
6150564
30606960
4195610
5672052
4862310
4526910
2334271
4636617
6559627
11117073
13147750
8116157
1168290
2613446
345923
477899
1591997
2587208
620792
4378639
21751
3139043
9659482
8406054
6847368
284096
3591302
3614555
28638851
2596799
316445
2314923
1909862
2278399
4182208
10358587
3346336
7713885
1840884
14132280
15137498
14987936
19193599
2590161
3651485
10506378
144795
7330782
2413773
14194461
4028344
5677858
16301520
4782335
2429999
10945487
13160040
2945097
4917594
27134320
7129036
8984432
8174984
7356493
798665
257992
3270668
3414320
4984861
11096076
5056140
5554288
7721941
10306026
18298036
597119
6307729
190722
2504995
3258776
22315790
268092
2165114
3796310
12967091
4928334
1286417
2717104
7433860
4158877
1804442
1402353
8149126
3216036
4665805
8427154
4729712
23013483
22071568
7695507
8405601
11658475
856755
11864880
1653100
1871366
3413802
7883193
10961962
10205167
4339983
5192986
6284786
5201284
4508770
2302839
2560236
389411
11672788
3765922
157750
2171
2749379
96109211
10127203
4594389
140514975
33448701
836345
9350928
6681394
20553064
4641068
6515170
1273429
6020874
924698
1479205
23717150
725075
3837775
3595687
8297099
3670067
5266555
3931009
738549
3016853
2877131
3583135
11531521
4518703
5471792
3369199
1539972
2429354
2469827
6618671
6168643
9557197
7342079
987665
1994288
5106655
23929439
2014392
183674
1169858
1348213
2624325
3237914
1674365
3481702
3828832
2774333
17382081
4933383
2961204
2584804
4354304
769126
8212019
2798235
14869506
166929
16992107
754569
2957993
40020052
2698836
2756573
2001743
3348
4350910
21014980
3066171
14489590
30209187
3988020
501302
3314878
3997189
7877282
6688723
873979
4539590
20738911
2393175
4916653
404872
716228
182186
2154701
3259532
25059140
569554
8136013
2690824
1813916
18534936
5226728
2553864
2069695
894878
5759674
9362900
1859901
13232872
1709449
755106
438092
10148648
14450657
1578581
22780273
1112023
11239544
2363307
21199019
5197212
9437952
1340431
21267419
5415920
2358534
4447198
12602252
10686242
55026
155750
3022240
32967164
2753157
18928854
7577556
768349
6720166
275714
2981986
17028070
2008901
11783135
20542706
7827205
3249911
30494853
5887202
1422736
4754536
9302373
2617001
7556034
6655148
3287696
2004645
6746833
841799
15693701
4155240
8950809
6785991
4015591
5121145
28419073
522780
500219
2275092
1105638
15885915
1342610
779476
2587199
12047022
4758792
2294974
10613055
1026056
3825791
16041163
32025422
2591358
4244794
2470237
1712177
3065458
7663925
2806962
10033275
12830226
918453
1560602
4039187
21203209
1324511
3797020
91181353
2762690
14998152
5215561
10457060
219398
2896808
37296486
5122391
5897275
2525577
4500918
3990466
28635256
580264
31143610
3574318
5071372
20024696
1520416
6341748
1093265
1452107
7512399
7989717
120927782
8286500
13405953
31585491
2824229
11724524
464956
2199167
527968
3966411
7951176
870262
8571376
66742876
18679162
2471321
7513172
5626788
2678372
1781619
4711737
29955649
75507150
699462
9493831
2115198
490007
4020120
7286324
3759482
2043182
2950116
168805
3965623
20327079
712270
2005969
4310171
2129090
1207157
16268545
3403444
3987850
3663623
21558629
217261134
576170
6220296
2914577
13553847
5403508
5474927
4843174
374866
937288
4331869
1782348
2635880
4864597
3966652
4894392
18992453
7399555
4445013
11747474
766325
3578851
10276551
3628052
25962072
679638
4269239
1429956
13403445
14999881
7920382
563885
13625798
9735274
6930610
4808955
214028
9421845
1790353
6801291
2494503
4596318
5600420
4188790
5841394
3906506
785249
2715980
14564100
4180458
3220240
4526618
11263598
319783
4607447
13600314
2278533
155050
6982921
3169681
779933
717883
3836087
1782961
1389706
3153775
15331374
818110
3517557
1415962
2351671
10642818
319202
2363722
3605593
5346371
545617
30742136
9562011
383901
3950372
5942358
88777960
7228589
4598675
1453467
3915511
2321109
34797331
9453603
2385787
11163242
13752261
13389878
2640613
1154334
2055609
11084015
1091667
2467336
1495688
5059957
7177274
1448958
134741
2308670
597446
8919791
7664968
4788182
459072
10762342
12221934
7464995
7078398
1503936
25275530
13873741
8987672
904193
1967892
11358835
4819365
20086050
3614947
37554292
1435952
1392789
7189035
3499030
5077765
48761512
22719991
3962822
1849374
652532
4499042
6326337
4800943
2670233
3936441
5814881
23307508
4660585
3356613
1163840
3389869
3838323
26706191
25125540
38345212
2403946
2981277
1016399
37453245
7155324
69704
4705573
18685905
1071764
22169604
6858110
5237822
4801261
6420258
3681660
691881
9870514
31908959
397583
15271342
1659739
3452503
7751662
3430095
2434282
8931146
26081776
15642227
32321592
562924
14821217
512825
723695
24692209
32588503
2175548
4003378
6354792
10929164
11460661
232276
3562065
22591004
24860454
181676
2013258
4417604
8231162
81354461
7548245
33538765
1011746
20497957
10634260
8335159
11122420
3342111
15469670
11136356
251378
1345378
3884398
86194114
3290666
5040746
43913785
1185985
874827
12116322
2713558
8970822
2330921
1826198
386434
4527582
4565086
4595393
967156
1492829
5144230
4410088
2623707
15598774
45359317
2899861
5605939
18503844
3467090
39587038
5850193
5818539
3024398
166134
6637355
57681
12438501
5514909
725587
3546653
4464352
174140
5153127
1869695
4225611
4367522
3995546
32939225
21853065
2962320
4260356
17491026
16998379
3807727
23677790
13216607
7466793
96534
6147645
1507484
2885692
4360950
4829305
13900701
5508242
8344882
8336930
973778
1602151
4947169
887298
9125604
12327409
11378172
218864
5193379
2310996
3173485
258163
5749952
1975656
4848969
537867
5475026
555726
1444779
2254730
8958093
8870907
7366942
76440776
13181800
12583885
571428
3236224
4068388
151476
9045047
3893043
64339
8134386
5027040
2082414
762451
11404363
29274425
17223266
25802141
5504915
2133972
5622883
2466362
5793851
27898598
6310620
1962289
22314445
4582970
3209806
416588
6662925
29499583
5963213
185712
12268763
3602820
1563454
2526654
7719727
5019316
4153460
3761906
3254134
1244388
13774965
146973082
12285351
2318807
4142387
160242
1419888
769059
11969530
5459281
3083682
16867038
721398
5647400
5181205
14998140
1469385
774124
11549171
1284497
3573574
796264
11848850
3514893
2122011
513442
7534144
194644671
842935
13423886
1929022
1573358
19985001
2230007
2200283
315967
1987479
11480962
608483
931609
27918921
1513370
30936
3564010
2920311
9315225
13405857
26924439
22434822
2421638
7948029
866548
1818605
263775
7429647
3193387
62823781
10264405
34942011
2927100
4760430
23016968
13447268
4381292
1814186
2038588
8947609
1402300
27914130
1858338
5762887
8345254
1668737
736411
7714544
1475901
18511671
17596281
10331409
13429588
6108712
16387080
4524737
5027880
6821806
3982900
2003460
2491566
11552015
2103438
2455042
2433968
3502641
5053583
411652
60730574
332564
134441
8288017
3729358
1236926
9302388
15568081
4782565
1045259
44287792
2835265
12777215
6448580
2285465
4088210
2648195
8656048
3613229
6928759
4592977
2867561
1630412
5883676
8216485
5650679
4733602
27517127
14980150
70717
827748
35310431
317728
29234586
14320181
7678550
7375386
17204555
12365496
144327211
3869278
1469342
898926
4603712
11751784
4047727
1967555
11196703
3922407
9577056
3906937
337390
915856
2386369
22416928
4291415
186974
1433072
517853
49270630
9501656
6186796
1744887
5749840
16195872
333523
2784017
8357972
2186839
6710099
3498783
1111323
101170
87644583
4089735
9944733
4685011
18432715
2790676
400280
2080668
2740347
13877286
6485770
604321
50533613
1495753
3862508
1618343
12058684
3509325
11848561
2971772
2300276
223949
4511579
1560097
1252379
102023
3053264
2478413
4368395
2538881
2304427
6724586
4752235
379101011
32490228
21036168
4826339
5384655
1881224
4589848
3118646
1650118
3280267
8901102
2789632
6389344
8915219
2889064
3806255
32806749
7909908
15816552
2316389
2261357
2871937
5467765
2901665
30062250
5005196
4894409
1425999
604790
918391
9535478
11318002
2220258
3959104
2089859
19049153
18184046
359865
1689534
6886832
1992382
8039843
461142
4830913
2053047
8141288
4038081
1165166
3218430
4366758
4059981
232270
23614467
6723233
4321207
2002610
895853
131415
1202873
4372759
10869208
15170602
326907
3451297
9659753
32116009
781101
3419172
128256
921731
7981676
358750
5286574
768373
17940378
1919196
9972291
29162052
6814750
2316460
2828462
6064099
16810593
10370567
8320168
4783612
11742108
8340512
3335216
17808587
15706465
16344961
4420977
9230411
1719537
2145543
8261506
354345
14104930
3310931
5483785
5095128
646522
19725664
4217322
1728889
7213158
621495
9146991
29723476
7966608
21820161
18085724
3366555
3095747
4830563
5375910
839336
1534759
630085
31791083
588819
9457212
22392075
12055214
76642931
2896853
3064504
3645579
3319134
123069085
959866
7130447
1903552
2479800
6693166
2496616
2731351
4443004
2887698
9105182
14642750
4788801
37242263
12171097
20184489
261447
456827
7401920
793184
5284946
734275
17439561
8244059
2660545
3443040
