2530800
2564009
8358714
27773543
5295824
5060737
9343836
31854647
18183541
15202920
2111834
13607035
76391401
17722446
5103861
10181071
4023272
9612664
2212326
18461437
10851167
2240812
9259866
25760089
14333103
16848181
6143899
2296696
612006
876087
5849878
5085238
3383594
4810913
20063600
199611
2062053
17313811
18178909
10095148
12894159
7293667
7487258
3996134
2279915
21807592
39902684
239170
55589432
3946323
44818461
12310442
7335324
23442148
13917092
9450664
676391
16292364
3351637
2394586
15270331
317196
2041516
1426167
81603999
33197291
2639684
21987696
4697725
9101901
24415764
17156573
1599197
4328813
18566055
3586679
2607669
31290069
19280192
1855950
10277229
6933214
992503
1016580
11781200
8997827
9076867
37618306
19197924
4753196
1978394
18829858
8147627
45987674
7764381
29154467
9573422
18237290
2122083
4258982
19343810
4002253
1716596
26331996
13034815
8692486
2406980
50935860
21923540
6519731
14619205
4067022
11566410
21801314
12673933
17920675
1301634
3819636
4479596
2083127
4610072
10013443
4137371
1503730
2632702
18159660
858956
6584419
47327203
25875973
3543
19766956
3454620
15217983
4868411
4560963
6896955
1195168
3809825
8537651
699540
10508744
12937255
25554916
14432328
8923405
3383744
1729881
20419856
2073090
8925468
7569279
849063
27466610
7714145
19581344
24650276
2511175
9666041
24683392
1139661
14102005
15262757
4040791
4844344
12103009
17701781
14247322
9700498
2800792
5499702
4041532
8169996
41555827
19189607
28489731
12937376
946298
27090337
66151028
4857134
9790110
75614390
9202643
18605578
12011752
17767922
1155205
11488491
10805683
6496417
9052840
7355758
4514340
1023416
2601424
20605356
8358152
3764235
7373144
22120737
6931759
1604933
5574393
21014766
3415853
1695734
43013065
2780927
17677979
22809930
635960
7663076
7625528
11570189
1547175
23025800
8810842
704745
216903
7753440
2885423
694951
23115727
5839909
5671670
16661403
12269594
22214988
3433405
8867861
4832224
3216903
8228595
150940961
4901427
1172208
16165578
631884
832652
5025559
460188
26061755
7519720
15914359
260312
5023660
8288918
11346062
8886748
4578841
3366061
3501403
10500906
2556632
12369272
15861166
11216554
8702733
12116741
781477
3704663
27027261
33633444
457031
12942574
13973446
17624363
67452509
14132537
6639510
7769746
1685458
5720930
218279
15043741
7235587
3702787
2194534
129994
1383607
2972863
3460581
19487565
13796946
5784908
4805480
14359055
4122674
1606788
1828862
9820545
15478143
15573414
1917571
21981753
15576028
7489507
7132206
1478722
9047363
2223489
2000847
10104568
45044478
15978479
60014802
1402766
1724836
10397929
15477317
32767713
7481527
3475727
6142030
102038
45079292
17216262
6790630
394480
761589
6852627
13087355
45794026
3285174
1668278
1012879
4466184
3153483
14565500
122452
72391669
120580
5743712
3862245
2819478
726725
1564777
19605792
9489344
7567954
16137938
3288779
2012638
5888387
8795028
10857266
6738673
2418095
394661
3226651
3174919
6188847
14452063
1540713
2799133
3192216
5672862
20517314
2541549
7757667
41423147
35302
12766986
4723492
4898397
451092
71644440
14326402
5803944
1642955
6309986
2004315
1810055
19003489
1426334
5500219
599279
3748570
7220877
34633206
9162648
8087780
4804660
5606307
3699870
17170244
3396413
14703005
6571146
6575621
8932570
30112086
3267535
4014564
6294191
6527822
2714005
2909915
22123986
1563679
3043059
12087911
13395342
27091804
24735778
14868038
22243296
1398516
3982116
23239153
4170175
4863500
774625
13027371
6160013
19717810
12066435
29394858
11641774
18986643
501139
3181707
11159479
9375100
8043602
24211081
9665877
714984
1848690
1539986
17114000
13511389
22793792
4497222
10383050
26725103
4427114
167243
318208
12317309
1012309
2756748
10603186
18812741
12970032
7931122
81302464
17644576
16935676
4715100
4502071
66548230
11073143
22288745
539062
7729191
1465962
14381661
9294940
841335
11535880
8739723
414947
17984442
60092576
14971897
16463726
972479
28376351
3932003
51810325
26475209
1648192
16458307
10319243
13992952
6574475
24113469
3832471
2656768
2320515
8788463
18128698
7818495
23829089
8013724
20597568
8181076
3299380
5863283
40714199
16059761
14632503
27940426
12095358
8379261
9742161
22606421
11192157
7495245
49328645
6627089
8308178
1558785
41322922
6548143
2977912
27144586
71102095
886941
4492419
3454705
15329692
4494357
4785629
4406824
5779120
5205930
4465206
17095884
1717563
25986519
17319980
15408530
1370791
8342033
1116564
22575065
133299
22651955
2044539
4025109
4027197
1973445
156706
14578822
894316
5899583
14076365
2775253
13367267
703160
5601202
14386863
476945
19986015
4941451
6030179
64820880
2271845
10794688
616809
6970656
921489
301080
16793649
9311514
4243988
578835
21265176
3903780
19554763
1999590
12363718
4833830
15448370
54097227
9782937
14310921
13445796
20566252
21834566
5863570
13770531
63684644
8523138
3051576
1866475
250604
2396705
7415741
615119
9389661
1440070
2405474
18370550
641473
6825010
11818187
2903659
19674133
27643368
479045
19340900
4390409
2796106
15749830
7675816
3963374
1246501
13077194
5755964
160489
20643084
25920438
19075281
1646243
1319607
4500845
3048024
14006842
692836
14764818
13313522
3479200
11925517
22704328
10900624
1210469
7425295
10674629
15505491
8525845
26515600
4023074
2939510
1039732
22492422
560949
2369764
8396196
3788369
4929183
899126
4691772
7697713
22500493
17496736
7935762
3670267
6327994
4184826
131419
19581376
15243723
17174153
1512086
9205923
6133909
3167081
900545
89882
20020123
8425265
4711590
6060878
2812321
34513058
610717
785877
21227475
1178354
2066038
17815611
41848983
258153
8796672
24082352
2538981
58783
13921351
4218853
22364762
187938
18231092
9818700
423353
16106479
12788121
32228941
7524265
8650982
15606012
4872642
3484945
11263081
1204211
41432327
5774049
4447618
8124215
28072610
25988682
13186584
11477129
7938712
1182269
1356929
18522581
1821897
6174009
2444596
2468273
12953920
2412186
19491062
8528338
9140650
33510316
26570523
20758552
6581920
4595024
22867000
18548372
3181393
7018042
6318222
8204178
61148543
6945471
5051502
506507
2934206
7760803
2703437
134052
29781553
9039369
49317102
3401473
5457899
20511545
14562430
5421218
21526347
13980190
4853383
432185
6466837
13350322
6242135
8274041
24556
8066312
11975938
14805424
17893338
8380908
9763593
70555828
2748302
1204680
7228367
3228093
6786833
16172692
6309198
21648667
41918581
888537
16460228
294666
403241
4144480
1375164
5163829
14904290
5216486
3725033
39107231
26602913
4892553
8784215
67709677
14601505
1901382
28313250
1888485
1267827
2671144
4819577
13214439
4358593
8388962
18858944
4526466
1782528
9897793
6799719
252359
16289933
3690273
4224246
10447378
1390857
21186783
34860457
15996893
4657347
12320519
20390901
29921681
1520223
9715404
5765013
15852424
4002243
7712252
1186249
14605798
10075895
13855224
9804386
2169930
8477058
3426967
5112255
70834433
1142229
7924266
35201661
17999009
3598738
16202775
9483386
800713
7598883
1047048
11823468
3930236
3919098
10743108
9557771
4456937
6661718
5643540
17503792
3058766
24764172
53373911
18776317
9628599
5916711
4528053
5255258
3793426
4999141
1083845
13567094
15979207
25342323
27124298
14681788
1109827
73327868
10544084
2518897
8951686
1710968
13633398
4837542
7948900
7527924
4658073
7903747
10979287
22327773
3883796
12417068
8920903
35269314
2388993
32151894
5110493
37946729
9053340
785588
1518848
11753459
676429
102623239
11937092
3555545
12329150
19997837
1854539
23616541
9852157
4871954
34980455
19384688
4855766
817121
10562899
6507875
36357179
15733232
9070061
35657232
18467397
6790323
19541669
32556566
115246
6336656
13508504
13440266
19403848
2743292
18866135
2319543
29798851
26719693
12603507
7883385
23723066
16287039
11012167
7704298
8992503
19004503
8312997
869635
32149048
11301849
18973076
22197559
15932544
4098475
12803515
5568418
3826888
25787676
7964575
21847585
18683346
14304806
1864031
4569277
11022019
4438134
23384190
12472346
28362626
7800827
10564904
5298254
16527826
2799037
5073335
2161147
15824186
6623470
14049092
18089842
7207929
6175695
6256105
18667800
5154259
13801526
7107018
3971451
3610255
16973614
986537
9468085
1175889
5374118
9138542
10214813
8937185
10753896
15578903
13787030
4100945
3799534
5835530
314420
27229290
15877768
10419366
19166431
8491707
6791865
8222038
12894698
11348969
19271017
3861214
20772377
4305178
7020216
11061837
23290480
3389968
3727826
381464
2917961
1576591
14746164
3752347
17846015
767363
10227984
3092886
1677695
4828482
10632876
17119857
1531844
6488911
1119738
18549707
6901692
1100881
15391441
1403837
2708297
1187230
5309811
9687892
12212173
992099
14797459
26053768
4905661
2681294
4164305
17560587
19749824
17500365
57791093
4280373
18066675
33337424
2439215
50032044
6659343
3179596
7354909
561172
9696942
6841192
15692559
11234594
2778015
8353893
3671033
1378322
10934395
1266912
2968498
8914926
4538422
13870170
2478719
20552003
4317120
7019505
12855122
1903916
369519
18121908
16514348
3881786
3414136
10869226
1091035
4087434
2268792
3081904
931580
9553968
17242981
11842762
400804
4516796
3033885
3424752
15880
11045341
4666308
892245
20224946
10946239
220534
351428
19261322
14087780
19568303
19394723
4106286
12639930
25211799
16300858
6567689
12400809
13631801
2945202
8555499
374044
11501684
4701491
3477330
6060070
5598776
749288
2148302
12610846
6753611
1907178
17752610
15692930
14266646
34303402
3206368
9137001
4975177
168597454
4599518
853354
601668
4987374
4535749
7645777
2155333
4583506
4396483
17698451
8643623
5178853
11438201
8560649
456353
11362538
16905255
9503282
16934413
503008
2162914
2479328
14066696
7463419
25104814
22940192
294298
3535291
13044882
12893358
7369635
3643577
2451471
3534345
5070901
7317266
3177429
6033870
2066630
5088925
6925872
1887344
7522290
1500621
198544900
6907104
3583302
18958981
7461349
7149933
19691057
4694491
18848901
16630227
22564071
15548939
1703610
225562
5869160
8659378
6474823
1024161
26172054
123396967
12925493
1487837
1882796
74799638
3118582
5572950
14546364
61172873
9207011
4530838
1412196
17447242
70809865
4405682
5055080
863183
3663044
1989707
225549515
65810242
4450592
54551149
5058258
3117587
6610628
402126
5418381
10513619
4808131
2897790
1175544
6150886
1716217
1180776
66748553
3323928
2934686
796765
7215462
15621651
929416
7917479
5612411
17506648
2494812
11613878
4665961
2680860
9731008
9332418
16716131
19037538
12028375
13903738
12726861
34109152
2685541
14999207
4344587
1283707
2204401
3060694
12435607
5693114
1804777
15148364
4903186
67595551
5524695
2897289
259325
2029061
10100430
33246934
6577788
12801641
6956583
22263065
4161367
28129078
3005302
1527396
11997392
96986
48169982
4012799
5342697
8114196
8715774
3339005
100425
10024832
53416
23709405
479139
111953510
2089833
5254115
3791910
10318650
16862951
5126738
6585530
5753715
5277680
11582327
5242447
4565448
4624865
5508716
2463448
19356849
4246898
14629516
5418727
3191283
48371
32841977
17152599
1022860
8703054
1978662
6155975
5130326
5358969
954003
3665118
12351340
6482083
1089110
4968702
10397350
24709144
11632545
1515777
65911888
5512635
3041679
16432035
95493
614447
12929523
10284536
15543888
31593248
1128676
17637948
779989
2548324
6013956
878672
1894371
10805546
3223537
16109229
5380437
17711767
13402995
8059983
3628717
1838961
18857691
2787863
5318693
7253746
1611525
209399
13370880
30978504
5525300
85453788
11313993
9970074
3029197
18199827
23823760
10628459
33971352
809626
6856219
5335514
19831321
17919074
1742874
1045697
62293682
14835659
9768178
22618208
7064614
795626
2537516
5846950
31332193
11140024
5731652
2697712
9378937
330288
2145721
3474181
41251147
16648627
5079567
3960877
3487938
10303401
41610337
12683130
19368353
34140100
541217
18745968
13161326
8456410
13443350
12377453
11354860
12498808
18724752
8241868
11215971
3171468
7706389
15874423
11231379
2691452
21872860
714788
8241170
1101186
4291478
4808811
9712412
8608256
2675348
14346506
38107018
14857667
2668475
14192851
24039289
1605766
4732791
9591273
20635639
3299421
1465572
20362379
18251110
28388548
171825
13356378
9449949
18581119
23729139
12489385
23107814
8654669
13415980
23752522
5730977
3561004
5352674
2504936
31081729
4008280
1518290
25558796
6656658
26578688
30446998
13149471
36050301
61368125
10495287
17870981
17400357
1273134
10624716
3548662
1181018
3766408
2250368
17063167
12766729
1459506
2204423
12833886
845443
14018266
3916137
19344066
5275264
981750
25109824
11669846
6323645
7329642
26913947
13310299
5568647
95743
2105601
5150561
6032979
8547530
11998987
1084384
62185617
7101004
9614038
13058793
4625873
1467946
13896367
22161334
3303447
12550188
7200007
8995835
14229518
4554524
1908827
5723053
24782422
16174672
16537109
2956479
26645950
7399248
13094323
8398517
467538
1762248
12300540
76027075
17786231
8105714
7828227
17724754
4376727
843295
15520939
4480353
11071387
6247518
4791577
8269872
11091005
2751477
34888274
390734
1037206
17726912
1075422
9937477
14923810
18716609
5516957
19220366
13102585
4664069
9140930
1106778
5328846
15057655
16023674
14099580
14171210
1389590
20203154
17673938
4070768
11825694
35707469
3149575
9643595
5359358
8904886
23158109
11922321
19419492
786122
36150378
3593011
19910585
17480514
1122300
8690044
23106076
25333092
10043544
4201442
15867238
2197560
18879767
4898213
11634534
34237672
25594838
8478752
3396631
6886747
13439029
4067048
16393143
7911705
16596
1750040
6212745
6477760
21351678
13773855
12677237
9517416
58340924
1713710
24227806
5674735
13757079
17040531
916297
13315032
13616351
2329306
14590709
42577056
1571542
2657652
1584535
19495541
297852
13801547
7423115
72486630
17323671
3933821
9562949
18014251
7426997
6042411
15604128
25837497
1156370
1313410
15636801
3575554
4476505
14841327
26293951
6069911
8228771
5743183
75561533
8684116
1956619
8902603
17964247
11255782
1591507
838808
15001150
17696964
1720177
9633531
22992561
20312466
3028348
11717911
548926
31955535
15045038
4482937
42338879
2646805
18201118
13498286
9871417
104608223
1111298
13114251
2170480
175388818
5147835
221239
19368723
5081541
14646222
766996
8341341
13870819
2731268
13836788
5285161
16743908
12006980
19099591
22700484
13343189
10322119
30649514
4696436
10439717
1772488
2903098
8686175
74511028
2883247
20910814
11434713
45110283
724421
4490270
4005172
30785
3308035
18949794
6652621
9514259
19308199
4613863
22025775
45732647
20283184
4069434
8791060
6088097
8477230
7859902
11069438
10762535
5421848
8745816
1773521
21380971
3999237
8019350
11079477
19701882
19381415
5821343
2671902
4140305
4147226
11949566
17677890
5001820
10101240
26913321
21825464
30517934
16893567
4520534
4993041
11801841
8660787
3364801
4372984
1766664
364643
4366200
5745291
143654265
26858466
5776869
1948718
9791464
17145755
11989910
2961141
6692210
6659539
26278477
12226575
8948516
2747889
8902987
8548571
10409915
4192121
18480914
1113690
12330809
129116
7188515
27688117
8846097
4468959
7461950
4191806
22006385
12850540
6327873
3089827
1103056
26156157
37352596
4341879
1997094
7479482
18270300
18597024
11512171
18688429
1780535
5400477
6339178
10910821
13603884
2974223
12252598
59968252
5263171
22137693
21995027
12104655
9201433
15116783
3496008
497240
25534493
8804449
4163389
425273
13990500
7683026
12951366
17932532
10603979
157761017
18798850
20927933
7054980
2920193
5783894
12444130
1888349
10679468
1708578
1763888
16104684
14061874
1505354
11951
9363837
8608635
10282465
8809691
5344043
3965623
33147
14810052
20574536
163349001
12297618
15459237
6838645
6589693
41906285
1612005
36384180
11384191
27621423
40295311
7867383
16752541
26712027
6632724
17267482
8449735
1137418
8787837
29825901
2418427
21394592
3600515
27202798
3515193
7739331
10383272
5682493
26767362
5683731
437751
1556290
1343061
25865317
15627077
26823930
9548253
1960161
5551806
6145782
72804116
4934828
11932754
33409597
6014246
3947151
287584
3743458
7309571
26345515
5613509
16607468
5903251
8046222
35866275
5211302
20502957
16720746
670638
114005413
19485812
18714080
15407864
2332635
3292874
8457344
28652068
14327165
1281883
2936801
1122358
4198646
24544317
4299184
901826
8443172
10202167
1711197
1880038
1651869
18522499
878864
1782913
14002734
19072648
6156923
2812076
141373544
14096134
25888978
11073067
6753011
3287974
2205612
22813823
2070860
241688
11142270
2449497
2674389
12423287
177681
1215624
12554185
19157481
3612205
8924206
11371250
13663797
22870781
8839205
1088650
3967670
14882464
19043425
311913
7036166
16656030
6766057
5408862
4394196
6924544
8898491
901368
20006377
2193980
4138137
53581831
16923035
11398367
181065942
2302975
17206219
455602
1051453
64017998
6878440
9122817
12342148
10577466
5514120
1183749
703054
5556950
1469074
14184480
1380561
2374877
3705070
199893
1806720
2516882
2442535
4035642
65008619
3857324
3664178
13614282
6584558
7508142
