2000 2000
1 2
2 3
3 4
4 5
5 6
6 7
7 8
4 9
9 10
10 11
11 12
12 13
13 14
2 15
15 16
16 17
17 18
18 19
19 20
14 21
21 22
18 23
16 24
13 25
25 26
26 27
27 28
28 29
29 30
30 31
31 32
32 33
33 34
34 35
35 36
36 37
37 38
38 39
38 40
40 41
41 42
42 43
43 44
44 45
45 46
46 47
47 48
48 49
42 50
32 51
51 52
52 53
53 54
27 55
55 56
56 57
37 58
40 59
57 60
60 61
61 62
62 63
6 64
61 65
65 66
66 67
67 68
34 69
10 70
70 71
71 72
72 73
71 74
74 75
75 76
76 77
70 78
78 79
79 80
80 81
33 82
82 83
83 84
54 85
85 86
86 87
82 88
44 89
89 90
90 91
91 92
92 93
93 94
94 95
75 96
96 97
97 98
98 99
99 100
100 101
101 102
102 103
100 104
101 105
99 106
106 107
107 108
3 109
109 110
110 111
111 112
97 113
113 114
98 115
115 116
115 117
117 118
118 119
119 120
93 121
117 122
122 123
63 124
124 125
125 126
126 127
127 128
113 129
129 130
130 131
131 132
132 133
108 134
134 135
135 136
136 137
137 138
138 139
135 140
140 141
141 142
141 143
68 144
24 145
145 146
88 147
147 148
78 149
149 150
150 151
151 152
152 153
153 154
132 155
155 156
156 157
157 158
158 159
119 160
160 161
161 162
161 163
163 164
164 165
165 166
166 167
167 168
168 169
169 170
170 171
86 172
124 173
173 174
174 175
51 176
125 177
177 178
178 179
179 180
180 181
181 182
59 183
183 184
184 185
175 186
186 187
187 188
188 189
163 190
190 191
158 192
187 193
193 194
194 195
195 196
196 197
197 198
191 199
199 200
198 201
201 202
202 203
203 204
204 205
205 206
206 207
207 208
208 209
209 210
210 211
210 212
206 213
211 214
214 215
215 216
208 217
203 218
212 219
219 220
218 221
202 222
222 223
223 224
222 225
183 226
226 227
227 228
217 229
228 230
230 231
231 232
228 233
126 234
234 235
234 236
236 237
237 238
238 239
239 240
239 241
225 242
233 243
242 244
242 245
245 246
205 247
243 248
60 249
249 250
248 251
251 252
31 253
240 254
254 255
251 256
151 257
224 258
258 259
259 260
244 261
261 262
262 263
231 264
232 265
232 266
248 267
267 268
175 269
152 270
270 271
271 272
272 273
271 274
257 275
225 276
256 277
277 278
26 279
279 280
270 281
281 282
282 283
282 284
263 285
285 286
247 287
287 288
273 289
289 290
259 291
291 292
292 293
293 294
294 295
295 296
268 297
297 298
284 299
299 300
300 301
301 302
301 303
303 304
304 305
305 306
306 307
307 308
308 309
309 310
291 311
311 312
312 313
313 314
314 315
315 316
316 317
192 318
283 319
319 320
278 321
321 322
316 323
254 324
324 325
325 326
167 327
327 328
326 329
329 330
330 331
311 332
332 333
194 334
334 335
335 336
336 337
337 338
338 339
339 340
340 341
323 342
342 343
343 344
344 345
345 346
136 347
344 348
348 349
349 350
350 351
336 352
267 353
353 354
354 355
355 356
356 357
146 358
214 359
359 360
360 361
361 362
362 363
272 364
246 365
365 366
314 367
367 368
368 369
323 370
296 371
308 372
372 373
373 374
372 375
375 376
376 377
377 378
378 379
360 380
380 381
381 382
382 383
383 384
168 385
385 386
384 387
387 388
387 389
389 390
390 391
391 392
392 393
258 394
380 395
395 396
396 397
397 398
87 399
389 400
400 401
401 402
402 403
403 404
404 405
405 406
406 407
407 408
408 409
409 410
409 411
411 412
412 413
413 414
414 415
415 416
392 417
417 418
418 419
419 420
420 421
404 422
247 423
423 424
424 425
425 426
425 427
412 428
428 429
429 430
430 431
431 432
165 433
417 434
434 435
435 436
436 437
437 438
402 439
77 440
433 441
366 442
435 443
426 444
444 445
285 446
445 447
181 448
448 449
411 450
450 451
451 452
452 453
453 454
446 455
455 456
456 457
457 458
458 459
459 460
460 461
379 462
459 463
463 464
464 465
465 466
466 467
467 468
430 469
462 470
470 471
443 472
112 473
473 474
473 475
474 476
476 477
201 478
478 479
305 480
480 481
481 482
482 483
1 484
467 485
485 486
484 487
211 488
481 489
489 490
490 491
491 492
474 493
493 494
490 495
495 496
480 497
68 498
498 499
416 500
500 501
501 502
502 503
503 504
497 505
505 506
506 507
495 508
508 509
509 510
510 511
511 512
512 513
269 514
283 515
515 516
516 517
428 518
518 519
498 520
520 521
470 522
464 523
523 524
512 525
525 526
446 527
324 528
528 529
529 530
525 531
531 532
532 533
533 534
534 535
515 536
535 537
537 538
535 539
539 540
357 541
541 542
541 543
543 544
315 545
544 546
546 547
547 548
548 549
549 550
415 551
547 552
539 553
510 554
370 555
555 556
250 557
557 558
558 559
559 560
534 561
550 562
562 563
563 564
549 565
262 566
370 567
567 568
568 569
569 570
570 571
374 572
572 573
573 574
574 575
575 576
576 577
563 578
578 579
578 580
580 581
579 582
265 583
583 584
584 585
585 586
586 587
587 588
588 589
465 590
440 591
548 592
592 593
591 594
594 595
595 596
493 597
561 598
598 599
599 600
600 601
601 602
561 603
600 604
604 605
133 606
606 607
586 608
608 609
609 610
610 611
553 612
521 613
613 614
176 615
613 616
614 617
617 618
618 619
619 620
620 621
592 622
622 623
623 624
624 625
625 626
626 627
627 628
627 629
581 630
630 631
612 632
632 633
633 634
634 635
635 636
319 637
637 638
178 639
629 640
640 641
641 642
642 643
641 644
638 645
645 646
646 647
635 648
648 649
649 650
595 651
650 652
333 653
650 654
587 655
616 656
639 657
657 658
658 659
659 660
660 661
661 662
662 663
663 664
664 665
328 666
666 667
665 668
667 669
669 670
670 671
666 672
130 673
665 674
573 675
670 676
676 677
633 678
678 679
679 680
680 681
681 682
682 683
675 684
684 685
685 686
686 687
687 688
659 689
683 690
427 691
691 692
692 693
477 694
661 695
695 696
681 697
682 698
684 699
568 700
700 701
701 702
644 703
701 704
704 705
705 706
706 707
707 708
708 709
709 710
611 711
487 712
712 713
675 714
714 715
715 716
716 717
717 718
688 719
687 720
598 721
717 722
722 723
186 724
724 725
333 726
726 727
615 728
658 729
728 730
730 731
731 732
732 733
729 734
718 735
735 736
656 737
713 738
728 739
674 740
740 741
741 742
742 743
690 744
737 745
745 746
742 747
526 748
357 749
749 750
750 751
751 752
752 753
753 754
754 755
729 756
756 757
757 758
576 759
755 760
714 761
349 762
747 763
763 764
764 765
765 766
766 767
694 768
696 769
694 770
710 771
7 772
760 773
744 774
769 775
775 776
776 777
715 778
778 779
748 780
780 781
779 782
782 783
783 784
783 785
784 786
736 787
67 788
788 789
786 790
790 791
638 792
792 793
792 794
793 795
795 796
530 797
797 798
552 799
799 800
778 801
801 802
801 803
709 804
788 805
693 806
376 807
807 808
808 809
340 810
810 811
811 812
812 813
809 814
776 815
784 816
816 817
485 818
818 819
819 820
780 821
447 822
346 823
753 824
824 825
825 826
791 827
827 828
828 829
829 830
830 831
831 832
805 833
808 834
805 835
835 836
836 837
837 838
838 839
797 840
811 841
645 842
842 843
843 844
844 845
845 846
846 847
847 848
848 849
555 850
850 851
676 852
429 853
680 854
854 855
690 856
829 857
836 858
855 859
859 860
860 861
856 862
853 863
863 864
864 865
865 866
864 867
863 868
832 869
59 870
870 871
367 872
872 873
873 874
121 875
858 876
876 877
766 878
878 879
879 880
880 881
881 882
882 883
883 884
884 885
882 886
854 887
887 888
888 889
712 890
890 891
891 892
892 893
708 894
894 895
895 896
830 897
897 898
898 899
899 900
219 901
901 902
902 903
855 904
904 905
891 906
906 907
907 908
521 909
909 910
910 911
911 912
912 913
518 914
914 915
907 916
916 917
917 918
582 919
919 920
901 921
906 922
546 923
923 924
874 925
916 926
926 927
927 928
928 929
929 930
396 931
444 932
230 933
933 934
934 935
935 936
936 937
937 938
921 939
939 940
134 941
941 942
942 943
943 944
944 945
937 946
673 947
920 948
330 949
850 950
584 951
462 952
952 953
953 954
953 955
955 956
947 957
957 958
434 959
959 960
960 961
858 962
962 963
591 964
964 965
965 966
966 967
965 968
966 969
946 970
970 971
971 972
963 973
973 974
974 975
975 976
976 977
977 978
544 979
979 980
980 981
981 982
974 983
942 984
649 985
985 986
277 987
987 988
988 989
913 990
990 991
909 992
988 993
984 994
640 995
982 996
827 997
173 998
998 999
999 1000
943 1001
1001 1002
1000 1003
980 1004
306 1005
1005 1006
997 1007
1007 1008
1007 1009
841 1010
1010 1011
967 1012
1012 1013
1013 1014
497 1015
1015 1016
1016 1017
773 1018
1018 1019
1019 1020
940 1021
1011 1022
1022 1023
1023 1024
503 1025
860 1026
1026 1027
1027 1028
1024 1029
1029 1030
1030 1031
1031 1032
1032 1033
121 1034
1005 1035
1035 1036
1036 1037
1035 1038
1038 1039
527 1040
1040 1041
889 1042
1039 1043
1043 1044
1040 1045
948 1046
1046 1047
509 1048
1024 1049
1047 1050
1050 1051
873 1052
1052 1053
929 1054
1054 1055
762 1056
1056 1057
1001 1058
991 1059
1059 1060
1013 1061
910 1062
1036 1063
1063 1064
1064 1065
1065 1066
1063 1067
1067 1068
1068 1069
461 1070
1070 1071
542 1072
1037 1073
1073 1074
1067 1075
496 1076
1076 1077
1077 1078
1078 1079
1078 1080
993 1081
1081 1082
1082 1083
1081 1084
1084 1085
1072 1086
1086 1087
1020 1088
1088 1089
1082 1090
1090 1091
1091 1092
1092 1093
1093 1094
1091 1095
1064 1096
1096 1097
1097 1098
1098 1099
1099 1100
1100 1101
872 1102
1094 1103
1103 1104
1104 1105
1105 1106
1106 1107
421 1108
1108 1109
1109 1110
1084 1111
1111 1112
1077 1113
1113 1114
1114 1115
828 1116
1116 1117
1117 1118
1118 1119
1119 1120
1119 1121
1121 1122
1122 1123
1123 1124
1103 1125
1125 1126
774 1127
494 1128
1117 1129
1129 1130
1026 1131
1131 1132
273 1133
1133 1134
1134 1135
1135 1136
1136 1137
1137 1138
1138 1139
1139 1140
1140 1141
1141 1142
1109 1143
1143 1144
1112 1145
1145 1146
1137 1147
1147 1148
1148 1149
1149 1150
1150 1151
1151 1152
1147 1153
1153 1154
1085 1155
1155 1156
1153 1157
170 1158
1152 1159
1159 1160
1160 1161
1161 1162
1161 1163
1163 1164
1164 1165
1156 1166
1027 1167
1167 1168
1162 1169
1167 1170
1170 1171
1038 1172
1132 1173
1164 1174
1141 1175
1116 1176
1176 1177
1177 1178
985 1179
1179 1180
1176 1181
1047 1182
1181 1183
1183 1184
1029 1185
1172 1186
1186 1187
1186 1188
1187 1189
748 1190
1190 1191
957 1192
1192 1193
824 1194
1194 1195
1195 1196
1177 1197
1197 1198
867 1199
1195 1200
1200 1201
1172 1202
1123 1203
1200 1204
1204 1205
1205 1206
1206 1207
1207 1208
1094 1209
1209 1210
1210 1211
1211 1212
1212 1213
1206 1214
1214 1215
1215 1216
1198 1217
1217 1218
1218 1219
1219 1220
1219 1221
899 1222
1222 1223
1223 1224
1213 1225
1217 1226
1226 1227
853 1228
1227 1229
1229 1230
1230 1231
1128 1232
1232 1233
1233 1234
1215 1235
275 1236
142 1237
1157 1238
1234 1239
990 1240
1234 1241
1241 1242
1242 1243
1243 1244
1241 1245
1220 1246
1246 1247
1247 1248
1247 1249
1249 1250
1250 1251
1251 1252
1242 1253
1253 1254
1254 1255
1255 1256
1246 1257
1257 1258
1258 1259
1003 1260
1260 1261
1261 1262
1260 1263
1263 1264
839 1265
1251 1266
1243 1267
1267 1268
1268 1269
1228 1270
1270 1271
1212 1272
1272 1273
1273 1274
1274 1275
527 1276
1261 1277
1268 1278
1278 1279
1279 1280
1280 1281
1281 1282
1282 1283
1283 1284
1018 1285
1285 1286
1286 1287
1273 1288
1284 1289
1283 1290
1041 1291
1285 1292
1281 1293
1293 1294
1253 1295
1295 1296
1296 1297
1297 1298
1159 1299
1299 1300
1300 1301
1299 1302
1088 1303
1303 1304
1304 1305
1305 1306
1306 1307
1303 1308
1307 1309
1309 1310
1310 1311
1311 1312
1312 1313
1279 1314
1314 1315
1315 1316
1316 1317
1317 1318
1235 1319
1256 1320
1058 1321
1321 1322
1319 1323
1323 1324
1324 1325
1302 1326
129 1327
622 1328
1328 1329
1302 1330
1325 1331
1293 1332
1318 1333
1333 1334
947 1335
1335 1336
1120 1337
1337 1338
1330 1339
1339 1340
1325 1341
1331 1342
1341 1343
1343 1344
580 1345
1345 1346
1346 1347
1347 1348
1318 1349
902 1350
1350 1351
1348 1352
1352 1353
1341 1354
1354 1355
1355 1356
734 1357
1345 1358
1358 1359
1359 1360
1360 1361
1360 1362
1362 1363
1363 1364
1335 1365
1365 1366
1366 1367
1347 1368
1368 1369
1369 1370
1369 1371
1371 1372
1372 1373
1372 1374
1371 1375
1375 1376
1376 1377
1377 1378
1378 1379
1379 1380
1099 1381
1238 1382
1382 1383
689 1384
1384 1385
1056 1386
1386 1387
1361 1388
1388 1389
1025 1390
1384 1391
1391 1392
1389 1393
1382 1394
1394 1395
1333 1396
1381 1397
1397 1398
1250 1399
1344 1400
1400 1401
1401 1402
1298 1403
746 1404
1404 1405
1348 1406
979 1407
1214 1408
1408 1409
469 1410
1410 1411
1411 1412
1412 1413
1410 1414
1414 1415
1415 1416
1194 1417
1031 1418
1418 1419
1419 1420
1420 1421
1421 1422
935 1423
1423 1424
1321 1425
1425 1426
1422 1427
698 1428
1428 1429
1429 1430
1430 1431
1188 1432
1432 1433
1433 1434
1434 1435
1435 1436
1424 1437
1437 1438
511 1439
1439 1440
1440 1441
1441 1442
1442 1443
1368 1444
1414 1445
941 1446
1446 1447
1439 1448
1441 1449
1276 1450
1450 1451
1450 1452
1452 1453
1453 1454
1162 1455
1455 1456
1404 1457
1457 1458
1426 1459
1459 1460
1237 1461
1461 1462
1454 1463
1463 1464
1464 1465
1465 1466
476 1467
532 1468
1468 1469
1403 1470
1470 1471
1471 1472
1472 1473
414 1474
139 1475
1475 1476
1476 1477
1477 1478
1478 1479
1316 1480
1480 1481
814 1482
1482 1483
1483 1484
1388 1485
1485 1486
1470 1487
1487 1488
1487 1489
1489 1490
504 1491
1468 1492
1492 1493
1491 1494
1494 1495
1495 1496
1496 1497
1497 1498
1493 1499
1499 1500
1500 1501
1497 1502
1502 1503
1503 1504
1448 1505
1505 1506
1506 1507
1507 1508
1479 1509
1509 1510
1510 1511
1511 1512
1512 1513
1350 1514
1514 1515
1515 1516
1516 1517
1187 1518
1419 1519
1193 1520
1520 1521
1521 1522
1511 1523
1400 1524
1524 1525
1525 1526
1392 1527
1486 1528
313 1529
865 1530
1523 1531
1531 1532
1532 1533
1533 1534
1526 1535
1534 1536
1519 1537
1537 1538
1395 1539
1536 1540
1540 1541
1473 1542
1542 1543
703 1544
1544 1545
1395 1546
1546 1547
1547 1548
1548 1549
1448 1550
329 1551
1551 1552
1552 1553
646 1554
1469 1555
1555 1556
1312 1557
1555 1558
1558 1559
625 1560
1560 1561
1549 1562
1562 1563
1538 1564
1530 1565
1391 1566
1349 1567
1567 1568
1566 1569
1567 1570
1570 1571
1443 1572
1192 1573
1573 1574
1571 1575
1575 1576
1576 1577
1574 1578
620 1579
1576 1580
1500 1581
1358 1582
1582 1583
1583 1584
1584 1585
1437 1586
1586 1587
1587 1588
1588 1589
1589 1590
1590 1591
1566 1592
1538 1593
867 1594
1594 1595
1594 1596
1531 1597
1543 1598
1598 1599
1599 1600
1600 1601
1601 1602
911 1603
1592 1604
1604 1605
1605 1606
1482 1607
960 1608
1608 1609
1609 1610
1610 1611
1610 1612
933 1613
1466 1614
1614 1615
1615 1616
1612 1617
1614 1618
1618 1619
1296 1620
1620 1621
1621 1622
1622 1623
752 1624
1624 1625
1625 1626
1626 1627
1383 1628
1628 1629
1628 1630
1630 1631
1569 1632
1632 1633
1633 1634
1634 1635
1436 1636
1636 1637
1637 1638
1638 1639
1639 1640
1640 1641
1641 1642
1641 1643
1643 1644
1644 1645
1645 1646
1442 1647
1408 1648
1152 1649
1649 1650
1650 1651
1581 1652
482 1653
1653 1654
815 1655
1655 1656
1622 1657
1657 1658
526 1659
1659 1660
1660 1661
1661 1662
1662 1663
1639 1664
1664 1665
1665 1666
1666 1667
1667 1668
1668 1669
1586 1670
1645 1671
1671 1672
1672 1673
1638 1674
1674 1675
1660 1676
1662 1677
1677 1678
1565 1679
1679 1680
1680 1681
1599 1682
1165 1683
1683 1684
1644 1685
1685 1686
1686 1687
1687 1688
1688 1689
1353 1690
1690 1691
1691 1692
1692 1693
1629 1694
1694 1695
1695 1696
677 1697
1697 1698
1698 1699
1457 1700
1700 1701
1701 1702
1702 1703
1703 1704
1694 1705
1282 1706
1704 1707
1707 1708
1708 1709
1709 1710
1710 1711
1682 1712
1699 1713
940 1714
1713 1715
1715 1716
368 1717
1717 1718
1718 1719
1718 1720
1720 1721
1049 1722
1498 1723
1723 1724
1724 1725
1725 1726
1719 1727
1640 1728
1728 1729
528 1730
1730 1731
1730 1732
1732 1733
1560 1734
1734 1735
1735 1736
1620 1737
1702 1738
1738 1739
1739 1740
1716 1741
1741 1742
22 1743
1743 1744
1744 1745
1742 1746
1738 1747
1747 1748
1481 1749
1749 1750
1445 1751
1577 1752
1752 1753
1387 1754
1754 1755
768 1756
1752 1757
1757 1758
1758 1759
1759 1760
1760 1761
1630 1762
1762 1763
1559 1764
1764 1765
1765 1766
1766 1767
1515 1768
1768 1769
1767 1770
1770 1771
1365 1772
1772 1773
1715 1774
1774 1775
1775 1776
1768 1777
1635 1778
1778 1779
1533 1780
1514 1781
1646 1782
1782 1783
1761 1784
1784 1785
1785 1786
1529 1787
796 1788
1788 1789
1789 1790
1057 1791
1791 1792
945 1793
1788 1794
1794 1795
1736 1796
1796 1797
1770 1798
1342 1799
1688 1800
1787 1801
1747 1802
1754 1803
1803 1804
1804 1805
1805 1806
1003 1807
1784 1808
1755 1809
1766 1810
1810 1811
1811 1812
1728 1813
1804 1814
1814 1815
1155 1816
1763 1817
1781 1818
1581 1819
1816 1820
1820 1821
1798 1822
1044 1823
1823 1824
1824 1825
1825 1826
1814 1827
1238 1828
1828 1829
1512 1830
1830 1831
1831 1832
1832 1833
1833 1834
1832 1835
1821 1836
1819 1837
1820 1838
1796 1839
1772 1840
1252 1841
1840 1842
1842 1843
1843 1844
1673 1845
1229 1846
1846 1847
382 1848
1166 1849
1849 1850
1850 1851
1851 1852
1847 1853
1853 1854
1271 1855
1855 1856
1850 1857
1854 1858
1854 1859
642 1860
1428 1861
1861 1862
1809 1863
1863 1864
1813 1865
1865 1866
1838 1867
1797 1868
1868 1869
1869 1870
1870 1871
1871 1872
1856 1873
1866 1874
1295 1875
1875 1876
1876 1877
1877 1878
1878 1879
1420 1880
1880 1881
1859 1882
1882 1883
1826 1884
1658 1885
1816 1886
1886 1887
1887 1888
1864 1889
887 1890
1890 1891
1891 1892
1668 1893
1893 1894
1811 1895
679 1896
1896 1897
1897 1898
1836 1899
1899 1900
1900 1901
1899 1902
1902 1903
1380 1904
1904 1905
1905 1906
1906 1907
1907 1908
1908 1909
1908 1910
1910 1911
1911 1912
1912 1913
1910 1914
1914 1915
1915 1916
866 1917
1865 1918
1050 1919
1919 1920
1721 1921
1921 1922
1672 1923
1923 1924
1924 1925
1918 1926
1926 1927
1927 1928
390 1929
1851 1930
1930 1931
1434 1932
1471 1933
1921 1934
1934 1935
1935 1936
1731 1937
1937 1938
1938 1939
1939 1940
1842 1941
1843 1942
1942 1943
1886 1944
1923 1945
1945 1946
1892 1947
1947 1948
1948 1949
1935 1950
1950 1951
1950 1952
1827 1953
300 1954
1331 1955
1955 1956
1953 1957
1945 1958
1958 1959
1685 1960
1887 1961
1960 1962
1952 1963
1963 1964
1964 1965
1965 1966
1966 1967
1967 1968
1968 1969
1916 1970
1970 1971
1705 1972
1972 1973
1971 1974
1956 1975
1765 1976
1976 1977
1528 1978
1978 1979
1901 1980
1980 1981
1942 1982
1764 1983
1979 1984
1982 1985
1956 1986
1983 1987
1987 1988
1988 1989
1988 1990
1844 1991
1965 1992
1992 1993
1993 1994
1592 1995
1995 1996
1996 1997
1992 1998
1998 1999
1918 2000
37387009 317251085 566173611 200527332 731559588 166278999 666672381 181569170 601125124 561081977 537704523 313734327 716409674 47374626 114990241 774104085 460279353 183854715 70216935 620284004 602207237 353642282 726062023 501467607 736364759 589597826 91805736 652680307 395019390 53512630 731915276 742093390 744206734 707235373 401304755 904994489 757558445 686211552 445610802 21834644 863947039 201291670 929507340 989123481 796385820 711544968 205319813 699128118 389038760 356526520 362591797 918246073 455309657 980585209 290679964 67378683 269262890 516443068 363557132 601613197 473893826 706017534 926496308 744143748 250835091 5811961 385138628 105290225 455555220 740660477 680721499 121417748 917363490 468380619 935043909 261161103 11260385 148214320 975395089 155017092 789479764 506746207 725178715 501844115 955173795 296947522 363643564 849333235 873019892 586019370 538430853 502792087 181615252 814127537 434977514 783303972 133571753 181791602 954531007 918264161 209168044 472042814 899228013 638625622 193965143 901840173 685903879 115971876 471136596 799789740 583268230 646725665 450341211 17435045 118418136 7596466 383019277 19544850 254079186 80143645 616039603 171140461 189658731 598314639 601103985 121572652 397357839 488704765 694064723 978651146 991320870 3703595 352228502 378430805 416817867 569691610 741464157 63665884 908066392 765700498 74438628 968079938 822241036 596288795 171762632 16022029 819950766 852626757 451176397 427118932 28582783 186961941 949211159 598048629 980743971 293503363 941230416 980850749 410813286 522131365 681165634 812468584 444024917 506726285 405191548 68903860 785683525 303215892 907059831 962866596 832810085 62667083 334323484 479890681 546335117 370979200 347362682 939473589 303159475 120983678 915450700 683518710 722806200 336300520 795256658 204385531 804910539 954527695 51300065 651167073 879295155 29646357 461212026 823709282 35848250 388105270 499789476 455126840 663473910 225594752 228798152 607164861 480448120 83411923 429740561 188565854 723854648 912700680 503265247 682784742 262889093 785239438 892734265 588879576 306616687 985841976 544454715 570214915 228503008 98993540 338724868 530939535 290103670 580106969 405291384 258303148 845078825 924614078 403265187 346178380 419642399 157177620 805766875 355901513 995388131 754324281 227075910 68065674 788419516 959833885 657939130 162608874 944015694 150692926 225955379 871605759 48963002 920984883 688476160 690912273 960212725 757770682 523386479 414394849 686392685 855516709 162101806 255938856 593538714 542975171 114889251 667393829 546976602 950131888 183851000 231243526 161001045 176316214 702104391 547919520 82437863 951148210 443231515 978710567 501240817 771232609 287924422 476968516 694986206 915084659 641737506 601089410 830757299 516144856 136834529 581017165 603986292 689006547 548625460 959076729 401928145 995850291 843573487 415344870 396256249 317965311 972438706 783412107 257767183 952701275 788876442 695241791 795507936 54151651 583453011 341399821 912964026 936172410 221352372 932537975 478613651 292842809 634510561 671252780 938861324 852048282 757722990 427352913 291074217 227088726 309892797 591515972 554971562 763071426 783797392 363093853 959492448 159021072 812729120 724391516 382227005 694144205 646637197 391009712 188132355 113240939 84573933 338057263 793703873 812390539 459038663 19800575 809923807 383066209 186599634 43424713 621631020 655043288 910662684 306408493 357191076 242496476 656959398 20273129 833245659 999619835 749673103 637761393 411512184 607343086 996734002 893506967 555791656 802291477 243644162 725291818 295790824 867380769 904047721 646493680 592599838 702859599 385928134 202134999 890770277 604813711 985680889 210682467 605061175 936344157 357928290 146511520 820107757 27212871 79419797 847299366 370080334 910266034 163470355 900940029 431626212 725223456 921040928 819368430 749808895 66778372 751131673 700275416 835905139 983647467 219007413 407880029 993625324 614690219 21329953 451018375 812583653 314215766 201425924 766414190 492419928 728163902 126079619 815747414 485889639 453916432 712689239 803472293 924720155 394459070 755168516 852365293 537183070 95930365 966362164 914916854 786582235 729394587 118919674 856974299 279485321 839374685 942004562 800577726 126683241 83941984 474216597 435640121 702802885 563987765 912943531 76023452 152435592 754650888 128885472 889435839 617314770 691014913 78767080 999749342 392555345 102488989 26524641 772881787 750840419 609587702 539468289 109772520 901246211 39641673 468422184 376034026 755510482 24168381 679383686 202744955 934800044 202871065 898605895 189934160 552055870 767515380 588132480 455969165 731002392 945183181 920583989 605141705 283719041 749109645 361693179 757553317 806740856 939957986 338715286 274929258 296426914 959473698 251441136 76499074 751369676 855301702 676746352 490955147 683144845 711397903 801403204 335631220 848309671 690776003 56258729 850151516 598584967 510594500 376949027 389350004 639179880 931800472 997510292 83712297 790408109 521607462 572770286 77030818 376038675 313375869 14017947 708280356 31769079 884337712 355248018 532046695 401962631 384005755 164566352 532998741 916432520 305812208 559293435 39836244 280245763 780226876 374772384 372945554 896635767 127460187 365617107 36644264 689021937 652793899 9424210 986067541 414213095 45091251 746778771 466859958 644383221 370224395 121709620 80284927 276738123 421877475 323668003 817104630 535614600 146620007 948286067 9696141 632478987 484030946 483731046 179820625 781474237 419262165 796608420 815499727 866629572 291797938 357867940 872049985 900857233 381905829 260131614 496512679 738206473 866088604 702727533 997316208 161133086 970092544 478842625 831400952 443190447 618252702 994334455 178968594 90155529 830388364 366195707 601993531 438660010 347359032 430923405 178221103 501655870 708002437 518724879 596952035 5878740 5816931 80593290 540136398 111065143 13499022 147658759 69023262 427930263 796569131 858575070 469287107 401695346 971164991 828713442 340170711 517613384 829245776 395671765 369518334 169441723 527522502 779380711 818583337 934863195 638011764 590175975 757847513 983929898 76132557 513413599 644934707 372995630 423835131 160905116 535758884 99978531 737590472 497179381 816990946 174332138 224217893 334180746 527448263 808475187 870062864 321614121 113211071 840780334 316357859 109929760 741927678 957289146 158319867 246978789 517801738 818331744 523007193 716251056 752542618 184531995 640235146 231131688 159640556 953292347 761148787 753320013 675571198 408324491 186632497 880295365 707670750 864805587 902175965 453639958 217721082 597566481 518520350 229082057 861958173 749331708 431516991 612185098 661392027 560059840 834384604 205022949 198745196 668069907 516727579 98372921 200287254 322204786 426582153 566773570 856471513 38182117 269717496 602716983 374397091 479017748 396564613 692946112 201742316 165808431 665224973 29813814 379539748 705781049 795672229 393100941 940886172 150605440 48797408 517933071 784319618 427147624 883141656 711457230 138740029 130074317 649044958 38252430 794864798 229092195 561528454 321611651 489904292 761422049 273116296 95868335 55184041 703675773 476479705 140519853 715364426 889199433 436454490 940848746 884919558 102719127 555407762 390920482 440444641 283996679 503520139 392448931 142171474 479630698 506833608 848140219 546550141 558018334 600864934 298009275 238516237 883434943 416846656 916223093 344219553 115282926 847080737 178374461 575534372 889503474 927712731 56592937 175448804 487926515 602038002 841947647 339836995 661366711 837511749 142379039 175717980 442587160 306485801 816711318 968633285 736069784 719183796 228072059 897831784 593658286 119247165 465763640 104428791 391097209 118870864 132607242 774283200 843505629 85068675 883680139 112230851 91015202 357168354 90677615 2141524 169155225 962239430 833804067 706214734 164855881 928947402 815837616 332221266 17126620 811416527 960467476 133983832 337043789 411397852 165535654 131381852 810212149 888349852 609903922 648390318 278257291 910595318 117180803 472109987 227337496 791837647 701539354 665716935 826817064 78789769 945009146 774267352 180845815 934330984 886420108 957821757 436102301 508403864 603155136 277714880 100353190 784488995 141441808 867112202 960317696 306549433 281733436 788735559 569357649 748366048 686320276 301745182 910739985 751172568 550680943 927637119 909035821 511941986 338105854 952499272 559279462 691734893 102376803 392929037 127529279 289694164 969684523 549885466 431863104 72847982 581472319 621175572 115031567 7553864 547964793 197650609 915481944 224784187 265152747 826085116 478743669 931611182 760776486 19456071 132134011 522832087 540224128 287176436 726758292 726630787 491110836 35400016 927546580 10450674 192351191 953803004 258106705 577467339 110760469 769626325 269025519 80728416 492517915 834251672 420745771 475331000 950425835 442126365 571326043 475943495 835444492 484227144 735253803 963426030 629476774 746330552 561990095 840016755 826303395 329023385 589851132 47395138 102557329 112773213 75130581 289997456 61891075 196603120 247971559 243355003 703925064 411845726 368218803 608357065 585243873 157846817 30834676 369424679 778398206 28903797 857139519 848355676 909501845 284553927 574630212 536932885 404687533 421191178 20500175 675092408 885469450 507528186 910512668 281188795 276409668 153741765 610632762 96833227 956261320 156277673 4094828 484734696 143815208 849695525 423804627 237183394 525330958 917239484 981340338 589322956 330086436 278950530 834443317 39722116 591900819 991473006 105484242 674268329 220481773 565350553 964142495 948777270 597195798 750720025 672730998 537484023 143049904 443206942 431120435 251165008 662295211 955255372 590183456 241092663 231098809 75683218 526047099 366410656 179728107 829688005 215789607 250878455 865119251 630024994 517742415 620619971 901738006 538195506 893388691 439478811 628941827 144515152 978597341 631152536 891757947 137482350 748662370 376388761 308638572 99093223 663839421 285900071 536623198 26608782 270275102 241186482 16466684 823823315 921530871 366530483 320582559 435742014 499438387 151820598 440341046 595401518 612568371 216382774 266183178 633895847 647974837 139049670 766195838 881619379 782956212 207526352 682802161 798960641 993416503 24331779 949231918 451780949 905035320 747071143 139717962 402411 49782656 505741186 815451151 951098546 753698181 904908346 690208641 825605205 971133510 742794607 461531479 659380783 812207548 562829977 903490975 983170747 435753361 573529402 157349098 635351666 377139435 912437441 61172253 207869283 910213136 327984868 23246910 636682560 957079499 225062058 117091480 877658247 945982534 918092495 906256875 54424590 875619153 439197363 601772697 411101422 142399921 661467536 740285059 505313207 568124785 111520098 991225220 197051549 642031334 844508126 659747732 824100689 103277654 616724452 201222872 128625965 483807846 135282367 922970737 749317210 550038965 922625373 841315766 591486423 214398060 988328279 925507178 928026711 83350497 241600718 996961014 210287658 331673514 665732091 932013190 834260920 90106406 952054493 697137828 979526969 893721134 779382303 176416398 454533676 676529970 561601838 239786583 648927916 759204423 285505304 663619673 634551497 663379364 654972711 170366404 289101077 626370722 967782539 293638055 550265383 745579659 150808030 228423680 581651830 900333778 456329576 463470177 369779980 730539482 285730913 533248387 271223628 716932432 798409439 566335759 659186112 159414999 872376308 159998064 890656830 831889778 463645549 675811789 54144202 851676332 532889305 570993959 6486870 986291993 319779162 199677900 848413919 290461318 319803497 966496089 955312904 137147479 401822360 813450804 434610007 475348017 135685889 66859347 538511431 778797653 13245070 186080517 925462589 544182873 76959612 447043005 718096222 849673291 548610667 531536779 45049929 577520596 597019901 723174540 427590475 994963236 116515728 73829090 828864842 420744990 958339018 419372945 496936722 773771614 921081709 603262666 236754742 666037854 813734886 420843363 294517503 828818466 75271373 363664955 402784572 883473551 355387891 904023626 733638648 403268742 127323739 216673890 980768341 925108604 801912288 918650479 554311602 451881126 363385059 966229908 659001897 776151839 847425099 213465853 75783162 491192484 153970135 330861468 146597660 984413680 757598843 615240683 778961615 820330108 567928929 784756065 252205507 942539057 398055185 210913437 128624498 353185434 365834027 327089041 543225836 936464302 837001055 878925237 341226717 578045798 788561781 415083792 968540698 112366225 126865513 477288179 928905850 917146562 486537315 869171030 428687663 164940659 359894359 735695972 142509927 497964064 604970999 315311370 333165723 225473412 478090910 804389222 937479300 634759282 342489244 830913149 702781668 257681222 627455548 385736086 70196016 477527185 48914572 652703221 682526801 51388077 734241182 672384269 914188775 215833249 467313228 51180357 904748836 457600096 367539851 334519359 949333379 109960254 684015979 322379006 727302095 278291820 617332316 164069440 340224228 992496623 802737582 557092490 856830325 22742078 458376196 413751382 801096224 657364340 633131390 565709515 682858877 946407578 228267193 412982021 49036718 677724759 798754141 579454521 483067368 187154436 292921477 319970446 290867814 197306328 119575556 351681050 923421741 23733626 620489363 970931169 191872521 448255581 797971293 995221642 601769789 172264359 943814100 886504310 945684284 282019503 903377514 751526408 669671175 16097743 832655803 742336676 319126837 70074732 155525787 830906850 748437253 174354224 795376904 940261798 209555019 655593516 576158241 844586988 533554042 249171983 214532577 72238265 458009286 221182102 638343317 820518636 317746995 877599213 876126971 128064939 831570582 717629135 717015880 50919953 914960457 812598685 62735310 879160441 517024139 503020705 466739882 903967058 242960503 437103638 150916556 903440337 717159225 711857210 85325702 830668231 38951793 238672721 397109693 348359544 788484497 572445985 445296250 240603006 752009670 922098871 887818137 475537210 709425824 429639555 513585044 222081622 703245825 330276243 868183067 284863944 273038813 618504558 942235764 667428592 291266125 749492332 233985655 190167426 351751509 441822220 244607580 446828592 264479282 833032289 516152870 164197309 818685751 974047143 494113272 213249135 963968315 77229250 839528289 297605698 920267840 851772856 695486563 126442911 900783088 159112477 98976896 152369470 735675400 624470603 709038465 613488418 502683858 637498743 139033850 447565617 401166449 145129655 893640568 971143854 599638209 815068933 40458261 108969151 688251588 928394254 769717417 517357614 392197671 595996677 861288338 893736246 141897738 741132010 141326590 477877598 353231731 531534282 488276183 946382735 44043803 218862602 594120851 546502529 538402991 998538401 597165417 644405951 455574580 303261634 990851084 344090222 35317187 60241290 444132642 648713887 750912900 711613499 412099229 319719573 697088336 718134991 230510403 838559158 988211143 565146634 895477040 167675717 229102213 808410472 79752410 987734699 757858321 235703780 111011423 767148500 292240498 300350692 807869028 73606497 745044550 618102218 442085801 888388697 126934310 380718468 55620408 346468938 28456901 109112380 455851474 479630853 544441406 236634952 36829418 293159643 360538304 626056124 433771875 573307008 265863737 44756364 954582485 837868420 29816186 819130483 460235204 728771092 613180464 315613406 845949903 725039660 63657492 562275477 20168687 937047257 745055403 925936049 810832552 815262001 63703542 249409041 937621276 553746703 284370101 725762436 413047056 167186366 682663629 393017964 947667499 496522819 715837428 765352157 345223530 977134556 437407119 979638877 150882660 486578473 31828117 256072613 834422656 668662017 50210864 534756547 293169599 198881484 138568986 518676512 118481476 28211381 774329634 579097091 373766272 478211484 717132263 204084729 866167931 606186156 609264623 376111487 873587986 920175758 707875878 522034839 967839276 698233679 341312276 81889105 813942528 461864093 28635006 212920160 281071634 708186703 692267701 317181091 454883761 763661367 128360296 913235436 880957509 871729775 367469598 97681022 410953754 27709014 688646626 546762060 809755633 1432467 355254031 646974176 639860014 425037534 143169083 755480186 981750181 903412328 244078074 415267110 347166714 297821053 725465294 226104649 337874640 291463545 528117741 830123598 153631849 744595953 173376101 109156021 519627943 350107416 83253988 399446917 754649864 493022782 616190622 850487188 262478151 47422853 531889063 303997060 161311604 759344091 135359635 925399946 291823694 721376826 385400857 609847254 999465733 634527874 247962382 260190133 49814934 169428710 639266833 154577162 88274385 591046240 191158678 399151346 564377665 702006494 88089977 926167984 140428598 424917855 272920595 311091182 695510529 415746854 791778751 580257575 368863554 228092076 42851233 67647976 808552748 276320942 594045597 610948967 740838467 87500997 898616875 303884374 341049373 730819365 645127681 127534294 197107372 766188772 631743924 509333192 836856679 955241214 306471741 641440763 649296822 900249304 999894849 617830620 336099584 638519064 833421221 356353956 982896914 685176312 861083542 756802316 806471280 897888839 304737502 947811227 1603106 262962588 467486706 778717108 693775987 560596773 472892340 93068058 555947157 767974714 756974392 375888054 765288695 582577560 210529820 317182555 606310734 620582481 473275189 83526658 321170891 415057313 835357012 871330332 529641268 902343857 559433106 347195694 784108579 23368972 914757240 587750951 583668256 791422678 227791263 142974331 530978968 558744312 525123718 72273304 232367788 492652461 942316774 249532800 893172243 63957741 566910701 327556497 28321428 733583148 417235042 810325913 640047213 952419714 664501570 991231979 227648909 344557833 775379727 596438588 337273927 92147599 321307063 171027915 304038449 225718587 961925564 570145373 272076025 411076502 410292377 979840484 180143069 703315427 727646330 549567894 86323273 382148153 920715870 915272751 611009860 966428672 611591134 973748239 232162356 574158309 224805403 140189675 3447748 284392055 205368140 401935414 176672171 827163385 553265687 634270258 582646735 650212398 957675942 861429977 38873577 613874787 213724675 416724125 473065050 552424970 476371276 527683884 657613345 325060748 776059238 885672880 48382953 855068885 507660806 483179281 383896849 13507213 371689926 667014218 495298679 36972097 549516413 48997813 924348576 365045770 394486533 674129008 912868961 34043114 858755575 159231758 63194029 906179480 745042204 116983785 329939367 713836123 432760841 129095344 84453096 354459339 646382715 303239006 403646432 781182972 511598506 559260738 685013496 972305417 413988000 992388784 156461368 624074561 532056479 921308434 917885796 996820443 677353752 360116296 279196772 121279215 699426134 311457295 997533779 44383059 736008254 51958189 497033148 521210878 296750594 670325317 111864740 459071751 262624221 486120692 807639757 780944822 6619584 37121335 108980565 939087506 894100675 606376625 669497545 507808899 87014817 934269617 910362953 165018497 783218435 95004166 892563456 897113393 720951662 744822229 870827018 53782967 343879762 356260323 691189173 591900104 573614387 452938491 318258965 588159411 676968274 241405775 612786181 384299358 460982685 755393027 593895001 181264174 961865142 499177290 32744358 732506889 330752025 116513069 571995963 485941886 893305937 278331844 359302222 103709812 32783168 705644412 743230976 480266465 133886960 92496158 107892227
526 1158 167097152
848 1764 542064628
678 631 281558910
1468 792 308019306
1937 1230 101526583
1915 1541 902133859
1149 1926 690809452
395 916 781663542
1034 1264 265302725
1443 228 291436193
642 1484 747621941
1414 1658 789800475
1890 717 321008814
277 1638 615405934
1052 1200 254381373
241 199 525730489
352 498 807068193
1437 1952 632144928
1798 996 392320531
50 98 127634657
1720 1953 712994157
1587 602 331644750
1103 699 141355956
1447 1968 530742654
1727 1772 314451284
47 428 396845146
917 809 183143979
133 1308 706753700
1630 1740 708534144
27 1056 240136384
1592 595 836559792
800 144 497517861
1854 525 969464553
763 1868 983527714
1767 8 324801102
1054 135 394159980
850 703 375503735
1423 822 664842007
405 1628 892706982
239 1982 758817562
1019 1428 676733580
1742 1045 630305882
462 880 788138093
1396 1931 506284009
1703 1588 629563052
460 574 854282725
253 879 360978464
571 1389 635880610
174 1604 869803597
1786 1052 626598332
101 1327 881490637
251 1206 777953396
1507 389 312623866
1261 1513 773440197
751 675 794939845
609 725 806019795
1768 1743 350153499
353 465 542964787
254 1873 149826229
1107 1803 771831984
298 1618 352587590
763 814 906947290
618 820 317912191
1693 108 352234558
1686 1800 414619951
731 70 585037701
1767 1702 191913710
464 364 408681792
1739 1251 573479681
575 37 431688468
181 1191 266383120
226 486 297294365
1991 468 1599197
683 1971 962697959
1577 297 40400699
1031 1116 503025066
377 1535 357252560
1763 1066 311588997
18 721 162853216
437 1919 503285418
1714 1537 273132407
926 1237 77733246
456 1908 252716283
525 210 936143420
1578 1408 399391618
723 878 211132826
1013 1449 719052098
1954 319 385677574
1893 1990 162367007
1881 1654 31361978
1506 963 479129127
567 1810 419217417
1396 377 325456358
1154 1788 128425537
1583 699 17188591
535 1172 402100021
338 1976 207304071
1007 296 151248864
518 17 87441895
877 1814 517443760
491 1531 824865137
584 324 801267219
1750 831 614660078
721 528 447108726
1960 1859 363142231
1029 1984 35301268
471 728 56558631
237 1566 959239500
1002 193 489828026
448 96 885897005
1092 106 364413655
369 1235 810738170
190 576 631494977
1184 457 420370245
750 486 418136513
1936 25 826702957
1258 333 909470377
290 200 991479148
1784 858 456158241
1692 685 172077191
1374 43 530827359
357 433 314110378
1050 119 759137568
591 343 687892210
1043 95 758910841
473 1679 606292140
1474 1458 313113983
1622 1053 190960433
1925 1068 607414077
846 850 871777098
1342 1663 435079521
412 44 422618804
896 490 729991029
752 1746 940452981
1506 788 398306847
739 1174 107280090
1762 160 26441805
1870 35 20043588
992 562 796831346
115 160 738591317
1488 1123 609800943
48 280 32343388
1834 179 974862819
1676 566 894453331
676 841 760877610
500 1658 911098839
516 1926 219990348
1424 899 194215929
1451 135 135309107
1378 967 312365223
1926 608 996261835
1347 518 815804334
1466 1678 774107790
1283 246 288047310
114 986 251804775
1365 1925 286083619
34 1631 131675536
1031 40 844366765
944 1114 495940193
1798 1813 81597194
1057 1458 303960247
1188 37 122405307
1864 1184 567316943
840 1635 83713279
1176 179 862438738
699 1787 272234623
344 918 136505231
1569 1578 810458800
664 1771 959072624
1925 1029 617039317
93 1365 753795354
1915 1495 237338696
271 130 173045722
1831 28 256627545
213 106 620735419
494 1936 920499542
236 720 518994324
229 644 103206641
129 955 506014331
211 382 212662548
856 910 557005825
346 170 487461953
526 1644 323893039
586 1192 498147695
539 1253 298851341
1973 818 988504860
1632 842 533832013
352 404 791705754
1519 1442 224358747
225 1034 154198683
1266 1102 638888172
1919 1480 340818806
917 1832 975259217
916 1246 174697187
254 1064 409417460
84 1466 323677204
673 524 741388820
1389 1350 116915709
1709 175 109206064
1952 860 676870689
1564 1384 316756081
673 1216 184172800
85 430 492762840
975 469 638479845
1139 196 779982599
1345 1637 488433281
1042 230 988862054
1511 80 831732280
179 1707 14404849
420 1542 970066474
1469 2 135105010
324 133 321045391
727 937 357133076
478 1104 101156672
572 1231 209607123
599 953 324877875
1630 1295 542131707
547 53 878650318
499 958 353771848
772 1394 695472067
1211 595 709881189
717 708 317168688
514 563 637214624
1684 1556 924363384
381 565 897944545
1243 1171 297616933
1957 1672 280682775
1200 1201 157965364
1813 443 626417440
593 1266 292829331
1344 1064 301660722
1583 1847 559183411
278 13 90555479
1025 64 386962327
575 1381 150940961
1406 390 788836353
1705 350 58337774
1397 1132 160642108
1999 1768 842715942
121 877 131840516
21 696 882288043
1485 1475 854222316
642 628 887690764
1402 1577 682748920
489 1270 350089929
999 502 63321433
40 771 441716540
504 343 198395058
1571 1459 100858790
558 1089 687616618
1333 848 815020832
1708 1260 768025954
804 1919 537692244
302 814 389562463
795 581 558072054
1712 1448 352463800
1943 183 479128631
815 1505 546795057
1195 64 903698799
1767 1042 121229121
1240 307 475744070
1316 55 55092740
312 461 399153416
881 1513 625562987
358 622 106013415
1488 334 303201884
670 1941 172994518
1614 882 921419915
284 1563 913348817
821 1737 628619335
121 356 253758694
943 1045 560115675
830 893 101376575
618 755 785441325
182 1779 219574878
1604 1696 141999445
583 8 656111678
219 74 170526633
845 1266 955698144
1376 376 252679280
1357 1163 541673506
1260 231 588093961
1249 581 714835970
198 3 833096905
252 1751 771567628
1859 1540 259173094
1747 1563 922787373
1983 229 99729758
1366 788 440491988
974 1731 19042671
1401 1553 822347498
1841 164 285459466
1993 1578 898939606
1518 293 178028367
1713 1800 21462421
86 1665 264615056
383 394 685034031
597 924 736165928
293 595 676259592
1022 1953 81305068
716 112 779061035
1203 1531 879808350
640 487 65940518
1214 1190 126799390
1631 735 867342184
1094 693 202499159
1240 1060 696633497
864 1116 977135023
969 152 159370226
219 664 427466791
1562 1655 559918723
100 1481 108039086
1269 1627 662056482
1893 835 355589466
1727 1376 227594444
559 683 836199986
470 1223 354260617
1427 346 388932893
469 1808 525129232
798 518 505794144
235 990 145582085
1510 129 711553475
1554 940 774693215
1666 888 557190380
1491 896 228320090
975 148 124588403
90 1283 153855387
1130 837 143219565
589 679 136978300
816 420 931498135
1261 1439 501879362
1121 1890 365579498
37 1057 991530120
11 947 625448935
1111 991 598093614
239 1363 510538050
1579 20 421630356
651 417 459350448
1426 1862 253316550
1324 125 784304256
1569 736 803779432
1094 778 892765372
1092 1885 455993355
1511 274 293501826
1741 1109 493488443
1606 1651 544575068
706 87 338809220
729 1441 447377579
1922 1970 393199912
565 570 83182752
596 1513 237749679
1938 1380 138470871
1705 715 480788890
1793 515 384754339
1005 428 738492006
913 367 416166761
810 406 560457497
1524 61 148857824
868 1571 551783141
1753 771 492590567
433 1518 876775313
476 31 41423147
1354 1055 230320854
1235 1175 397565046
844 616 810596260
1704 1319 170317715
17 156 950638558
283 1142 318958029
52 62 846535256
799 29 344114394
992 1234 312479150
1061 1482 820382862
1702 1483 955661230
1052 1676 288856887
635 943 972961919
1741 1677 577263735
1773 935 976100492
872 1625 990155463
66 464 776739383
643 391 71160548
55 1551 325313170
1261 1193 347919961
739 338 110806907
737 1452 997961055
616 1378 360854325
36 654 937277142
693 268 775804544
1159 1247 800133539
676 1387 870810349
1003 1285 73949829
640 1973 724320551
262 253 977801401
323 20 466347895
855 1304 547079606
1110 1310 389892459
802 191 693573429
570 1359 386230406
1592 1336 334265754
964 1814 70472225
841 1350 340855852
1164 301 457660996
1270 887 260292055
470 1551 338908156
1653 421 699998427
29 1950 549765180
460 420 143660797
200 394 641961192
816 568 379984791
828 596 528288781
884 1087 316586490
316 54 802036683
754 975 44716433
60 900 466049322
1566 1923 672364503
1540 1567 332037011
1030 496 984079169
1425 1888 736242808
1230 145 454242118
1753 1599 857717136
905 1697 862934657
189 1340 275486968
132 1618 715294974
1163 1388 755555833
90 1995 907643739
583 593 493111805
322 1286 499210573
177 1351 550815013
1798 294 534066385
46 1219 670093926
1330 1698 227322102
541 297 76933666
754 161 676604635
1094 934 611133491
1183 326 805518940
1251 1235 617281598
1207 410 421671250
1658 682 992461869
1378 735 658175257
1628 748 544842018
566 1610 599333431
1575 1538 902812938
333 1080 975284862
176 332 780563398
1696 397 915818721
356 1541 892604658
1275 454 624492707
240 1151 337359384
1862 859 634568151
210 664 819689491
1112 751 40182586
1722 464 357462041
1655 2000 921813386
786 862 484263394
239 1197 964206790
188 1227 255257059
938 218 520807408
1213 1638 121075959
975 799 410910064
734 1307 132084640
1311 857 29568069
898 960 33518946
1965 504 630361388
228 421 590849951
498 1186 569874461
1492 335 463025313
1177 1132 735904365
1601 940 90243270
899 1145 665275233
2000 1665 972479
776 70 334862152
1358 1116 529135903
172 65 490479906
487 1038 26475209
647 368 955639597
110 123 949819800
529 944 773809700
415 1172 942111307
11 1385 544278998
61 145 226249518
303 552 885088756
1523 360 528630891
1647 55 457365554
1122 1396 680565426
1139 1221 871075066
946 1418 675687081
1490 1351 99100462
1692 1019 823720807
100 1423 517752525
1750 890 314652817
1100 800 636886165
249 461 479757109
423 216 920638283
1392 914 939117826
188 512 82011186
545 1299 428327985
634 484 953376771
281 389 979992623
778 772 465472568
953 741 130909723
1578 719 219905459
1600 237 209209529
130 28 182900398
480 229 755736734
1289 389 501270942
151 173 658962794
1962 1168 604350498
885 1285 546772271
1231 562 364354762
538 1257 979895450
1669 682 643778427
1678 210 83970027
474 1323 280367025
674 1804 348521112
450 333 593069432
1134 1589 530163735
992 1186 473894625
496 358 913407687
984 745 676670902
321 1960 690495456
454 1729 52319800
1566 1931 915532923
978 870 567068116
221 396 614947156
241 1724 357648350
1413 955 58068436
1676 1426 841686423
1298 1426 593925402
1705 1215 817621755
152 850 396498947
910 1621 694265966
1819 906 747691615
84 738 755326183
1227 1367 884580490
852 1726 972855387
959 1635 992921821
307 143 341556527
369 373 14578822
203 1521 588887186
930 467 523945357
1497 1126 239111281
1599 1476 597507501
354 241 479649234
1869 858 934990773
1551 1352 299698542
1682 663 89658236
1179 1359 901009189
954 896 842846491
1414 90 242780799
1974 1146 207131857
1223 1066 64820880
988 46 722948301
190 368 49884388
1678 845 815227950
1220 1545 456298429
309 261 881585209
952 892 720466103
1987 328 218677421
1196 1705 979385866
729 525 895641786
282 589 570332999
1294 1800 733814811
350 483 429115723
1556 918 631379251
1013 330 561111703
1394 942 507906953
1633 1348 325309614
972 1314 452391646
1260 70 304975682
1942 1200 576031729
1988 259 304250861
365 431 394927623
280 308 935650911
321 1098 87338498
345 325 418663988
1761 635 192795987
1376 1691 967062158
747 856 143280504
1405 1026 370283640
1046 1731 381027579
1494 1509 492980342
973 899 19832588
1787 165 480442131
980 1059 530703471
1630 1037 359763321
1869 1077 731935588
1477 1763 821418390
1138 448 530069792
1238 1240 922320441
87 546 566980370
1432 655 360204467
498 63 954490081
567 1792 594446270
1268 984 642372443
1349 750 411583661
1399 1350 609363284
697 560 928917624
1470 1611 780247175
1706 1009 690800123
834 1721 7675816
384 1375 629859407
143 1611 648983087
1266 480 339111791
228 741 5755964
1608 1437 754573789
1687 1135 420090001
9 700 431460501
453 20 178223127
482 1799 240087491
997 528 644932719
503 1115 553489312
570 463 475805215
1752 1035 592337557
537 966 431721979
853 610 650765573
771 216 406414463
202 95 861276857
183 1192 295775889
727 1396 927519377
43 480 837901948
1039 677 20755319
1024 45 140469205
1855 1082 279488802
283 117 563425011
1962 1979 494674017
1427 1058 848968891
864 1053 987309195
1068 980 724490216
1235 1245 399082862
1429 143 719211510
526 1467 54712600
1617 1064 873836418
1799 350 564979836
338 1388 448254209
547 181 713252075
172 723 681082586
1045 419 88103695
466 1684 712606102
603 898 688891351
1503 500 585087688
655 1673 639024465
1536 346 878077675
294 129 600914114
320 1975 500190131
596 1379 535568444
107 1305 618468812
119 231 699305745
1890 1822 338984385
1102 196 812379874
868 1522 998889595
1495 223 884491637
1762 483 612431704
792 1802 426243920
701 620 228888034
151 1968 534510217
979 165 504429026
262 252 779650169
1584 408 822232568
1002 1348 734067261
1937 775 169809010
482 581 752579858
801 1915 590388454
1438 785 106553177
731 1950 202578727
1727 798 943249617
307 567 700615253
1043 490 901304269
1733 1380 571748457
84 223 938741827
237 1463 408579164
629 1706 972342534
641 783 9482993
1631 234 698914549
1905 1073 856261130
1928 636 923912819
542 1180 886063678
867 238 535414008
966 186 495445873
1131 574 257135239
256 1988 125279699
1246 862 308104481
172 1384 157563107
307 925 813734937
20 343 519970102
699 230 577358194
1074 26 668807091
838 1399 180475419
34 353 382452029
253 882 831065982
1147 1440 476702986
804 372 333726003
1752 900 788013532
514 395 624370759
1992 683 135638544
1266 1183 782605203
1731 1601 664869601
1625 1784 466335917
1368 1269 331983935
610 1578 802280478
1001 578 688066006
1595 997 231371672
1544 1780 297208624
162 660 785063893
181 963 470010928
430 161 944762384
1861 1092 202441819
1754 911 390721784
1294 1057 19491062
743 1190 168168894
216 967 457538280
1455 1039 286314583
1431 240 458642364
1895 693 327205154
1866 1029 720752059
323 1060 320685677
1175 533 584878029
1684 1699 595341881
1700 818 692119006
432 552 71007901
695 45 28152866
1850 381 8204178
396 442 929267379
545 1762 371484780
1575 1292 5051502
22 1777 307197747
602 573 963487847
632 657 460178717
1314 971 538142188
1534 319 149199415
1009 986 29781553
1119 442 570776909
803 791 49317102
693 1586 231110453
1761 1984 900918521
415 131 484070214
1815 503 584096133
699 912 664329802
1327 803 901208379
264 1238 757429669
1324 1622 4853383
1265 732 301491755
1586 367 262443943
1881 435 281873869
828 1840 34824918
354 890 109639686
855 1102 119873500
749 1012 332436376
691 371 526041454
1849 1521 165613454
1845 474 259396281
1491 703 29710861
1089 1688 534396368
1549 1650 585801307
704 1838 352229134
65 1379 839937056
1002 1023 123200243
1486 790 83513020
1074 440 429788331
1209 1040 547709471
1478 790 644369861
1121 545 557817339
1614 259 895503269
560 1784 756411431
1279 1981 145244231
1619 1986 152108722
184 851 196915037
659 892 857488826
441 1536 294544050
1971 383 206265507
1428 448 572919099
1669 797 659781923
1385 1595 533363515
1665 1891 39107231
955 2000 513695048
680 1633 673813734
1232 1558 309869707
164 441 472901225
1297 1551 303338731
1092 549 337873132
943 720 201450692
1550 1857 881062759
1145 571 893157507
1604 95 870478635
767 780 668194896
1983 725 98585142
1247 1809 936703628
1251 179 784540801
1980 168 271635060
1207 1087 352100124
789 369 140201731
1814 1320 212273849
1928 1828 188866852
1725 981 302875957
1435 1438 497495945
794 325 340382826
1030 1369 866983947
120 683 190279518
1082 1662 75428988
1464 803 444634792
1669 1508 790340643
1779 669 645783655
1161 1815 579148170
1302 1589 828344184
176 283 951469974
88 449 536667888
943 1495 321922400
357 326 394904855
549 1411 370893873
218 1311 994106741
1934 1499 428920098
932 1557 925695056
1560 1192 236066714
1792 652 623449366
357 1297 314172830
1243 46 284041744
1969 1198 278719221
473 1581 379494365
1920 1959 866451666
1833 200 890700343
884 1098 156702337
855 717 824161656
1547 1495 277527083
1253 217 257238369
30 1706 837891111
1772 1758 161500234
1698 525 584126978
1034 598 379433279
866 238 448036782
607 266 527382998
360 988 770050392
1970 673 655150150
153 504 471495699
1409 1218 207610048
608 1964 335730200
519 696 900277320
403 447 36770642
65 1748 266915950
1199 194 91981530
545 1404 871590983
423 519 946390878
760 1433 642276272
1778 776 180289959
1923 1547 400540625
1154 367 277630578
1463 1196 609230428
1178 232 792518322
824 1889 207259343
600 383 75058430
1044 579 440680774
1144 143 766692975
352 1768 399081934
1737 306 188569088
1588 1969 15979207
281 1 111090672
106 1952 244764150
1469 1450 961650533
76 882 20565898
612 1074 73327868
568 1838 175771728
383 1366 268290590
1892 519 821499477
1304 1349 62530355
1170 1705 335443630
766 1642 882081562
1720 1336 256967650
1269 1015 218441361
768 1050 707926021
1278 1252 499673210
205 1670 846064040
1944 1899 592267695
720 1749 563829141
685 224 476614617
1948 1411 917886758
1041 530 591467994
519 1377 170658598
1197 1469 366448629
1758 576 583441208
1684 1039 147102750
1796 1986 583359946
501 72 507114149
1984 1603 951105230
818 6 262835176
828 548 527566694
373 1824 310149591
1795 1981 507313554
1217 828 587218522
374 178 875020797
1948 500 237958967
1170 542 433371530
723 694 106350975
1402 265 671836287
1131 799 815829608
647 1122 541976390
1242 939 386601324
818 614 476036879
1711 1958 593238280
1237 1243 829387807
1455 1365 701134362
1745 1509 83731805
1330 1000 352227290
1624 1539 403109462
931 64 169213976
917 1294 802193536
1465 519 597335993
1696 1424 826099689
692 1349 781343505
1808 651 655136663
1313 1392 923885866
1644 728 205869497
1819 446 558286021
666 1104 496467064
1979 756 230876405
611 774 62535423
805 732 292368920
289 845 578424311
1764 186 164288974
705 1653 191486391
1843 824 409169873
1875 908 588793959
276 1933 686224825
1429 13 922788022
1779 1376 646915270
1420 332 763575283
1791 1926 177409103
591 71 436207627
1500 1308 924450878
538 1065 911611384
1921 493 151730447
1606 163 868982408
1033 462 48806341
248 1694 317904980
979 1532 564041907
646 1706 862446578
731 597 764428232
1711 1467 214030945
130 112 609700640
1530 1179 199483713
480 1834 688035030
1015 197 235289950
675 392 720174589
205 138 586713015
1738 1256 228108205
1385 445 841928869
426 77 771881054
1731 1163 810363159
885 263 723742627
1006 1453 962109604
1775 1194 914317209
35 773 477373591
1467 1526 612660704
1382 987 940370746
1861 848 721718962
996 1540 782985898
1156 676 91446727
62 345 87520686
1582 1200 935525198
272 1680 565841836
379 419 439454776
34 1691 658117978
240 585 195819673
1050 545 129319011
1670 35 592149650
1981 934 341127919
1237 1762 294282976
567 1823 974015873
1427 1286 958662335
270 78 738491716
989 487 169816122
1482 1747 58178358
180 1755 997138084
658 1985 679429844
1245 399 438721898
751 487 891526940
1814 381 69616538
1139 523 825070584
1338 803 89543665
1202 1997 206616639
474 1793 925725360
1181 617 828900094
638 1402 402456744
1938 100 938938545
901 1992 576244258
206 803 440209248
1233 120 624901692
1952 217 218252122
1877 361 94437804
1124 1796 175192701
1541 453 565058735
1692 864 875941418
1048 1925 158885372
177 432 849467333
879 901 111712204
321 1004 64680601
1635 1837 903345520
1297 651 870914541
1562 1505 993100604
78 1323 843939173
1515 665 953987215
1178 221 844135781
731 411 114095908
1757 1917 487829539
806 112 98848326
491 223 183157522
341 1180 642932693
1447 1570 895295718
1396 847 335154746
1905 1720 868907383
1208 1790 408271114
1523 1060 770032169
901 126 947112722
1775 1119 656304888
434 1818 496684830
436 189 71545599
965 1184 842868891
830 195 429020539
1025 1486 676253782
178 1435 529252538
882 772 357110970
1241 893 434448661
1430 648 276275088
1799 1442 78363449
1318 839 945956877
1685 1202 1187230
1892 975 425875098
796 1305 457871448
1766 1630 178238355
913 659 706024366
1562 69 763617425
1845 1518 706022974
295 1814 297748470
606 1293 504362103
47 1572 502142507
1904 1970 146655931
96 650 693510329
1068 1781 71652016
179 1241 563086617
1131 29 364705997
1599 1036 646788419
917 1875 281137536
1488 1547 860524429
1605 84 550781361
107 1716 144622329
1482 1115 854260258
883 585 971205128
871 66 543627255
809 435 855366709
1187 1344 616346611
1416 1114 372451581
1877 488 847747086
1320 715 603039971
471 501 778926706
1525 1099 285729632
1405 1080 752805203
964 1954 371982024
223 1364 902836776
1721 1502 792155472
1464 826 475555686
1734 1521 945943051
1968 1473 282785005
1793 897 720302962
2 362 312885071
1341 341 858310024
1345 105 977461521
1837 1249 750839077
1707 736 107194141
1797 1117 173376533
1940 1810 533228844
183 405 489244700
119 1390 257960972
891 1711 386474101
64 1057 244526908
868 304 168116952
770 590 187698906
1910 348 826981909
1594 674 521631049
999 316 852685932
689 1468 333255514
355 1175 240247400
1483 1043 980611689
1825 216 282201364
256 1181 4516796
1577 1228 976916750
1121 1544 710194793
1615 655 272904844
993 276 394986658
98 1802 232953598
496 798 352603516
278 1615 562697394
1222 1141 729403899
1769 615 595079268
1060 1112 583381909
1551 598 518486523
1492 1519 782794739
492 1755 609213472
1158 89 479963185
1069 632 157104434
1962 739 391330129
726 57 254009951
224 916 280947260
1887 1238 985117615
465 1476 664947096
1247 716 613171107
784 609 920409791
1899 734 281072969
682 1063 237778234
425 93 874874969
1310 1965 45247749
1784 1377 944917256
388 40 746220738
1273 1015 536134443
1913 27 211275176
927 1343 555326080
1781 1623 791335278
1200 1607 920663441
1894 318 137947934
1563 676 356576842
1964 970 922368198
884 1706 430124750
1606 315 189829189
973 824 600919148
450 884 381202549
1263 789 691264461
310 1435 389949826
1575 1157 794040489
289 1206 207556933
1283 641 122392103
504 1509 216423467
1193 423 899987253
1684 1008 116801798
77 1735 835423823
991 1356 717493070
1778 67 934332545
243 1791 257879535
630 449 612862426
161 1908 575824128
1397 1901 733820851
398 242 708836065
745 1334 609297695
1521 1593 11362538
1034 847 975537277
743 1285 996250685
1553 906 564472897
789 514 663539218
963 862 782580133
745 1862 997957640
1763 1420 252873675
1415 941 233032858
734 1468 120973149
1983 748 435648035
1921 525 140722896
1601 1882 528640893
1398 1070 229759677
1191 1903 835778232
651 64 264413433
337 135 426513242
1157 1838 624174557
1909 1404 374091427
1840 835 293526806
260 666 806231293
649 1860 163524616
433 562 694273664
325 1146 907442326
1776 1152 24633775
1513 1977 553428401
1814 1693 297260216
517 1494 133683813
1516 1053 457938811
359 219 610057084
1945 1474 689297103
811 1886 243975711
1277 1697 536701396
763 1628 447905990
863 917 878975372
1081 285 391641617
1693 1775 905728698
1849 58 533868199
1985 1019 459397517
1016 96 803924376
457 720 727700007
822 1698 259474554
1684 120 814875963
729 134 868684175
1808 1291 875880084
1325 33 325757824
1423 877 685198994
1109 768 564682153
536 152 760697902
762 1026 151529518
1858 1155 877112048
815 741 116429147
1005 1223 535446624
86 104 300066104
1960 339 437569471
207 1148 181370210
1257 1042 392034341
1819 303 267603574
33 604 890224355
1357 1540 804600106
265 456 406983886
463 359 290354905
447 1062 811192848
1127 934 668402108
141 224 663750890
788 161 946186351
1946 1516 915492299
307 480 566949336
514 103 527995150
1740 1313 892652383
1866 1433 832679029
248 95 652672418
1051 877 103719824
714 1449 867429320
334 39 202538175
1915 1406 69809353
1190 338 571498878
1153 1820 525280011
1142 1612 365989503
616 1957 328670141
1182 1881 972694516
1723 1214 934989763
144 1182 568315628
74 1262 66748553
15 1274 423641925
1972 1401 321193651
1545 1662 200326147
674 395 384577100
884 1145 206123875
100 144 255911662
222 1827 337622299
564 252 872409371
1193 1284 366009623
531 922 871814884
87 46 869908870
1040 759 318613551
1891 738 668235212
1251 1607 117813338
1721 1132 662768848
260 659 308503237
387 738 579607969
1249 1536 787808644
1022 1760 679123288
164 1955 753991346
1026 1924 677100911
990 509 719341730
29 1654 833620770
1404 572 204635671
1555 192 784942213
399 909 478685186
1507 1874 337909882
1756 1771 241545722
428 291 27023067
996 606 898172472
725 1127 725750349
1433 1223 245506192
1167 1729 228500667
1336 365 682030470
890 1142 243880168
1997 1866 703430260
881 993 453188894
236 1879 831803394
1959 1684 698276096
1760 1220 837381211
947 230 689307416
723 1756 831119253
1276 467 204540728
497 1943 329071273
196 1536 279066828
479 1059 907446558
1280 318 42266941
735 1996 482369130
65 1130 453068126
129 54 742234705
850 162 279496505
167 695 645022287
1045 948 712751001
131 1262 209666210
651 1745 583817570
514 635 462285333
451 583 211450756
1343 1708 115127090
1002 1109 837084958
1396 980 195807433
180 60 595888222
1761 289 209698072
1261 1063 101215581
1813 111 799867585
323 523 845397449
1814 1808 845551433
656 734 302886603
735 1155 451388400
1535 311 463131427
140 1646 566650206
949 18 215779349
386 1155 679690523
547 224 293961374
236 1126 503933674
872 361 896864668
1370 317 435468579
257 1855 457891593
1103 1905 747196642
1006 1492 55087777
1562 1517 328427498
629 1184 440732817
1661 965 906799982
1877 352 433174098
1221 128 612766507
52 1978 132030724
1338 914 644585313
1422 520 158707179
1951 1118 450404270
1673 886 842275375
1690 741 782119445
755 1820 462474659
1404 1388 114767304
64 1942 858995963
535 456 35064866
109 1073 820967358
1229 1393 447646709
512 263 94109647
236 1219 380610657
322 1572 299556967
864 1186 1515777
1360 627 185487444
520 175 988653684
1799 91 630527840
1597 408 685177499
550 258 80380420
700 1147 497458343
1943 42 419054969
272 324 945683812
338 122 438175084
270 1665 547738104
1813 592 880010512
1546 1261 684556807
156 397 765559275
235 691 159969226
1317 637 365730495
1678 602 887785907
1812 961 353177186
199 701 88984946
1281 1844 821034571
21 321 16109229
1957 549 269401809
1488 190 567461805
748 816 177969347
1388 888 468298590
480 1947 156626865
137 608 951080730
446 1803 351928474
1003 199 755864735
107 1362 766569846
1438 631 608375544
716 1047 938904832
1940 581 646029495
723 247 67522531
229 196 837508878
255 1475 5525300
1267 1289 483508973
568 1271 11313993
750 179 172155106
1384 1689 692511028
317 219 274138683
1925 1750 370990474
418 1552 841313623
332 772 397454958
111 273 229919741
1360 1354 762006395
617 1150 262411652
129 989 153403074
1250 432 165577254
330 744 137874222
1777 1255 18679863
1237 1234 508925450
1568 82 66223736
1143 897 374461405
1147 438 105056071
1061 231 532395572
1197 769 869967137
710 648 973237502
107 1076 91595299
1330 844 984107700
1760 1070 680788528
1701 1483 98723028
1524 1372 834329993
27 799 673853733
737 1020 251594465
1842 1059 858605062
1238 1601 665320722
1795 1431 388446841
1726 104 453725434
1368 1163 338549000
708 865 790699507
1798 1660 689199404
1166 453 10303401
767 1320 154796211
887 14 739441422
753 1015 181553385
1727 1951 262278243
667 197 705694500
797 129 925522118
738 1682 823878845
611 1968 453821044
922 647 690082628
1812 1467 962463498
1601 937 457885454
518 199 675558360
1418 1874 314902819
1137 738 853510889
764 1889 780264251
923 975 198523881
193 591 763203399
122 336 529295806
1211 1659 882298459
1946 1175 393246908
1940 840 89520836
961 312 678346320
1223 345 912573828
223 946 907260446
1910 1799 767322775
335 1068 477034987
568 1277 409055100
1900 1905 226511771
1790 1113 838032360
1726 1809 806125257
1017 1133 92258669
482 120 260047054
1659 1081 878563239
169 914 356498443
373 83 106773723
1794 1200 737122749
917 1511 40132807
660 889 290084734
278 1099 996407315
1118 595 397248266
1391 1535 275637409
1849 842 384573647
999 859 977371004
1475 1635 410279386
62 1751 937787761
8 1125 468300454
54 364 909446816
1835 1118 322619568
1067 776 510646338
1949 1071 448411645
1063 568 77259465
1699 1068 550093209
1297 1313 13415980
1507 1398 460696550
710 88 791932859
1522 769 109512565
1650 1472 547376641
1401 1849 913228254
423 312 520711749
935 925 689925016
624 228 983441441
134 1427 519961477
407 491 861900217
316 1817 841224468
1744 1614 30446998
9 1762 514957997
748 554 365183005
772 125 990685610
1778 38 321546861
1726 699 95459663
1994 1320 804196389
1290 1920 664117457
1720 1137 889044554
377 1059 439306839
1964 592 279820383
1500 1707 589070424
402 1755 111101852
986 869 570199869
1006 1717 436900984
1843 1690 941237923
1421 30 756787203
444 119 931922991
888 1777 459615236
762 1435 93220566
1926 1785 32498920
296 1948 311131172
1946 1565 806244928
951 965 412353038
895 1197 660578490
228 234 77173778
189 1271 108923775
1929 726 937922760
1268 1065 641643022
1555 1000 310915997
1749 732 5568647
1690 1401 237787146
572 1738 489993708
1229 518 846837287
340 1048 203763628
587 939 841781935
1679 48 288387498
1686 582 538615305
903 216 711434396
1823 732 945509714
1794 1114 245796093
15 1452 334845011
1135 1253 530295251
811 1262 135451778
72 1520 419149961
1881 1689 360842005
991 253 338934667
1841 51 381695638
1209 1049 538736786
643 1408 261486358
1125 1145 679507762
814 1341 792845636
1215 1600 814297362
1914 827 307375570
1299 397 164385851
844 101 935822971
10 1520 119037984
1509 975 178573793
1562 443 673276636
1031 649 193660722
1950 8 636592591
1504 476 629963606
1891 35 960008768
155 277 598041043
1357 274 972211878
1184 1636 794375168
1659 92 511485287
1193 1971 737930874
110 1888 283702833
400 1575 480729819
52 495 581019044
1129 1835 685313098
577 708 978380086
1134 922 895076690
523 743 799728114
1800 178 60399169
425 441 281463559
1884 415 446318372
884 1300 763337458
844 1937 423632042
1513 917 211063486
238 1574 674482325
1545 1717 463931318
1063 751 425147422
236 645 657287805
372 1842 379920081
269 1092 494814491
890 1794 974517041
1920 1056 597963967
1244 1083 603110892
947 1496 54102935
1041 512 4664069
1038 1673 492722637
201 961 277591941
1117 1904 506650243
830 363 226788844
305 881 286781929
954 175 936550170
1866 1836 589790879
1687 702 679181254
1758 456 569951086
1435 1724 715486554
1892 1969 298057646
1986 997 991356774
1969 1632 143273403
1611 1780 982810256
52 434 877700699
1250 877 491635228
365 1368 102436030
1490 525 726650474
1630 209 748427242
1502 1501 273834688
1335 785 328788922
20 149 597885858
1355 1700 901207678
1009 1706 753281203
947 1510 181481914
1372 1088 850749590
1653 18 370383223
1830 389 432500745
1824 1531 307133652
1551 1718 408985647
913 781 715045670
880 333 191316042
1836 418 252015894
1724 1177 463818360
1210 789 140048000
1875 1771 614589791
861 1257 648498490
636 848 863163841
879 1933 109454748
1413 1447 108791847
396 1160 875005583
1022 1423 891528835
1168 877 205178869
1633 1629 475304368
1403 1346 438183445
320 1353 133196148
1807 1099 936408371
873 1359 622162314
1374 308 931739226
154 137 294061968
416 487 413342665
469 1792 811515093
747 1231 429020681
1469 652 951158018
1446 549 506696275
1116 375 890915265
978 1566 510569852
1410 36 846194797
733 176 408448319
860 206 138780245
1631 343 182047279
1689 1420 234275978
779 104 875285175
1952 31 979727449
553 635 627128706
1544 842 545223946
593 1653 954686964
1172 798 676912309
463 1395 274888831
895 1946 252047532
1706 1614 868808316
871 1984 778705033
480 1442 434179809
891 1529 654523959
1128 1609 989211851
63 1288 957893901
900 671 986755243
544 282 909252017
1028 364 617190307
1523 1336 618017028
1972 931 372679245
1235 1059 298260556
829 1584 729269751
851 1118 194878051
833 1474 560426464
1493 1649 113445656
161 1741 458866244
1078 682 442032517
1499 140 304924735
820 1764 767488308
1448 1380 624641976
527 198 622899649
1147 1378 648953956
1910 797 982187337
383 671 531849086
1174 1515 991058940
1177 764 898798760
1635 540 362129811
1738 1260 905267644
1983 1387 789317002
882 480 445730526
1281 466 152262923
1785 1381 127729042
316 1397 251790713
537 704 48895249
731 775 113396430
1765 380 315313374
522 1310 266469381
461 1543 230163900
1127 1674 937822343
1664 404 631858323
193 279 638308271
301 1611 681569226
611 76 598865058
137 417 870934319
1476 97 766375573
557 674 278940361
1659 1116 953505136
1342 1818 723617115
1660 192 830444088
761 376 353763279
86 452 569658507
1139 1378 881750390
390 1416 204169031
1320 511 934305174
1840 1134 194789291
1594 824 939197111
389 1176 226237438
709 1766 859700329
1528 1340 47822519
165 1278 477662886
211 1307 387434427
1196 1250 830859242
528 635 590081884
217 16 138359764
1936 859 282491429
827 1445 772927509
1408 699 10322119
179 262 477201989
1883 284 206506267
331 1507 460732396
656 1933 852274278
1900 991 106042477
1443 562 816526819
295 463 726706133
1472 1378 933670307
207 1831 864025635
1304 438 982313272
325 72 249307305
220 1655 234559751
1355 109 445024492
498 189 220397583
1803 1443 651130409
1619 919 151301231
1036 1725 343635870
455 343 496358508
278 785 118687479
764 1211 738494623
1212 848 27860773
1024 404 958455477
685 1926 865824443
1227 1185 493792668
644 1540 892980718
848 1982 606731492
705 1979 572550563
1001 326 293031157
1622 587 92494045
1315 11 422174054
1157 1213 644026293
1727 1786 93511825
1493 1820 226684118
1182 1404 767224181
1602 536 489670308
892 1425 3999237
39 530 600491656
684 444 501928873
957 784 996463377
1759 90 354510607
627 1202 953458070
988 1726 930844078
1803 1402 103143180
150 166 564837911
1618 904 250940280
1757 1091 17677890
948 895 497801620
758 35 986145351
1383 347 517436445
1977 993 681263384
534 1829 940975394
1229 267 960992166
1796 904 543160099
683 1529 593635664
1810 1939 534764103
1461 625 696708877
1225 1069 921976970
305 221 166827937
572 1438 895716268
1195 1457 730614130
1864 1162 820768884
276 787 668417610
173 175 143654265
907 954 916784653
1653 1381 763330186
1376 1497 818537010
19 1112 685413167
1000 930 985570727
832 583 144931330
1403 973 636488012
930 1971 77492242
1430 253 431518157
1100 51 414990422
471 267 364615688
550 433 580367215
1370 243 352562578
1830 1342 141034396
826 205 992547910
1480 1666 655649622
146 566 965513861
1041 242 899566003
825 1429 824291818
1547 1192 69496375
520 203 651631011
897 1357 117948984
1268 1527 717688565
206 334 352520374
836 10 718923102
1598 1935 169753111
139 1485 353780080
1399 1127 833210871
557 309 243569372
511 1613 592313952
532 1363 140953775
1969 1012 500777563
1300 458 477102981
1694 787 387726256
67 1528 499907766
1738 1012 13621016
1352 681 215572737
378 665 861000168
1231 413 921244580
1417 367 935752358
1291 319 384417997
1126 1839 863204296
885 1332 961482709
1099 1964 493256377
508 689 10910821
467 702 824583704
1680 1244 582789444
851 256 745122356
1017 1686 759134501
170 468 93711881
1599 36 333112846
1977 334 107365730
1356 1493 458945356
90 733 949354981
792 1472 922969099
167 1052 926987253
1015 433 877007762
1597 1837 921707613
1504 1893 969281447
833 1562 216025629
120 1273 801861723
1461 666 854521895
1698 1128 684481201
1471 1941 679282812
1536 40 935244216
1999 1225 10603979
1295 1706 869190934
1922 45 779373904
1879 202 345988681
523 1531 931822147
642 1499 902246042
1802 63 256823001
302 1106 41026913
1045 1301 387532439
1854 355 739247328
1558 993 30165479
1445 825 571491776
1124 1597 153606832
1966 1537 465507570
460 721 466146540
1353 1593 170006015
335 787 105325303
1440 1518 427170120
750 1952 314379400
299 31 782111240
565 805 574970614
844 924 592649556
721 233 497314737
1613 1119 448327008
408 36 462770020
1393 1485 610914618
422 1208 763052192
698 834 227744213
1817 844 880571257
761 1535 198209224
183 951 457387053
248 1424 471129089
1562 1160 36384180
1668 427 183136057
213 17 712579158
1727 1992 480745196
890 524 740036084
1606 1131 327804115
1222 997 745169687
1927 1001 355004212
1237 494 761653762
1064 775 116753037
1561 739 393587701
1486 721 257363159
1693 919 172094460
1202 1057 719048708
1167 527 664386351
1268 1345 57113145
207 1327 592900360
1560 1423 487639297
866 1071 791803841
1225 1262 793845654
525 1901 637245497
488 197 635957471
1730 1914 670286870
826 814 501178316
710 1697 817571986
915 1623 850078892
694 650 25865317
1997 852 749792250
1116 688 420772775
1385 576 418972748
691 132 898304250
1353 216 561219539
507 1046 979659778
999 336 288593723
1349 1971 500563780
1846 7 669530859
1826 364 486270732
808 254 622572566
245 1507 421094187
1418 227 484434569
636 116 803082047
1550 1354 174734165
1431 1993 270962928
1358 109 305905533
25 41 130247848
530 589 244920715
65 1628 132590471
1653 1828 793419592
249 1091 962950352
1049 1231 341515785
535 1567 967508164
1134 799 776808676
1705 1763 114005413
785 1897 19485812
1599 1733 411732044
1496 381 261772733
397 76 171737629
763 750 914630992
1304 1368 759405302
130 1779 856288544
1310 30 646091309
813 1402 984778629
1495 1125 682307488
1873 458 101107050
413 524 551177028
31 1330 24544317
1900 1770 819270388
466 66 187516376
1517 441 126061458
1646 1196 983541502
1482 1222 1711197
126 560 862584743
1352 1825 838102850
1995 1948 851122615
537 716 281124627
1495 86 788953136
1817 63 846243397
1105 21 236771008
1544 537 993855019
1058 1059 650632932
819 486 141373544
1085 1450 763138834
1300 489 196255382
1957 45 649102889
734 1490 102621346
1050 754 777136591
1908 1414 96082918
1546 660 812294000
995 511 861366774
59 293 582145260
1972 1720 249949249
1202 345 139335582
1491 81 874002051
455 1981 34257931
1199 1148 778975334
631 478 374211254
44 293 78058117
1924 1284 502364951
1797 1613 13036415
1248 1816 426460916
112 1442 68536816
832 1483 426735287
1733 1922 22870781
940 1909 624183179
646 177 906777218
1485 1272 625624304
317 1624 563664129
1622 122 470425521
143 911 895743593
147 502 310447566
1637 421 99390464
1087 1950 6766057
1013 1629 919687579
265 741 551108460
730 1348 62108585
1379 1732 491830781
311 241 402829513
590 538 68343139
1852 678 25440890
1857 1345 439338222
1918 681 881557831
1176 1488 998365784
1280 1157 739986911
577 1188 677578621
831 1319 586668273
538 378 896668555
1365 1461 971386771
1349 609 516809628
78 1779 805089598
1864 492 882682849
1368 266 179116881
770 372 609872041
1964 1141 478201167
225 1586 981324532
1960 562 777384876
626 782 635970280
1042 328 990433476
892 1108 607608166
1840 464 796257281
1561 1627 155502734
561 1494 279236309
1916 1802 373712940
1768 1271 928398267
71 534 58972286
65 1679 729902548
383 99 220650555
1701 446 467090615
305 905 65008619
565 1897 712012136
1407 1598 811475815
750 240 398803733
1689 382 694698099
640 762 440363669
