2000 2000
1 2
1 3
3 4
4 5
5 6
6 7
7 8
8 9
9 10
10 11
11 12
12 13
13 14
14 15
15 16
16 17
17 18
18 19
19 20
20 21
21 22
22 23
23 24
24 25
25 26
26 27
27 28
28 29
29 30
30 31
31 32
32 33
33 34
34 35
35 36
36 37
37 38
38 39
39 40
40 41
41 42
42 43
43 44
44 45
45 46
46 47
47 48
48 49
49 50
50 51
51 52
52 53
53 54
54 55
55 56
56 57
54 58
58 59
59 60
60 61
61 62
59 63
63 64
64 65
65 66
65 67
67 68
68 69
68 70
69 71
71 72
72 73
73 74
74 75
73 76
76 77
77 78
78 79
79 80
80 81
81 82
82 83
83 84
84 85
85 86
86 87
87 88
88 89
89 90
90 91
91 92
92 93
93 94
93 95
95 96
95 97
97 98
98 99
99 100
98 101
101 102
102 103
103 104
104 105
105 106
106 107
107 108
108 109
108 110
110 111
111 112
111 113
112 114
114 115
115 116
116 117
117 118
118 119
119 120
120 121
120 122
122 123
123 124
124 125
125 126
126 127
127 128
128 129
129 130
130 131
131 132
132 133
133 134
134 135
135 136
136 137
137 138
138 139
139 140
140 141
141 142
142 143
143 144
144 145
145 146
146 147
147 148
148 149
149 150
150 151
151 152
152 153
153 154
154 155
155 156
156 157
157 158
157 159
159 160
160 161
160 162
161 163
163 164
164 165
165 166
166 167
167 168
168 169
169 170
170 171
171 172
172 173
173 174
174 175
174 176
176 177
177 178
178 179
179 180
180 181
181 182
182 183
183 184
183 185
185 186
186 187
187 188
188 189
189 190
190 191
191 192
192 193
193 194
194 195
195 196
196 197
197 198
198 199
199 200
200 201
201 202
202 203
203 204
204 205
205 206
206 207
207 208
208 209
209 210
210 211
211 212
212 213
213 214
214 215
215 216
216 217
217 218
218 219
219 220
220 221
219 222
222 223
222 224
224 225
225 226
225 227
227 228
228 229
229 230
230 231
231 232
232 233
233 234
233 235
235 236
236 237
237 238
238 239
239 240
240 241
241 242
242 243
242 244
243 245
245 246
245 247
247 248
248 249
249 250
250 251
251 252
252 253
253 254
254 255
255 256
256 257
257 258
258 259
259 260
259 261
261 262
262 263
263 264
264 265
265 266
266 267
262 268
268 269
267 270
270 271
271 272
271 273
273 274
274 275
275 276
276 277
277 278
278 279
279 280
278 281
280 282
282 283
283 284
284 285
285 286
284 287
287 288
288 289
289 290
290 291
291 292
292 293
293 294
294 295
295 296
296 297
297 298
298 299
299 300
300 301
301 302
302 303
303 304
304 305
305 306
306 307
307 308
308 309
309 310
310 311
311 312
312 313
313 314
314 315
314 316
315 317
317 318
318 319
319 320
320 321
321 322
322 323
297 324
324 325
325 326
326 327
327 328
328 329
329 330
330 331
331 332
331 333
333 334
334 335
335 336
336 337
337 338
338 339
339 340
340 341
341 342
342 343
343 344
344 345
345 346
346 347
347 348
346 349
349 350
350 351
351 352
351 353
353 354
354 355
340 356
356 357
357 358
358 359
359 360
360 361
361 362
362 363
363 364
364 365
365 366
366 367
367 368
367 369
369 370
370 371
371 372
372 373
373 374
373 375
375 376
376 377
377 378
378 379
379 380
379 381
381 382
382 383
380 384
384 385
385 386
386 387
387 388
385 389
389 390
390 391
391 392
392 393
393 394
394 395
395 396
396 397
397 398
398 399
399 400
400 401
401 402
402 403
403 404
404 405
405 406
406 407
407 408
407 409
399 410
410 411
411 412
412 413
413 414
414 415
415 416
416 417
417 418
418 419
419 420
420 421
421 422
422 423
423 424
411 425
425 426
426 427
427 428
428 429
429 430
429 431
431 432
432 433
433 434
434 435
431 436
436 437
437 438
438 439
439 440
440 441
441 442
442 443
443 444
444 445
445 446
446 447
446 448
448 449
449 450
450 451
451 452
452 453
453 454
454 455
455 456
456 457
457 458
458 459
457 460
460 461
461 462
462 463
463 464
464 465
465 466
466 467
467 468
468 469
467 470
470 471
471 472
472 473
473 474
474 475
475 476
476 477
477 478
478 479
479 480
480 481
480 482
482 483
483 484
484 485
485 486
486 487
487 488
488 489
488 490
490 491
491 492
492 493
493 494
494 495
495 496
496 497
497 498
498 499
499 500
500 501
501 502
502 503
503 504
460 505
505 506
506 507
507 508
506 509
509 510
510 511
511 512
512 513
513 514
514 515
515 516
516 517
517 518
518 519
519 520
520 521
521 522
522 523
523 524
524 525
524 526
526 527
527 528
528 529
529 530
530 531
531 532
531 533
533 534
534 535
535 536
536 537
537 538
538 539
539 540
538 541
541 542
542 543
543 544
544 545
545 546
546 547
547 548
548 549
548 550
550 551
551 552
552 553
553 554
554 555
555 556
556 557
557 558
558 559
558 560
560 561
561 562
562 563
563 564
560 565
565 566
566 567
564 568
568 569
569 570
570 571
571 572
572 573
573 574
574 575
575 576
576 577
577 578
578 579
579 580
580 581
581 582
582 583
583 584
584 585
585 586
586 587
587 588
587 589
589 590
590 591
591 592
591 593
593 594
594 595
595 596
596 597
597 598
598 599
599 600
600 601
601 602
602 603
603 604
604 605
605 606
606 607
607 608
607 609
609 610
610 611
611 612
612 613
613 614
513 615
614 616
616 617
617 618
618 619
619 620
620 621
621 622
622 623
623 624
624 625
625 626
626 627
627 628
628 629
629 630
630 631
631 632
632 633
633 634
634 635
635 636
636 637
636 638
638 639
639 640
640 641
641 642
642 643
643 644
644 645
645 646
646 647
647 648
645 649
633 650
650 651
651 652
652 653
653 654
654 655
655 656
656 657
657 658
653 659
659 660
660 661
661 662
662 663
663 664
664 665
665 666
666 667
667 668
668 669
664 670
670 671
671 672
672 673
673 674
674 675
675 676
676 677
677 678
678 679
679 680
680 681
681 682
682 683
683 684
684 685
685 686
686 687
685 688
688 689
687 690
684 691
691 692
692 693
693 694
694 695
695 696
696 697
696 698
693 699
699 700
700 701
701 702
702 703
703 704
704 705
705 706
706 707
707 708
708 709
709 710
710 711
711 712
711 713
713 714
714 715
715 716
716 717
717 718
718 719
719 720
719 721
721 722
721 723
723 724
724 725
725 726
726 727
723 728
724 729
729 730
730 731
731 732
671 733
733 734
734 735
735 736
736 737
735 738
738 739
739 740
740 741
741 742
742 743
742 744
744 745
745 746
746 747
746 748
748 749
748 750
750 751
751 752
752 753
753 754
752 755
755 756
756 757
755 758
758 759
759 760
760 761
757 762
762 763
763 764
764 765
765 766
756 767
767 768
768 769
768 770
770 771
771 772
772 773
772 774
774 775
775 776
776 777
777 778
778 779
778 780
779 781
781 782
782 783
779 784
784 785
785 786
786 787
787 788
788 789
786 790
790 791
791 792
792 793
793 794
794 795
795 796
796 797
797 798
798 799
799 800
800 801
801 802
802 803
788 804
803 805
805 806
806 807
807 808
805 809
809 810
810 811
811 812
812 813
813 814
814 815
815 816
816 817
817 818
818 819
819 820
820 821
821 822
822 823
823 824
824 825
825 826
825 827
827 828
828 829
829 830
830 831
831 832
832 833
828 834
834 835
835 836
836 837
837 838
838 839
838 840
840 841
841 842
842 843
843 844
844 845
845 846
846 847
847 848
848 849
849 850
850 851
851 852
835 853
853 854
854 855
855 856
855 857
857 858
857 859
859 860
860 861
859 862
862 863
863 864
864 865
865 866
866 867
867 868
868 869
869 870
870 871
871 872
872 873
873 874
874 875
875 876
876 877
877 878
878 879
879 880
879 881
881 882
882 883
883 884
884 885
885 886
886 887
887 888
888 889
889 890
890 891
891 892
892 893
893 894
894 895
894 896
896 897
897 898
898 899
899 900
900 901
901 902
901 903
903 904
904 905
903 906
906 907
907 908
906 909
907 910
910 911
911 912
912 913
913 914
914 915
915 916
916 917
917 918
918 919
918 920
920 921
921 922
922 923
923 924
924 925
917 926
926 927
927 928
928 929
928 930
930 931
931 932
932 933
933 934
934 935
935 936
936 937
937 938
934 939
938 940
939 941
941 942
942 943
943 944
944 945
933 946
946 947
947 948
947 949
949 950
949 951
951 952
952 953
953 954
954 955
955 956
956 957
957 958
958 959
959 960
960 961
961 962
962 963
963 964
964 965
965 966
966 967
965 968
968 969
968 970
970 971
971 972
972 973
973 974
974 975
975 976
976 977
977 978
978 979
977 980
980 981
981 982
982 983
983 984
983 985
985 986
986 987
987 988
988 989
989 990
990 991
991 992
992 993
993 994
994 995
995 996
990 997
997 998
998 999
999 1000
993 1001
1001 1002
1002 1003
1003 1004
1004 1005
1005 1006
1005 1007
1007 1008
1004 1009
1008 1010
1010 1011
1011 1012
1012 1013
1013 1014
1013 1015
1015 1016
1016 1017
1015 1018
1018 1019
1019 1020
1020 1021
1021 1022
1022 1023
1023 1024
1024 1025
1025 1026
1026 1027
1027 1028
1028 1029
976 1030
1030 1031
1031 1032
1032 1033
1033 1034
1034 1035
1028 1036
1036 1037
1037 1038
1038 1039
1039 1040
1040 1041
1041 1042
1042 1043
1043 1044
1044 1045
1045 1046
1046 1047
1047 1048
1047 1049
1049 1050
1050 1051
1051 1052
1052 1053
1051 1054
1054 1055
1055 1056
1056 1057
1057 1058
1058 1059
1059 1060
1060 1061
1061 1062
1062 1063
1063 1064
1064 1065
1065 1066
1066 1067
1067 1068
1067 1069
1069 1070
1070 1071
1071 1072
1072 1073
1072 1074
1074 1075
1075 1076
1076 1077
1077 1078
1078 1079
1079 1080
1080 1081
1081 1082
1082 1083
1083 1084
1084 1085
1085 1086
1086 1087
1087 1088
1088 1089
1089 1090
1090 1091
1091 1092
1092 1093
1093 1094
1094 1095
1095 1096
1096 1097
1097 1098
1098 1099
1099 1100
1100 1101
1101 1102
1102 1103
1103 1104
1104 1105
1104 1106
1106 1107
1106 1108
1108 1109
1102 1110
1110 1111
1111 1112
1112 1113
1113 1114
1114 1115
1115 1116
1116 1117
1117 1118
1118 1119
1119 1120
1119 1121
1121 1122
1122 1123
1123 1124
1121 1125
1125 1126
1126 1127
1126 1128
1128 1129
1129 1130
1130 1131
1130 1132
1132 1133
1133 1134
1134 1135
1135 1136
1136 1137
1137 1138
1138 1139
1139 1140
1139 1141
1141 1142
1142 1143
1143 1144
1144 1145
1145 1146
1144 1147
1145 1148
1148 1149
1149 1150
1150 1151
1151 1152
1152 1153
1153 1154
1154 1155
1155 1156
1156 1157
1157 1158
1158 1159
1155 1160
1160 1161
1160 1162
1162 1163
1163 1164
1164 1165
1165 1166
1166 1167
1167 1168
1168 1169
1169 1170
1170 1171
1170 1172
1172 1173
1173 1174
1174 1175
1175 1176
1176 1177
1177 1178
1178 1179
1179 1180
1180 1181
1181 1182
1182 1183
1183 1184
1184 1185
1185 1186
1186 1187
1187 1188
1188 1189
1189 1190
1190 1191
1191 1192
1188 1193
1193 1194
1194 1195
1195 1196
1193 1197
1196 1198
1198 1199
1199 1200
1200 1201
1201 1202
1202 1203
1203 1204
1204 1205
1205 1206
1206 1207
1207 1208
1208 1209
1209 1210
1210 1211
1211 1212
1212 1213
1207 1214
1212 1215
1215 1216
1216 1217
1217 1218
1218 1219
1218 1220
1220 1221
1221 1222
1222 1223
1223 1224
1224 1225
1225 1226
1226 1227
1227 1228
1228 1229
1229 1230
1230 1231
1229 1232
1232 1233
1233 1234
1234 1235
1235 1236
1236 1237
1237 1238
1238 1239
1239 1240
1238 1241
1241 1242
1241 1243
1243 1244
1244 1245
1245 1246
1246 1247
1247 1248
1248 1249
1249 1250
1250 1251
1251 1252
1252 1253
1253 1254
1254 1255
1254 1256
1252 1257
1257 1258
1258 1259
1259 1260
1260 1261
1261 1262
1262 1263
1262 1264
1264 1265
1265 1266
1266 1267
1266 1268
1268 1269
1268 1270
1270 1271
1271 1272
1272 1273
1273 1274
1274 1275
1275 1276
1276 1277
1277 1278
1278 1279
1279 1280
1280 1281
1281 1282
1282 1283
1283 1284
1284 1285
1285 1286
1286 1287
1286 1288
1287 1289
1288 1290
1290 1291
1291 1292
1292 1293
1293 1294
1294 1295
1295 1296
1296 1297
1297 1298
1298 1299
1299 1300
1300 1301
1300 1302
1302 1303
1303 1304
1304 1305
1305 1306
1306 1307
1307 1308
1308 1309
1309 1310
1310 1311
1311 1312
1312 1313
1313 1314
1313 1315
1315 1316
1316 1317
1316 1318
1318 1319
1319 1320
1320 1321
1321 1322
1322 1323
1323 1324
1324 1325
1325 1326
1326 1327
1327 1328
1328 1329
1329 1330
1329 1331
1331 1332
1332 1333
1333 1334
1334 1335
1335 1336
1336 1337
1335 1338
1338 1339
1339 1340
1340 1341
1334 1342
1341 1343
1343 1344
1344 1345
1345 1346
1346 1347
1347 1348
1348 1349
1349 1350
1350 1351
1351 1352
1352 1353
1339 1354
1354 1355
1355 1356
1356 1357
1357 1358
1358 1359
1359 1360
1360 1361
1361 1362
1362 1363
1363 1364
1360 1365
1365 1366
1366 1367
1367 1368
1368 1369
1358 1370
1370 1371
1371 1372
1371 1373
1373 1374
1374 1375
1373 1376
1376 1377
1374 1378
1378 1379
1379 1380
1380 1381
1381 1382
1382 1383
1383 1384
1384 1385
1385 1386
1386 1387
1387 1388
1388 1389
1344 1390
1390 1391
1391 1392
1392 1393
1393 1394
1394 1395
1395 1396
1396 1397
1397 1398
1398 1399
1399 1400
1400 1401
1397 1402
1402 1403
1403 1404
1404 1405
1405 1406
1406 1407
1406 1408
1391 1409
1409 1410
1410 1411
1410 1412
1411 1413
1412 1414
1414 1415
1413 1416
1416 1417
1417 1418
1418 1419
1419 1420
1420 1421
1421 1422
1422 1423
1423 1424
1424 1425
1418 1426
1426 1427
1427 1428
1428 1429
1429 1430
1430 1431
1431 1432
1432 1433
1433 1434
1434 1435
1435 1436
1426 1437
1436 1438
1438 1439
1439 1440
1439 1441
1441 1442
1442 1443
1443 1444
1444 1445
1445 1446
1446 1447
1446 1448
1448 1449
1449 1450
1450 1451
1451 1452
1452 1453
1453 1454
1454 1455
1455 1456
1456 1457
1457 1458
1458 1459
1459 1460
1460 1461
1461 1462
1462 1463
1463 1464
1464 1465
1465 1466
1466 1467
1467 1468
1468 1469
1469 1470
1470 1471
1471 1472
1472 1473
1473 1474
1474 1475
1473 1476
1476 1477
1477 1478
1478 1479
1479 1480
1480 1481
1481 1482
1482 1483
1483 1484
1484 1485
1485 1486
1483 1487
1487 1488
1488 1489
1489 1490
1490 1491
1491 1492
1492 1493
1493 1494
1494 1495
1495 1496
1489 1497
1497 1498
1498 1499
1499 1500
1500 1501
1499 1502
1502 1503
1503 1504
1504 1505
1505 1506
1506 1507
1504 1508
1508 1509
1509 1510
1510 1511
1511 1512
1512 1513
1513 1514
1510 1515
1513 1516
1516 1517
1517 1518
1518 1519
1518 1520
1520 1521
1521 1522
1522 1523
1523 1524
1524 1525
1525 1526
1526 1527
1527 1528
1527 1529
1529 1530
1530 1531
1531 1532
1532 1533
1533 1534
1534 1535
1535 1536
1536 1537
1537 1538
1538 1539
1539 1540
1540 1541
1541 1542
1542 1543
1543 1544
1544 1545
1545 1546
1546 1547
1440 1548
1548 1549
1549 1550
1550 1551
1551 1552
1549 1553
1553 1554
1554 1555
1555 1556
1556 1557
1557 1558
1558 1559
1559 1560
1560 1561
1561 1562
1562 1563
1563 1564
1564 1565
1564 1566
1566 1567
1556 1568
1568 1569
1565 1570
1570 1571
1571 1572
1572 1573
1573 1574
1574 1575
1575 1576
1576 1577
1577 1578
1578 1579
1579 1580
1580 1581
1581 1582
1582 1583
1583 1584
1584 1585
1585 1586
1582 1587
1585 1588
1588 1589
1589 1590
1590 1591
1591 1592
1592 1593
1593 1594
1594 1595
1595 1596
1592 1597
1597 1598
1598 1599
1599 1600
1600 1601
1601 1602
1602 1603
1603 1604
1587 1605
1601 1606
1606 1607
1607 1608
1608 1609
1609 1610
1610 1611
1611 1612
1612 1613
1613 1614
1614 1615
1615 1616
1616 1617
1617 1618
1618 1619
1619 1620
1620 1621
1621 1622
1622 1623
1577 1624
1623 1625
1625 1626
1626 1627
1627 1628
1628 1629
1629 1630
1630 1631
1631 1632
1632 1633
1633 1634
1634 1635
1635 1636
1636 1637
1637 1638
1638 1639
1639 1640
1640 1641
1641 1642
1637 1643
1643 1644
1644 1645
1645 1646
1646 1647
1647 1648
1648 1649
1649 1650
1647 1651
1651 1652
1648 1653
1651 1654
1654 1655
1655 1656
1656 1657
1657 1658
1635 1659
1658 1660
1660 1661
1661 1662
1662 1663
1663 1664
1663 1665
1665 1666
1666 1667
1667 1668
1667 1669
1669 1670
1668 1671
1671 1672
1672 1673
1673 1674
1674 1675
1675 1676
1676 1677
1677 1678
1678 1679
1679 1680
1679 1681
1681 1682
1682 1683
1683 1684
1684 1685
1685 1686
1686 1687
1665 1688
1688 1689
1689 1690
1690 1691
1691 1692
1692 1693
1693 1694
1694 1695
1695 1696
1696 1697
1697 1698
1698 1699
1699 1700
1700 1701
1701 1702
1702 1703
1703 1704
1704 1705
1705 1706
1706 1707
1707 1708
1708 1709
1709 1710
1710 1711
1711 1712
1712 1713
1713 1714
1714 1715
1715 1716
1712 1717
1716 1718
1717 1719
1719 1720
1720 1721
1721 1722
1722 1723
1722 1724
1724 1725
1724 1726
1726 1727
1727 1728
1728 1729
1729 1730
1730 1731
1731 1732
1723 1733
1733 1734
1734 1735
1735 1736
1707 1737
1737 1738
1738 1739
1739 1740
1740 1741
1719 1742
1742 1743
1743 1744
1744 1745
1745 1746
1746 1747
1747 1748
1748 1749
1749 1750
1749 1751
1751 1752
1752 1753
1753 1754
1754 1755
1755 1756
1756 1757
1751 1758
1758 1759
1759 1760
1760 1761
1761 1762
1762 1763
1763 1764
1764 1765
1765 1766
1766 1767
1767 1768
1768 1769
1769 1770
1770 1771
1771 1772
1772 1773
1773 1774
1774 1775
1775 1776
1776 1777
1777 1778
1778 1779
1779 1780
1780 1781
1781 1782
1780 1783
1783 1784
1723 1785
1785 1786
1786 1787
1787 1788
1788 1789
1789 1790
1790 1791
1791 1792
1792 1793
1793 1794
1792 1795
1795 1796
1796 1797
1797 1798
1797 1799
1799 1800
1800 1801
1779 1802
1802 1803
1802 1804
1804 1805
1801 1806
1806 1807
1807 1808
1808 1809
1809 1810
1810 1811
1810 1812
1812 1813
1813 1814
1814 1815
1815 1816
1815 1817
1814 1818
1818 1819
1819 1820
1820 1821
1804 1822
1822 1823
1823 1824
1824 1825
1825 1826
1823 1827
1827 1828
1828 1829
1829 1830
1830 1831
1826 1832
1832 1833
1833 1834
1834 1835
1835 1836
1836 1837
1837 1838
1834 1839
1839 1840
1840 1841
1841 1842
1842 1843
1843 1844
1844 1845
1845 1846
1846 1847
1847 1848
1848 1849
1849 1850
1850 1851
1851 1852
1852 1853
1851 1854
1854 1855
1855 1856
1856 1857
1857 1858
1858 1859
1859 1860
1858 1861
1861 1862
1862 1863
1863 1864
1861 1865
1865 1866
1866 1867
1867 1868
1868 1869
1869 1870
1870 1871
1871 1872
1872 1873
1873 1874
1874 1875
1875 1876
1876 1877
1877 1878
1877 1879
1879 1880
1880 1881
1881 1882
1882 1883
1883 1884
1884 1885
1885 1886
1886 1887
1887 1888
1888 1889
1889 1890
1890 1891
1891 1892
1892 1893
1893 1894
1894 1895
1895 1896
1896 1897
1897 1898
1898 1899
1899 1900
1900 1901
1900 1902
1902 1903
1903 1904
1904 1905
1905 1906
1906 1907
1907 1908
1908 1909
1909 1910
1906 1911
1911 1912
1912 1913
1911 1914
1914 1915
1915 1916
1915 1917
1916 1918
1916 1919
1919 1920
1920 1921
1917 1922
1922 1923
1923 1924
1924 1925
1925 1926
1926 1927
1927 1928
1928 1929
1929 1930
1930 1931
1931 1932
1932 1933
1933 1934
1931 1935
1935 1936
1936 1937
1937 1938
1938 1939
1939 1940
1940 1941
1917 1942
1942 1943
1943 1944
1944 1945
1945 1946
1946 1947
1946 1948
1948 1949
1949 1950
1950 1951
1951 1952
1952 1953
1951 1954
1953 1955
1955 1956
1953 1957
1942 1958
1958 1959
1959 1960
1960 1961
1960 1962
1962 1963
1963 1964
1964 1965
1965 1966
1966 1967
1967 1968
1968 1969
1969 1970
1970 1971
1971 1972
1972 1973
1973 1974
1974 1975
1975 1976
1975 1977
1977 1978
1978 1979
1979 1980
1980 1981
1981 1982
1982 1983
1983 1984
1984 1985
1985 1986
1986 1987
1987 1988
1988 1989
1987 1990
1990 1991
1991 1992
1992 1993
1993 1994
1991 1995
1995 1996
1994 1997
1997 1998
1998 1999
1999 2000
69216493 362104013 288237357 143804347 909316290 654239576 579924772 482313654 285310557 865127265 817447582 54654500 259805657 997351334 108865464 93902992 552955149 747047534 438731402 658551231 2049286 98714719 266822066 674846196 132700113 990546683 113457165 640955463 487720520 884462162 19852184 46191323 446596877 130942816 244004256 739179503 430441943 793100279 549812468 951830308 101662850 847316723 473431427 142069729 837139723 617100064 806758664 126926208 325730702 482376453 644044052 74822401 365532878 3430421 729027254 406841936 2285716 328745819 395945708 398050079 402237116 908773523 832980627 732153862 236113758 432058161 41051695 694318656 459476153 922330687 594137560 738140225 620966239 394664601 208722475 892860770 840231212 209859882 972192385 623602868 604551407 47230612 95944037 790164990 383146014 819603777 368068220 269630477 783908484 525350481 912597967 430297126 496225099 320602055 583639692 236679956 4962965 30971183 249781820 262268444 552601577 456475054 70243182 19957382 665642525 959230710 335075231 746874785 437595465 968870606 523694945 248901586 53718151 792438058 914918952 582658301 437816427 437499620 803988179 89603848 604807146 724829951 424644645 562381887 689973142 463878331 953204935 414703229 711510845 104381055 828488477 370478215 968118291 799022750 241014795 393170054 30504905 881784603 301340533 475459906 839394032 570123451 862046472 697601285 196761632 573315554 254147338 563080050 283615246 161898964 421299818 623064587 761205180 931544834 249330555 585798165 316273802 952539846 222149269 566316093 232442177 859945524 40254581 409593215 283943263 353278799 108983222 626100088 582370845 412526000 747809907 2116520 591133647 678799506 123310781 669909166 787890993 850681535 914969679 178943568 28169170 976632934 918290741 855748301 180191131 642118610 824452747 541410101 47220507 381396817 316957656 929934936 265635110 293652640 440851176 61796897 346675118 209906566 660943769 89045736 386601009 911578100 22791321 941915395 192297972 690749498 992623013 540886101 525310844 370832130 787692890 608373238 689207044 227745172 531244 760654718 841298861 761914297 250620283 426734275 110585343 908679431 728842063 846852465 955671875 229102529 603103456 817403350 159356058 347264740 108356241 52891713 201890070 265309631 144119447 956907937 748815959 525862481 665643752 108893765 530978521 117750917 514065941 749420534 172652 132015894 101824186 776102618 445787375 978032227 48488899 236049052 197814130 493995944 783456978 456835386 862434602 992944037 112381126 557032672 216066189 461002464 181512390 335262194 873561343 279355718 497506890 773310547 544753218 799046788 200535208 37173074 515684017 619882602 403953351 624588454 567704512 371210318 131435538 572739060 144999233 335843561 542567267 181907214 825883397 752759864 690544172 543617985 24204883 386894643 841856021 588647069 797572419 614869072 351824230 547451093 530969897 886384532 990581459 187582167 739603309 652047331 714679585 37679701 151210377 307337288 559382270 587638813 631292590 330835230 974232629 604074746 752228570 937876802 646235844 871766074 307987664 47072243 436968304 515788554 990136143 677765572 852310925 997437077 128196537 380661301 620900665 211441285 26988983 476729360 632918672 220723174 672513019 220651355 58252661 967905604 620511363 986297075 798666672 419944561 116755361 670437580 97940364 232657813 558036124 704376536 598415539 535752669 440777963 125801748 957325680 243618775 227908702 217865962 421528471 235062011 136476538 442417489 848839972 732997877 775402504 421403647 468879462 684849972 165338330 461599995 378285100 255215923 316679138 333222526 319313253 64965545 683265809 506397758 476059109 351323927 787508352 324953919 548871147 468779902 641474344 857191165 98803208 157088528 23223395 103055422 60010523 808090599 406502884 296554160 93818238 271255775 245744379 911359556 692367786 396697012 623513078 483056722 818334720 269151854 811532156 629543491 874030297 198717689 795621392 526518952 796752095 736888189 422175540 409288379 391764073 194229626 681502223 371344907 106811978 661588508 394517060 142494233 888308815 741592346 12951965 213269730 732699673 28299391 281096146 416064405 92489997 931195322 774295437 732712569 82624219 966091977 934440339 903109545 121969435 436277473 16301063 96943689 734139487 681538069 761582816 218759842 554493052 192351160 488643642 533593084 972512697 699876274 537155530 220147461 668757829 548059080 4013329 546964328 951384754 791466089 697920966 137623319 812142240 722757456 243311424 890685259 631988053 465247606 952699691 65214553 954551697 662913966 426839757 890532703 342938809 759973894 458960649 454603168 550746554 502885616 926939366 808173577 945114136 516282637 240900379 166738777 986503624 190038503 106996191 6753716 97159202 316749323 4554438 656771641 162980483 158939740 275582183 597457230 695027650 866419845 474720662 447931551 389480514 747671922 873554129 733407868 945452932 737988085 88371631 705423636 383924303 27349496 759692554 626946036 184066778 793053004 386094566 638444510 660585067 927107847 109218450 222910548 642412679 914428659 474253222 697160660 246644275 713616170 507688155 182121175 674599260 495466034 14367504 943748981 121017058 399390093 272191808 429020993 18245015 660913060 456632374 211041632 613902526 133414665 431026402 147931972 334506324 255282292 145264500 259417898 379581387 385300628 616542450 772270456 932538482 262798764 580556405 197124232 612966341 23434566 465137137 116465993 469006436 790948809 210622454 515027565 530324272 575018405 322245381 463823378 341980532 570912346 361818864 936530139 699040326 491078051 244851207 881054184 254318574 355549683 884017696 576375547 105784699 930397507 266909593 619204079 794794144 128927644 687633650 353767655 511037918 978191466 683051463 159178676 812032141 202175015 57108050 608461655 816104685 964590951 982072365 209542336 144969788 17895385 149764849 59829467 377957575 996714999 162035249 584766899 853313071 737290987 559327737 102748662 415375211 518540179 133593800 527545796 67862169 804276815 972662474 589082106 191243085 651713491 674231884 724758827 722431684 670486508 387629820 366256389 261665870 982013910 135936749 573979436 803494718 426332180 746423539 572150190 183874853 23473384 125099106 605782208 506740363 145412294 762822290 358139693 315783698 926975758 496435527 337585538 662174627 939083316 989938156 308363357 365357895 645544879 367911314 43920952 82278670 596063630 373085434 7733185 367964822 705462558 626862987 246912676 977226985 211897917 624333773 319159895 110617836 223580813 373944134 365239645 351979354 813139850 91728315 55090863 526714204 360516904 504912246 249203197 501708625 314167524 482247407 973005153 810660236 689013392 147634406 555789045 421132218 58828415 955427290 108359445 92530203 834531611 462995366 717595101 32151248 270931498 73779694 226994191 82321576 237845988 830844134 699047816 298159022 346924139 414252401 348126876 120963136 387044576 768363223 644946156 940563843 376633440 274710921 302539769 263901238 41427333 310234711 37948512 253845600 578542108 392260159 201398867 544697734 335308306 841135691 956830683 177853049 567687879 175876704 874449136 876114220 530748096 16328494 93250052 851249521 556512204 399534908 142418156 78537278 929238965 202117961 964007483 403539733 329679630 611443493 549962604 23679499 143896617 677755952 261388053 221922050 229983416 552465002 554837376 652272907 676420223 296413258 408173106 516499227 259905742 619604279 175678736 172215657 255260645 949953423 296728648 170378862 85192085 521796290 127294121 22957170 976728277 668698838 731388051 977624563 68473249 734364226 670786845 167327986 464649960 822923914 954584075 106676818 592323486 836744148 117417132 738175994 659118844 740922625 696235495 350692560 689464043 774609932 467252726 28832730 115318039 586820700 679159084 374043813 541938716 780374377 237807431 884777205 281745771 587545198 190752192 583763747 738188696 829433860 640145973 914013666 637288719 534531579 910502828 337685557 878330424 104497915 820526468 613178432 862930754 710055439 611131300 917702155 806176597 22487501 636397926 442709418 783151703 428585644 202791099 260934309 956565292 871396600 268096286 871505415 829197915 20152223 777974508 137516754 493072231 626409293 781613155 986629712 281864246 195400340 878216009 224509547 431261429 890580934 756326943 696604316 32322478 810981390 77953901 1080070 252128853 728634626 773778352 28310913 89614082 620687016 456372255 72756098 162662755 985064063 916762438 146500567 602681349 387378390 997305670 474465175 598705467 534624472 318425292 61951068 947174333 203502312 837670909 278726761 343940817 835552203 314443669 564682502 214000390 524550172 948062117 977562035 882284497 836859222 400388817 194800185 294989952 331916934 986828952 598022885 215768603 678684850 712625951 290544194 264113539 24251472 856433064 88727479 162152345 384359728 999508028 880831602 460660050 35067943 242034731 221913048 891003993 519014895 203788630 502833724 579433570 955851426 61300856 532622805 173678724 685331879 484893151 468754059 420008963 140155119 867160388 976803086 843693434 164829308 621297903 157170736 804080723 610246754 77914637 377955070 50388621 705323395 991247618 249169426 47837322 154002850 435790599 960296307 6951580 497980525 661440203 576438406 727838998 393572278 345158798 908290565 653159439 948426119 127050286 593088967 219589429 465923300 862343761 454616286 644924445 911387084 856049345 198031032 898698491 719432003 554040711 105718858 723072896 103011838 129183525 404437556 402146912 595393881 436276944 139668793 116169684 413381420 39579179 247155262 160968328 480416208 198301010 59106624 820332220 314181861 872624142 569030264 609784030 385262649 255328518 937438741 974447870 173675716 878740358 877681898 31373474 273780175 988834386 436589676 643854584 386119269 725094122 400505395 518595384 406066256 252194738 73321268 734162818 135309885 139362364 965079681 695775140 757735714 251816095 320411990 617787185 555363714 12859660 195005383 88507185 294793293 624013669 993192227 48453263 354733987 719926314 57888444 584381252 144182417 531137448 471702603 229655198 415382727 358921567 27683002 663562952 274712413 939036966 468232577 844060721 471933258 473621635 445966456 705750377 481769638 909148235 282062969 145179677 680525950 836204476 939574862 536079900 734481014 935792313 978081274 993563457 902984731 96895737 658920131 779048802 466355278 144491835 720126964 407977499 431229631 31442516 666498571 67255421 290197233 211041334 44178842 131641848 43594317 16619682 5773400 618665111 776542203 661584700 692936087 416684922 492021730 250657813 448102431 809519279 20578664 548596652 974106106 890928234 718320863 89596536 642075241 49528498 128642572 416085126 130094828 423587229 934938565 727585716 214531266 10239258 340916870 739071263 644047629 284674835 775326619 130516021 107385196 701110213 997883076 503090031 759569078 471514728 499969906 949381077 556774444 531033379 718145094 876560433 236520460 476210052 283102150 566448195 586721046 575314694 225189724 814024171 960340182 22250213 30706283 82007454 612479017 77896340 343078044 53122316 590613897 832735410 820812457 921434415 480727762 10346729 111870886 177003863 889708682 591997979 70971926 3191072 185990594 415392237 494920859 852182034 918791377 218761571 267413526 134984152 137049738 799437144 993139554 769348512 252882400 539582057 687497079 628779104 147426568 87630625 719132172 157753873 753372667 102482125 371627191 935082368 911512708 247408165 214023232 293027754 988562201 34219578 436080586 339869830 874141207 943624042 13173539 280485419 179068683 622597605 255855887 951016964 603055064 137262091 988101775 653297763 404424227 751473275 213730248 524677751 904846708 102156368 452538336 625045292 661285193 658694776 877187482 976559560 574593348 351747168 94757927 423226421 299576417 444708900 609032203 26697163 715368727 609524127 787817391 64873535 306129446 927577572 994547248 385974418 605072772 159332222 132745662 143195524 353159139 201889643 285275726 553043620 3002538 342208618 460900583 847165269 987257589 854021365 661244251 665168464 158718446 778062251 309203591 251949076 920992945 194819902 997660384 996496388 391629094 516005613 676673167 795349865 988028295 295228377 993215724 406028654 357655508 298086194 271755115 302540644 38748002 232622277 561270924 364016516 908317605 699616096 616049079 988487252 231786567 938810095 495823962 371993656 473078231 717837063 130087816 18080267 793901789 121770663 206177946 701059706 774437505 713051048 573030642 661517411 928659528 131508672 419708458 409329145 276701834 491044829 725993331 934204848 912200782 862538476 864521290 986655113 32142896 965031325 844693949 390195880 686804584 396517356 128333797 624018095 14885564 179414756 563373471 31606418 295893870 857608334 805381809 535625924 656348354 836978625 64519055 143491988 834929905 790353010 854959302 305050407 409674216 977627778 158893042 388901251 21363380 772529817 828303448 65115352 960999957 374458919 185342015 406503924 16965524 295284725 122904674 909644387 155580495 585633839 546048205 198779511 341563863 600515220 715920499 42679389 971877121 102556210 101656129 123023190 472638797 122404866 120923373 407400842 505117518 457983381 223826154 947982378 349906955 815409150 500750332 532240022 775513280 732702115 893177666 557433316 467581718 208115896 162733402 733803931 888949680 417757198 211829855 33432612 553729846 960147581 587677048 160174655 91322866 497618325 738323291 419043635 978635392 168425644 1433994 857938920 32867006 870893351 646812036 446895524 916823116 567208948 752766506 111919038 141498844 665596057 357111227 8255742 420459855 501706025 987246253 273424875 372597587 694034350 444249802 768652274 454179521 464942020 165037291 96000379 286615807 857972921 552215492 672548799 113638503 954466880 606970361 925028693 598540917 878656612 557893882 256911337 381860060 91313620 435387800 544651849 972386523 217154653 16343861 689703321 908607 440885911 999784550 895979242 899778595 912352049 206697396 743655780 369528704 925918400 241610180 454194890 416582282 498090420 662065741 569351314 703190720 912306106 637969208 504766033 496479000 805122092 77198757 767605582 607342348 395480188 552854681 500699899 450845574 798031309 575066999 984605969 599818843 765260640 422841510 235172327 282012217 829415279 457231391 391319326 691655058 100372356 279402530 949589394 790798471 438108658 318053626 758929533 376527834 204935307 842387494 386547219 740901006 3900635 731073966 599969217 140307324 351219276 326369940 301109901 682354672 700220012 207936310 850351525 360512021 5516877 599388942 89352538 504120983 820820639 660801478 796526365 99938448 789148567 686225158 917254472 610789259 104151711 114805427 912536819 56912978 61419118 924320726 352344286 278897439 122732441 403387247 835830974 22286423 834393643 92328681 398848347 399379806 446571271 711434208 760919345 977550673 565751195 522108324 15188316 727906298 907568353 705423560 181329100 142705910 562206068 531800813 759035730 628920015 81679277 975372359 516372952 842757976 754610928 751227585 698553445 531848124 289755004 870376167 988763704 157022351 57757103 415730968 902430947 237974330 863233661 296180886 3690795 9923099 13705603 406312541 946996258 247042661 534322583 699686907 920787723 15228293 690053670 47355080 983251642 925802191 638766082 189637168 133316567 804015721 294837292 10093119 738601081 744955731 616268822 402064251 861651089 483876663 117135495 735360415 434490825 154669160 852527262 507179285 728601249 664910177 438734050 722853033 716738402 651600274 504404997 420195191 721080962 25378723 516417968 738098679 102164560 802303952 530518517 151607578 298444350 255605811 313194380 958579493 892796577 465321318 38209743 376663731 123599622 448555411 567675673 605792115 241083531 432244464 699090367 579707521 584529976 909710425 348596903 6331151 346999211 310233022 209115241 678263969 990193018 679717217 892944486 490727640 70674179 715861875 78584636 724245048 934461419 666911989 747111867 225726493 284875376 778490922 373611312 640030756 673063289 919218113 306439963 80961497 146747581 500949083 595263273 709341563 133634647 213786602 909259808 850856936 50320885 644586473 237096949 776189843 326448237 711311367 943022904 762164866 116008700 769090491 400909966 179307159 117555657 245114988 501537720 877970370 591644815 703349441 173361089 273286563 176284047 677331464 447016293 630750506 614305476 196535899 377422564 400894355 521857089 742617294 385923599 306486335 269716128 262675035 866905760 742739438 629859191 939049766 657333994 318540 309061205 542087732 177497604 208921505 421850408 106100655 40047067 189056344 808892265 950669867 772356479 159892339 119318516 854620630 9997105 613933023 821664990 375828035 207439626 90775904 745214392 523064829 96484576 27904304 337948075 164673160 274461228 488070935 627611394 844336683 852120426 527680575 143978498 614557006 453385170 814702065 221993070 812478366 169486373 339436635 239547590 734646059 633918257 22731600 848015186 605152255 116347644 56464708 706645610 461665993 503404349 461670770 574551182 490629000 477133115 999892379 688884783 482977256 332627285 299654059 106882916 990239597 491152971 888315220 342329285 635867204 145771614 315970034 555068487 354074201 414758011 744725881 418801982 202622377 215035570 196922567 736763642 614694258 503600142 404866909 157958710 551434485 143818230 756493948 915580137 220382573 666508658 304499819 165058419 105405903 791374832 612122347 733287806 138337950 401936432 628970159 263774089 776644200 576705560 483056632 353395963 748593987 950506568 191141739 773327504 15441720 836059729 823504808 12709947 527348221 472754885 740080442 104303104 2967302 980802803 877571054 713739991 416125921 769610902 854118988 549156011 480180315 847249452 694866321 181514107 676656530 684892318 443109564 669864462 195524186 837480379 693891995 970683104 787064484 13691673 320457998 765383164 13554265 788626458 996976186 660527414 220616542 90187538 94246719 309506831 855621424 605690454 603890410 321161134 852430326 603561951 888398678 363217945 167114724 291386539 662368834 494253741 718257802 545968325 89688838 321264257 896412912 831548592 962225442 966769379 621327197 2527841 977938592 785404213 293953143 935739883 585822076 942063321 275439358 901320684 56087128 188999638 685097574 645427667 12632023 116063728 49424733 381080395 461040533 537671034 878439473 369913895 212628987 563662501 148242838 927469417 120426943 761626914 84647685 623106219 198149429 43374250 419611872 627088414 47731238 677712917 733963292 523916360 598734880 786962268 575756241 596336171 916321833 304373650 211129839 855708035 786952629 549337774 775967857 89176470 785730335 432251862 566906542 600339831 761709345 437515160 226886263 46105527 250201597 924510473 78786075 592528708 546414323 385545522 692400246 40269022 404407276 125465518 443542002 664097800 491443839 10036812 946541851 126721430 817818844 376699944 227336621 3965920 252026823 203900784 538665835 66069932 533883810 612180642 116169766 392786489 381230534 735246770 25996864 636077554 908933652 250048578 957178934 201869522 990900408 107513294 461918559 420971446 575890208 618126905 65775028 65647995 954143264 891302750 615503893 601733394 402130702 646843134 918333328 165360240 783855278 513601888 145813604 595686206 620115849 119784510 363650161 845293869 642488773 868926215 521061321 882768322 468217932 178956183 382587370 175456926 304359093 950413133 204820774 428385697 135456988 120482605 126140832 653290781 466765566 447431513 678604591 208150190 40390755 207251688 447680251 437053793 460751078 61240712 247583093 827906027
453 1181 667229135
1128 623 514220401
1147 1224 766275323
1001 1032 527041497
240 1949 574358182
1584 848 639816388
473 689 765058430
1100 767 106369649
983 670 718932545
290 100 200433005
1080 752 336918259
1846 573 413176471
1335 798 890884314
1317 946 867300605
1135 1731 891661393
521 1170 725192595
1451 1381 956314604
1621 440 214751625
1290 1796 860972877
1370 636 968161094
1381 1394 866434918
772 1512 472683275
342 1656 215543587
828 632 513832398
1157 479 629898817
994 116 294424642
279 1955 432717125
1806 1808 239341030
1788 548 403921665
1080 135 205897516
427 466 433796545
1121 1202 8201285
17 1954 290531499
666 1903 20185425
184 1033 172691682
698 370 669736701
316 1334 602059070
494 293 227868195
415 978 682665512
403 100 772315615
50 1178 569041873
221 240 776405289
769 705 786921138
1751 261 106935163
1688 1113 379968146
1731 775 3301145
1507 1983 833356872
787 68 779988225
1017 1962 198474189
1634 740 588692579
216 173 180269447
223 1649 994535277
506 1169 891511738
1909 1895 225941204
434 777 347669218
494 415 464915381
1683 1192 196388045
598 566 572341791
228 1702 347746354
780 1400 716415917
222 998 357446466
1721 1500 119898559
451 558 755162086
1853 733 630348981
1144 1949 378589492
841 1097 759147800
1068 1338 325685881
160 1163 510320740
1351 1925 877689117
2000 927 250339619
324 1949 775930612
1595 93 615340268
1121 12 184404735
1512 867 288173904
1535 784 818718344
1862 545 881043976
224 1013 236686312
623 1536 510451384
1402 1917 656542358
1751 225 850459092
1616 1339 898415580
589 790 719988079
444 326 859355371
1494 1522 249423978
1961 962 540270458
1365 136 852937011
1482 743 800197140
1751 433 209776699
778 692 603187510
1443 1164 832648710
1768 781 982409564
441 1046 515487695
470 183 896734406
1340 1928 190191260
1785 1660 948021814
1079 449 591069096
265 828 673045815
1178 81 370764064
1755 1898 909317008
161 721 822550391
969 1669 173953038
933 1420 465246679
1945 1504 77212647
1831 1690 241524512
1717 960 327977107
1068 697 175098665
1492 1326 999346254
1697 601 627020500
1488 1641 197389449
777 1596 773855244
1402 1191 900708803
1184 2 502213468
1897 481 728380514
875 470 117091121
1107 453 944944581
823 1411 812950865
224 491 730389810
1159 16 865160611
609 544 178366552
715 997 104006777
1479 1106 380973753
800 1195 728792521
1786 1113 403483511
544 222 627546704
936 121 201982428
542 606 59825507
305 599 510344388
12 654 456218969
185 792 990867320
1678 1271 564098787
420 636 665238853
1609 812 803679006
1922 1421 707269497
983 1287 17621439
365 216 725166673
501 1758 540363514
938 562 475128366
1115 1053 635962057
1674 148 802959645
1357 1139 772452209
937 143 155238844
110 1759 751822932
1176 753 484673382
373 294 783877142
199 1237 179603412
891 1005 215341868
1260 2 826695261
1994 1230 913123954
154 1165 877826423
1327 4 918977687
715 1622 392461052
1897 1612 207657633
902 32 517378712
154 1320 779861219
395 1425 796784823
1667 355 764590350
1383 1778 365665186
1014 1960 710261538
1295 201 46884008
208 1676 537592116
1116 439 727226853
1611 714 920309532
1501 74 997923264
1041 893 986854354
1293 1944 364778643
1437 1683 704032222
1963 1878 682617888
1974 1882 691301255
1227 180 756403121
1043 1143 302418023
934 1080 625918383
23 937 341732132
1206 1916 554112033
942 20 426560604
775 178 741124583
401 1669 526027754
494 1894 920604789
939 1965 790816543
1403 573 963323685
713 1850 467686510
1304 900 142152223
1686 1093 66006704
1762 354 153651051
1308 1206 521016756
1818 1089 1733580
1458 391 844402735
989 754 188027210
724 1792 21912776
799 1098 263488019
1644 1922 465572578
1669 1475 796222741
1273 136 640380127
1900 1047 775096596
1012 388 378217732
948 381 348042800
807 1275 866556
1718 1791 684969760
1209 1556 586359290
1059 1212 879746640
1356 259 183775322
881 1015 660620501
298 934 996533253
969 500 447345498
1902 1103 263526735
1828 1748 175424628
1701 1785 268532194
1638 1874 74079452
1910 1710 941665573
49 869 299359623
1927 1947 26578095
1379 1200 699258286
274 697 875639820
1533 116 122656625
182 1611 863258597
1637 490 261238330
1397 234 720406460
1595 1758 114399460
883 462 526806639
568 1348 531794815
230 27 896521201
817 371 71102677
1822 1890 490748218
612 1800 246069254
1376 691 18726547
1599 1578 334369175
974 783 729775437
1984 1350 650269384
505 1038 423928035
626 397 842912801
1411 67 62167879
469 1852 1431778
1896 841 444483558
31 234 353562077
1776 1713 799000237
271 1309 970331667
428 756 39298377
137 1861 71133460
841 401 757843303
22 470 412832071
682 1644 514180563
1776 1122 529368194
1570 934 237103597
1528 874 373776264
1565 1494 556388274
1223 1902 635665698
1718 193 198600424
326 91 617515437
720 1643 682650279
977 627 333553972
864 382 809265502
277 1998 692212030
625 1379 995815732
520 95 714732594
1245 994 91804515
1233 134 961913864
965 1720 173639755
1755 1971 562465176
525 159 657001923
898 230 799255707
374 1511 367143269
1747 971 649992342
652 379 228447220
1533 1180 442286729
1009 195 999388729
196 475 804143015
1641 1622 452106479
818 116 353084627
852 1278 433872134
1142 1557 891699407
227 83 864256486
589 1709 140943991
335 994 60496092
646 756 83266330
1900 866 226161187
400 523 721462160
1259 1172 495966093
1957 1212 167207792
1395 362 971514500
224 1830 735637839
974 700 387597124
480 597 166343120
644 775 477191973
1725 1554 488056857
482 1828 936812059
429 424 650678172
1351 11 360120988
453 1267 794253403
1550 487 354996888
1238 1214 883793324
1545 38 365506815
1985 130 481843699
441 402 355045997
828 1958 743369005
462 1109 184305102
777 1860 709371412
1301 867 272976873
1824 1525 317633580
1026 477 656430212
1308 1780 56648625
1943 1709 715560366
738 1504 905734214
679 1843 618850806
1942 1694 294012493
1939 844 709523747
36 1932 159792951
1093 1566 636140163
644 824 665473778
75 673 308172933
1488 623 837172772
929 899 725497724
779 192 983067744
1438 905 56111766
1512 1372 564334938
736 1690 370391493
1899 1392 515762156
1904 1833 462865714
766 1449 721241349
457 1055 953157141
1650 1122 833987128
1425 1526 274208720
642 685 497632946
642 1410 97804595
716 1088 799099976
598 15 392273667
1933 1856 491506584
812 817 900497500
1814 31 219911961
1988 1642 580927856
1756 1025 947756982
155 44 520501033
1431 1058 252639779
49 1712 756268687
1869 1238 213567624
531 484 502036825
1229 1365 629000947
1256 1074 866117630
955 358 182782093
131 810 452186622
1954 1062 556324848
256 1218 879865858
791 253 781568456
590 617 899710122
911 1753 492242036
1387 722 272102540
948 1441 838119767
171 1014 332665297
454 70 94763574
1340 507 987870257
1627 136 270699497
1963 1713 30932570
598 1295 768333339
575 119 473699182
1744 15 108111524
1784 1814 689379957
373 1885 178377766
1545 236 477261468
866 1608 706635262
770 1687 477386427
1349 36 913898293
806 1239 793992678
411 1892 144972978
147 27 720261590
1560 1274 286169744
644 345 377444737
1373 644 602056123
234 1566 41264020
75 966 599823546
935 1714 858921912
1240 340 603429627
199 1583 688709247
141 1005 354588809
1515 57 106168687
241 271 977739009
1401 1352 6128529
1228 1649 902817191
497 1617 762263495
1286 1960 945269477
1274 1399 341978955
840 1381 158112266
587 428 684924917
839 1378 420255438
12 1622 229568814
1461 97 604596627
160 1465 837535654
929 1439 396660027
1285 842 886802567
799 167 701165398
11 1716 392244211
1944 684 217421090
627 963 845797322
1278 582 686896401
315 1485 377459824
1889 313 215476356
1171 597 914757407
1466 1471 374709853
1871 428 371939340
1406 1495 888318153
1556 1294 966833190
1435 1682 389147032
1258 139 129913143
83 1437 832257830
1940 314 167555146
1101 150 181263016
780 517 707110780
374 1987 991977270
64 1134 246826788
1629 1096 831341617
1366 470 817053776
791 1395 157211273
393 1736 691514952
1953 500 886618081
694 1154 277818777
762 1466 756658677
1534 1628 6226920
358 1238 587663318
1560 1835 795720909
311 205 702770342
1532 936 208707600
1197 1221 285846189
1360 1756 527859519
440 149 138088124
1374 316 883423592
1362 1099 512252990
122 702 959087342
742 463 408835192
1101 1064 358612766
981 315 684530874
1376 1489 82627947
321 1115 884566535
1243 4 773259087
373 1786 69629700
1918 379 56096691
241 584 325346364
205 1838 345859259
881 1216 12852089
833 784 152677144
585 1833 955819721
776 1758 108500604
1983 1309 730984898
777 1825 233487583
1718 1836 254618823
904 1511 931568271
867 619 783445729
1755 1496 785980236
29 377 486382945
1785 456 219120290
1563 1466 535152834
1039 883 225938170
1417 1455 749624589
1228 1579 71889490
493 1252 710504279
854 1522 626104217
1588 1198 619516512
383 1154 561797572
759 479 195343737
1758 456 916467759
961 1187 42560812
1209 1452 772842348
1301 1313 475742576
1505 1863 261841059
1494 133 655997330
467 469 973340955
58 1159 127957520
297 369 546046739
1497 1800 961978212
1891 590 284549288
1168 204 209769003
1980 371 784397864
241 445 103062902
933 1191 764199358
11 649 333679055
1640 1207 474148593
1523 1166 526008269
262 358 586252008
867 500 223534612
570 193 330828447
1453 1247 632085696
1881 28 517025599
257 1472 905905427
815 1796 6979364
1373 51 186493277
1232 64 883028470
1937 56 867601412
63 1572 153844986
1047 939 10514168
1860 1273 430603456
1399 676 379727141
1576 1825 507425917
1956 1620 655874226
285 1007 987560869
795 135 844086260
1032 1770 296689857
1140 1874 368014636
584 1649 433150351
1633 1344 42557646
1543 753 563263583
1314 905 847543784
516 1966 138482221
1946 1148 84282485
408 1320 325311897
545 843 816854199
608 1786 23251283
1551 1537 577871263
316 417 249844718
1041 1780 871401065
501 521 612258997
1096 396 962242960
143 699 380082547
1341 708 656972399
1420 1519 711297296
480 817 931856208
1787 96 376383185
277 895 266919334
1480 1557 479538214
849 1575 334054265
695 1006 282451636
833 554 351589103
1934 1442 720017560
1547 101 666605270
1704 376 483569222
171 90 956639057
229 1169 422784179
582 37 477823872
230 1514 355086021
458 1660 173190408
726 68 856424910
121 1205 775060770
1363 1740 69353108
238 1412 922367362
1683 195 548302150
1209 1542 537379626
9 849 104949163
170 241 481080597
267 668 883694713
1614 1164 700525592
666 1962 625988615
992 666 190814265
273 472 283556230
371 1782 120182786
597 253 951521524
51 704 849650517
221 392 40609679
396 328 643935569
243 985 45683301
124 1011 690571677
1494 1064 932583278
761 421 977212827
481 1458 606950697
1600 222 318932416
654 430 176559135
1493 1195 554159545
818 1196 478731519
836 254 371306395
204 1542 596065202
631 1487 200716865
1402 823 645165057
35 1508 21994506
570 1068 630637202
1437 1967 271688683
731 1163 919361324
1586 1228 141212179
1328 1698 572535598
1297 1602 683633004
1648 1635 551291260
152 860 244651848
1720 480 421698534
182 360 531836710
1294 931 831571118
17 882 489499963
921 1177 748090802
1824 454 900747021
868 1563 83884512
1929 1253 258927244
384 831 8443937
1324 492 482068116
243 1982 598412954
1247 36 429460162
1155 1971 460671988
1266 388 653593323
887 154 327768903
104 1470 893174478
1678 168 697759642
1062 1453 353353155
706 1023 275967082
1962 24 656291286
654 1895 703540792
1353 1374 978078446
1705 496 263088126
93 890 159009141
844 1418 227093722
1864 470 324431426
1923 334 98861749
238 604 549345996
884 1561 383169138
1499 1369 196010068
413 804 253553210
1339 1852 821669611
970 1183 72833468
1407 805 752703673
147 413 409914574
544 141 665870919
325 1585 595792931
1488 206 299119456
1953 1774 650839759
1390 396 315752032
1020 586 694841508
1144 402 149034482
647 1023 925147164
1919 1681 993537287
1764 417 318344803
1057 918 176339644
874 1850 835355617
1660 1822 705794006
384 1195 992835608
61 332 884548896
13 250 743772730
1928 1056 577611030
1286 1750 941572439
777 1068 447682366
1659 1339 104050812
236 202 604323534
161 287 887590752
1139 932 16750343
27 1225 986684298
656 1102 242354911
881 126 97140459
1326 1509 869962601
1562 954 652397712
1390 918 372051882
1649 1120 172647477
768 733 190510255
722 749 522981563
1168 1184 348739543
875 332 649619740
1327 487 471354732
1111 1739 153004780
1668 1474 498054541
1133 1878 893751728
1669 513 820235902
1767 67 780789229
190 1610 155390921
541 28 939657114
519 948 513208559
1941 1064 909075421
1042 685 342408953
1149 268 373387875
1945 665 212742769
1807 1030 372147433
1592 923 231231832
1747 1452 65376747
1767 1127 382763011
1783 400 841207780
1721 1767 254535410
252 1099 582496930
919 1049 709993895
1830 1133 992431565
1589 1072 480045246
112 412 227128858
201 1121 343493209
953 264 174513187
357 1777 692524288
1796 543 156700559
1630 1265 37258898
248 590 913124931
473 1768 217738899
96 681 567104958
1590 1613 571535240
1536 888 38526618
999 1230 300033669
1047 558 763531396
1915 557 950543836
129 556 90430511
199 948 363880601
995 1703 731767776
1203 1767 449878050
459 1965 697913156
69 1193 757809468
531 369 418524737
316 28 25059270
583 62 239777354
306 569 768050591
1497 1357 882967825
986 1287 501719335
825 133 988557849
404 1081 135135895
419 1850 746152020
1742 49 326420488
1445 744 568978761
233 365 495366706
1743 373 503522757
638 1251 623032724
1546 204 689474087
566 471 615275404
1704 376 464621555
1886 257 682776656
363 1725 886322693
84 6 712746602
1275 628 140533040
623 1551 144465920
1227 1960 832521855
1610 1071 370932283
1684 1311 957655005
714 1517 286392616
1658 1661 362594228
928 862 583090874
1405 127 165849409
1654 966 365412357
614 1150 728456845
771 416 659923926
442 334 934618329
1443 175 447367652
904 676 631166414
1804 1192 706837681
443 836 199008078
186 817 641438677
877 848 392764551
538 309 918423271
396 303 2746856
412 912 948606742
943 615 905842489
897 430 895003645
1061 1431 713780748
1948 387 436753373
1924 1306 415775317
1662 1429 133809144
593 1251 605245631
188 582 887344354
266 932 421717904
1719 1969 585947929
1095 361 678738404
1014 1432 937652460
976 136 253121213
977 482 675360245
1840 1357 348943927
1215 1705 167512669
119 316 760385247
266 520 169923766
1977 695 702429433
1077 243 97121044
398 246 397309084
451 917 331045206
292 1214 688854742
1274 721 371980316
1729 276 942603033
487 1143 333410888
291 323 481170708
1506 1576 425866730
1298 269 709391948
530 222 13292765
1968 1380 699705662
1755 803 417627871
1364 727 482300555
1923 53 79421158
927 1925 66812470
1205 562 883118967
212 129 343235237
1729 722 898532107
78 444 213263181
179 1819 53281657
1174 1853 946724306
763 879 492890906
1285 196 281733287
1510 845 308208072
159 1558 11749992
1927 1456 354761229
1821 988 344012519
204 1238 155511835
1732 1709 264543499
291 1257 766089293
1894 1058 949429911
145 505 660148424
916 662 184172332
958 1071 775715256
812 924 25361148
519 128 348222972
429 224 279608133
1456 1824 729355856
168 1261 861552012
1977 1988 489924482
1137 1537 690361693
1083 1880 796319080
655 1492 387076946
69 451 533307138
735 515 864036622
1682 1654 87706753
79 1730 534455647
1403 1440 465176788
1724 236 299108850
804 538 279202803
1739 553 72656005
669 1264 295300890
985 1637 413175541
171 1584 266111310
589 599 846215605
765 60 653761381
1310 425 982271098
1702 1074 539613520
197 1720 206023256
3 568 66809229
356 473 620333477
955 1568 473516781
1487 491 613950302
532 1530 389717250
844 271 120292085
327 421 721761148
802 569 315382625
1952 1837 876067494
1198 683 471073100
892 725 567177539
490 356 659741781
1234 211 756691679
1046 371 334698007
828 693 11958729
1076 1747 588631052
688 1690 642282390
991 496 983772765
52 796 332530093
533 1483 289612967
371 1980 212400724
896 1697 828952073
187 876 284577444
1937 1106 481600621
235 304 398413629
1912 62 122376361
983 1299 427754234
1522 370 70634568
1881 1030 441732168
1493 379 538087715
1556 803 989640261
1642 1678 959753241
1595 665 434696676
688 944 567294870
1511 73 149344287
1846 137 84251016
943 1179 420783761
1480 115 233227746
711 206 238651397
1139 1404 161539838
714 941 469087355
1347 850 710538304
1871 1984 984966755
639 1619 325643893
493 840 659334293
1212 1464 574120688
1459 502 313200976
94 544 826566236
1377 897 644735938
987 179 760047241
1356 47 702481555
986 1859 57562034
1634 1262 949418480
10 1506 456463550
683 573 480818593
57 1691 935115216
1309 371 192885335
1536 354 614507970
1517 1999 481364434
1490 1021 401114753
212 331 918546595
39 1117 407940122
1868 1015 952215780
1718 387 330762377
1764 1633 350297970
1475 1963 708015520
1226 156 541313387
130 1638 73482078
1438 39 83952518
1999 1221 683903747
487 1559 201531951
1478 1675 699370074
1495 1119 881852956
538 1925 26487243
1820 1507 567270588
493 152 468901609
87 1285 729879467
164 1915 18268532
783 664 616888264
726 1005 481444165
1884 653 990270168
534 70 360385209
602 1262 842711473
1154 231 104953684
252 209 632260764
1798 888 465990398
941 1467 198966797
5 206 197044228
1128 1860 772616153
538 845 958773947
1991 1041 492659062
1374 1217 908532376
1961 780 686284834
1284 752 742309056
1805 354 915424058
687 759 672588680
207 1385 643882097
233 420 664338522
1192 1118 942660554
431 483 410267537
1876 1471 701222229
1828 190 798227396
862 499 602375696
1276 1176 341873712
463 733 148131927
817 1062 351946037
506 1625 571887579
556 558 222003836
1346 1906 889806154
1216 1474 884092603
121 222 483448146
938 1604 938659497
1523 1676 496738808
590 440 601785567
478 772 418322216
1742 1885 751765152
1152 1105 906063530
906 1394 511492588
1713 1792 215169085
1805 47 469444325
1153 1271 364941268
1839 1557 222476886
222 1085 582626361
482 335 334962243
469 49 880356228
362 1050 350585924
299 1343 759511328
539 344 538600957
1624 1492 701168444
440 1213 852005935
1712 1515 258289012
1572 445 509668358
601 1238 790242448
1197 1610 564023577
1278 1769 900547104
59 1982 69089134
119 1479 188035205
330 749 992871696
1797 1026 51676315
536 809 305131672
1134 43 182601492
121 1726 764689306
1223 1172 519360536
988 1255 102941661
1044 1937 858511148
1624 1758 244065216
1264 732 7924788
1192 1019 191949419
159 69 767481602
1256 1860 597387500
26 1810 335936734
783 620 692970622
959 1727 639585859
1186 121 202285011
1853 1632 813273536
566 887 87620720
789 756 518031156
1411 1239 70043303
1509 488 887745931
793 1924 629864010
1141 254 876737757
1604 938 437144799
182 181 596903555
1487 492 177418346
1551 1216 682685541
367 724 252917303
1938 1934 875268961
24 1879 514898138
1885 1316 846739639
1958 934 355949992
1148 1460 728713568
571 1812 753597309
471 1234 87943167
169 19 13279007
1416 397 256463808
633 846 779837846
856 1291 333043600
197 1941 943306437
1944 878 884519779
1294 1365 195204163
1583 138 975780172
558 912 823212102
17 884 570330600
715 296 764611346
977 759 13549203
1733 1421 101252021
1470 844 974950077
555 1948 626775567
562 24 874059043
1070 605 316072833
52 1722 253537235
393 611 418528936
1671 1505 68561282
1060 1205 552012723
1509 1387 43005793
1070 1644 381794820
1195 25 960910165
247 1903 92829611
160 1782 610822356
1155 1105 189390018
720 1530 859103006
1736 191 405751844
1853 557 472880981
1865 1408 264672611
86 1516 112966265
1097 789 24222218
1990 1216 302624197
763 526 510609824
1013 488 781153495
1125 1229 725112254
1888 1549 716172912
1708 912 429896644
903 1001 383592957
1804 74 765127835
255 740 632900466
931 290 348135481
1691 1826 219189011
423 877 54555519
780 1082 96692486
1401 142 472674313
975 1261 762707610
1476 522 115387435
273 888 696684352
780 148 84192363
896 281 854121744
1265 1545 577787533
459 1529 186167559
632 370 950249213
1221 30 868664541
1933 1812 316247466
608 1662 964910150
1771 1779 754948329
1965 1387 743675261
268 725 43006953
1220 1395 490647985
1448 1069 413415935
224 731 5579050
313 1066 773604368
1076 633 648007083
1062 931 75140386
476 1996 452132307
976 593 719251828
68 1807 333086207
559 26 594740504
267 741 555679638
388 1924 956252254
1799 1793 236181218
135 900 68581402
1614 283 423781843
1601 1180 68625100
798 1913 495588370
1291 538 737264806
1326 1311 852377464
156 650 57699585
342 1491 164417421
420 1978 10101886
1046 1401 593472912
714 1879 914542769
1299 535 843189795
1004 884 679199839
1221 1225 452610049
1708 1495 603184138
890 1039 86357623
883 900 924679066
1291 931 392442663
159 1533 940853509
386 484 295670226
1496 1538 309796479
715 193 446537484
1325 824 204777950
1093 1761 784940382
1706 1000 331926036
1084 1707 845630429
33 680 476427724
584 1483 480903959
1495 450 365513923
522 8 842664133
209 1929 883280370
786 78 588231153
1660 776 433524272
1672 1994 851692068
896 21 828031853
1803 1334 359645139
893 835 54370582
316 561 605586810
94 1723 344004504
1873 48 730690320
871 1742 912947340
839 1203 160860532
848 390 708290242
1799 1297 304598553
1746 1755 774550853
1486 1956 689834405
304 1553 794486388
779 1359 956409225
1979 1080 948835446
1995 833 506300054
1017 207 974537302
1213 63 525486545
1905 1369 570565833
1943 950 455447971
569 576 629405336
329 828 268766851
1179 1882 201066153
1691 310 74440070
1517 1275 393069501
1358 732 671288978
714 955 866403421
432 69 227275945
379 925 262165763
1859 24 23263429
1736 895 72484661
1335 1522 746318215
1018 116 974137634
93 887 643860812
1056 409 754125736
1135 39 183623013
1808 700 38990491
1961 1666 524557720
1561 1653 724414337
1324 1373 460722543
1470 1221 855085934
1277 371 342437243
634 241 622214935
422 724 236772091
471 580 683247033
1342 70 31514971
1665 840 776646595
1267 1398 969199534
326 1741 2634869
448 1624 627345887
1788 1010 576619386
1911 810 498686734
1160 1419 979655218
1698 1947 370736056
1688 34 565617249
1361 362 913004485
502 821 533726516
468 216 12019158
383 656 781837203
1389 1889 321086154
1579 32 894458783
1807 151 233177095
369 1443 136717989
1551 1450 52605402
1669 493 543409968
1335 648 920810633
177 522 901717368
1112 182 679933567
821 171 503709869
1455 444 217303702
1261 1387 35345748
142 1509 649954368
527 1170 905931716
1189 1332 269785163
630 1858 467962121
1870 808 288593554
628 1478 831156728
804 633 553416400
1636 1835 749316185
908 885 737228431
1707 852 620841001
123 1781 85831758
629 1432 164881808
425 756 370184275
1937 1399 619107020
923 106 407373453
1427 800 82380490
904 1643 751581227
899 856 123256499
781 791 586898211
484 933 355265021
669 917 862323337
76 1981 380264427
225 841 905590138
758 1199 883151051
1068 964 530659322
1371 44 855954255
129 72 429936948
781 1015 461979556
614 274 794714105
1598 205 376447199
597 1351 906147426
1565 1321 504941286
1718 1665 544214519
1720 825 314871093
1785 1398 203720405
1438 1820 306272957
1334 994 398624822
1446 681 121958062
1546 591 588704746
1082 1128 491748357
787 1515 288751757
400 205 218998509
1062 1407 306474566
1188 546 482279559
1054 1984 235480404
1379 1155 174879553
1492 325 394295534
819 585 837849330
941 1492 256396792
1007 685 837237112
1086 1933 725850453
1309 1107 744171203
1773 1225 552737816
771 1596 482189286
958 804 735186408
329 276 122251019
775 89 468202221
1409 1883 167476379
430 320 4907036
1287 1352 798186608
1970 856 33104101
704 1550 588277513
707 1533 603455761
38 1767 710785693
1855 802 877480233
1990 144 224748156
905 868 505812575
1811 1777 473592206
1045 240 766284321
705 1207 882158549
1316 1449 284688770
1148 1487 986217504
1559 272 511863467
1807 254 429941117
509 36 610558774
1269 396 40620300
1061 1642 531875806
768 1513 175543863
1920 488 449974788
1955 1034 683372663
1668 870 555200688
1979 484 68694779
1321 938 392500042
630 1904 523081949
300 1531 652256991
1848 268 506911340
1714 919 552093625
1080 485 118651035
798 909 344209385
81 618 320117436
400 1407 363248618
445 689 928136692
1422 1199 509762200
1714 1494 724194829
915 39 899271365
1155 243 301730885
916 760 432601710
1867 516 925389496
1614 1142 171344235
344 1459 533696035
1406 1562 278682062
118 1233 35067628
1051 271 14652287
1040 1987 455571840
414 848 794183830
1673 375 288395206
182 1391 170975942
822 1519 969145715
202 646 382823671
1112 359 473663848
1331 1583 274935369
1887 1538 929863562
361 895 414229062
1363 319 743817620
1799 507 690397654
1049 1306 471246722
615 861 831781055
1401 1697 454453656
1058 829 980299118
980 202 705500645
695 1172 825490112
1751 1161 446682847
1494 627 348299195
126 1997 583745742
1976 1123 783186144
1754 1492 956720878
372 1107 782986888
13 1638 978983032
928 744 488665874
957 1781 634915336
1789 1227 915615937
1472 525 603159738
351 1237 671571531
900 1589 980609062
114 1667 410030173
554 1455 652521995
389 1736 785223929
1892 2000 567121657
1313 112 410541266
1283 1454 656285856
884 1590 94333048
801 276 720449747
371 304 966881047
1127 524 625911662
617 1764 400271088
345 362 693856934
652 622 128903492
400 1481 629175964
485 367 120193728
937 1631 979015174
1379 1100 286468411
1007 1916 301435040
933 1440 922121837
1781 85 769940731
450 14 164923912
748 240 94667256
510 371 197679575
399 594 881382740
72 103 618164563
160 110 201594681
976 56 5595205
14 608 411796966
1447 497 93178426
1793 603 138424212
747 640 73308716
295 792 982321949
229 112 410996580
650 1628 49538526
830 1490 295242877
121 304 433392049
778 1733 982691025
10 838 996145032
1664 1624 763433091
1361 1211 217407247
976 1208 773230443
1273 1231 190933534
611 1766 802524016
897 1605 950877029
290 1254 159954795
101 27 187712982
1894 1268 863391714
1997 1378 188551033
1332 950 416579315
1998 1933 181247125
116 1489 31238308
1506 1174 974957818
648 649 317292973
155 161 573246178
1693 104 730225187
1437 84 541146691
1771 1602 839438232
991 929 994447180
1864 400 227504897
366 562 164167901
783 1345 711046558
1600 94 969916484
988 383 146730418
472 1078 990679349
203 449 99216854
1589 235 299135756
1130 1568 602895954
1722 1128 596093104
565 109 227246123
421 836 273671166
1136 275 961930164
215 1116 357962864
613 582 500258943
252 856 397907334
17 1017 868981112
1363 67 227144966
46 727 274323297
1196 670 751522537
310 354 382354975
1427 660 891450725
1897 288 572745698
1411 850 280609675
230 325 87488851
7 1395 655314699
140 955 791879170
714 1562 707531402
890 1763 534209780
500 114 430636681
169 1138 764379935
1211 1033 8150898
836 1501 11446906
1976 678 913971463
1765 108 599710977
188 1590 955803013
237 22 678680560
1047 229 748790369
309 1356 163432280
1670 534 348177361
638 1628 791712531
1309 377 136466822
803 1580 544337653
1039 1495 227002875
401 1500 954640747
1913 81 835141445
843 1365 242977382
1279 370 339990787
64 746 282268430
1170 1477 933769207
245 1994 898734704
253 738 46792110
262 963 214647158
582 28 311656297
1769 1542 643835855
990 1919 322357320
1881 146 967565270
1459 1705 982889188
1533 1822 372021994
1631 1745 19201979
1520 1659 292841556
783 1340 447897526
423 593 158062449
1156 1836 39591380
1761 360 99416653
1336 1205 781811359
159 291 920081062
1111 472 170452132
17 1642 99772206
921 677 300213745
940 66 677468544
1951 957 460133165
362 1372 742545289
1272 1452 81474980
385 1186 628732347
478 1238 803247137
1272 1360 4299960
1678 588 197775270
1142 969 86874683
582 1053 534435461
1109 1966 245190072
562 970 744212467
274 596 881982338
1944 268 398806728
1937 750 601154281
925 426 352628547
1820 833 421640924
681 1284 828976285
614 1296 441193311
1393 1217 555664142
1121 170 201599316
47 1535 598209724
596 1209 753906279
1174 673 108880413
1728 1983 475923765
1839 364 533485611
1563 1554 475742257
1047 818 396224206
451 1721 986688085
505 1577 990112991
1525 458 356304241
1953 662 595817790
420 1892 605979560
457 1608 194369898
175 1414 497571319
274 1456 744806242
912 1674 172871554
476 456 470927296
354 920 884899507
909 75 530267316
1347 644 301047792
1809 1895 493325988
647 54 984109039
408 554 154619270
652 1606 512284925
251 362 464826871
559 160 422762932
1468 1573 402151128
773 823 106161049
697 1974 346454501
181 1266 439960510
1893 1272 196082830
664 1126 574690290
462 1937 958425241
879 177 225335788
999 1336 494508104
878 984 981426325
1416 246 809501553
410 289 575010361
1643 698 649943234
1908 218 111210219
277 1658 463663112
415 1868 730159251
731 132 180907848
1309 596 348199934
252 498 742757472
1071 585 360970529
394 1672 262536593
100 1209 757169449
1595 1134 648781793
1813 1842 239248582
908 1732 23246648
1149 1705 959655899
799 803 684906209
1021 1609 606741664
355 1155 81069320
1103 1741 575970915
1481 175 215914821
1386 38 852936237
924 1626 595192477
666 1062 194448080
625 1587 268659030
1874 795 495354695
480 1873 178817088
1244 75 570663160
1860 1666 786560302
42 256 964148489
1974 294 454005040
897 1944 279450445
554 1797 630729467
1959 246 451306620
738 1591 589604552
1660 724 136471175
612 584 284785203
1371 1121 480465850
1682 977 253309941
499 315 95204200
1358 803 727411804
888 1660 525852180
435 1046 162118527
814 1323 582562729
1227 1921 228170867
94 1374 606629844
109 779 387267928
521 1545 131982773
1819 747 170146300
87 1912 524528307
1788 59 504082311
1515 1480 237321891
1518 331 432724009
838 884 80045255
1326 723 382089117
695 1100 807487981
299 1742 650490171
1210 1241 877963506
1395 950 268856013
607 16 88568587
805 33 106920667
1031 635 30636749
998 632 410932457
129 570 501449548
1500 325 768110211
414 1717 931464789
1793 1142 131208138
136 752 317861833
1765 1937 343540791
828 1749 428368180
1230 650 124345922
156 1429 503935587
577 941 272923726
922 1920 760828409
1719 1458 424894357
702 319 875057890
13 1978 660943068
1746 877 796337296
373 670 578897809
1743 488 879247068
1289 818 429217929
333 2 648498202
769 1527 291654478
96 1663 229975121
1971 904 286230707
864 436 165559453
266 699 319379509
1175 1357 603571505
254 852 428401459
699 1491 489000084
346 671 852494629
902 458 964250506
827 1268 28412908
1099 1159 453894204
1137 79 950500990
1973 1127 767640517
1468 1837 311505833
1627 1022 598441160
6 1488 816910721
904 6 390235317
522 985 944780157
151 1758 120391765
156 184 924422457
87 1928 360765911
1929 648 994601366
1464 1942 266506878
875 1316 613568008
1944 1322 543060297
1647 1389 741622374
1307 1014 719927574
995 1766 450310459
1009 865 778825453
1033 931 478458876
1640 440 152526379
575 695 848549130
906 1224 578380698
1853 738 805152367
1642 543 695428556
1316 1667 181802595
1711 1431 737982521
945 929 415763681
1085 1104 655111715
1835 248 527968107
1786 1559 264037431
1775 263 155040889
961 690 335804748
1545 419 285443484
454 1705 46304307
387 1909 94071707
1760 694 401579315
1774 278 995232546
119 692 59823678
1832 205 464102746
1971 1388 898586776
905 1995 404102844
159 109 919718669
1467 256 874600928
891 655 39905442
269 562 538129808
847 94 670559401
803 1395 62371889
126 694 516210035
218 301 840696914
257 688 433504938
1125 1073 452008174
478 324 531344823
847 1014 552462639
1219 410 760699941
650 289 585915967
82 1793 747148196
420 1344 736493167
310 1784 774151246
1879 1257 92253212
1964 1839 283476615
187 427 867847229
688 998 810438350
1478 253 478662712
1420 1503 659972982
1389 839 697467418
1434 1748 17008434
632 936 33688667
1037 1751 785733700
672 1243 314487322
1210 770 832368740
1957 839 952598153
1838 224 542731788
34 288 872658770
1511 1907 945089748
1531 963 335347957
589 279 490874692
12 1497 200744248
112 1879 742016682
624 1377 527794645
1994 1985 225141675
305 1341 361278893
1620 1275 791442987
661 1344 856811122
634 340 888406875
1685 586 869406654
347 769 756151191
486 1665 921751122
1084 174 180749019
1417 1405 516227066
1028 731 767282569
1433 357 10404446
1352 1077 199960165
485 1195 680621134
119 1259 804476747
500 1241 618434109
1965 1656 677386788
37 293 418162853
240 1857 216847616
508 1413 889600465
117 679 447312680
1746 1176 899608302
140 1785 889139801
1610 1856 461284481
1130 96 413369329
497 1760 383261771
1012 306 828994650
1054 449 28866598
1785 299 47514645
1731 515 99681910
1544 858 16387854
863 1641 465036865
20 27 529730719
864 781 933165703
1976 90 755543533
1540 1969 310518431
844 1607 31807193
914 1949 155545211
1827 1296 517540458
174 1486 709364253
436 1130 742871115
1671 853 826768282
531 291 997659131
30 454 950643920
1649 1760 665087410
130 1606 694643628
1786 982 807833074
62 1348 568814920
1944 1726 958741812
801 1148 266860145
1803 539 290258388
268 142 595824417
118 274 959300356
1902 1737 757856204
749 848 631371308
505 1688 653164978
1598 622 493198079
1769 346 950685735
1514 331 280785046
1969 1696 985693610
1812 370 510496735
1862 995 940568634
1009 160 819864757
1403 443 382248861
1364 975 104193557
423 632 961447495
862 1028 898573100
550 142 526173990
623 1644 529409722
1651 826 280845561
1503 686 237512728
1645 1574 776891878
1455 1436 430995764
1764 637 385906070
715 1742 236469042
1311 693 909367946
131 512 368589318
197 1489 437135358
396 1987 26405974
940 801 581249649
446 1827 609501037
1844 1809 958360965
12 1917 558952056
1032 59 472805754
1923 1052 291207252
1855 219 219767746
192 1642 387498687
905 4 179146202
1928 1704 298857554
1451 1820 704080928
1983 1897 363268921
868 1698 47989460
1039 972 626091409
1024 974 415087361
363 1964 520738661
727 1420 191250519
313 1335 827171993
1592 1241 286954245
46 1220 284997078
782 1048 47116501
1842 603 246446292
940 517 493737950
1759 71 348869734
233 180 174299974
864 1213 488017100
1669 1727 110753832
470 445 411507603
1293 112 685132102
1741 384 941705146
260 1451 130333082
819 487 856810468
1037 1067 33697754
979 1936 962612844
269 626 41255574
1222 1950 195296503
462 1883 15080801
136 814 645521861
473 1131 236756162
1051 191 486820075
1748 12 562910964
1618 1976 948282704
1788 1479 264766047
108 1159 139828442
290 620 219838616
1338 1135 598839320
1691 1385 315045957
1131 740 577811823
9 1654 361266618
1963 1096 97804085
268 1578 873299204
477 2000 541174619
1182 1366 307111977
1880 231 628469533
1925 1303 395247474
1948 335 994983439
1121 1152 409964095
523 1097 969060228
847 465 704078804
856 19 537797113
1004 1027 589850120
1720 110 274828690
1470 35 543428695
732 1178 393140240
648 1155 897310072
1822 239 66754808
934 229 137243511
1022 498 417052409
1389 1846 63828309
300 703 725201595
174 1637 871014082
31 937 816338341
836 599 941205870
672 1519 154836468
951 659 938758748
717 1008 170898270
1520 875 754712284
1401 604 901989066
334 704 411518440
966 1067 802654781
389 1852 301034512
1299 770 133245078
1289 772 758490333
1801 1788 187701884
1774 1787 957011538
405 167 394763988
1526 1240 106197169
790 1051 361047499
182 1682 960828257
1487 439 66372118
1702 1404 961121793
1698 1012 17247676
1084 181 97619790
1608 1854 19596538
375 341 511761442
603 1082 384425395
357 1659 673121339
378 1122 970616939
1033 98 818854727
476 200 203893697
1407 1607 342676348
635 151 30530501
1635 908 982994393
657 1812 525029832
1747 742 912394352
1524 1891 229433033
397 1812 623601403
819 464 709112734
260 1158 870508161
332 150 859004389
1049 758 22149805
446 1432 107018559
1155 935 775749452
260 1936 669358098
567 612 614123807
463 558 600419882
1185 703 665715448
518 1812 728068771
1191 849 116279548
483 312 891879115
1987 124 348522633
855 796 880920873
705 1475 568390025
1830 164 636748175
363 972 781782868
803 122 152773566
1814 888 126870996
1249 1976 120271838
758 439 786740034
1969 815 852359725
1977 1445 310150935
699 1009 253572059
1457 1956 592858056
635 353 420445517
259 212 911033300
1619 1070 969357541
974 1526 288350720
1650 945 567148464
384 164 576050697
1246 934 127903250
924 250 765694033
208 1469 900561773
1196 1638 894163810
1911 1102 893037108
1892 1726 837212297
1492 1195 724572832
755 226 723461323
975 76 922881758
9 1061 18501978
1466 844 868995596
439 1417 287075765
17 765 99950155
1726 1064 715483772
1043 503 51375329
1356 1243 798805917
1221 238 629787960
1920 1610 474445833
1398 1232 747424778
584 617 631546033
1004 1928 248375989
495 787 25587125
1407 1657 845483132
1576 365 922043671
1079 1669 88436481
1975 1309 850116920
1944 1175 338653268
1999 407 308332800
42 1874 363122588
1001 737 746686826
353 1645 535735
71 1166 338588994
1020 691 547624641
430 1695 25952526
337 654 394003022
483 674 314947552
115 457 721800388
777 687 84207908
555 606 99374882
1501 1544 473359184
658 1163 598566446
1212 848 227280516
1637 1268 587784060
522 1873 170677008
997 1074 599080710
914 1123 270849658
1543 1630 534107892
958 718 823280508
1176 1966 767720054
1251 503 372905185
393 79 114987194
619 1183 1466734
1926 1435 452750288
671 1224 528742474
1316 1181 694789378
1059 1078 746734421
311 1536 382055346
488 315 938823795
55 84 96806306
1143 1059 434420373
654 618 261007144
1996 129 42014350
1381 229 911387223
684 1358 922757799
730 229 64919531
1566 1301 347192740
1952 149 283824741
1813 1240 912772612
973 1308 155443865
63 1627 407138211
1955 1574 58705791
1167 1296 729280275
173 872 382753762
946 1947 605353704
1125 1605 21091066
1891 1522 271388816
497 1015 76381645
1825 1466 881047506
1991 1479 38497935
1636 1463 525441199
315 271 381654986
662 1579 457058931
764 556 922069705
237 1307 798189654
713 1226 147931457
412 198 554522284
640 1777 603766929
1236 1040 619686213
839 513 488611126
600 1654 950195327
1187 523 643210238
349 349 222874861
1207 646 441167857
172 500 139360284
1356 1959 881469450
444 422 496400965
1585 341 956353004
1000 1040 850550213
883 1319 232940515
506 89 826642050
1815 381 390712551
397 1658 35577481
407 606 552087653
161 174 945613921
1196 1031 246491918
720 1596 871871017
345 1726 801610541
1124 1668 877313119
1874 64 894399314
130 1873 483960002
1329 1306 398130908
652 513 305456016
141 1093 751867020
15 1353 902110551
1969 1833 6219009
1283 294 475825215
172 846 291937651
439 63 847508752
503 188 882651192
1376 1509 627129762
39 597 199893981
1947 1463 903381311
108 1127 129367774
1954 1628 52245313
1569 1946 293990996
16 1181 756935161
1093 1288 886508701
763 1654 369480611
703 876 337902065
1649 1981 540724459
713 593 252238774
1999 286 397921485
353 1953 613770494
900 605 698158803
1016 1017 752750440
1171 586 920436272
1615 840 113946237
468 351 546166651
222 1413 17186375
499 1234 569964627
