1016521
305362
9139408
22708980
20561
728299
2137057
736859
1012497
60513
980989
159867
811861
2311264
10182
1054888
5089004
473706
205035
28018
5909362
938111
412488
3660477
488681
30234
5501
239341030
170640
70350
2893381
8201285
1729
298181
97528
932117
800891
1391295
84790
89968
143964
2307888
9548593
134942
1632661
115745
71357
109439
28431
274449
177731
35774
941254
47588264
871279
3378594
1030965
39041019
28702
1044800
60302
234373
2124348
89439
274549
1024469
938555
72217
130611
228685
259381
20116
98091
285562
708859
81104
94609
961616
257599
60145
1485983
1145846
8445416
13805924
236919
109609
58586
121102
9487178
243372
209348
634690
116550
299530
147724
22156
1213784
15299
2369062
54425
287776
1020977
245752
7353705
250024
504747
903045
54921
398119
937658
679886
158124
250837
907460
708739
293848
111045
169618
16331303
1036427
2843230
852477
51026
45661
82640
12956375
2732493
8151
71157
4254792
2771924
45788
200212
1759241
35828
91816
29377
1739407
125334
2816508
142163
75434
198940
8656805
104148
20541683
109309
170771
73691
161295
36188
298657
19354
121754
660172
177942
305640
237708
52864
62660
567502
980550
83430
4408858
89621
5178744
35774754
1081244
87987
3735372
2601287
38098
76656
15093
156006
518185
289364
134047
390739
274556
840987
2695194
173070
875422
140880
894265
986708
183932
1032947
5017
4534627
72876
23972
840194
809296
866556
1549758
1698563
1902842
1047614
7481691
32649
245974
226577
12773448
8668805
178172
1216310
70019
6504471
43546
3297265
103134
128656
853544
53687
170029
220098
602782
136143
1397230
1428299
145040
680953
2627195
79271
310349
10655
3638032
122425
33168
40613
236745
8102699
510427
2682922
63838
2494014
117194
483682
25628
111349
1389110
691477
2608
116588
97731
1883
606355
141446
242893
816733
79993
1728375
70509
103850
1294000
4361
53888
539145
232235
418115
511174
131076
79458
47298994
141714
719080
675016
439111
191946
83291
12846178
169545
17578
2840443
117247
411754
6862
46549
7179006
15995981
220812
209513
3248193
126349
387380
680568
1839500
82735
75019
15311741
186801
1350
31207
1246195
176781
175947
250943
1013015
990658
161495
2339507
238559
64357
2932961
10432998
26269
223710
17677548
73442
572238
1657486
218943
167210
1823500
193538
174973
525826
718013
22126333
670849
99879
100135
1524561
54212951
15342
204323
280703
1882541
1661135
79690
69732
3601089
9381918
524739
748443
56185
300213
152388
3683429
10917922
105402
639064
1048365
26353
39879
56776
98575
612842
397726
40888
37143
10767625
19226
80251
1403044
435174
30127
935919
21042
316387
3804728
346767
271784
192
106492
53595
954693
20309
20106
96597
103005
6128529
5440708
886654
260567
6420077
845655
3279774
144686
488
37935
148780
2121387
52543
61487
57775
269955
1013530
213577
918235
215317
4489
56656227
65083
364786
2840706
1596388
113401
14337
245700
169508
14083903
95135
83204
184791
500796
86783
208993
22988
228168
468903
710043
34542
166368
139793
38025
18721615
178695
82361
496793
1082184
97041
4599270
1683238
533676
70527
512509
53827
71298
144850
65490
31771
1305289
17752138
31975
75385
131311
296567
6232751
586347
1030581
138991
76619
65417
14246954
3819575
30340636
2763125
400173
312869
2170524
1020350
2461638
169883
3981832
624629
22093810
274578
67484
18789258
38151
15076842
251286
289068
139169
300624
162310
1182998
59751
1205669
188013
4225129
1037737
114308
7484245
67826
804739
180404
154399
40933
30369
35563
10514168
146899
44408
205832
97980
147111
125417
243395
9723
856019
4570740
19671
2536211
210223
280591
422015
2332616
123829
2331521
51544
249801
3055299
144426
84099
273628
1323812
7420209
75155
34929
3498618
143043
272598
704790
279748
36845
204242
4447871
75358
84270
51941
351661
58455
60042
121772
72178
92829
433828
49311
294713
1793982
219906
8953
533553
370762
106713
2955724
12439
36459
1494178
103173
9059
2569359
2837034
305230
57402
875327
386669
13578
1220118
46502
454657
114309
4188
758087
255635
978312
592649
24608
3937149
123718056
102239
35195
95434
956195
5253
1458067
154091
297846
110162
417279
239825
92837
29934
218417
467609
134454
61378
36020
1484453
63756
99277
168480
6497786
296536
21609
18919
7469
158189
2843
2024318
2919373
2393737
264311
867184
744111
76685
80646
959764
128028
212436
953766
192213
683913
193323
295014
135317
2674312
149409
57724
617440
49174
109978
149086
80820
800493
141572
221058
137405
737685
29149
139561
52754
2157546
320010
543492
1025924
3797591
6338293
7073590
718077
195362
6347
2120951
198495
376213
71565
160598
92965
499699
15611
87466
355447
10236
271993
2823325
297477
141368
227355
51913033
459237
3330738
230991
1236695
138793
29662
61331
79250
53579
5603143
3799645
167246
5984
13203334
2633109
534174
20806
55254
139557
87589
21334
51877
75931
131309
331064
163779
69453
2165638
3651972
1553900
44919
937044
123109
113453
817698
81006
29792
922022
51599
11551467
295165
250478
88024
86648
682110
968681
181749
244054
5833458
880995
14568128
3657304
109948
977214
1027404
794672
10675772
13068
998536
86597
2643589
102470
168825
1276683
2746856
873932
289189
550192
2832687
50543
208534
3591185
68696
170568
739850
1285383
832130
2168935
87863
1067705
145405
264131
5134
2243358
265506
81060
94116
872158
779521
786027
282086
330916
16307375
1069572
5256
44214
260214
222211
815836
143891
21206
710336
1490219
186939
51639
23538
113692
72047
85585
244002
104904
307888
275193
43283
24995909
862242
312064
155151
236954
6898254
713507
40658
66318
3686
248
21706550
444041
165371
404
19164
12787101
87706753
30020
82560602
26477
5082875
141932
1005751
1265952
138518
3985466
141263
220449
313129
13963
141915
1692930
2845203
12542
860571
3202476
6941569
3581240
544215
739862
315354
2970140
21701
1017080
11958729
37582
55398
481152
77528
12595
122956
20620
19262
216602
72406
143640
1148206
463792
69798
865470
497551
79267755
659713
861867
752
17086
3370704
30627
168712
2275835
1046692
801830
2522578
921197
4257009
567652
416457
138689
872632
45657
107102
31454
3545414
80080
1378480
84720
634389
187355
198826
1185827
85365
53582
239997
174001
185929
295265
63084
123284
142376
257804
459831
1884982
1208459
255457
311036
93150
26984
101232
15030925
840849
144242
89205
778655
35265
20543
150266
611567
292152
68512
2973770
260599
1792579
64669
106199
216729
16074205
120600
139284
1231032
2526422
1127
44738
128596
1914951
2290280
843811
999461
11092742
65712
1049861
159717
288898
1295184
219825
10168854
507905
310963
1703806
19838957
16604
889503
229302
43526
1484689
6960
367991
916742
3034274
1651881
827978
240590
64598
120655
321259
288271
43606
16125
136265
254515
351776
121071
98526
9832334
898535
118196
279045
839642
1993172
4556115
165897
80226
6995374
70710
165919
52394
736515
2448288
3997367
841548
86444
799346
1609333
5350985
925237
533219
3547220
1423803
161626
278109
63242
924059
233748
800620
1303791
705486
757319
989567
85854
245726
7328110
106301
389661
104615
1261269
588363
9976
1015014
211306
136503
983321
32932
3050321
1349137
379331
487019
1975058
129091
276016
18642
21633997
666174
120335
153314
176704
70783
403344
83454
5953399
736311
2040118
106218
242187
28683041
64040
3234201
901977
1644340
587519
473666
91977
2254483
108880
74961
143046
134980
1386761
41378
1964616
49702
765923
392995
59695614
283305
2501007
641167
1424263
54186
1061406
474972
4392282
239353
632324
67372
32853
1736324
266805
4555418
159544
85502
2639361
208512
30675
18006236
167540
135200
39538
1180492
124502
590597
18139735
54373063
74956
743547
145996174
722835
11460
3588134
9981135
151790
467763
297372
110331
60910
98307
142137
32227
165062
69574
109581
958551
297857
29430
283057
137989
1512064
26277
80796
189843
1031415
174833
253148
85666070
111375
1052527
192023
265442
140121
108788
56021
131603
232180
22735265
2642609
141990
220250
1468354
363606
908977
42037
143668
21668
148841
98981
159314
12764
691542
62522
143551
266693
1425835
1436004
2446160
318342
162164
2523738
14235459
33851
312187
4962805
156189
817049
163668
265798
1188669
965853
112530
888475
6564504
21504
230170
124820
111690
104483
613430
2989907
9888
889740
87207
48165
46338
1033386
2379917
71184
372322
667003
13853
245244
415254
13879195
182321
10385944
304346
132436
735795
2450581
258783
21753
993666
1384708
363325
84914253
662054
577023
14980
71331
369169
2709539
117413
344824
185822
890475
96002
251017
500204
98849
7975
200182
256980
1065800
478057
860870
4485982
437122
23994
871214
305311
196316
1536909
781582
15675068
72845
1051342
131757
2855180
26240
88716
90665
14295087
168903
21294
4907036
11871540
256532
267176
304373
116670
34955
49652
8473896
11141125
81640
347985
6964830
1270263
1074056
314151
62408
507236
2635496
839413
48624
39797
459128
110915
1954126
110769
516883
112174
217737
1022895
823969
53973
526697
2625823
99971
81625
73073
25004
772978
98384
1132521
174654
10539839
157031
712557
192366
2590827
711118
148172
180570
100239
1069050
973128
89317
125654
1006075
31653
1156522
907383
60548
541048
163549
1060138
240147
2765
139472
110477
194301
160138
769
773708
273911
34408
377123
878193
2645943
122160
239257
24490
2814542
18145
6453500
2945572
1514203
8941288
384758
57814
37880446
128903492
221379
1157550
113076
561763
146788
562471
24524
13539
35954
869668
2104844
4559386
9190812
22203
117360
638781
39976
2270219
1966023
379252
553044
456967
32587
32741
153419
4118081
2986842
4246055
14922070
261397
2305240
755946
1885884
269241
131267
622643
406294
29507
2525266
317292973
74585068
81060
11801
65206
57008439
297268
2986758
359350
8753
1025488
926438
82910
153920
2496698
184902
84582
1679901
699909
90348
3857306
1067390
90615
166087
139768
1067273
13840044
807004
142480
4973
66738
69915
1910
561584
61183
115915
165854
2377498
646206
246333
24156
25191
436611
25747
181916
685911
967861
343566
85444
1768885
635335
43866
70636
32026
140012
1268207
81044
2272835
903227
132039
146719
182182
29185
32439
72020
89579
921124
668924
2638869
139484
65217
2745044
86322
850604
171338
693099
12894
281124
488687
2303624
620612
1047671
4299960
159301
3046084
829500
101908
206940
1613125
314625
244919
216753
57087
31810
1029
1421127
27292
21771
11576
624888
1633929
138496
2191457
259040
240185
417336
376026
10097
160292
18922
78243
659015
2841158
16324128
315602
144701
556023
1741514
65561
1186097
784819
4221897
126171
7147949
8855070
58763
77848
102196
697800
230796
59424
706388
22498056
90351
2233559
766854
52851
296872
171155
154555
631411
2378775
1059373
312360
142092
2159968
7622782
18350
227740
73054965
535396
50459
125169
70058
75813
1504790
793736
512740
192433
9570
93907
208258
140417
183280
247466
164145
150244
490668
388952
1563027
880920
119758
652176
924127
1203465
293427
433001
113657
145716
90289
515097
287380
146348
138640
3518439
125668
147326
237333
466571
297474
2636524
1669731
54645
80654
984927
577844
156586
430095
236231
272687
113663
272153
43812
161794
10081
1006068
146918
45618
3340264
133268
15212
1918462
131444
767016
40850
160213
84999
122516
736558
3778921
2660064
2342369
572497
3730939
10854
331088
4353156
113618
311552
54017
1391973
80709
146563
975222
18859
1185290
35680
100541
70894
1732052
61090
2684479
366384
278821
18917932
63076149
265026
10589973
3711892
17090
1072061
2639813
189169
5620461
6933873
36172
263342
269934
1076228
330709
86035
13911
190274
116474
37629
128439
287245
154436
616688
598624
793829
499366
75243
115767
130355
165756
523516
1628726
365904
522290
1034275
1665783
65357
467400
70053
174789
1434231
70585
51127
625102
707753
440827
187441
1031679
69166
1005726
436407
263095
106038
121826
39165
470554
152735
3850
113100
987866
17889987
864046
5818489
641654
565759
620268
1308511
5536
2941
80839266
595425
1068634
2426355
188350
143264
316555
148884
157702
46351
49089
153625
112302
45463
163716
91849
207920
791618
987138
199805
11934
1199538
1246267
1014931
423727
45025
58234
854270
227285
248608
97949
54451
225406
787659
15777
155644
121380
142902
81852
590526
84793
200314
168719
9586
2433614
9870500
428203
378995
19361
796465
955269
127794
211738
99653
737284
1869255
2526127
5664257
82358
442803
744911
443304
4238805
35515576
265169
208802
911372
86723
6712
42563
721365
109281
2051310
111340
16562
150367
142759
140450
102199
211764
79639
38663637
191150
3502964
1741937
470
436630
87941
7788292
98221
1002651
762
243750
135483
218759
28835
220452
153640
43602
84461
570823
5803476
2255238
22865
749628
102213
76217
23971
496725
16262
142680
254901
36338
139765
2648472
1327874
251032
519435
104805
56145
1008985
276355
2606254
122771
207595
153081
15610880
663506
10397940
57237
6956436
117346
170467
198110
814365
82838
25230
472121
141817
3256245
3196
109625
5729457
319532
816361
868658
403092
340793
55786
3260861
148483
1070344
246443
2401244
41431401
122527
132884
634309
90167
61323
202865
46516
61850
284545
35702333
1067470
522655
358576
158310
50728
1760839
77173
13604
138642
304972
15593
88325
9436112
45272
142646
649585
511865
3516178
225697
4412771
11057899
81135
149961
651978
1998624
65250
663823
396691
69480
252853
78183
151836
30554
673566
60674
107290
126911
72199
2537537
71304
671569
237196
956427
54337
1796654
901690
9336
2500774
222190
1644463
126096
134591
61162
58404
15704
89330
3983
278482
761926
6458889
139934
211243
4982875
1619357
144545
5325977
4328732
299900
116749
270600
56956
143406
26412
255285
535735
84406
481661
226195
2150081
3412165
162138
15734659
5636618
14137476
951061
529673
23117
116614
81720
2181004
2287575
996863
123099
236987
105412
386664
138128
517340
574912
2536176
420358
340111
754518
5040118
41402384
143628
41113
420115
13064
2747940
51861
129511
2915412
88324
63681
2897786
136269
193440
1912451
183118
1010699
46649
283326
2571072
13140055
163417
12391153
167875
919197
157481
70369
2411589
1236691
659852
634557
222874861
459426
20100
154315
1802991
1019145
7300593
307065
49543
15732
815215
1240980
1029573
2658565
454727
92726
2720198
6705
130444
12451362
1319629
92029
102245
1163327
283686
35375
124513
104173
1862103
5788
189330
89045
251585
16385
18921
2021431
1012057
605635
69555
10312502
65081
264209
437556
134963255
990024
92995
370253
93827
203155
