2000 2000
1 2
2 3
1 4
4 5
5 6
6 7
7 8
8 9
9 10
10 11
11 12
12 13
13 14
14 15
15 16
16 17
17 18
18 19
19 20
20 21
21 22
22 23
23 24
24 25
25 26
26 27
27 28
28 29
29 30
30 31
31 32
32 33
33 34
33 35
35 36
36 37
37 38
38 39
39 40
40 41
41 42
42 43
43 44
44 45
45 46
46 47
47 48
48 49
49 50
50 51
51 52
52 53
53 54
53 55
55 56
56 57
57 58
58 59
59 60
59 61
61 62
62 63
63 64
64 65
65 66
66 67
67 68
68 69
69 70
70 71
71 72
72 73
72 74
74 75
73 76
76 77
77 78
78 79
79 80
80 81
81 82
81 83
83 84
83 85
85 86
86 87
87 88
88 89
89 90
90 91
90 92
92 93
93 94
93 95
95 96
94 97
96 98
95 99
99 100
97 101
101 102
102 103
103 104
104 105
105 106
106 107
107 108
108 109
109 110
110 111
111 112
112 113
113 114
114 115
115 116
116 117
117 118
118 119
117 120
120 121
121 122
121 123
123 124
124 125
125 126
126 127
126 128
128 129
129 130
130 131
131 132
132 133
133 134
134 135
135 136
136 137
137 138
135 139
139 140
140 141
138 142
142 143
143 144
144 145
145 146
146 147
147 148
145 149
149 150
150 151
151 152
152 153
153 154
154 155
155 156
156 157
157 158
154 159
159 160
160 161
161 162
162 163
163 164
164 165
164 166
166 167
167 168
168 169
169 170
170 171
171 172
171 173
173 174
174 175
175 176
176 177
177 178
178 179
179 180
180 181
181 182
182 183
183 184
184 185
185 186
186 187
187 188
186 189
189 190
190 191
191 192
192 193
193 194
194 195
195 196
196 197
197 198
198 199
199 200
200 201
201 202
198 203
201 204
204 205
205 206
206 207
207 208
208 209
209 210
210 211
211 212
212 213
211 214
196 215
215 216
214 217
217 218
218 219
219 220
220 221
221 222
222 223
223 224
224 225
225 226
226 227
223 228
228 229
229 230
230 231
231 232
232 233
233 234
234 235
233 236
235 237
237 238
238 239
239 240
240 241
241 242
242 243
243 244
244 245
243 246
246 247
247 248
248 249
249 250
250 251
251 252
252 253
253 254
254 255
255 256
256 257
257 258
258 259
258 260
260 261
261 262
262 263
263 264
264 265
265 266
266 267
267 268
268 269
269 270
270 271
271 272
270 273
273 274
274 275
275 276
276 277
277 278
278 279
279 280
280 281
281 282
282 283
283 284
284 285
285 286
286 287
287 288
288 289
289 290
289 291
291 292
290 293
292 294
294 295
294 296
296 297
297 298
298 299
299 300
300 301
301 302
299 303
303 304
304 305
305 306
306 307
307 308
308 309
309 310
310 311
311 312
310 313
313 314
314 315
315 316
316 317
317 318
318 319
319 320
320 321
321 322
322 323
321 324
324 325
325 326
324 327
327 328
328 329
329 330
330 331
330 332
332 333
333 334
334 335
332 336
335 337
337 338
338 339
339 340
340 341
341 342
342 343
343 344
344 345
340 346
346 347
347 348
348 349
349 350
350 351
351 352
352 353
353 354
354 355
355 356
355 357
357 358
358 359
359 360
360 361
361 362
361 363
363 364
364 365
365 366
366 367
367 368
363 369
369 370
370 371
371 372
372 373
373 374
374 375
375 376
376 377
377 378
378 379
379 380
380 381
381 382
382 383
383 384
384 385
385 386
386 387
387 388
388 389
389 390
390 391
391 392
392 393
360 394
394 395
395 396
396 397
397 398
398 399
399 400
393 401
401 402
402 403
403 404
404 405
404 406
406 407
407 408
408 409
409 410
410 411
411 412
412 413
413 414
414 415
415 416
416 417
417 418
418 419
419 420
420 421
421 422
422 423
423 424
424 425
425 426
426 427
427 428
428 429
429 430
430 431
431 432
432 433
432 434
434 435
424 436
436 437
437 438
436 439
438 440
440 441
441 442
442 443
443 444
444 445
445 446
446 447
447 448
448 449
449 450
450 451
451 452
452 453
453 454
454 455
455 456
456 457
456 458
458 459
459 460
458 461
461 462
462 463
460 464
464 465
465 466
466 467
466 468
468 469
469 470
470 471
471 472
472 473
473 474
474 475
475 476
476 477
477 478
478 479
479 480
480 481
481 482
482 483
483 484
484 485
485 486
486 487
482 488
488 489
489 490
490 491
491 492
492 493
493 494
493 495
495 496
494 497
496 498
498 499
499 500
500 501
501 502
502 503
503 504
504 505
505 506
506 507
507 508
508 509
509 510
510 511
511 512
512 513
513 514
514 515
513 516
516 517
517 518
518 519
519 520
520 521
521 522
522 523
523 524
524 525
525 526
526 527
527 528
528 529
529 530
530 531
531 532
532 533
532 534
534 535
535 536
536 537
537 538
538 539
539 540
540 541
540 542
542 543
543 544
544 545
545 546
546 547
547 548
548 549
549 550
550 551
551 552
552 553
553 554
471 555
555 556
556 557
557 558
558 559
559 560
560 561
558 562
562 563
562 564
564 565
565 566
566 567
567 568
568 569
564 570
568 571
571 572
572 573
573 574
574 575
575 576
576 577
577 578
578 579
579 580
579 581
580 582
582 583
583 584
582 585
585 586
586 587
587 588
585 589
589 590
590 591
591 592
592 593
593 594
594 595
595 596
596 597
597 598
598 599
598 600
600 601
601 602
602 603
603 604
604 605
605 606
606 607
607 608
608 609
609 610
610 611
611 612
612 613
613 614
614 615
612 616
616 617
617 618
618 619
618 620
620 621
621 622
622 623
623 624
624 625
624 626
626 627
627 628
628 629
629 630
630 631
631 632
629 633
633 634
634 635
635 636
635 637
637 638
638 639
639 640
640 641
641 642
642 643
642 644
644 645
645 646
646 647
647 648
648 649
649 650
650 651
651 652
652 653
652 654
654 655
655 656
656 657
657 658
658 659
659 660
660 661
661 662
662 663
663 664
663 665
665 666
666 667
667 668
668 669
668 670
670 671
671 672
672 673
673 674
674 675
674 676
676 677
677 678
678 679
679 680
680 681
681 682
682 683
683 684
684 685
685 686
686 687
687 688
688 689
689 690
690 691
691 692
692 693
693 694
694 695
695 696
695 697
697 698
698 699
699 700
700 701
701 702
702 703
703 704
704 705
705 706
706 707
707 708
708 709
708 710
710 711
711 712
712 713
713 714
714 715
715 716
716 717
717 718
718 719
719 720
718 721
721 722
722 723
723 724
724 725
725 726
726 727
727 728
728 729
729 730
730 731
731 732
732 733
733 734
733 735
734 736
735 737
737 738
738 739
739 740
740 741
741 742
727 743
743 744
744 745
744 746
746 747
747 748
748 749
749 750
750 751
751 752
752 753
753 754
754 755
755 756
756 757
755 758
750 759
759 760
760 761
761 762
762 763
763 764
764 765
765 766
766 767
767 768
768 769
769 770
770 771
771 772
772 773
773 774
774 775
775 776
776 777
777 778
778 779
779 780
780 781
781 782
782 783
783 784
784 785
784 786
786 787
787 788
782 789
785 790
790 791
791 792
789 793
792 794
794 795
795 796
796 797
797 798
798 799
799 800
800 801
801 802
802 803
803 804
804 805
805 806
806 807
807 808
808 809
809 810
810 811
811 812
812 813
813 814
814 815
815 816
816 817
817 818
818 819
800 820
819 821
821 822
822 823
822 824
824 825
825 826
826 827
827 828
828 829
829 830
830 831
831 832
825 833
833 834
834 835
835 836
836 837
837 838
838 839
836 840
839 841
841 842
842 843
843 844
844 845
845 846
846 847
847 848
846 849
849 850
850 851
851 852
845 853
852 854
853 855
855 856
856 857
857 858
856 859
859 860
860 861
861 862
862 863
863 864
864 865
865 866
866 867
866 868
868 869
869 870
870 871
870 872
872 873
873 874
874 875
875 876
876 877
877 878
878 879
879 880
880 881
881 882
881 883
883 884
884 885
885 886
886 887
887 888
888 889
889 890
890 891
888 892
891 893
892 894
894 895
894 896
896 897
897 898
898 899
899 900
900 901
901 902
902 903
903 904
904 905
904 906
906 907
907 908
908 909
909 910
910 911
911 912
912 913
913 914
914 915
915 916
916 917
917 918
918 919
919 920
920 921
921 922
919 923
923 924
924 925
925 926
926 927
927 928
928 929
929 930
930 931
931 932
931 933
928 934
934 935
935 936
936 937
937 938
937 939
938 940
940 941
941 942
942 943
943 944
944 945
945 946
946 947
947 948
948 949
949 950
950 951
951 952
952 953
953 954
954 955
955 956
956 957
957 958
958 959
959 960
960 961
961 962
962 963
963 964
963 965
965 966
966 967
967 968
966 969
969 970
970 971
971 972
972 973
973 974
974 975
975 976
976 977
977 978
978 979
979 980
980 981
981 982
982 983
983 984
984 985
984 986
986 987
987 988
988 989
988 990
987 991
991 992
992 993
993 994
993 995
979 996
996 997
997 998
998 999
999 1000
1000 1001
1001 1002
1002 1003
1003 1004
1004 1005
1005 1006
1006 1007
1007 1008
1008 1009
1009 1010
1010 1011
1011 1012
1012 1013
1013 1014
1012 1015
1014 1016
1016 1017
1017 1018
1018 1019
1019 1020
1007 1021
1021 1022
1022 1023
1023 1024
1024 1025
1025 1026
1026 1027
1027 1028
1028 1029
1029 1030
1030 1031
1031 1032
1032 1033
1032 1034
1033 1035
1035 1036
1036 1037
1037 1038
1038 1039
1037 1040
1040 1041
1041 1042
1042 1043
1043 1044
1044 1045
1045 1046
1046 1047
1047 1048
1048 1049
1049 1050
1048 1051
1051 1052
1052 1053
1053 1054
1054 1055
1055 1056
1056 1057
1057 1058
1058 1059
1059 1060
1059 1061
1061 1062
1062 1063
1063 1064
1064 1065
1065 1066
1066 1067
1067 1068
1068 1069
1069 1070
1070 1071
1071 1072
1072 1073
1073 1074
1074 1075
1075 1076
1075 1077
1077 1078
1078 1079
1079 1080
1080 1081
1079 1082
1082 1083
1083 1084
1081 1085
1085 1086
1086 1087
1087 1088
1085 1089
1089 1090
1087 1091
1091 1092
1092 1093
1093 1094
1094 1095
1095 1096
1096 1097
1097 1098
1098 1099
1099 1100
1100 1101
1101 1102
1102 1103
1103 1104
1104 1105
1105 1106
1106 1107
1107 1108
1108 1109
1109 1110
1110 1111
1111 1112
1112 1113
1113 1114
1114 1115
1115 1116
1077 1117
1117 1118
1118 1119
1119 1120
1110 1121
1121 1122
1122 1123
1123 1124
1124 1125
1125 1126
1126 1127
1127 1128
1128 1129
1129 1130
1130 1131
1131 1132
1132 1133
1132 1134
1134 1135
1135 1136
1136 1137
1137 1138
1137 1139
1139 1140
1140 1141
1141 1142
1142 1143
1142 1144
1141 1145
1145 1146
1146 1147
1147 1148
1148 1149
1149 1150
1150 1151
1151 1152
1152 1153
1153 1154
1154 1155
1155 1156
1156 1157
1157 1158
1158 1159
1159 1160
1160 1161
1161 1162
1161 1163
1163 1164
1164 1165
1164 1166
1151 1167
1167 1168
1168 1169
1169 1170
1170 1171
1171 1172
1171 1173
1173 1174
1174 1175
1173 1176
1176 1177
1177 1178
1178 1179
1178 1180
1180 1181
1181 1182
1182 1183
1183 1184
1184 1185
1185 1186
1186 1187
1187 1188
1188 1189
1189 1190
1190 1191
1191 1192
1192 1193
1193 1194
1194 1195
1193 1196
1196 1197
1197 1198
1197 1199
1199 1200
1200 1201
1201 1202
1202 1203
1203 1204
1201 1205
1203 1206
1206 1207
1207 1208
1208 1209
1205 1210
1210 1211
1211 1212
1212 1213
1212 1214
1214 1215
1215 1216
1211 1217
1217 1218
1218 1219
1219 1220
1220 1221
1221 1222
1222 1223
1223 1224
1224 1225
1225 1226
1226 1227
1227 1228
1228 1229
1229 1230
1221 1231
1231 1232
1232 1233
1233 1234
1234 1235
1235 1236
1236 1237
1237 1238
1238 1239
1239 1240
1240 1241
1241 1242
1242 1243
1243 1244
1244 1245
1245 1246
1246 1247
1246 1248
1248 1249
1249 1250
1250 1251
1250 1252
1252 1253
1253 1254
1254 1255
1254 1256
1256 1257
1257 1258
1258 1259
1259 1260
1260 1261
1261 1262
1262 1263
1263 1264
1263 1265
1264 1266
1266 1267
1266 1268
1268 1269
1269 1270
1269 1271
1271 1272
1272 1273
1273 1274
1274 1275
1275 1276
1276 1277
1277 1278
1278 1279
1279 1280
1280 1281
1281 1282
1282 1283
1283 1284
1284 1285
1285 1286
1286 1287
1287 1288
1288 1289
1289 1290
1290 1291
1291 1292
1292 1293
1285 1294
1294 1295
1295 1296
1296 1297
1297 1298
1292 1299
1299 1300
1300 1301
1295 1302
1302 1303
1298 1304
1304 1305
1305 1306
1299 1307
1307 1308
1308 1309
1309 1310
1310 1311
1311 1312
1312 1313
1312 1314
1314 1315
1315 1316
1316 1317
1317 1318
1318 1319
1319 1320
1320 1321
1321 1322
1322 1323
1323 1324
1324 1325
1325 1326
1326 1327
1327 1328
1328 1329
1329 1330
1330 1331
1331 1332
1332 1333
1333 1334
1334 1335
1334 1336
1336 1337
1337 1338
1338 1339
1339 1340
1340 1341
1340 1342
1341 1343
1343 1344
1344 1345
1345 1346
1346 1347
1347 1348
1348 1349
1349 1350
1350 1351
1351 1352
1352 1353
1351 1354
1354 1355
1355 1356
1356 1357
1357 1358
1358 1359
1359 1360
1360 1361
1361 1362
1362 1363
1363 1364
1364 1365
1365 1366
1366 1367
1366 1368
1368 1369
1369 1370
1370 1371
1371 1372
1372 1373
1373 1374
1374 1375
1374 1376
1376 1377
1377 1378
1378 1379
1379 1380
1380 1381
1381 1382
1382 1383
1383 1384
1384 1385
1385 1386
1362 1387
1386 1388
1388 1389
1388 1390
1390 1391
1391 1392
1392 1393
1393 1394
1383 1395
1394 1396
1396 1397
1397 1398
1398 1399
1399 1400
1396 1401
1401 1402
1402 1403
1403 1404
1397 1405
1405 1406
1406 1407
1407 1408
1408 1409
1403 1410
1410 1411
1411 1412
1412 1413
1413 1414
1414 1415
1415 1416
1416 1417
1417 1418
1418 1419
1419 1420
1420 1421
1421 1422
1422 1423
1423 1424
1422 1425
1425 1426
1426 1427
1427 1428
1428 1429
1429 1430
1430 1431
1431 1432
1432 1433
1432 1434
1434 1435
1435 1436
1436 1437
1437 1438
1438 1439
1439 1440
1440 1441
1441 1442
1441 1443
1443 1444
1442 1445
1445 1446
1446 1447
1447 1448
1448 1449
1449 1450
1450 1451
1451 1452
1452 1453
1453 1454
1446 1455
1455 1456
1456 1457
1457 1458
1458 1459
1459 1460
1458 1461
1461 1462
1462 1463
1463 1464
1464 1465
1465 1466
1465 1467
1467 1468
1468 1469
1468 1470
1470 1471
1471 1472
1472 1473
1473 1474
1473 1475
1475 1476
1476 1477
1477 1478
1478 1479
1471 1480
1480 1481
1481 1482
1482 1483
1483 1484
1484 1485
1485 1486
1486 1487
1477 1488
1488 1489
1489 1490
1490 1491
1491 1492
1492 1493
1493 1494
1494 1495
1495 1496
1496 1497
1494 1498
1497 1499
1499 1500
1500 1501
1501 1502
1501 1503
1502 1504
1504 1505
1505 1506
1506 1507
1507 1508
1505 1509
1509 1510
1510 1511
1511 1512
1512 1513
1513 1514
1514 1515
1515 1516
1516 1517
1517 1518
1518 1519
1519 1520
1520 1521
1521 1522
1522 1523
1523 1524
1509 1525
1525 1526
1526 1527
1527 1528
1527 1529
1526 1530
1530 1531
1531 1532
1532 1533
1533 1534
1534 1535
1535 1536
1536 1537
1537 1538
1538 1539
1539 1540
1540 1541
1541 1542
1542 1543
1543 1544
1544 1545
1545 1546
1546 1547
1547 1548
1548 1549
1549 1550
1550 1551
1549 1552
1552 1553
1553 1554
1554 1555
1555 1556
1556 1557
1557 1558
1558 1559
1559 1560
1560 1561
1561 1562
1562 1563
1563 1564
1564 1565
1565 1566
1566 1567
1567 1568
1568 1569
1569 1570
1570 1571
1571 1572
1572 1573
1573 1574
1574 1575
1575 1576
1576 1577
1577 1578
1571 1579
1579 1580
1580 1581
1580 1582
1582 1583
1583 1584
1584 1585
1585 1586
1586 1587
1587 1588
1588 1589
1589 1590
1590 1591
1591 1592
1592 1593
1588 1594
1594 1595
1595 1596
1596 1597
1597 1598
1598 1599
1598 1600
1600 1601
1601 1602
1602 1603
1603 1604
1604 1605
1605 1606
1606 1607
1607 1608
1608 1609
1609 1610
1609 1611
1611 1612
1612 1613
1612 1614
1613 1615
1615 1616
1616 1617
1617 1618
1618 1619
1619 1620
1620 1621
1621 1622
1622 1623
1623 1624
1624 1625
1624 1626
1626 1627
1627 1628
1628 1629
1629 1630
1627 1631
1631 1632
1629 1633
1633 1634
1634 1635
1635 1636
1636 1637
1637 1638
1637 1639
1639 1640
1640 1641
1641 1642
1640 1643
1643 1644
1642 1645
1645 1646
1646 1647
1647 1648
1648 1649
1649 1650
1645 1651
1650 1652
1652 1653
1653 1654
1654 1655
1655 1656
1656 1657
1657 1658
1658 1659
1659 1660
1660 1661
1661 1662
1662 1663
1663 1664
1664 1665
1665 1666
1666 1667
1667 1668
1668 1669
1669 1670
1670 1671
1671 1672
1672 1673
1673 1674
1674 1675
1675 1676
1676 1677
1677 1678
1678 1679
1679 1680
1680 1681
1681 1682
1682 1683
1683 1684
1684 1685
1685 1686
1686 1687
1687 1688
1688 1689
1689 1690
1690 1691
1691 1692
1692 1693
1693 1694
1694 1695
1695 1696
1695 1697
1697 1698
1698 1699
1698 1700
1700 1701
1699 1702
1702 1703
1703 1704
1704 1705
1705 1706
1706 1707
1707 1708
1708 1709
1708 1710
1710 1711
1711 1712
1712 1713
1713 1714
1714 1715
1710 1716
1716 1717
1717 1718
1718 1719
1719 1720
1718 1721
1721 1722
1722 1723
1723 1724
1724 1725
1725 1726
1726 1727
1727 1728
1728 1729
1729 1730
1730 1731
1731 1732
1729 1733
1730 1734
1734 1735
1735 1736
1736 1737
1737 1738
1738 1739
1739 1740
1740 1741
1741 1742
1742 1743
1741 1744
1744 1745
1745 1746
1746 1747
1747 1748
1748 1749
1749 1750
1749 1751
1751 1752
1751 1753
1753 1754
1754 1755
1755 1756
1756 1757
1757 1758
1758 1759
1759 1760
1760 1761
1761 1762
1762 1763
1763 1764
1764 1765
1765 1766
1766 1767
1767 1768
1766 1769
1769 1770
1770 1771
1771 1772
1772 1773
1773 1774
1774 1775
1774 1776
1776 1777
1777 1778
1778 1779
1779 1780
1780 1781
1779 1782
1782 1783
1783 1784
1784 1785
1785 1786
1786 1787
1787 1788
1788 1789
1787 1790
1790 1791
1791 1792
1792 1793
1793 1794
1793 1795
1794 1796
1796 1797
1797 1798
1798 1799
1799 1800
1800 1801
1801 1802
1802 1803
1803 1804
1804 1805
1805 1806
1806 1807
1807 1808
1794 1809
1809 1810
1810 1811
1811 1812
1812 1813
1813 1814
1814 1815
1815 1816
1813 1817
1816 1818
1818 1819
1816 1820
1820 1821
1821 1822
1822 1823
1815 1824
1824 1825
1825 1826
1826 1827
1827 1828
1828 1829
1829 1830
1830 1831
1831 1832
1832 1833
1832 1834
1834 1835
1835 1836
1836 1837
1837 1838
1838 1839
1839 1840
1839 1841
1841 1842
1842 1843
1843 1844
1843 1845
1840 1846
1846 1847
1847 1848
1848 1849
1846 1850
1850 1851
1851 1852
1852 1853
1853 1854
1854 1855
1855 1856
1856 1857
1857 1858
1853 1859
1859 1860
1858 1861
1861 1862
1862 1863
1863 1864
1863 1865
1865 1866
1866 1867
1867 1868
1868 1869
1869 1870
1869 1871
1870 1872
1872 1873
1873 1874
1874 1875
1875 1876
1875 1877
1877 1878
1878 1879
1879 1880
1880 1881
1880 1882
1882 1883
1882 1884
1884 1885
1885 1886
1886 1887
1887 1888
1888 1889
1889 1890
1890 1891
1891 1892
1892 1893
1893 1894
1894 1895
1895 1896
1896 1897
1897 1898
1893 1899
1899 1900
1894 1901
1901 1902
1902 1903
1903 1904
1904 1905
1905 1906
1906 1907
1907 1908
1907 1909
1909 1910
1910 1911
1911 1912
1912 1913
1913 1914
1913 1915
1915 1916
1916 1917
1917 1918
1918 1919
1919 1920
1918 1921
1921 1922
1922 1923
1923 1924
1924 1925
1925 1926
1926 1927
1927 1928
1928 1929
1929 1930
1930 1931
1931 1932
1932 1933
1932 1934
1934 1935
1935 1936
1936 1937
1937 1938
1938 1939
1939 1940
1940 1941
1941 1942
1942 1943
1943 1944
1944 1945
1944 1946
1946 1947
1947 1948
1948 1949
1949 1950
1950 1951
1948 1952
1951 1953
1953 1954
1951 1955
1955 1956
1956 1957
1957 1958
1958 1959
1959 1960
1960 1961
1961 1962
1962 1963
1963 1964
1964 1965
1965 1966
1966 1967
1967 1968
1968 1969
1969 1970
1970 1971
1971 1972
1972 1973
1973 1974
1974 1975
1972 1976
1976 1977
1977 1978
1978 1979
1979 1980
1980 1981
1981 1982
1982 1983
1983 1984
1984 1985
1985 1986
1986 1987
1987 1988
1988 1989
1988 1990
1990 1991
1991 1992
1992 1993
1993 1994
1994 1995
1985 1996
1996 1997
1997 1998
1998 1999
1999 2000
320536534 600046 876060675 595308361 446504654 102294144 601946453 269623009 453560381 932029374 228073010 730945711 962670499 173125934 805059849 780518700 982522392 406563410 389690957 953908157 438227571 183177464 285821212 518171226 492102178 69378193 349935791 234832942 678609810 588814394 94469416 337075413 560628226 210177439 929369799 29498806 830805359 99794202 180207855 325055779 195041426 181477431 611830481 636948548 110025224 104286124 512212347 482179181 594370205 880808314 649108292 40740857 24034765 747386372 80742464 355033091 722746845 713342393 774663523 767413779 635026598 429960303 887947876 502995429 540515735 287434599 867871215 592412838 398862042 731539039 166378351 434676592 437376877 626961159 699273176 670539789 38003644 541186107 10839497 820332730 544282123 168499994 243246763 148640789 231544883 436677541 645402080 285745742 435311777 976416488 885423005 509709241 383601214 229268620 99928024 762657137 298326807 6757863 200782423 899443027 991549976 270051008 534410399 80800062 49676450 682606147 174626154 342202246 163350647 776901948 104602913 612574194 425113723 770849354 967657796 763339856 53871135 932652265 887939261 194046122 849708860 609921303 555997218 886776932 355820137 819542714 980209790 148020546 673689029 167052999 918306918 873894016 253870868 109056398 803206494 609921703 380465829 14503600 135171577 786828836 179899472 720887251 493196556 487670921 679079382 523313509 874359023 200413364 858243640 573675260 854619334 599022565 798344218 409792381 45121266 242315461 862362563 821174414 417978213 17979723 786265032 925988334 264780893 46924171 908768212 600815730 274735070 805931372 689451580 809527608 746510327 149650442 831375870 640959157 191926204 26312861 215162180 307923838 921678419 786415341 128396274 116778411 667918299 110206345 609197046 805739777 998518121 338889662 530804529 23028837 81755100 888114877 379610994 85967373 180763319 560382297 151550672 96476298 425034975 238740997 926573354 903736308 38234612 604217283 530983702 39169347 772538420 101084058 338567121 415910115 990004102 752832445 321321005 857594125 662209590 404611465 985478005 258624006 865614704 907726765 228036169 244333238 730572370 777915452 550808726 345326554 309316869 11485895 564556924 483414200 299665381 749210670 809841133 877504091 217950996 595512576 384580127 153967452 303563147 965376110 308568210 652940301 972689518 510294210 786054334 616491286 356113629 910306556 639221565 836983735 614217128 412151673 601584490 81939996 123182489 589034656 37916277 264972609 365234338 581165236 523028593 599987992 398001577 582183869 707475663 920714625 926651238 734476104 181135084 792777414 601395907 382725906 567366625 413045915 390730355 743295312 646486555 97236643 342128606 998230553 209359602 2444980 763935910 612255967 491402197 145090197 232373503 907536118 203758819 915843580 71631128 369210335 754545819 578896796 38852337 488403660 96718367 852939642 401490654 78490468 352225673 890132751 807300259 565933722 60914341 310815137 167100368 275964213 96023921 769390339 672825213 758595032 679959576 334367056 131121265 231291071 221652397 288636839 916247883 863493329 285041280 716058923 662419432 476263287 168084720 618844112 181619314 402567378 690297000 648094453 215662767 673015277 98037186 112035093 863119730 563543656 683950912 122682187 140306 925935036 496206325 398437729 585358264 532500442 701820936 126881324 737694345 634018440 84622515 252658711 603919385 291545367 186210127 196552613 182412103 760535408 440534500 895400164 730072510 639589966 576992988 4955654 691337787 31151959 915134105 136726926 653588901 385864866 248177058 837367974 453338810 617701176 911590977 277326446 950657048 27674470 908848783 236571081 662142825 727694964 957923527 431285060 286695056 638587410 60527813 781661531 157728409 156099751 378377639 641683961 45787312 208701302 179567846 486182001 521282920 549183639 751054844 387884416 495220253 619335104 525131974 257616928 720525737 167339089 409948021 693400556 593392753 281661556 972182379 130971987 259618123 13412447 982855175 642666266 453016925 138540459 924912457 115625185 566784110 822411462 225685866 711149239 453089155 478742111 950459708 469227270 763944634 255099136 4529400 558284262 410546985 2699970 283185086 477027471 397093129 937693556 909493273 296049818 592279798 779082042 68447233 825175835 417173201 579222413 483964409 185050153 873550779 536597254 943385557 463704553 816834555 433476112 997844716 791094867 154818764 618651302 500250605 286695851 109040822 427542939 147168678 207869465 14264364 808245614 800575788 555467233 715024532 337473109 751691313 632788566 242610215 523694230 141175183 640283191 892328057 180213273 246621496 429577156 225563411 987872650 115086473 725546062 572955972 148104829 755346967 903970764 891773865 625963091 757566704 925802000 873320813 195451532 634462981 453015445 865419462 317958253 264120927 547802137 645757043 496118753 815070242 664413392 222592476 127753109 94755758 664848515 200858596 830424258 814168001 393542182 451730659 238264147 828126915 448216966 772732420 590030108 581026221 317793510 349936036 926448462 133680413 567515359 27171943 268565638 539651917 669289438 884646087 648959823 386858993 858274048 400637979 323176516 595621802 679842068 877032559 382940256 226236952 452451179 433801751 304870175 401534916 284528214 275313898 142058586 817942443 470471236 324795514 717888144 514421700 368620490 430524140 126320453 519186069 276852123 25777087 835001105 350706242 333049684 316676066 556034744 631253620 948394275 342809418 900168646 797416082 480760078 201604160 57108843 665034884 316219689 474621850 544943015 838350360 290703185 568447347 483519189 999386669 740536763 630878865 549040002 763065574 888150845 691893789 909824606 31746422 240638831 809732159 512238046 161303050 780510343 212187964 988327416 11938036 243612949 163458566 387500389 9909402 648297913 733949622 828711797 569960007 398490854 55480248 36871595 338248703 684039233 772277994 765785222 959032775 785976200 460523405 520146404 573064841 36712190 277637206 531703702 326344981 821998900 985588169 512704469 344942384 194238302 984217174 593898050 596574190 910383481 242675845 289336953 956478718 825604078 516130931 394573579 175665449 865271187 783305612 466981266 493266530 671103246 968251947 770366832 7643736 173954275 631550482 762884738 680679462 904818136 310717742 856678587 781134838 557211798 130705722 915896005 343416251 693201079 547824839 378171427 588664163 185888386 796407769 833285811 796870328 784381489 253211237 528381617 603235269 709365085 617615212 805121148 448269653 239291716 172225120 905196842 169180245 292517504 308689431 380761128 568311239 953333961 307441115 266469256 795233663 935859249 5441956 848149331 208110981 565733552 612066517 370638198 777250450 539334151 711354646 306681901 693943069 169469038 236207887 386422155 597603655 459718694 178875677 836838896 866309811 332277219 443139643 801090740 3494883 332323057 60222332 105974063 933068051 67173710 328113024 474510632 644089106 872155378 236684150 742783511 888007181 714871472 424217346 480372012 376476112 813634050 204102531 422145906 852261118 615109112 255725792 691550015 197917777 174437950 98874853 778043112 92790122 301266667 785980535 587543311 90933367 453775576 184496686 742679361 986029986 113516604 537463675 524455708 518942863 500404418 873760557 874628716 897026233 152367896 426449749 563243447 85054276 850070034 325915377 900889107 466256942 781416731 230520642 354108797 92765569 31729967 693881518 775403170 212697793 704014175 544556198 764688073 165235808 208112489 212594951 177365902 17153154 507126571 964227336 528168410 829120518 628870767 349558690 925136981 78221702 266542473 839155205 483825177 235312703 464790558 152149272 295784570 210069224 944642566 611479905 652453713 522846752 101102378 574554091 491282450 140285248 138263850 69573093 599705980 357753263 671580675 971811011 333548670 134185150 682818503 980035130 428941918 446228756 65334123 4963119 273555433 693957146 515817894 598598605 631093840 423821264 19416827 367691964 461404628 185249761 695220770 875450388 749201312 457515257 939709362 610789874 849588864 149887629 428766971 422282718 586428573 346141750 293057241 575920084 724607348 500662311 402300374 99762273 101920807 120100512 749495965 647473781 4192098 878618814 913800890 784565414 959165913 682886818 608586654 235858911 599564472 481652417 247880960 776219323 947852793 319217321 386224133 510369647 914562062 592385018 594528899 966322037 506098866 947450766 106140221 243770918 979139853 880398556 306651669 399604985 889928214 456170111 713687908 597336103 290378059 295762927 998734503 36354017 12946536 864797141 765201134 582107223 525470385 426596506 867204613 770233057 170600722 272553946 351163506 417467561 573678365 856613649 632513827 618202724 43908883 405481856 288961468 169904063 98391681 740410773 871585549 863881513 925665961 334566166 73111807 707917983 780594459 941873286 103284021 300177134 797588163 353857630 784156606 566110544 908306871 32219462 950372132 76165724 511078581 793252982 457744465 345141228 857562822 726753155 635536016 263346205 569428110 619775179 191493540 558335981 355125293 343187921 763733735 900999067 953775838 261588661 355941261 674529438 974344553 183112658 501277234 547037287 998095924 310567349 874811369 109122384 518888361 691849366 36195333 520792591 222513045 426925151 499118786 837674458 270053066 731155158 33397753 782413776 403475349 35053857 403485912 313989947 67818072 605495780 197549137 549220166 377876569 619829744 768381979 733729046 192908346 409102583 72192272 183129503 290193736 130139670 579176752 804177383 362948127 29598622 72528295 607134970 874950350 784161442 329994222 24177254 861321527 380943868 726147504 133306422 36348375 6745288 140603620 434589384 206746642 896413763 194438678 84058000 526887048 840504793 617686790 851085409 825470051 642307306 25743983 530373300 699978251 644802086 23620744 285126587 495943117 520749133 433320028 121592675 719502374 205202391 793087794 550417353 703377226 609576093 907111933 778152151 891914153 833990860 720933878 972446112 839285298 986547686 85942458 823065423 124488974 232621987 736534728 726602733 337814731 484252096 335494324 963910762 469409624 846085343 734569798 390434798 437067013 969376850 611570057 398311953 808777811 532139849 562218468 498924480 457499290 391162140 246184802 786235498 963826955 449849470 419120575 162057847 380193028 732326001 491856925 87196285 486402939 47755955 590214559 997243362 267145953 805714131 483940623 454483632 451939229 189568562 492954886 26384787 114849197 924201853 89481207 165454271 952323813 132993841 897558996 938651280 762628213 122841812 246350823 315243995 485566646 54965990 688439306 652376687 897570991 310380192 245673408 45631892 536998396 61109191 336879217 623827636 71693485 912571015 545810763 234209547 575421827 612035369 920180314 903971713 956790567 882515881 184129254 124447502 713737770 247546907 346659077 362296561 219596034 358222238 412199618 853442314 192672702 896532634 113756679 618534287 511455023 788749275 956062310 276967589 968824583 461367473 64989019 847035187 328293987 610704259 775154913 584587833 258628058 365307454 678029353 670448855 708773784 113795219 624765398 441771676 742635043 153622423 764759544 521227366 508483702 625624880 639306576 872440402 217972073 928978621 489010755 919284574 782491077 449321709 114986680 238123526 778082657 920109143 118143294 300792669 549623460 343336770 392149088 768639148 822205711 962481439 970826852 677706320 351100047 230397441 559083890 272240415 55215215 842591747 452443309 420828638 448104477 40293202 91684322 880240527 452151023 851489748 60719081 936782652 822910772 39416886 467106117 530840086 883029037 790640895 565957496 241785465 955041201 688817134 279517447 280514010 866981343 648035818 121374112 71065884 527904033 147735932 623621972 338956907 475447478 371616394 337846531 202693419 547887894 167804111 514064551 146096706 265472855 841597419 384298065 658415515 117258910 680335943 93959010 830963408 355105422 612085518 980852907 650117335 685389187 760884092 690529835 863663329 412747700 828068788 700678827 920376069 359088678 833243469 761349931 897625838 45812307 721816036 427100597 591787936 847825859 268601985 640000959 888951941 372105936 391818802 10633320 123144917 383837613 738282345 830907550 78351788 182454494 533573442 160466143 990079837 830110071 397604054 38571587 618581971 856911602 698486686 245897759 703576445 484013511 988779385 688454976 190722995 819184479 929856163 620576762 739161815 930482037 551716742 760927581 741955738 713572788 962639034 210616435 581589829 332131399 949486604 202694988 867101242 964847325 868428053 704201252 747139400 225143052 513482148 456638973 896439586 894401277 41963837 895863301 99934248 393857723 766761766 796717642 554095539 326547118 730871035 368056306 675388225 555928015 947430973 396140084 547239376 310141386 869245644 194773530 491978789 64855792 264143085 869561741 698634131 225895412 267145768 999903832 870405056 13045682 329676331 308216421 299857144 287922177 902900368 30733894 114377195 850236474 648660232 661343119 661788473 610002478 320264568 667623124 948688252 407907369 496004848 208097614 167674606 243178774 845904557 262168933 849995380 438027388 114141067 923055073 690671223 468313788 882352963 778539152 582675351 985436169 439104276 420402359 288788995 15459184 639192647 969730381 307657865 634213633 311277093 601350590 124110458 929367721 504751311 305004685 866838648 154983605 275942936 232437888 438454627 391650862 689632244 156979639 205182577 888410025 270011189 614139708 57147431 168239492 688388407 623938194 822230210 155686504 768929524 979598477 336277005 554115835 974628055 686179534 613238340 476829952 647372678 218144820 71985205 566371002 762105861 469281523 248865822 777917335 939590086 114393386 159685967 27110563 341452636 346137113 559800874 834116635 974200925 728729772 343855292 228887819 289487112 718541162 726223830 7952465 562135041 290382841 102544966 511770165 915895743 450506280 295643545 858083986 453307009 99943150 221667515 688971746 753684101 122413000 669350729 931987847 444167814 593765786 461991707 718861364 278032493 523253189 525204933 743182653 260788851 871818380 423214022 361398875 97727936 119974140 30197077 739328963 803067869 471962398 439655392 431177563 578413683 496901286 773943208 921656270 117079000 967316331 239411729 894606904 234506282 34698692 659158049 427387348 114732571 718743964 184640631 386257070 937834488 891442649 984907587 891926613 937945094 807261153 807110782 969168549 98801988 182352137 820657289 553071087 646346989 654100423 197490388 390455827 126622532 538646857 855712067 226811909 299504116 980409631 859593031 235525372 818129459 858698530 292718851 445683709 186900621 309369644 811184969 369123628 165646238 633669830 493443293 697065519 652142810 2492245 531751306 319316753 829680978 347249270 369325707 525623123 98028391 862873688 610189107 326437003 477366205 774075786 528748260 746612805 290222100 778285926 725543060 621753420 545117652 899802878 135867116 956851601 431957692 120352820 67009011 249470185 515261184 166522661 937466336 87227619 655114805 267675261 850374569 287298903 226039581 83810766 131985180 441115440 188337125 684844176 634558579 694105149 580865779 502435035 189870394 783650338 701457743 416238118 318837082 881173628 145211074 736612571 181427172 65649296 947855118 933639161 377920183 229632649 63050570 631020777 336844684 353099465 569296314 322785927 166022926 813081679 539490326 114157284 309900548 911183800 768501866 879867789 4831562 256626966 36034009 125884990 134703148 604042443 666073224 863709247 726678796 530388655 186944718 292704877 788987978 219013553 12015981 488438930 935792913 66013865 555306319 151459074 421345323 235290220 87009942 751486960 298610814 603120201 864025843 884265983 354972371 864354510 562243948 195973329 226513951 292083291 879370980 882965201 371596066 7530911 122349092 323184880 359916612 819340378 256362724 96292433 842778836 623218128 507161601 151233086 845324712 324776750 364745773 659910524 303897785 262088258 380042098 129740860 95438605 405024621 219685175 921891368 196988461 727822428 628741328 931445497 379496113 468233924 972692397 914899279 715722176 479704970 84091239 768692042 296349902 285623312 884313986 551898327 689800146 986009734 547705796 831642513 140349241 227984885 984447 583656493 199824513 529952373 896225491 308070016 268244634 686999254 991851466 433636203 495118406 853432910 18542521 495891290 319478026 984994120 110628484 807233059 452498729 907222950 687816877 695513902 721873895 251632156 730684187 290862688 223744630 543227912 895919516 524621784 845085818 485836386 928228093 687994838 954343953 234782769 655142286 19941216 454407516 622791807 616716044 984715899 852869295 440623232 773679902 927532045 556713549 376511767 433591801 391745552 155874323 411687069 425059461 548985281 87332942 652514540 84917273 901975250 883471643 607183589 612063785 93113965 670601445 636621120 64478124 428300550 733877098 638957011 206302499 852795561 991214107 738761186 98214106 996034708 95300331 277152774 66803273 594245701 591795909 687371735 831692190 676389391 496007763 854101110 276157799 25591365 224986282 566351770 915511804 538897956 674876309 375405019 328051227 683335974 388143739 120401141 714978110 805194800 973210978 414048351 453603712 798220852 241821187 286069051 939485082 678334908 67303363 201228052 922958957 460030543 868148029 74982960 367077334 420072182 398887486 529328191 265838559 433097127 891822750 658501694 362214923 326495167 35436969 104758753 610396471 238937310 791831980 60143434 377135227 866598150 847994953 787674687 918609743 664611578 815503828 999600895 579834177 17810409 707045930 217274878 555912295 440602147 505900652 980230138 799449097 562274081 258413030 894776881 117214432 622466664 95114761 42476223 44159434 882781708 356114390 819695998 886488915 24989057 288200197 406480391 933795810 425395180 89894165 528586044 428464250 968416555 451255525 711720581 976283798 753826860 232878796 934888639 315857351 297877302 74130076 927541734 379721916 41326645 920222700 593968559 594497183 123774653 275105398 203293846 732386858 502186232 576847907 806865773 59800932 561339763 329080540 803752476 277440899 88837381 578141568 268649927 900011596 385000359 384273404 506788738 402474797 882401475 726647038 183542534 40396367 407851447 32399750 878216607 440350910 73258706 220330279 190698688 638292094 13335875 223589203 104801453 388723451 15240712 225908277 512819176 896063077 240836203 50319045 611026388 44172546 109379421 363511962 527336449 896917621 593682197 145166286 987955427 399670041 922987219 884801883 886242361 258010520 430685779 274672214 522241755 826714903 423975016 287138162 602352843 952798274 392142710 390010885 3441423 137367785 330819247 71566451 21839101 785031225 636051452 281458586 281469227 779540604 613431011 189009733 309669888 529605401 198810836 997727140 217771416 777329847 843935856 879596798 539088000 281755235 625251558 736421805 35182594 222455918 167399322 39945862 606619262 69858841 822860742 241673324 628685980 648141262 961893627 852093299 894946421 797721317 857256216 997883528 376059161 724590951 201474313 920443905 425460802 945777329 866866589 321445806 61538105 131010834 983899208 725014740 792734144 218536285 42011436 877350995 850466594 495597017 373870492 835047250 318909826 506412972 191056732 420598329 615536678 394487476 49341893 279373341 707815206 664449252 161660151 764235154 509130750 59411222 320257178 228608477 934821208 354567075 670242977 938507601 191337787 727638698 823116376 614322987 795106576 656246348 57866300 294775670 679430168
1036 1301 675073136
1202 1297 789808006
459 752 507050889
1018 534 580426331
112 1351 93584971
1917 447 94983070
1872 50 814150295
1610 1479 775695109
1043 903 503151701
1167 927 12683283
1315 484 355784052
386 197 69372166
1178 452 928690928
550 73 760713114
1550 503 230286971
1635 1924 671334327
1292 260 821998716
1950 1879 819910192
227 1142 769979973
886 1090 436433030
777 614 497034599
144 1355 196921246
1957 1721 926732768
1768 478 801515673
1972 1852 81974940
818 1396 614521013
1958 1657 380157926
22 1347 802535301
237 609 558639733
842 1465 230260160
1515 1541 261440916
1841 1088 707733940
844 541 510512450
333 120 790363762
993 710 58390733
486 1332 43716206
200 756 889777385
1443 253 787605030
614 1200 230500495
995 529 264398129
81 1749 805438009
528 1710 301058548
1852 891 108205743
644 994 756408579
116 439 732331939
1491 1501 674322053
368 171 185237093
1964 139 275818451
1762 224 108531775
831 567 594490334
908 101 944167931
1270 976 923298040
232 73 508651674
39 16 50918096
1333 1477 631744589
670 1100 552125847
571 1496 933807686
1298 1200 369153910
1382 749 665791660
1089 1670 439644739
1039 77 660256225
1688 500 219333045
833 1428 8217025
1575 1084 701107436
444 378 774115298
1853 1175 776026050
719 158 489350652
532 275 564591907
651 1818 99905743
1074 751 854209028
1870 1610 433966486
294 1215 783826509
1937 809 246481031
70 278 895282744
333 340 706106760
1965 1465 214827492
378 1359 826868062
1657 1546 190963569
1387 204 709400065
1058 397 522112458
999 1208 914009790
1847 72 329361934
866 1098 731183744
1883 16 532759678
944 1821 29890724
1440 1344 274179714
386 851 549588060
528 852 32440439
1640 932 428795379
928 1783 955580845
22 90 231452397
384 1888 601601520
1139 876 553382718
1066 1291 838913571
960 1835 196658986
1702 1379 670486673
1981 1992 216330513
1177 476 531778707
1410 1690 946965167
1489 1939 133867464
1099 1382 13310209
1623 1299 65195903
218 615 526888212
379 769 737308332
837 477 564704519
1017 1971 598036504
206 1406 485316697
1781 1194 731497518
1063 1144 106428640
1615 897 532256864
1859 773 207308872
1486 306 522686574
1763 688 724408280
417 1226 85611027
924 714 218701510
1381 1992 741706790
26 1530 24430209
1004 1281 275369616
970 117 535897711
656 1416 480904930
1369 1448 31873290
194 693 708114313
103 193 925809472
1536 300 49932143
1179 1657 503699042
688 711 134433469
1375 1067 28089242
1323 1263 63171647
1743 1384 8844791
1166 914 123290142
1045 1887 958354906
836 1615 724134208
428 1686 624707568
781 256 335816814
1888 361 196865385
455 887 902861077
1071 1761 862384953
728 189 470013943
1589 1459 212599711
1923 99 763776264
1733 218 62457857
210 1430 777392611
1772 932 349815614
1916 1284 471075502
459 892 908729369
1631 62 916647438
739 1317 985429908
435 1126 466357574
1560 692 657906719
1833 513 33648990
1029 1215 619588190
64 96 914500314
978 192 572358432
828 459 593550018
631 1666 598434365
1510 585 129459587
719 1949 685040717
1710 1886 566278856
53 1210 377304031
1493 704 902388220
1090 1746 960765892
770 1619 947691457
496 369 629570339
284 249 748821285
236 61 408388157
235 1420 144250391
1173 1464 474682525
221 235 156824301
1232 266 700963098
1896 1440 720084530
1902 444 222907984
1683 1211 943395834
265 1277 885430654
45 161 432832916
1362 603 441369756
6 452 162177130
582 27 869026626
489 53 304044993
1925 1318 974906207
1137 1065 306982246
345 71 330410037
751 625 380436773
874 1838 81920239
724 298 211226870
1400 1154 363331204
1028 20 873787367
25 1819 561014506
1784 223 826167490
219 414 447421495
146 936 509971573
1431 1151 550612387
1775 1250 558325274
1943 1478 50901681
144 35 384877566
612 1822 560812094
305 1393 581366397
491 1711 440099392
1078 958 334459282
1647 1840 860882202
892 461 445862917
1226 1940 278852184
1808 1325 576436568
1387 1023 713802748
1319 661 619534261
95 26 731749125
306 1530 432843877
1142 1192 185613951
926 1882 728920191
1815 968 687607182
844 1429 264344178
364 91 27707757
1578 1530 43271807
1415 299 941931355
587 532 698339900
1382 759 571896373
1671 368 780312340
1844 799 641249563
1378 451 55201573
1924 450 719452842
746 1709 919246956
1397 186 329505342
1075 983 329482916
191 859 818565511
62 1389 809027484
1099 1702 447801923
23 1701 266718931
268 1333 504685263
1724 1327 73645104
493 66 752910256
1057 1609 930247625
357 519 188415766
17 586 771527260
1349 1603 217043499
1191 1872 925769934
311 1774 85184997
811 1442 339133919
1901 295 127059650
404 1216 747911755
229 1040 453058439
372 302 373391633
110 537 762872484
736 1173 268089723
1911 24 823279692
1677 255 548015412
1312 737 324057423
793 901 536543055
875 1165 388968206
172 782 443573425
1861 1793 695368153
1364 201 969114456
1700 907 366206643
1846 1411 348528122
1429 1609 483189133
1244 1979 849135874
1844 1701 832391142
668 1308 928934597
804 526 388274129
985 5 114048737
745 1513 331923731
1497 625 242563066
446 961 10116873
403 1956 67374736
1005 798 828292881
887 1236 309785817
1349 644 539931087
259 1189 658574008
465 170 885221833
300 1044 971046578
1789 1272 704720083
990 1518 572333792
1077 1920 493960666
742 512 296583962
1575 1386 86027182
15 1669 118289463
159 1062 505850507
1101 538 495346106
437 1013 140427713
1045 813 860912321
1070 1053 349572827
1651 624 973519032
1222 335 441154544
1544 72 878298788
1779 1944 990493457
1927 1660 372175788
106 1060 284508281
1896 975 252282150
1584 95 777698614
83 1267 514766411
1380 1699 776893195
419 1749 557469032
1033 1583 635245608
209 357 971432703
1541 681 14998665
422 1196 670271817
210 552 153997286
1840 1231 367532900
287 1797 9470791
22 1609 748435170
863 1646 550616764
604 341 93426756
1227 278 246457611
492 198 319677869
1799 1034 548059376
660 212 846713455
1602 353 41133698
1815 1525 673981388
322 1820 891315991
57 248 740535454
1863 1296 586639561
183 423 568428434
447 1678 960228023
820 958 515285553
1450 151 24388676
1550 1464 181571838
95 531 54537524
1637 1351 696521303
1807 1641 39117648
1498 523 146034044
1886 891 205951268
193 228 45879029
1544 644 597584397
1881 1642 253240201
952 1958 815814640
1372 1169 508653612
206 768 703021621
174 1069 952065577
277 777 831032910
1497 767 559107836
1047 1315 818627607
727 1053 35613843
24 594 870953373
603 606 984118129
828 1462 853001622
455 765 686354463
1206 1313 343128884
1411 787 802059218
1188 1342 694094265
483 1601 542043075
131 657 544110681
1216 1058 939980006
21 306 933919423
844 1516 750701763
914 41 275063180
865 1588 757042552
1017 577 195476296
1454 1325 912002435
1719 61 616778092
1003 705 856179634
204 359 906805090
1678 147 103347431
1301 952 876851138
193 1150 713522499
189 509 323842738
507 771 626869530
1810 1673 164360383
631 1919 505097779
96 646 140382231
205 618 15790285
1781 1681 158301099
1851 302 809482100
1906 1132 219911491
731 578 72914398
664 1864 397399642
1339 901 829211224
647 1233 456188238
389 749 578986248
400 899 342164374
1812 1517 854890931
281 915 739895492
819 1692 359956900
498 775 368390435
118 783 303506430
441 434 169086778
1746 346 496444470
16 1275 909737231
1055 1949 815252609
1290 1366 639252203
248 2000 928418797
1759 1790 897315358
1766 111 276288247
1728 332 536565722
1590 1735 813175208
293 709 819474175
1524 566 452309785
1341 1041 777109997
172 26 681980195
311 572 259673539
829 634 901474001
1469 1656 919214714
452 228 881540540
281 861 588935367
345 1579 516185795
521 914 469550246
1330 774 966373778
837 1688 483152891
113 1219 402732636
253 790 85634601
1721 225 997081161
1324 1569 607332144
990 1259 847382652
1479 130 809356463
1478 868 107439216
1235 1191 255122490
1014 1641 632986209
1310 909 859945868
349 1807 548077041
116 829 519533562
1899 1468 672499974
983 1458 152747995
360 407 806622081
1628 690 925086693
1650 1607 167637205
769 1321 88373453
1267 1821 813709524
958 1421 527698117
611 1170 95651235
1609 1352 771658322
247 1807 849967679
333 879 534347331
1806 1649 221896209
1274 1106 615789152
1466 992 444338340
1334 275 686358127
384 512 158648509
585 1794 442922791
352 1754 641226496
765 767 271170008
1703 1007 386175887
710 1070 236247920
204 1336 767905895
1111 1480 95822190
1915 1264 199167321
1201 1449 686899226
1823 1194 45448840
70 116 527288700
1831 210 880934710
285 1407 184728373
789 638 762161198
1108 1610 373612108
44 1377 679155731
1968 919 526563017
298 512 773370386
1579 1062 91679558
1349 131 240567962
67 138 377405512
1729 1479 659971521
1747 1730 562838358
1992 1659 266995534
427 141 18148343
1692 637 176768657
873 250 53648399
1280 116 251615141
1231 673 531378291
1917 954 469934185
1814 528 867556589
369 771 71937737
410 1061 386797663
1084 1693 327865447
495 1644 533287526
205 161 660114389
42 1632 813895518
1288 1793 781181190
1674 1950 960713953
1800 304 896840756
1048 1090 283110339
1216 841 954600571
138 24 269178711
1477 1516 390604543
17 195 375882613
1107 1755 867141625
453 344 220680529
1196 153 969092339
1186 1236 233281995
372 406 110936333
921 1107 201307929
1665 115 67189506
37 1241 743725537
1623 1241 972044874
1185 431 234599755
1134 1594 732077699
189 1540 309469492
1197 816 832926111
1590 912 749775491
436 1355 422922269
1663 962 495837284
248 340 347273553
1624 1884 507638090
1406 395 327542482
679 167 577251546
759 720 22195163
1382 1892 712177256
448 578 797123506
1200 158 39492571
1732 1602 608369777
1082 955 277626707
1809 1244 889311228
806 1953 860508427
1186 581 80209221
1822 791 970130949
1495 1936 288567047
772 341 343297053
1870 1360 75751624
1296 903 948989467
1343 1097 52820314
548 845 770639650
156 1118 923495795
1693 416 349138978
1634 1516 726203077
372 1370 547965668
325 1348 738414326
690 1714 601837121
1812 1506 496407325
631 621 121304832
1632 850 706083418
1661 1526 893910471
962 1703 968787115
813 1436 475462295
1767 1507 706252767
1989 1517 526247075
811 1551 229173376
1109 469 917020320
650 369 863121777
114 1041 543018946
31 438 873951368
1987 268 529531407
863 398 424562894
817 1795 883708523
36 826 398011525
1879 402 760869468
1130 1562 392682736
1437 1924 896917032
220 206 724323940
1165 1862 693146824
14 1833 279605602
1827 676 927409301
1749 1261 942814701
939 1240 315662082
1110 1606 159100564
1276 148 319227721
1016 503 294294845
189 1657 601555854
956 1836 772615911
736 1053 491078683
1001 1362 898101322
1846 1587 365690808
522 1108 406484169
421 1414 564336184
921 1833 63190257
9 1051 167531996
1875 1170 264758092
1624 1664 547926767
1091 1376 740745532
1458 1594 780558264
149 312 479542285
86 759 247179190
1782 636 786630253
38 95 944539016
1048 1591 779614166
1822 1160 729508929
1398 1531 431079291
721 956 193545671
762 1315 648985068
5 1596 48015353
1119 420 273659423
973 1402 45495065
1307 1846 177824705
316 1374 503380927
560 1939 881565859
1130 1058 491815652
1013 143 753158935
1709 48 976032442
926 810 434677740
1940 564 182779825
1753 721 884538948
1825 834 502461645
1156 599 878925925
1447 517 727092523
1457 172 918618981
1105 1426 327863471
800 1575 98036752
727 234 950232043
994 923 549447073
1472 1366 854498000
1160 376 157493518
418 394 570149327
284 1532 166250652
1015 1510 205404691
1548 1479 507130830
383 780 209917152
58 210 765217178
745 16 45963396
9 806 148551927
148 1926 781118086
1721 494 771598866
1671 411 38203984
461 248 513695421
306 1286 803219219
503 472 335238361
626 825 806265232
1838 1942 936563172
854 96 300121268
789 502 749228989
514 1312 250852466
1814 1544 830522025
819 910 450986004
1964 87 321923948
348 1994 829116719
1606 1497 937846594
252 1628 522009346
132 835 558128464
158 76 123232103
642 1183 535006147
1940 1409 434364691
1528 1425 85224393
330 1107 420000148
1286 1869 236468183
289 1813 393706591
31 1773 190460900
1391 498 795082849
1880 1817 607236449
1973 1202 908252326
1613 797 227740605
1143 1046 546671371
166 1154 915324532
158 1024 113075711
1442 1764 531065756
1672 999 106938764
1905 951 905633571
1542 1012 650917785
29 655 460797290
1082 1051 499042873
676 314 117036975
1227 152 525247122
1957 1746 334115182
1755 710 255332030
1361 1461 785668081
1735 1067 310107468
500 887 793773174
1170 862 389150114
1796 141 202567989
1512 1685 355493479
61 1708 980138836
1170 390 863019942
732 641 718324214
1876 357 848242518
834 1799 467953449
1707 431 955584061
1521 686 106620960
1386 1246 484980361
415 1648 993877430
709 700 641677829
1018 938 253945410
269 1493 711319810
1369 217 749011282
1238 822 373949131
331 1385 992168237
1372 259 386158038
553 1815 100107334
1499 1387 83800813
552 632 823309189
1218 982 663601789
1395 673 825932680
889 1309 715013021
173 1089 659043072
298 1045 936005584
1801 1851 620224386
1719 801 743089569
1463 1153 512091919
1796 1494 948443326
486 1075 394885242
1475 1061 419683074
849 241 584078530
848 1092 583654659
1558 1405 980521697
1052 1943 707349620
468 151 983632306
947 265 674586438
126 1091 773903746
332 1581 892936108
1255 1749 433770256
646 1159 162662384
481 533 471195742
1919 1025 58077783
1903 1212 720304343
145 941 914638831
1042 1153 479910396
631 1961 205509018
1215 1010 81199526
711 1398 262707147
507 912 974911586
844 1462 315975603
318 35 605005564
668 514 660698201
1853 788 286510496
816 949 279056132
1330 1839 895670216
1551 1411 737485083
267 389 131374712
43 870 734904536
1615 1722 623448034
1140 580 706099484
191 56 98002597
1596 1800 36870134
107 1804 880226806
643 1070 369285596
1655 249 152579403
356 1142 152534920
1815 1160 150544933
940 1420 461228554
1434 142 1109289
418 1712 463933357
977 1952 684869681
1785 96 191872858
702 461 822420985
871 86 385597173
11 1585 358661656
813 1461 700496275
1552 1422 79983172
1410 1625 398134215
1535 1064 876351948
827 246 261166427
253 119 525679705
232 1417 523499041
351 642 857442610
399 309 719119096
905 1380 968126123
1004 900 395034392
208 210 869625598
1626 1486 162527486
1190 965 213255665
611 1649 52231287
1617 664 183698195
788 11 190384380
1210 1426 206403939
133 884 713966623
555 500 963134628
294 408 163439339
1939 236 356257325
1543 1531 960309589
1460 57 359198099
1863 1297 372627043
1608 164 627896914
1222 673 689916485
1213 1707 932286568
1497 1379 572742648
1525 167 2650537
1295 1331 141145989
551 1970 166627409
751 1823 81942950
1899 1092 159443594
1530 747 835553095
1708 1930 505909796
42 1373 405019646
102 1900 410695843
1935 1476 741649529
481 267 53378498
524 1705 794941208
1165 1964 663220915
1978 1500 461747089
801 1655 899638329
1937 723 213672540
1429 683 13856264
639 933 732119435
1768 1925 971814101
1777 82 631565615
1715 1833 110257721
371 1628 335815179
402 691 462230176
1400 1505 251153337
354 891 397884944
1451 1 386731391
856 581 797651540
810 122 477414700
1247 1354 40552294
1543 1158 696709244
493 1458 615377911
1357 1129 898665194
57 702 840106820
1243 1364 156540332
1784 1 820807324
1759 807 214000664
995 134 691993807
335 1272 35177173
1000 1388 183088328
1646 960 251174590
810 1527 476840963
1259 1848 749300298
591 740 190556199
621 444 290062160
333 541 37473296
1697 933 947214398
1603 1879 495007426
1725 1772 893809541
1329 1196 243747638
539 990 100788510
1081 437 713420692
1158 911 344123680
1150 1193 143528363
1098 806 385567684
778 527 322344988
943 1677 686374357
1402 1103 582340929
467 1867 458878479
3 1345 815651326
1288 1368 991361712
712 994 167638311
260 789 468748507
323 1577 515138258
1528 827 253157799
745 299 481084833
138 1577 454406143
842 1761 400331677
448 1827 904857854
123 1658 22750157
1203 631 63367180
1404 956 69893944
746 520 229458380
1802 1112 859105611
1252 1996 827428695
1673 1196 312005109
1034 1240 69141640
1587 333 696854788
84 749 705864715
1054 473 182316268
873 1530 707380044
238 1155 326728103
1819 192 617934866
1982 989 95988975
299 842 873416119
1520 1412 513399153
1245 794 257271581
1544 701 499754591
1783 1892 812203247
429 1910 72163241
1814 711 179692624
1977 623 569406941
443 1360 133675402
1035 1103 404490263
856 5 421317558
1643 1087 752688717
46 1506 250153516
738 1462 510230281
1419 1265 259689424
1288 1016 223132643
1971 247 147022796
1432 1334 793297975
857 447 873007512
1751 865 279017894
1642 1823 558042331
784 826 86255062
948 1742 184668091
1426 587 246596554
1900 1988 346968161
558 23 673582517
721 1627 623125231
951 835 95016938
558 804 803515401
33 1655 872437305
1064 617 808440330
338 430 873917336
590 180 791755580
415 1619 645057830
552 332 485211998
1205 772 192414244
939 1960 225895435
191 1241 838936219
1996 1566 245900947
1291 897 308253462
1264 1096 427140744
1737 645 508899222
526 327 643097266
1215 167 621738495
1258 1375 839885263
1606 566 116135512
1514 1225 472144770
971 1504 283211639
409 1917 875564994
435 765 563517562
191 976 321029717
1602 1489 437062286
869 1652 721697703
1292 440 549863724
1753 45 623666901
1995 1053 396570943
782 166 52410823
440 1591 636301517
181 1635 188975441
1367 1742 137732470
779 1981 517792156
1639 395 412516390
1504 1543 106876384
59 1501 346001746
1238 1759 834153755
590 1047 999211305
1244 1716 43331543
1482 444 720719600
12 1025 176808094
1680 117 412473565
1696 1733 730675516
266 1099 898802413
349 919 227396943
1287 1371 150744323
61 392 517978608
1982 1668 375872780
1897 328 141739743
88 72 344122310
331 1404 377143320
12 223 971355811
1726 1530 798130019
1668 170 80397897
1609 335 395354172
806 1028 460517839
1929 924 926407083
501 1130 428939395
1830 440 377286190
1408 1464 866619264
906 412 839736095
1203 1017 930256243
1026 62 254247066
1820 926 631025982
1054 757 456144486
682 905 665465285
1686 1822 53200684
1193 1285 626232587
1187 701 778192840
696 562 249130694
1709 828 470836905
796 1595 6037442
1036 27 263619699
1748 258 6956031
120 855 422139857
1770 464 554085223
314 368 675795455
256 1659 443468548
1182 1878 411892481
1683 1837 999296924
1942 900 186492601
1824 1737 793160364
1963 1350 955093802
1764 598 78916297
1639 650 706299696
1285 1524 156885381
169 1549 534267914
1224 1426 833688103
367 1937 289281939
485 1434 420744459
1947 848 399942965
1673 137 699723632
6 286 569496024
818 978 310272284
1449 1623 211765631
1598 426 194828868
871 252 891769777
108 974 79302296
1122 1634 354123010
1467 1096 418098095
983 1687 596077948
730 1309 663931985
74 509 89363312
87 118 929632680
1203 246 158941002
1291 1292 772916203
1856 907 79211978
511 1786 772148496
1406 1282 638184709
393 186 767025740
674 9 391954154
1413 169 14103084
1455 1730 701062347
888 1440 495539784
602 953 688819384
128 391 872312329
1724 1571 748877086
876 1180 535849678
720 115 726005362
744 530 93088692
972 60 83300664
536 1152 19969262
1673 1231 624680890
1175 578 200163524
492 1863 739510495
1195 1012 680786973
664 1978 155837348
66 1593 602015886
693 449 267368737
187 431 665759643
362 130 504609117
1033 887 797102833
875 1659 639324971
1679 419 836311356
15 1663 844180993
963 1254 632284361
96 1829 584243435
522 1644 902147705
41 567 469243310
1800 324 901499191
112 1333 977884661
424 1213 820082994
1002 218 191273534
1209 172 370583095
757 89 903011142
1851 479 734306680
284 1322 323584382
884 720 9107950
252 1473 848065864
1321 664 983399031
850 1923 909001186
1897 1388 746034971
108 1368 281327380
1658 1952 936788676
192 737 443360958
781 468 844715707
635 1995 148393818
1281 1495 201980903
339 1966 447782718
156 979 542169678
72 636 58406885
134 1613 602590506
506 607 700476165
1588 1908 423272017
1952 1854 908670364
1763 1087 750713949
258 1992 728873413
265 1111 211535770
975 746 858094235
831 1928 664556738
1222 436 249092164
568 992 134525918
454 65 490650656
1412 1320 857745101
1570 666 465701893
152 554 739544903
805 1689 776063600
1857 1213 828785908
946 870 896587120
443 1323 97392698
1903 72 813094578
704 1330 701995435
1968 1662 9015940
1406 811 535982178
306 1117 537167832
1575 1215 752467742
40 1679 331281985
276 515 809922441
1680 30 123099848
500 282 698761913
204 756 567875004
707 801 280371027
1147 1446 913054842
159 257 619453437
769 1284 315540237
1109 415 300496510
687 1591 990555837
1870 1752 489285472
526 945 901504155
1701 1034 251897928
641 551 775881674
1232 384 425227430
1883 1199 154956251
1030 1491 557258648
1413 1907 913009038
277 1422 596368605
839 956 512263758
1526 624 612040625
1752 1382 440305973
1454 1834 373956970
1083 1505 173059633
372 1841 147617004
1804 1778 73722028
1765 1404 390544987
1179 739 653178663
777 765 942003313
1744 121 999230721
1276 977 183671084
473 124 24975936
1342 1497 317603640
1921 1334 424005577
1686 497 712401861
693 575 282734461
1221 334 514628822
1517 1991 904295420
634 1592 58000174
411 1723 517058532
542 1747 712960064
1253 350 271210278
1004 1388 586374697
1669 831 218112338
544 406 567299314
484 1992 723680260
719 898 224796218
236 227 240723518
1661 1766 805341883
135 179 121653403
691 846 670267898
1908 577 871775429
1505 817 873589252
630 855 60100868
856 317 204612673
1525 1822 625170324
1942 852 285898607
1162 1019 884073267
514 34 575429459
489 1807 450091466
2 1667 300538913
1455 1064 288933578
858 1281 308342745
1103 391 956689079
826 1000 893508196
1707 835 641885639
1285 843 957928151
665 295 987176739
1082 326 391964558
560 1943 607526028
1791 1183 531235019
545 1269 617466431
1471 32 944657229
1697 1976 79254524
1735 215 394599172
1445 1586 25147124
930 823 438140468
160 976 10223388
462 1296 435882047
1924 997 702392179
335 1004 481050564
1401 849 247386782
420 1579 556809931
312 32 852378906
1305 1491 579534884
1496 1895 620825643
907 598 446273076
1950 1547 194132958
994 179 641882642
324 1883 150808168
465 1432 456266862
299 1268 855111297
1286 867 536489376
1963 154 120563732
1850 601 710021197
485 725 154513536
1658 551 176450449
1096 1405 582415236
1925 1064 908394409
157 1913 429554334
712 371 586085580
1440 1228 655323097
567 1938 81915116
1671 1151 957171399
793 1402 55422198
1719 210 186736664
122 1141 141823682
1313 1972 160924713
1340 1663 940717922
1134 94 701939105
141 643 751209571
1265 1499 750033687
1495 529 983522525
1767 1619 358220827
602 874 469715505
1351 1106 402734643
1626 710 684865442
1501 647 403572044
1684 1172 878486994
1259 1699 599040749
1679 1814 907619174
273 261 337860769
1649 956 681845696
891 177 618634893
160 142 985331338
415 43 696031028
361 1412 973908804
1156 572 908024076
1594 352 716882356
1630 1551 860335561
1934 921 491893597
81 334 352469233
249 161 685435267
923 981 288018220
277 1235 203094019
1111 506 937925200
1646 330 636159199
330 1866 916338151
1746 1564 446188075
1573 359 776262132
1943 72 635787190
1332 1017 585132255
1467 1039 934886745
604 722 729087415
864 1598 74812204
695 766 151380785
141 424 231944653
430 175 335809509
942 1994 285128731
1974 331 866531016
1376 1543 794056442
64 408 34979199
197 1595 491690875
1257 916 641836669
867 1309 840198154
248 545 75600986
398 285 528781032
1888 392 84596430
1258 1737 424196870
1689 688 599075503
1705 1630 222206378
1284 619 868504249
1237 1983 213990755
1263 1498 966219476
1038 1424 391102130
1966 1913 151815582
1376 869 350446136
547 1209 835253514
1332 1290 219041231
874 1806 785964031
1005 934 220951867
886 1130 216417905
515 1993 788480856
1318 268 316652133
93 795 92117422
1278 1001 341166973
715 982 613939113
1140 309 791306377
1973 1685 666596338
1331 1917 27104929
797 4 597906517
1317 1776 203456422
1564 1096 661113896
742 951 750844671
308 1821 898478844
197 1693 244065671
1114 975 932038309
503 338 602338234
449 1130 693889380
1082 687 638588009
329 959 95362183
1003 1854 607761133
786 1713 793892495
1095 1623 965513021
1249 1961 681028356
1180 869 239480914
127 968 895733382
1271 1654 825255437
488 374 772469325
1044 70 679843707
174 580 987641841
594 778 567329913
989 304 359503531
1297 1581 387364897
1125 1703 740966099
773 533 645402109
596 1703 77546623
1391 631 299844895
735 496 999959579
104 289 5109870
918 554 660441231
1873 1743 822556806
102 46 644132199
1084 1310 660138880
657 464 982731508
1564 241 355798571
241 542 785422232
809 658 48586227
1909 600 508701495
1047 287 514137936
412 49 294360224
1474 640 471503321
1442 715 299686880
1175 1760 19918933
1360 724 857815374
1835 836 780909351
357 642 835298157
1263 676 253992077
1436 681 152207530
922 1668 290872146
1924 1753 385525194
1774 610 358341448
1352 1797 340320829
130 196 271979475
522 1398 514260876
628 584 950272082
1106 316 791894454
827 1306 563168103
448 443 499326610
1754 1134 492062644
1739 1458 47209947
1656 1181 747259316
1274 403 30467422
864 53 726478569
1755 746 780246784
559 697 793743414
1981 588 835837855
185 1489 382379329
1288 667 234343254
1926 707 54224797
1826 1413 960504340
187 292 6117714
1466 322 853428949
349 956 222033954
964 833 830040268
545 1159 635713777
989 722 928101866
1651 364 388471749
1888 654 830767719
1872 413 909483878
988 803 265056429
363 1167 808490092
1773 1196 765299272
466 1334 140101728
1797 1659 92066759
919 1227 126988014
708 1576 848202816
579 582 475796806
8 17 300546093
673 105 640114904
971 243 299247387
1965 832 477002954
1030 458 500644035
1601 1870 194262696
1137 1393 320267465
1390 1096 396307097
1735 1907 424590527
590 1355 370949092
507 946 172647489
1102 367 181634169
313 1277 570704391
1782 419 267173134
169 104 681527907
1878 1567 238447176
1653 644 223797466
1991 1939 551524203
799 3 259600168
1574 77 861587923
919 1676 971760176
1091 1499 642349877
1745 870 119862418
1179 518 246847786
1897 1900 522351814
1705 1505 150333098
1336 1609 454831930
1897 1150 68960383
233 1984 617932591
889 1028 204152723
153 1804 477923860
1269 591 267251127
1110 1448 468873810
228 1109 609415387
469 1799 144356097
1108 1274 43045379
1158 1539 226855897
1715 823 124635697
373 1263 664165667
1643 159 664657381
1390 1847 511522499
1390 257 848789032
1975 218 5585536
111 1629 634997032
939 128 211844661
821 846 223773
807 1530 528392970
509 558 735689597
819 1800 789131903
823 1920 327578605
1148 1084 453404633
863 1000 172015523
1856 1830 281385100
938 506 790644978
598 604 741887511
1928 1172 389865784
1301 1275 353339063
433 1165 552407249
548 1326 224486844
1241 460 448844114
524 593 52963861
1682 1932 201239151
1451 1837 174678010
1172 1334 543315528
1616 142 402077898
989 383 700657783
1799 840 311082966
361 1114 872908613
1012 887 628059032
23 1116 660853545
1758 661 973039191
1747 233 358831650
1673 1573 263823599
1989 538 355854580
1494 11 583835538
1084 688 587812458
1655 1039 338059103
1669 70 928199464
436 319 281800819
932 1436 385827483
1555 231 413770064
286 1707 549399086
756 1018 364674258
523 218 486513821
793 132 43114894
762 1063 304769406
1753 1829 58427231
1244 1767 503457356
250 1955 5504583
1795 163 220127606
289 351 491737103
1410 361 590576430
1003 687 979718781
1664 1285 343828331
1970 1431 586771152
1463 500 8365457
1672 1625 449690359
2000 1620 714910218
1709 12 123313237
834 1553 981305982
1084 167 738296385
1380 657 78265545
568 357 346032577
936 1771 555583514
942 848 273072378
1407 693 306444464
379 373 640381099
1023 1446 108617386
1886 884 911135469
1224 1583 825130437
791 327 244626909
862 184 132702062
705 1780 341072304
1513 855 158930592
1010 1176 220577773
220 425 742402889
1656 894 746250302
1697 892 667547914
1781 1664 692427206
1566 1413 92880469
1629 1372 439369308
594 785 295646215
1378 250 625443968
1338 736 785977986
315 1919 530185782
1164 1002 186733588
1755 1098 569269272
1293 729 41997155
1217 1259 953462444
873 1925 139555448
799 102 385400410
1326 200 269187510
35 1685 981034960
1315 183 821517866
789 832 492548950
38 759 71850240
357 1391 30395626
337 1933 572729504
458 416 997686239
1276 1572 159881228
1512 1175 277264856
258 1789 689472872
1578 1936 253495415
1670 1858 684174268
686 892 594590073
225 1110 172967335
718 1495 514953880
1032 765 575281915
662 1480 168141766
78 606 931410614
1884 545 497347961
433 1173 449487787
438 1252 448669217
950 1625 275347066
473 185 250547436
668 14 284311747
1892 1073 929152181
1272 507 839736850
1335 1092 813577183
1391 10 610662642
1914 724 829908775
1448 1675 916395226
1773 512 556852827
1961 86 308494960
869 668 267849282
871 433 635903851
432 660 687768289
647 1030 683705076
321 918 887505006
199 920 447669270
1009 185 890284302
851 304 197321135
689 1180 155314305
1197 1159 729601788
62 83 511579039
1754 382 279364001
1433 1387 235617249
1329 1958 654135938
1458 1274 190317443
65 1493 662195468
1696 1723 120239970
468 572 728240982
203 1738 516725320
441 1769 574299415
1577 557 501126230
1817 362 965446334
1693 656 405344404
206 1318 710667448
369 1674 203967823
934 1970 551216996
716 960 204373412
1805 1396 635118613
1427 1138 711525102
686 1344 59652741
247 517 957327648
544 1631 489218326
1153 1825 373037558
931 1137 723431750
1181 36 399737248
877 396 757282416
657 1432 621251682
1762 1608 836421050
1896 660 817998826
1539 190 380437539
556 73 377389118
281 1727 145069131
525 930 412200225
1359 1059 727822149
1541 246 793968193
598 1001 9008091
1445 1269 175408120
118 1136 215166835
1606 27 422221699
183 1720 997286661
969 1643 174024633
981 1582 454460926
1834 942 960769509
1122 742 257787619
928 1056 447253159
1849 197 847284467
1026 1955 207342966
506 624 768914009
1542 1599 750407036
1505 648 407417341
44 602 589037541
344 1619 881775970
1302 75 979244339
907 733 93790314
1736 610 335270870
445 1340 174516637
748 398 849455898
489 15 521193662
284 57 364863406
440 1275 950285786
1111 774 824548496
1137 32 550382972
566 1644 147553140
1101 1715 781968892
1110 625 280265653
1786 534 384134450
167 283 892925068
1941 1005 272308238
351 270 208572747
887 140 194373715
381 37 689694927
554 1371 667984045
1899 1097 724094015
1101 1232 163881333
327 903 302608845
1891 1327 625428183
1182 1574 783086068
1747 1511 177443445
1328 1819 872772582
103 367 190321904
1812 1517 29340743
1948 606 959385675
277 1192 761885207
361 696 439748087
204 1582 242135309
1509 1547 811594322
1003 687 471197986
278 113 464444678
457 1870 827289493
1822 1258 972557596
1900 1586 241165231
644 947 564358580
1285 1794 172697209
1637 33 849062647
307 1759 890756608
1733 1737 551380740
1911 1890 689327254
1701 565 964841221
1236 1547 404838379
283 1617 316829353
250 369 534980217
1225 1586 491395856
1603 186 883692096
413 538 241132042
100 1147 3519903
953 1611 181501515
181 309 800572970
1165 692 480429076
1045 1410 462818384
637 623 469610677
1114 545 668113331
926 702 17177989
166 1198 964234734
1982 318 378459297
619 862 251222574
743 1668 871307161
753 1770 207870541
1007 1086 467163216
16 239 654310057
1416 1098 800367261
770 1112 977307156
796 1620 901177346
854 1498 98747575
1560 1765 143741716
1331 1390 186900762
1639 1397 830419178
748 761 910427488
1722 201 626732543
622 1105 201481562
1873 1654 385455868
832 678 545895952
1119 918 763895157
313 1595 40913829
315 163 172306924
218 549 745628618
648 1627 706802989
1770 1267 397895389
1686 617 433118869
481 17 545755543
61 231 986614781
299 1283 241387585
215 199 611488423
1869 1469 431740494
18 474 914619420
929 1780 629448916
1692 207 414437763
531 1007 287243955
610 1924 734703059
1043 1554 186165254
846 552 179814803
755 1004 746295577
756 268 123850908
54 99 133050344
638 390 865130696
1885 1973 251975551
1496 286 668054447
866 1143 909078555
1920 525 619576666
789 1856 502620740
1401 979 272087303
246 1114 201279560
385 1669 515240513
1131 115 11344221
792 899 695984937
1445 943 403658375
312 1738 111343773
808 25 606326080
1413 198 79728486
11 520 947954294
459 1122 366723981
1066 1333 619216395
1064 1109 458641578
849 1325 684644005
728 851 404385433
615 210 939599356
1312 1473 325296674
1001 915 607476890
421 1597 130040023
737 554 318957873
1606 1981 123504840
1063 507 494457676
1212 1935 737626029
312 705 445775507
296 1044 742745054
1841 345 472107080
1945 1556 431941009
788 819 473962997
113 296 496206415
197 536 999174548
1192 188 255846946
800 1837 523250039
91 1963 74512812
889 1900 258571327
1602 641 813230661
1374 989 606982560
587 1715 830596855
518 477 86265422
21 427 681394965
112 876 440999598
1389 1487 154194766
1721 259 94479289
270 341 785537946
1992 1901 140788282
610 958 764758539
295 73 781455266
1148 1044 964771055
1907 25 745785033
1687 232 977110388
1662 1654 694006045
1168 864 305981404
389 803 397857206
1043 1219 223987944
997 957 923097336
963 1444 760130280
413 785 539600044
768 1656 515882937
825 1334 159666472
1445 55 688455357
722 1110 765967146
828 995 926217785
394 1997 84090283
1610 1674 650001862
172 775 835321683
240 394 320542295
1209 1292 811581719
1215 598 260480738
1174 195 504677269
956 1791 51394821
1826 16 999200413
195 127 565353080
214 238 989137943
623 640 761153196
702 919 136645767
388 1697 210260028
1053 1724 621197059
836 925 6074215
458 831 494617278
1815 1061 147325811
1869 485 911124232
1482 856 215155928
1773 1519 443358941
1028 769 673680370
550 1482 427857798
1859 655 810067865
1274 312 396239589
1258 1561 27093221
487 1590 23644788
1076 1226 984311119
746 67 967281248
1471 884 841168061
1802 122 984920432
608 1803 375933123
228 470 972752664
1439 1703 456382062
440 373 395302530
761 314 375061184
645 891 409545131
1443 15 103053913
607 46 671926513
1477 1087 44691112
1278 1611 532964908
1135 252 768936407
57 1599 263760323
99 1762 427779077
410 959 167572066
1574 301 327498049
1836 431 158906583
299 1946 813821832
696 48 428341305
1770 1151 171918377
21 1777 225006306
1560 776 69654796
687 1588 690020252
488 1145 130098030
1653 894 541908430
1812 59 574192014
1285 763 435019770
1260 51 59268579
740 1361 617813433
1393 1343 793947622
1926 251 984775471
1368 1036 429601400
56 1210 82388058
295 624 914823788
486 5 617581310
1433 388 641202431
1562 836 474758053
1041 891 111565329
32 1016 67174582
1973 1457 538460156
271 1421 28922350
1924 389 571220577
971 1205 28671105
1825 1158 215629655
800 237 465836898
300 451 344745896
893 1535 78417236
1700 564 59961615
1798 1484 486700664
964 1214 685110248
1950 854 624914153
948 769 287994127
1218 1832 862209307
975 1283 166845965
1955 137 538698783
881 137 71537722
1330 651 825391
891 1449 444423658
80 965 115545417
1164 749 964537824
1160 83 699983220
735 1465 47903200
374 145 968946826
1059 813 20940063
941 1278 523857161
485 205 782896454
1244 1072 435813649
8 835 30032797
461 872 24083301
1388 1279 665957219
811 1089 375654606
1964 1887 891846369
959 287 463709026
3 1713 48592410
127 103 213611448
1293 507 779726153
41 1240 229358541
499 341 135153082
172 121 267778285
953 1639 210468295
1161 985 643397790
705 802 786352567
1934 1253 700051443
747 1315 565041432
1331 190 197642733
175 1560 272328475
1930 1577 954237684
1101 94 68671070
564 1743 236000316
579 600 424910038
1632 998 883761520
1967 1984 274545206
174 144 418626866
227 597 97794262
30 1679 204064345
678 105 293829575
415 932 124172414
1816 95 847863788
1323 593 297898424
1663 1617 769571158
1748 903 689029601
1871 1952 919946305
632 1914 104675194
1866 382 560407013
1875 737 929388465
95 1617 505836446
107 1295 921883752
1337 730 270419173
801 1760 981764596
782 1004 952028802
1741 548 105324971
1026 1267 70111036
135 1806 819203478
855 220 531167578
231 1985 51825883
1256 1034 321164415
1715 633 670741617
1587 162 457653670
109 1671 669849847
1018 1958 328928342
824 1491 276900980
250 104 37881002
1281 1860 707715321
1606 1254 977321585
1019 856 250480760
21 153 11321796
97 32 779005805
122 34 949382589
1262 1243 732453043
1472 1401 172593742
1773 1916 658630980
588 1791 780398420
1601 179 150836712
949 1529 163349101
502 974 408360122
1071 755 827682281
495 396 498807188
287 1649 975372815
174 332 965584920
1853 253 368288482
363 765 675979375
1533 1145 699240914
1256 1805 793900006
1037 1713 727110623
177 592 868800655
1370 1862 674565585
205 1920 183793339
692 240 445120862
990 954 174589542
616 1730 119079898
1475 397 881507019
415 687 312313923
1041 1933 427339463
1497 1676 823781881
417 552 955450062
1963 1751 35233542
1833 589 435641674
367 1837 94334123
398 113 443733060
1741 1413 443233200
703 273 253220649
1281 631 992870146
1445 721 619389336
1666 1846 419201597
1943 824 673457238
1123 1652 659026564
1247 589 805575418
919 64 306179846
718 1885 251120711
648 899 117613840
1911 605 405512683
1456 43 196208887
1899 1025 551109237
1606 783 35236660
615 234 39087535
704 1331 870119421
2000 1541 180912404
1392 861 173895826
935 586 207540344
1099 592 692626017
1845 1387 456011516
899 36 361536105
819 8 316032973
1073 14 984570080
1213 1721 451846642
1552 1156 307409967
1149 30 929560265
66 596 621521452
897 865 358560285
567 1713 511532023
546 1562 517028730
1729 301 258180639
235 1564 251165040
1544 465 402834551
1481 943 112755460
1515 629 76740909
1688 617 744902175
1971 1884 671127091
1294 766 993345353
626 67 149445369
1715 312 640393215
1615 1428 178278814
1889 1437 850951489
1963 1868 424785754
702 1187 434418763
498 1997 439308083
139 284 575290551
1024 853 151653565
765 1009 296753265
592 1828 448970574
86 256 86288667
273 1724 883833673
583 92 103548174
1927 1482 469631660
1731 1382 377668785
46 535 724362713
1956 1673 916510624
721 906 155197099
425 56 312603049
1785 1085 184549339
1143 698 405627103
293 1303 299668172
828 136 792016386
224 1933 265556596
522 1655 476265164
1939 433 474682931
1073 320 40437907
418 1919 935366573
1377 331 543815408
1116 1169 305744232
584 451 912078419
207 252 927657155
1452 349 128075464
1098 635 145714841
887 1433 412457771
1774 115 372501165
80 532 935424202
497 1724 613565118
369 1540 931619668
187 1276 486407725
1832 774 196449779
124 63 112094765
1808 841 826141340
946 610 404893176
1995 1908 340087519
151 807 168606250
1289 370 659134199
142 708 909346638
649 197 575934453
944 1986 811069541
1761 110 120442655
1569 1000 259659609
396 1892 390921659
1819 1042 522619073
195 1091 152007717
123 1665 191631146
121 319 581230950
1932 778 268711641
1516 1906 218134036
961 492 615751382
462 104 416125709
1932 1370 558680425
1752 680 854992897
1491 577 51975943
1186 708 981877859
