3877318
5117707
1953435
484243
84880
743820
85672
2703558
1030462
12683283
1238047
5075
2473578
97961
2187521
534149
81515
349774
65316
7413820
2766755
46631
2510900
321831
17642
23082
446034
26334
111396
3886868
2247436
721587
3268592
1176314
236331
559127
80233
125801
2583619
1331897
118707
841637
352193
1488806
134086
33797614
100570
31091
19787
2903160
70918
3413542
2240183
21419290
6282927
2796987
2106805
1543254
1082302
314005
41074
240804
4024927
5205872
4348631
83340
13031
104450
966088
2673732
267141
128193
217118
889632
63312
439452
930292
188358
122477
608006
21941824
136740
8687848
100246
208953
5496319
295744
1773613
1178025
870582
7936630
170042
12465334
6360876
123061
613181
54670362
72789
961280
444476
2676889
117053
60364
1225247
828608
35427
90904
127578
19232355
1199116
89284
18174
570147
1730875
1931138
568715
114832
7296466
22785
1283412
63430
11128
4018775
112763
2284000
1627915
1996738
63171647
969215
8303462
801548
2986861
703204
37073
186114
144663
410516
109122
996983
12650
104091
68962
198578
161218
716304
49644
4137119
1765195
135527
909963
17990984
10059354
23864
116972
424118
2355092
905706
5196390
70957
380989
30278
2396339
1074081
2091418
5349721
4096
3254323
7507666
71402
478931
211354
328887
34008
10436033
128408
43538
139008
93186
170442
2722296
129713
1537505
275293
134573
3405179
93278
134796
122441
30873
79739
7334207
221235
631550
7783966
478116
25112
128720
13246087
78691
1089185
619683
369090
2140045
933561
10573963
48209
16603517
438830
878192
242004
67475
43271807
40403
806619
955627
682891
47677
439825
463499
250235
7336
12865472
32369
95921
207237
20515
46364
39198
133764
4163898
8956499
106411
2194863
540137
19255
1641827
49705
1583762
68373
43626
101527
1896391
121298
16915
3282717
3770065
12935577
99893
13705554
28006
283975
16395
892752
325568
11848142
595534
3265997
42741
108547
2845596
207471
312501
730941
7458446
469153
69221
120551
117620
555117
639140
922739
2377044
7071682
115579
58243
581122
38364
3474429
34670919
457126
17329
76231
2197765
330789
108642
576719
39728
38494
328628
979131
3112225
94322
2854102
1931561
131081
40245
70289
55635
211416
9774164
19787
19974
433607
31362
254193
302485
51582
6949112
812391
38712
717800
57637
110363
49586658
30892
1674570
543489
11699
930883
6709682
2889563
676329
113385
2151109
99751
57675
51740
579977
737061
3883876
19080
4082318
3412758
92314
2419721
919543
2740563
871039
26805
25310783
1485730
316221
28485
1114469
2318246
1376029
104345
902127
119710
88826
10155124
137458
35960
417670
8636546
892161
123721
35432
8335179
21543
168202
2245805
728655
3431329
385979
552031
1054504
965886
108914
725859
779023
113289
486512
20320
890
663430
11130377
15239
626739
76514
62720
941318
85447
429696
8571183
494810
68686
2148227
1354146
53421
109483
9125
1521914
577382
218208
88417
127177
73863
7230772
348878
785
7496066
20604670
66909
7827473
729445
94657
380445
7691405
985295
628793
4420401
2607683
277472
987839
431520
3498333
67758
105317
683543
5048580
4096641
73252
10767989
901277
817928
58472215
401654
2996823
16674
1614066
971651
6963448
518567
6474653
90182
71884
2272362
522038
63266
586684
79916
4771593
109142
6645166
423576
27322
511939
105798
668140
116185
71777
1595033
4348
816591
3176350
646783
198230
1520902
9625552
70754
233893
728942
127525
10540750
3701104
8113911
148716
9527685
418601
8805482
122460
11707866
238453
12781148
106804
16002
2681904
2553713
1794687
34079
114336
1971125
1429088
2179800
13507
580303
56591
139170
22195163
143345
2599140
75685
401630
22691229
917458
384713
2351506
605567
788267
695343
647336
5383283
9040738
1703491
28883
983606
1213703
512809
131626
136618
216914
121304832
3813541
334075
981418
231083
698058
74240
869902
432671
2012192
38638
83346
48844
1160996
135086
120122
242139
2748622
796501
4907812
657275
127423
650859
764470
17878088
219121
52055
784062
121448
563269
39674
6108563
698881
974
1360140
266494
50969
93658
66464602
2443751
1183358
1879860
120154
921043
5650341
167632
888488
6170381
292591
267392
61498
1427357
9117762
39163
110045
226866
10507732
18658
129650
424252
172829
310260
866493
868944
3327325
16975
758433
2923915
46730
6221029
2459210
3175515
349011
114555
2316464
66015390
1508819
3031644
108999
15621
80764
452280
794998
94198
37059
112645885
1800337
2534899
111154
2998424
650283
911809
3644178
78879
502766
323769
40755
21684
3982371
2259410
773807
85224393
70816
881375
103924
119008
546996
3213934
972230
825235
13525889
10692
23274
27664
618488
326910
4482249
138430
2680060
136039
32537
743916
560062
370712
499176
995556
3969713
87271
300849
96498
1482908
1736062
375696
914928
55345
1115834
3288147
2016355
2338568
1501531
113885
55219
1913917
51439
45656
227066
4276163
1133183
10808632
1949483
5959018
24388
123559
40390209
605813
1458601
122567
1762551
1616144
114154
3401136
155351
712187
45792
47686
103940
134745
486388
1251999
10849850
633889
198342
139378
2279313
485958
2365754
3906724
1291198
1568253
837106
4864309
56435
3028456
449502
3210808
108433
104744
802302
881646
1743897
822191
101486
1556295
8435
750123
51987
1345932
127147
448170
474883
55612
49823
120396
108251
2347031
12974161
4282312
5234805
111014
10154977
65563
26122
96470
6546563
23748535
60953134
1156203
16171235
926915
15187
12999
3710520
86357
9382409
54085
102470
22707401
33242
541920
43221
1626530
656952
1748754
125029
2074695
692751
345415
969392
1599914
808440
61173
107791
801854
92699
339962
505691
462937
315463
608082
1711701
522559
542347
71217
25340448
3139793
539863
3387862
1284835
88154
471727
116565
8652334
7122092
3246228
7410960
62227
7673852
105428
793034
101337
100673
2880447
1365771
420647
614173
1576257
2232789
11594
443784
961669
2403861
8925362
1892689
735968
355101
33097933
3056575
3103567
532915
9534423
917030
48506
423023
381058
42594
72094
34446
6600
104667
113473
642495
69781
2619562
2113193
891668
268191
183735
444807
21385685
96999
91237
2147230
7192759
134973
72009
209776
119968
1705184
1825259
1998492
11953677
727358
365864
478957
758508
18919577
3168
1205879
138881
2608465
2296739
9804335
59338
4383079
512597
366922
519270
1792612
738085
70139
2922066
46931
890383
1295540
1350909
109420
576374
129285
20757
1946272
97883
1069328
771435
119404
388766
7148660
2853287
108646
98713
57180
11463184
262046
283250
7477701
630207
1726263
32795
2116408
1840794
1167806
65053
129677
109525
694648
29394
837985
879377
638326
39867373
3864
893315
1071042
798263
3289016
114732
2322
5544538
93064
2802973
11673029
49072
3210585
52615
4179083
25055
8286554
538056
96466
70292
1797207
835515
229058
973931
2334416
1228950
6399751
98039
921891
4046663
1546653
13318252
8758940
886470
2038895
427987
1074323
79489
64902
10147
939211
46043
115723
906745
14534602
434293
6220929
378635
299660
574906
2276160
30366
299144
446746
1804592
360397
69178
2046753
2251487
1815073
2573172
53039
25193
2219653
2893093
386706
1233242
71547
5285530
87203
25776803
868525
927411
9070348
20618
68082
75260
137804
1345051
1788671
51907
158193
1454445
135456
1450801
106108
387490
575839
909209
354303
131613
509239
16510
4838196
7952
19189
13294414
803289
116730
42502
4304467
95519
284427
118217
4031
47196
2133986
2824
67161
57612
945093
11160
723754
74026
3045236
510626
46448
63947
824932
65461
554576
209493
2112407
66272
89759
124214
66925
9850563
907525
3068668
43471
117027
78784
1191460
160235
426526
726460
17106
8169282
490508
31872
98775
976908
8829215
479665
115865
3018835
164200
1609921
43195
1468073
73492
51445
31358
36022
48415
7751732
73083
3698271
3152959
985674
861356
641291
2901137
379560
3864338
600651
580237
4585793
388124
22317
876099
52049
143167
944475
7605362
616471
2480392
540325
3104969
9963871
124144
8118096
58397
1291738
210918
152360
3878052
19914
133047
999139
635022
400185
1185180
9373751
567779
5263841
741552
3540533
11005618
137653
5624603
985968
583149
1403639
1152760
24625
257619
68479
11438317
19601
739252
94995
4287332
10407733
2712257
1817131
306144
57351
24511
38237
163090
203384
212706
94292
2653578
137769
989314
1603194
22550
561345
327985
57673
3634479
1304477
1084793
1204744
306871
3410136
703722
95754
15926
252486
76463
4751319
46367
85766
966751
737060
5123638
160394
39871
2462642
7298670
930201
832659
827889
117110
52350
290203
2809652
3732
19197
4457490
2658396
853912
456931
3486184
3287500
1721309
405761
626295
7523722
156725685
141829
60522
14426296
46691
457006
3353584
756050
346787
379400
2432913
270122
24672015
23039
1491397
60801
52042
563770
1909178
8779
200598
1460089
153946
2104170
1100816
76993
72685
113085
89654
2802253
15728
136194
1930027
2745179
27867
11395
842620
30046
145245
884108
2885136
537975
1805498
7851851
3942173
9793960
999038
12462354
107675
17782010
1908300
315517
77103
134380
2829257
1185920
124328
1985688
739939
74015
970736
4620936
1321994
12287
105124
16194381
5490
1964451
615219
94409
184642
171567
2411727
141020
5673518
105240
2228264
4594867
86839
23032
828799
107846
1737899
853221
250762
537073
1358663
439736
219910
3105455
18638593
6474710
9515586
608446
59507
136862
300387
835597
83435
71297
1529503
1557359
348701
3368156
219419
570513
1295915
1745037
435658
13734
596560
322720
3401276
1083887
8518033
19460
1698475
129226304
238754
436386
299303
816586
5405
83465
2489138
539376
46840
1997430
222326
816961
1227754
2089
1792605
3276868
1197511
4011972
738208
271098
497138
1953157
1012469
176045
1306891
168745
14626957
410312
475796806
30923084
44469
102306
321920
2305145
226832
5561852
1694154
5062353
71777
560470
3478216
23278
372928
2249979
908384
2898611
34896027
69541
60538
309515
322853
378902
242943
122681773
900116
135549
687102
45919
1332539
121129
86728
3726323
101728
37743
2752177
1438787
66166
1138882
100095
291264
23093
34913
44614
137925
223773
146117
12580964
489458
133
32364568
3628213
42181372
2596732
1237755
44652
53536319
1925133
912429
1764368
14831
1826991
428589
5303196
42806
1217515
521326
1209694
14012195
115125
238811
94445
10031
303058
28280
1968438
4054646
50751
79963
4958207
114826
124955
2065795
94169
135148
2046549
22990262
922331
53399
41935
101103
687014
1137319
1628563
874586
412992
307477
297456
11070
2371986
134099
969625
3379519
846200
847460
1446743
1192117
1408288
816081
2374798
79544
81210
99759
1919157
7991077
23071
1989638
957314
939698
3373778
1483199
2486256
81817
3977667
88482
6757889
585630
3425568
9607091
662537
1599
25665
66443
125219
2837409
80068
2721156
62052
704220
7764252
625661
44063
38590
12406673
897457
117686
4055994
94070
1388203
2615
785154
1604531
292014
713095
50819
104648
931217
1534855
6677621
71867
417771
740115
263029
132666
1071566
357964
1975909
2408076
110786
105726
138303
11917
1539453
1367768
5611448
713029
5997269
771699
4284723
53249
592674
1740590
12693
944464
3057452
692357
577022
27712
337131
326797
270881
89106
951037
239730
76966
1054946
404065
19778052
84551
926969
1882856
456117
868963
70450
10721
113781
131136
5369198
135484
1364355
5280330
122404
109466
43551
3896106
2529131
321974
3889474
2551840
127717
136351
9309736
3950924
360582
48813
980963
115797
3539873
82439
116101
1687797
42376
561386
888455
1977901
99250
1589032
964135
3112182
36805
2163261
946752
42037
35369
52126
150071
910811
9831452
82467
862591
2242141
16679
69139
6693
539504
685397
65007
173726
124677
23584396
2907593
3124144
659020
78873
274548
3212084
122266
44114
114510
9819494
12178207
746082
3216421
131125
106373
2478999
121945
6972407
92781
3879430
2276529
774894
6117156
118279779
2213862
39355
25209
106173
3478120
59408
84456
11066139
5571571
10178821
2668849
193879
146469
811106
10686831
1831488
35798772
136134
1801304
962902
2149153
8693308
84783
2065979
63825
2559601
15151
645236
42321
4470946
136960
51106126
944479
30315
736825
130494
1298325
9109
2840767
251804
255330
72307
2037022
8452599
815079
43845
10656234
666847
29620
2105937
23338
698232
13599
3826272
4551594
117823
78960
123653
10734
1886392
2617049
2453196
1757187
2047832
27502
2109606
8397570
129214
724293
56923
2796187
568716
42195
11856
535042
279872
1213560
272977
45927
102406
548465
131924
152839
3039805
2974128
298477
86265422
10176
119521
3097931
463
9543
126737
2984528
1963546
8862501
45606
109075
146300249
12178975
625164
14174142
26683573
517683
755894
3022359
1214827
89314
1291657
1171157
82426
737341
94420
89575
1269984
781277
78354
563292
138277
34286
5198973
167255146
345330
729229
650885
1882117
1967572
38482
494048
993931
35958
40017
1398539
350933
104172
1001857
1797350
12747969
58741
2662387
4784
230843
41320
338484
5365583
83107
872181
24031
9477
4928787
3845325
73836
53737
84430
2131449
99106
8961
36962
37196
805887
87479
2645785
1066309
3073521
2405790
18875
286459
85903
863441
11538668
101476
10110019
87750
33831
104149
2494671
3122873
25622871
194
371896
63286
140807
2927122
536682
112500
57010
2288891
396264
202776
6929528
865376
1118337
19669
328992
94910
87436
825391
1212114
6359
326476
96742
1283876
10835
3801429
1680808
23063
8713052
113073
207229
12292835
3420681
2391526
9976
27506
19565326
2529366
81512
6654162
6299778
2129312
6532166
3892
430842
282818
87260
60628
121876
2437
680840
268516
3968599
27835741
3119283
35000
17058
49317
903493
35429
1101820
46754
5892
2429036
827296
433880
779853
43612
71610
297569
420227
1667815
37961
1088441
90324
34739
1034
476761
470764
69105
119681
790669
1918670
3423317
104418
3750817
8711089
482299
8920239
5154403
6264517
7799952
2873279
150588
137461
7934449
1132572
2156590
12631997
139047
1135254
61643
165992
4793574
574508
843929
115465
608328
15509
4859
5348764
928975
1097264
1812182
598519
820860
3365662
50948
286295
878246
6856
562236
91894
580276
2382054
1010050
122777
199075
1752751
113890
398856
3332764
261086
119112
656500
1541574
130449
2625904
430658
2750138
1658702
2209
433974
116635
120010
73583
393825
3452216
65088
50916
7289221
119552
2005559
127837
26244
258536
6001007
1973559
853927
3176547
2924233
135011
20018
4258930
844198
3031305
789937
821401
707083
9987114
553499
836839
5488605
26707
94191
97921
629028
31738
362634
2829203
128731
859945
3132255
5287
108890
118257
1822313
95855
63716
455691
13368
21159179
2253813
8091097
3095058
2165727
1603461
132183
113638
348267
2187271
76556
910297
4352495
131507
1021469
1205341
74805
1844328
64463
25734
469328
41514
7457329
877368
685704
36127
99800
950212
379177
324274
2697179
106167
416416
877856
69055
1988367
