2
280 282
288 266
1000
84 338
515 300
648 8
625 142
515 272
345 742
588 19
82 457
540 705
638 377
244 317
659 387
19 91
420 13
18 392
479 197
439 749
588 462
409 519
621 563
114 164
89 602
209 722
799 263
660 636
126 503
323 791
79 778
401 429
643 397
511 228
127 51
88 352
220 284
176 812
545 667
120 91
49 3
178 513
295 220
325 419
364 774
60 173
640 720
252 675
356 624
111 456
711 492
472 781
599 771
724 731
19 417
720 246
404 822
142 622
642 476
617 124
469 38
589 76
437 356
394 55
386 205
245 469
153 827
501 667
255 190
523 280
664 124
726 45
505 561
535 581
454 354
169 804
680 151
269 669
448 2
212 515
664 34
228 126
166 279
743 548
263 61
276 665
384 141
137 631
691 570
533 791
339 89
614 512
744 188
158 350
142 668
228 589
507 202
629 343
665 322
743 778
746 224
224 41
794 352
492 470
340 135
379 26
566 773
243 75
514 300
499 64
328 772
257 207
153 215
195 801
779 826
551 487
633 727
396 174
442 305
301 175
427 323
26 381
520 227
744 736
301 791
483 805
134 665
79 144
238 127
705 250
503 533
72 755
113 125
681 463
638 582
102 461
501 710
686 385
614 113
96 713
213 174
335 639
680 754
301 499
136 530
747 218
424 484
252 68
472 707
598 582
112 254
54 351
21 571
221 738
309 231
83 400
436 150
798 825
514 651
63 56
174 28
681 229
543 372
789 795
303 596
469 501
415 564
5 274
302 220
638 559
103 469
600 569
81 35
346 549
481 77
307 824
234 483
196 627
66 139
622 641
156 326
467 112
373 183
758 650
791 577
179 30
433 247
20 0
213 409
235 130
776 508
121 122
720 621
677 34
485 632
616 744
45 63
644 646
798 627
1 706
81 29
272 479
762 406
460 437
401 230
485 505
638 285
467 713
315 526
508 722
14 489
421 597
578 203
293 142
132 484
23 450
490 786
775 108
604 251
696 411
358 823
587 604
658 516
775 627
23 357
288 182
296 381
303 477
757 787
45 94
342 579
200 355
52 207
238 546
268 724
220 241
805 721
769 649
271 826
491 131
91 55
186 66
602 148
507 595
520 482
46 657
784 458
529 80
761 440
435 18
295 37
280 737
117 387
111 29
39 680
707 146
200 548
450 414
64 547
621 280
381 14
593 242
675 100
596 662
304 85
334 113
703 437
227 42
311 548
275 742
671 264
21 298
762 724
244 177
383 777
237 109
553 406
194 237
196 626
429 163
735 627
758 455
678 661
767 610
640 247
404 450
113 282
542 377
757 238
719 673
785 660
99 718
265 197
129 7
301 152
507 733
354 698
731 553
152 193
707 574
374 366
52 734
730 220
456 470
669 587
570 300
372 81
414 679
156 688
383 613
566 334
574 274
405 17
224 353
532 66
442 89
764 431
636 817
113 402
392 819
488 416
393 182
120 749
437 68
522 768
367 767
657 600
108 15
745 181
628 424
228 319
355 626
449 103
348 650
196 617
494 771
119 47
439 165
776 734
310 513
307 324
343 597
294 762
233 360
340 106
396 240
775 602
732 685
595 440
424 239
331 824
342 686
351 519
447 649
515 382
108 644
128 494
457 639
494 52
313 690
777 580
548 321
556 689
208 553
239 811
778 778
535 631
708 278
67 731
603 520
422 21
573 302
447 784
739 257
181 803
337 490
462 356
798 625
426 54
519 672
218 698
57 316
778 59
108 320
441 150
581 398
781 513
219 49
148 360
41 202
389 778
473 603
618 177
17 803
728 703
327 552
711 732
586 680
680 516
542 760
256 399
304 197
69 767
79 331
316 200
435 790
753 219
289 640
376 569
292 226
633 686
643 781
0 403
311 664
32 475
294 250
188 450
583 803
406 829
586 23
395 29
566 413
737 132
652 397
60 811
361 111
677 9
37 323
735 200
192 271
135 155
391 700
179 422
641 344
419 549
58 369
473 654
368 782
378 282
773 223
717 494
631 531
19 665
258 414
466 168
423 672
126 496
429 400
559 306
539 293
104 325
642 162
688 302
97 595
664 806
751 531
619 96
434 805
452 427
680 522
356 501
140 338
108 216
370 100
748 232
539 680
14 531
396 531
167 455
215 731
290 830
757 610
325 533
49 63
534 403
414 223
65 319
96 297
615 826
161 348
539 770
124 221
594 507
426 207
477 64
262 762
806 538
33 770
72 630
207 152
70 318
170 299
645 333
583 606
319 145
269 135
301 799
668 162
289 237
778 153
14 617
2 558
79 751
720 234
202 113
191 283
541 108
404 761
317 795
549 746
692 256
792 336
514 94
243 504
277 729
88 333
441 290
776 455
415 559
283 314
231 705
802 229
525 252
382 305
429 439
501 571
391 542
762 162
113 690
72 747
402 124
457 52
738 459
364 150
757 225
779 785
196 509
772 709
604 780
735 163
573 115
661 744
518 294
89 144
480 653
2 799
99 243
53 116
16 468
123 533
682 423
568 492
414 641
790 154
155 230
285 783
46 526
384 250
611 58
582 626
669 744
185 651
679 561
294 654
774 766
49 160
607 137
724 492
592 433
541 791
19 54
114 224
309 441
11 442
711 449
621 520
768 167
60 790
365 772
327 581
671 257
595 218
467 818
808 129
732 215
757 542
389 826
568 224
66 283
803 254
80 477
372 356
116 531
718 682
765 629
580 438
532 306
68 597
472 314
165 696
496 549
46 443
785 704
395 167
659 720
332 523
132 471
421 523
534 331
107 85
461 116
186 291
398 663
554 368
465 710
198 728
549 442
252 108
28 185
575 73
375 136
370 96
685 136
252 469
201 392
165 371
677 356
232 457
733 801
455 589
545 100
769 717
210 345
49 92
427 605
503 427
303 52
5 573
434 778
248 668
192 209
409 819
381 715
370 685
305 74
566 242
279 444
342 260
207 24
601 198
465 211
65 417
436 514
581 800
370 368
731 825
259 517
711 134
50 307
753 15
356 661
361 426
450 235
228 482
608 177
733 701
482 671
286 774
582 625
453 634
90 181
648 75
776 508
748 591
717 461
591 408
685 516
308 130
501 766
806 554
578 262
213 159
455 508
166 192
698 330
559 439
627 800
693 579
804 298
0 759
238 435
102 56
148 315
731 430
781 224
730 343
573 527
776 548
142 606
713 671
219 185
504 792
461 586
730 678
591 433
84 436
38 587
51 660
108 137
657 330
193 567
584 574
780 764
612 25
669 624
215 701
359 702
78 396
37 134
174 597
662 313
785 13
50 589
150 725
282 255
381 322
449 161
484 204
770 606
258 684
566 800
764 122
56 501
212 479
242 559
583 743
119 569
33 662
207 419
576 396
790 820
787 572
473 516
45 216
561 96
282 474
512 67
51 487
522 407
736 548
395 798
692 788
30 775
148 771
556 650
737 469
541 229
210 123
289 783
359 622
413 217
794 22
290 507
398 414
808 295
449 293
256 281
326 456
146 702
761 281
471 574
276 404
785 449
753 507
708 606
288 597
397 333
694 651
442 616
576 595
358 813
441 397
670 564
541 351
378 538
650 411
350 430
316 665
168 15
546 642
728 121
218 607
239 463
241 742
603 433
619 499
188 679
230 428
250 598
352 343
735 606
295 307
489 356
257 727
666 124
386 79
502 478
112 100
535 608
453 214
805 808
341 219
60 392
511 145
318 197
182 818
284 317
639 216
546 337
382 115
748 285
529 16
465 467
664 756
27 223
617 199
496 742
113 468
724 602
323 529
118 360
617 432
511 412
103 807
258 578
409 518
734 254
423 218
194 537
65 240
485 281
732 722
283 549
161 294
97 726
530 673
619 366
333 230
374 554
132 748
397 175
635 453
11 335
188 824
32 550
406 523
782 653
65 801
710 675
565 114
666 539
628 800
269 529
735 653
544 333
628 389
382 775
613 115
492 271
306 458
342 388
533 336
532 381
688 256
237 611
174 145
445 435
52 510
660 653
383 8
330 748
755 115
576 301
770 666
549 781
344 110
434 672
169 667
191 392
740 810
695 247
559 433
580 487
683 820
431 605
218 760
79 307
789 101
633 91
693 260
647 823
517 276
82 676
589 95
543 247
16 7
16 529
491 730
748 127
532 810
317 234
255 189
401 33
52 435
237 525
642 342
291 253
626 331
87 553
124 422
785 790
207 705
286 751
488 82
505 447
654 236
442 20
572 401
48 491
798 361
330 434
774 512
12 504
164 408
101 31
802 159
95 118
370 595
594 269
506 685
359 326
323 665
669 222
621 641
687 318
9 11
34 252
784 347
414 198
647 641
715 473
786 705
422 705
498 570
422 494
597 742
599 60
609 353
513 813
383 168
270 621
595 727
316 195
417 216
557 512
686 279
432 179
66 717
267 38
694 794
702 56
120 821
121 787
586 29
220 731
124 445
600 403
373 354
260 676
25 579
503 469
42 51
186 460
92 265
421 186
755 407
178 731
509 333
207 281
809 15
296 825
650 175
591 384
4 442
403 98
544 763
50 436
378 5
631 431
545 89
415 735
28 711
317 425
