3
130 323
282 386
315 210
1000
773 632
614 371
507 558
990 1025
790 772
586 93
153 1052
949 909
898 1165
355 982
218 902
5 138
366 320
50 810
724 968
312 871
39 376
598 564
567 238
1079 276
479 1238
804 377
711 470
366 95
137 452
739 1198
187 972
112 185
169 173
544 332
635 480
489 445
1043 0
77 469
309 450
309 186
441 947
660 550
242 691
294 1064
312 8
556 295
329 968
715 1090
224 301
1165 222
250 194
676 890
49 933
1061 267
370 89
966 157
340 990
322 210
807 920
434 219
509 0
173 396
1052 26
241 889
1006 1223
556 739
1035 549
803 197
820 75
271 1134
200 1141
292 602
823 1083
919 1183
398 247
654 991
542 157
304 1046
344 21
190 380
1156 891
54 683
1126 1194
274 750
973 169
1204 286
865 922
994 467
4 223
677 822
1229 402
480 196
859 1023
902 815
835 292
1227 394
627 193
879 379
1079 4
125 443
502 274
793 1012
72 387
560 1098
243 1058
266 1146
182 196
193 242
215 954
633 119
1109 69
366 1080
866 341
1117 675
1061 1156
240 107
190 90
276 820
400 1129
450 1135
868 313
865 40
976 918
423 1053
1024 881
620 631
1117 246
827 97
328 1056
1158 775
468 527
1123 521
208 1221
533 607
1013 436
358 43
740 1229
27 781
52 98
625 60
328 701
1092 357
459 1035
49 345
522 325
1085 132
145 1124
414 1019
1222 151
19 1080
877 1164
1208 8
1102 460
525 905
1067 998
1223 1164
1238 440
992 650
1007 1151
662 325
355 1037
959 881
98 216
389 439
800 725
948 829
454 411
183 614
1189 1005
1060 40
481 1026
710 720
650 867
509 1040
14 577
507 23
162 36
664 1230
707 319
831 397
641 734
1106 185
169 385
567 381
323 585
923 1238
653 755
1164 1050
6 225
1237 1206
830 52
686 592
167 377
277 749
782 996
1068 334
117 143
1108 216
357 301
360 960
847 699
696 408
398 853
1000 565
567 1225
116 122
946 244
545 477
701 347
512 496
18 1129
449 76
755 253
50 181
167 1191
1091 955
835 1175
498 1088
1137 1041
497 205
913 962
467 1159
677 242
971 261
1109 516
779 366
556 756
969 822
753 597
309 758
885 705
365 572
522 1182
179 268
279 737
860 1172
1088 462
407 639
1192 1037
1071 467
581 481
415 431
850 35
365 995
462 63
1047 385
987 293
870 1205
200 1045
923 27
1237 1043
1222 1066
28 752
824 1005
691 736
1040 696
311 524
437 1014
465 1225
757 1093
1138 329
270 118
553 984
544 703
593 1087
1206 781
859 1177
473 325
830 713
1130 881
287 5
1188 1186
373 17
554 1007
316 1147
45 257
170 724
74 782
968 886
955 335
435 209
170 231
854 1200
768 1087
419 1138
1167 851
94 788
711 728
1117 1171
41 982
759 441
1044 510
244 1008
972 513
1083 230
825 344
91 209
271 111
851 36
789 1172
1051 585
35 1174
667 799
185 1204
475 892
908 99
124 198
1043 977
1123 229
214 1221
727 504
512 288
895 896
484 421
829 984
282 787
134 570
225 53
362 707
88 1163
273 248
174 549
285 471
774 300
204 455
1233 473
583 1003
27 418
1073 853
1014 698
1191 108
1158 1015
797 570
100 1049
326 1012
852 61
708 169
717 226
1168 1036
715 674
537 1029
1160 184
630 367
196 911
626 210
506 47
697 1244
55 815
1208 213
391 1090
570 278
862 917
617 922
683 699
552 383
105 483
981 19
654 327
551 787
435 883
843 278
796 235
377 25
1021 832
359 800
984 799
200 789
195 938
152 250
1058 191
877 202
870 944
681 1004
572 426
685 406
383 165
995 495
673 131
192 680
47 819
1200 188
724 684
220 1054
96 107
94 92
470 1018
580 387
509 1059
347 26
865 1022
1212 1114
229 872
144 42
232 333
1143 602
265 828
1022 998
750 612
1013 357
468 134
1118 828
1216 810
285 994
284 1196
840 394
684 604
864 401
495 201
845 349
773 519
918 814
513 1196
188 848
324 1159
1080 660
290 835
746 963
523 958
240 976
1240 20
1009 250
887 738
1141 211
849 849
1234 678
1063 347
677 221
1041 1207
980 1158
669 465
724 1147
76 862
287 356
36 588
1067 620
962 327
505 957
663 461
153 174
338 635
57 405
529 1153
1029 227
1044 894
889 445
1210 67
124 858
794 977
841 1246
509 449
1007 938
1012 538
963 981
251 596
772 1014
511 906
207 1120
1229 701
299 229
332 841
174 1075
696 388
1187 432
997 193
315 532
500 1006
769 614
208 36
156 1168
386 254
77 536
127 102
280 225
462 362
80 922
1013 524
925 301
182 823
706 106
43 462
260 971
208 582
696 75
1023 1213
23 433
758 1249
953 374
537 366
120 214
1036 550
617 1173
1117 406
169 309
16 996
719 135
273 447
812 614
371 786
874 1199
136 637
534 88
175 843
538 948
476 835
78 84
1010 884
992 846
54 94
570 1235
109 592
152 917
563 720
404 97
235 317
858 94
355 118
219 143
843 775
1021 1059
84 213
205 408
875 278
511 192
1055 12
497 609
32 1087
448 944
1139 906
133 841
992 130
320 847
199 509
1214 754
1203 888
969 1180
693 111
295 143
591 155
985 704
526 670
137 1014
949 738
474 536
257 900
50 778
221 396
334 449
699 1124
1181 786
710 1095
979 245
1125 471
695 866
769 724
1024 169
1188 130
122 1145
222 1088
1208 891
528 974
825 19
505 1144
1134 289
403 133
758 168
1023 1217
73 164
799 986
112 366
1224 454
1060 281
975 1080
1235 1031
399 1178
425 654
401 324
50 195
165 54
845 402
1199 1115
614 965
221 109
782 1155
930 114
100 1179
745 152
937 884
647 686
1146 446
1059 918
379 1015
1146 453
798 350
1204 1126
24 759
460 1249
68 1122
584 1082
443 266
194 398
273 913
460 8
699 759
198 1199
753 422
892 707
209 1065
665 731
1209 968
72 500
514 593
1186 1246
558 612
611 284
1070 629
1131 524
1211 818
254 317
695 549
119 231
859 1027
480 324
1123 1216
74 192
343 252
105 441
496 732
999 308
224 409
90 320
510 628
327 764
667 647
797 970
35 957
855 144
1058 701
991 403
1202 880
121 660
293 1186
592 849
1025 972
841 629
1031 591
1056 315
940 721
455 612
712 992
1102 1154
227 922
75 1119
1157 894
925 1212
1135 472
715 1126
503 402
663 596
298 722
724 1122
849 336
39 1058
501 59
530 775
724 681
294 357
1242 1173
216 751
326 464
185 252
979 1087
1141 916
612 960
584 666
1215 280
1182 748
163 61
994 964
184 147
87 1225
299 733
639 308
658 849
474 467
1220 674
751 1222
1137 654
329 590
228 1157
1072 1224
154 266
934 396
41 1143
980 209
790 131
348 894
234 216
127 393
761 74
503 265
731 48
857 74
1209 1208
729 1235
669 1194
528 260
315 1048
1201 906
275 333
419 1042
515 358
610 1232
536 1249
381 1164
189 999
818 377
1068 435
311 611
318 349
980 474
307 618
937 508
954 0
445 259
94 770
125 1229
101 375
274 1179
194 517
509 1180
607 316
861 634
1041 1172
651 818
1112 1039
558 392
982 632
864 113
3 901
69 276
396 560
157 1056
673 593
736 1135
89 871
644 956
234 1184
678 14
510 1210
87 623
225 732
244 138
1162 250
974 442
227 616
1158 345
96 204
544 67
1054 146
1189 1073
129 593
619 540
90 577
584 394
282 1248
520 245
715 1227
966 142
995 623
945 1076
949 538
361 981
774 637
553 703
190 18
757 986
340 1233
298 507
444 714
356 652
221 741
328 348
820 1046
69 238
1018 1105
533 711
969 1072
493 1034
678 461
50 987
1030 875
360 468
506 1038
927 1076
462 188
411 931
1223 970
917 1222
578 331
471 281
1227 1113
1004 436
389 1006
323 488
1189 218
1054 1106
774 786
127 1046
435 735
39 391
1099 351
1046 374
785 664
221 237
877 159
262 335
556 261
1201 644
847 1243
309 94
862 1147
1139 432
1130 1221
238 794
66 473
1157 416
345 583
451 424
920 681
472 39
446 571
183 517
702 886
370 379
255 709
1115 826
977 853
1011 1091
519 235
697 90
100 1016
308 547
514 271
516 444
116 929
577 1248
431 963
103 698
634 606
187 391
219 208
264 938
1052 673
712 651
509 767
1230 603
549 916
425 465
1236 183
314 201
1097 936
39 315
1223 701
598 1245
244 115
61 204
61 1181
873 1109
1225 554
1204 146
773 1134
59 177
424 513
887 558
374 603
1090 392
792 294
1228 444
1 566
168 752
859 1239
1223 17
19 827
724 855
1166 1115
1142 731
1093 630
597 370
469 1060
305 184
1119 879
510 167
685 617
594 680
1033 1026
29 484
392 670
559 1198
265 962
182 1085
1216 709
51 1151
394 699
569 467
31 601
873 884
886 1013
803 1082
1208 526
790 852
1127 935
674 772
601 1029
974 278
1141 277
137 333
132 451
743 119
326 865
55 116
151 328
625 55
990 1232
1004 183
1247 425
485 364
883 641
419 30
114 503
481 368
622 1018
258 5
377 205
772 737
574 565
382 1144
829 448
110 300
114 303
1185 1123
996 742
312 46
548 220
1166 543
771 1147
862 181
1067 147
1007 171
379 599
232 871
857 1067
319 470
543 715
510 668
767 52
149 154
6 887
487 1095
180 403
292 995
1007 504
150 258
683 526
433 1161
197 1013
1212 353
196 374
229 775
707 1061
762 300
889 1064
1021 893
1130 1040
1228 329
811 929
633 36
870 716
690 932
188 635
359 113
469 194
1178 15
174 624
465 509
1164 644
1205 942
298 563
877 192
138 690
661 690
849 386
277 850
270 201
352 778
290 814
964 790
66 71
761 549
32 348
1015 58
1165 1068
889 162
816 1142
37 909
