4
276 82
163 317
2 195
128 44
1000
1504 924
595 1047
835 407
450 185
782 1009
263 464
939 1231
1005 102
661 469
398 583
1020 276
1394 138
590 1451
1441 565
542 146
497 54
404 630
313 1483
1535 1179
669 448
1209 1124
1373 194
323 196
1620 447
27 157
707 947
1642 1232
1451 1272
62 232
352 450
1167 414
148 242
1134 1626
973 908
1151 962
169 255
836 1611
695 605
50 415
864 648
159 735
399 1090
283 474
1247 342
35 810
264 672
882 1293
355 617
362 379
381 1349
1016 1056
94 1600
1600 1159
353 930
1282 1635
1154 305
1128 588
1571 1295
1604 1070
947 1424
1235 714
1522 744
276 978
1024 1126
73 1054
1624 1126
1470 74
1018 1216
909 1187
417 1225
370 399
1649 429
997 1330
478 434
658 1370
1066 1642
1277 1063
645 1563
1098 26
406 1068
376 1599
1400 1057
1475 940
1385 205
504 712
712 326
277 1191
213 1501
6 686
1322 846
80 44
897 315
287 833
157 1473
436 563
452 1320
94 1021
394 540
1055 789
331 788
313 391
995 960
1249 435
812 872
1642 221
1281 155
912 324
865 1387
660 1630
1125 480
772 405
955 210
1301 1201
369 826
240 429
1328 784
440 64
643 906
938 764
423 220
1544 32
927 1099
771 1539
1450 814
317 1330
1574 1526
776 882
262 884
789 296
1592 110
1066 1525
909 313
1346 1412
1139 453
1118 1500
1313 1262
464 371
532 184
1233 622
273 990
495 583
978 1493
181 321
217 899
608 1407
1089 855
1345 90
17 1413
97 1576
668 1511
345 1218
1483 1541
249 1483
812 1147
16 1112
636 563
342 878
550 1346
133 354
1135 1375
552 1313
1033 1523
251 1459
1193 23
855 1229
518 1207
837 1439
103 513
858 226
305 1290
1019 1235
585 1562
752 777
1372 774
605 1114
540 831
692 859
590 233
620 1288
196 1320
1526 418
148 1252
1456 396
1579 934
1557 566
827 194
1505 953
1005 700
691 1551
164 1469
1636 51
72 380
926 1387
839 484
98 1640
143 485
595 0
862 1348
1397 1594
454 1436
155 404
1264 491
1457 1177
1008 921
509 216
286 1283
166 993
425 285
1315 1277
1148 404
330 1110
1395 1261
969 886
62 732
1380 1096
469 848
91 755
303 1294
655 477
590 181
282 345
1068 827
1297 40
1605 1246
998 64
107 58
495 495
15 585
191 1619
909 424
909 758
1402 1640
361 969
1317 692
298 1375
87 328
1504 918
455 1577
1026 1461
184 847
913 1539
1475 919
1463 1181
771 1374
1264 148
452 1405
675 736
1037 1609
895 336
1207 76
322 778
1118 92
472 924
653 1534
1153 15
522 266
316 426
804 986
995 1154
276 1509
1501 576
1544 146
1400 1397
1512 421
730 1008
932 989
393 736
1416 268
1004 327
1028 66
513 901
1263 946
934 1285
1192 329
1118 1575
1641 323
1158 1016
224 35
1450 77
1499 9
1034 1590
638 1263
279 1342
1291 948
1351 275
899 1344
875 700
219 68
1539 862
1302 1573
1149 785
1237 1402
353 1277
650 190
797 555
541 1035
955 178
1160 703
1163 524
120 1151
1050 103
1054 160
724 750
688 642
256 387
314 470
1583 1507
67 1283
442 627
1038 278
1142 237
1432 662
1388 835
679 118
1392 634
837 193
900 60
1152 1074
166 864
31 406
543 1336
420 246
515 356
666 908
865 347
482 24
1427 1265
610 1534
126 76
1516 578
680 1420
1326 719
255 1294
234 475
193 839
1352 764
1398 1265
943 400
521 146
767 478
50 1362
1287 360
840 1555
1426 87
1245 922
250 726
1091 598
1383 1002
945 1167
1016 105
274 40
269 1226
42 1263
261 1634
456 1351
1297 559
43 674
1013 904
1095 514
152 1507
932 389
695 996
505 1625
45 202
1226 230
1151 40
167 562
421 933
707 493
1064 1285
67 945
761 159
1586 1184
683 1430
660 566
1291 98
717 34
1436 805
127 791
186 1232
1532 11
552 272
1295 869
781 939
391 827
675 605
524 516
1000 1507
1247 196
647 304
1067 459
1479 782
97 47
920 1318
289 143
486 1508
523 1243
431 1294
1183 1342
439 244
884 375
1352 434
1027 513
1124 94
824 11
1316 193
492 1240
1292 57
625 106
673 396
1564 1074
1399 1141
1228 711
634 1259
939 1129
1114 1574
301 471
1003 1212
492 1628
498 368
1033 1116
1437 27
1470 923
1305 1384
399 529
231 720
705 105
1512 519
953 679
859 1484
249 834
603 717
959 268
668 298
613 194
146 1153
1022 430
1341 1600
109 1110
352 72
845 155
638 633
192 843
1089 1627
1079 758
605 1129
759 262
203 261
1208 1157
1177 1180
1532 1142
1059 257
1062 1237
207 213
1647 315
932 641
1542 558
749 683
648 1621
1607 524
1108 722
1432 11
621 6
62 245
176 1261
932 1470
528 121
1271 56
570 636
332 454
22 118
1324 1100
1530 78
1392 1423
763 884
840 994
1327 380
1561 968
906 1231
1177 387
1053 88
950 1302
1570 119
221 1538
181 287
1076 1232
1272 332
198 1427
435 1388
430 1238
1440 581
928 1576
1505 801
186 1078
331 348
226 232
1276 721
976 408
516 368
86 564
59 168
1441 949
1121 85
318 621
1079 229
851 1301
599 697
1564 459
221 1647
571 571
1590 937
1633 865
101 1583
780 1058
1225 329
1426 1511
943 1134
1622 797
1153 714
1174 200
1248 1633
982 549
1621 261
1297 1117
837 235
385 204
817 81
721 1200
26 759
553 966
376 596
529 1030
132 175
379 1430
465 157
599 368
1551 474
140 608
1394 527
114 861
556 256
985 1524
891 427
1637 1189
1034 820
943 869
1536 1177
330 1308
116 307
1035 690
74 921
1429 1131
1644 1268
807 413
992 1118
1090 1163
274 794
1241 997
63 1086
261 1641
726 248
1578 1093
1180 450
1043 716
1627 906
1136 378
1203 305
1358 864
979 824
1181 1007
995 879
1558 674
24 784
1225 304
104 325
313 1146
1486 136
379 175
855 1213
726 1420
244 1391
697 1436
216 168
618 1139
1188 1425
705 1334
922 1464
633 1166
56 1064
1477 295
1258 365
1179 780
589 807
1051 337
1150 383
364 1181
169 69
1287 1540
637 417
696 898
521 714
539 1554
541 450
1538 1558
468 1186
2 177
1329 36
831 410
1401 36
1088 32
947 1597
79 395
431 548
202 1480
736 1026
221 629
1040 1032
863 501
743 43
1064 961
1342 1253
497 745
1198 1610
701 584
57 327
1040 1101
464 1453
1188 594
277 156
792 252
366 1199
1119 102
774 320
904 1356
1463 1196
92 444
667 1470
304 997
1253 1576
1524 711
39 1014
704 1243
380 1286
40 1140
258 946
26 1442
390 97
871 1616
155 566
326 753
1554 909
544 1253
896 322
1194 498
1240 316
555 679
1057 372
408 589
389 1329
1217 534
228 388
554 1641
471 712
876 1462
1563 187
47 575
1210 231
136 173
1129 1348
134 1004
610 1467
694 1644
595 1023
1436 1282
732 1032
174 1179
591 621
1579 1196
635 874
618 531
146 1232
1468 903
662 759
985 1381
965 663
1151 365
1163 1111
1613 226
1193 187
1390 1529
802 900
295 1341
1308 545
1061 1339
997 664
538 1514
730 747
10 274
948 1442
1053 1439
720 1286
1136 1138
755 718
176 1647
108 394
560 651
56 1027
1311 1022
1341 396
355 1485
498 945
1573 1218
1021 1636
52 502
732 2
570 1197
895 1322
1615 263
1594 906
768 178
211 780
1079 1607
839 280
154 331
274 1362
202 965
553 951
675 812
60 149
632 585
399 912
1627 964
123 443
908 768
962 1189
1132 1079
207 1633
1004 748
91 1331
1433 891
209 661
618 971
955 231
746 242
894 738
1068 1041
541 1523
590 67
1468 981
76 1004
1134 912
618 225
614 852
1096 1417
151 373
111 792
1437 869
1042 68
947 264
1558 731
126 103
762 172
214 102
1411 21
1254 568
1422 933
1559 1352
667 762
1255 1176
384 477
838 342
602 612
760 977
628 327
147 791
250 979
849 727
1602 303
862 1459
189 1039
933 1254
681 1323
159 1093
1582 813
1488 155
806 404
1492 398
1642 1416
1314 1205
985 1421
351 649
744 917
1107 1472
1582 1543
903 897
301 859
1555 247
1592 1154
1033 657
129 1034
539 1087
216 246
30 1521
440 15
1289 675
1012 1593
1625 575
1263 384
797 305
1264 313
1057 460
316 1545
602 1613
1183 468
130 1472
841 1118
710 260
1136 416
679 445
477 86
1595 400
206 1117
1267 551
197 666
774 478
42 867
1515 1217
1595 900
403 499
793 1217
1482 1180
397 638
721 447
224 1300
251 175
1538 111
601 862
433 1593
33 1190
84 1353
607 1254
718 1399
1424 792
152 320
933 515
1325 429
930 105
821 354
273 1103
1043 1358
354 1135
170 644
110 1630
862 1192
1608 863
143 171
304 273
587 1116
1487 976
947 28
698 803
737 376
962 569
1605 82
161 1292
889 1558
248 1082
919 1299
914 631
809 239
1069 967
1149 1423
523 1176
89 146
1647 750
355 1518
518 1157
1284 693
1518 1170
57 994
107 1263
425 356
1273 663
1004 483
1605 176
645 368
272 643
728 356
814 889
92 646
1592 1042
739 112
1370 1064
914 620
1083 796
290 213
554 741
1265 498
236 1280
174 59
360 407
1458 19
1202 1458
1090 789
314 25
557 635
387 184
827 1044
1201 1229
1305 1345
643 397
1174 741
1627 1169
826 229
800 1038
541 1249
7 1186
615 1304
778 1608
90 604
991 1248
652 233
785 608
653 852
1135 1297
1596 1382
502 199
1174 1125
1104 1628
994 938
1644 992
310 684
442 694
299 46
955 1193
726 219
1540 1039
1587 971
1587 1487
941 1012
78 1349
359 154
1454 1436
477 1630
498 1348
511 1363
720 1176
420 1126
632 1535
89 1064
1117 330
576 924
1616 709
634 499
1520 1200
1365 772
674 359
609 1042
970 1216
71 800
1160 1238
422 659
309 250
1339 264
1598 769
1556 1217
1315 1134
12 914
1052 547
1094 328
1361 932
681 1339
279 1411
679 1279
572 1562
479 719
959 321
1515 671
1109 849
284 1240
1631 1369
264 1122
1045 995
1265 1544
790 1410
630 450
1046 1461
427 399
264 727
1433 1584
151 1425
612 799
674 1496
1510 1204
1194 616
958 835
1628 38
173 859
1221 1624
1400 534
