5
21 378
279 159
122 94
278 117
399 181
1000
1116 49
1673 745
1004 2000
891 472
213 1275
1498 741
1251 1239
1066 1275
1712 271
1996 1395
1050 63
534 1581
1874 893
1644 1940
1409 1088
1386 825
557 617
1034 282
961 987
1200 40
1216 87
398 476
1220 489
1212 776
560 1528
1409 111
1866 423
123 24
263 1250
993 860
1425 1745
267 1461
1049 726
233 1515
1285 1659
922 267
1173 180
498 364
1276 1381
392 64
1270 828
1896 115
2 1075
1122 370
123 709
596 488
2026 1871
789 626
788 934
102 1608
1852 1872
1390 1591
588 511
1357 988
1525 1567
924 1736
1432 1152
1594 1126
877 2045
515 1420
85 1328
249 1022
2013 943
837 1750
1913 767
751 1736
1647 1207
700 1582
0 181
1624 1464
1584 1788
510 715
1221 1898
1762 1283
1293 347
680 707
945 1535
1114 1840
1752 1656
423 1065
1897 743
920 1845
26 702
2014 1521
713 1457
621 175
1690 1289
412 1619
138 106
1956 1147
935 1271
1808 1587
2028 2014
641 1630
912 1464
1791 1715
1935 1254
1278 2048
490 1112
1302 2036
1396 986
1982 204
696 68
421 654
1510 244
1085 1522
96 291
439 115
799 1824
381 448
508 1611
1659 1843
806 315
719 333
150 807
1578 1020
1664 1305
357 648
230 1196
1315 637
1604 1970
159 1253
654 1247
352 517
1691 496
290 764
1996 1767
596 1615
240 651
502 358
1518 264
1310 1446
480 487
1529 1645
220 1041
1706 214
889 887
1100 1829
714 457
604 139
293 1400
2012 1979
1101 353
44 911
1031 1063
842 680
845 1832
201 916
202 927
1042 1595
1134 655
394 1631
713 123
282 1945
1270 2039
1565 1103
1650 1699
2038 18
731 1485
478 1678
1249 847
1976 2030
1936 349
604 819
109 324
774 809
464 167
1960 450
1053 27
1358 1299
1268 573
1825 1906
146 538
1857 411
629 1163
230 1191
2035 1210
269 796
1179 1844
38 1457
1269 244
1815 368
1677 1907
1992 1479
639 258
1143 1123
1886 1594
1181 239
1421 430
1175 861
892 2021
1040 1278
1269 1762
859 1751
746 935
886 1930
206 222
2024 360
965 375
1317 274
81 908
240 263
428 1057
389 467
1239 2041
571 1666
174 623
1468 485
103 1412
998 55
1152 910
266 955
870 1127
1765 508
480 1587
1678 1966
1057 1746
34 1676
471 7
2039 1026
539 426
984 200
1734 1148
1542 836
334 1264
941 1297
1239 1896
1359 1873
337 365
151 1042
1963 1058
1526 73
1317 1971
223 932
1469 1331
1478 773
2044 1873
1621 1443
1235 112
1661 1337
1581 1332
1869 1504
583 1117
166 78
1901 1750
194 1410
1590 1531
596 1236
765 967
1900 955
1696 1863
575 1607
1455 1642
1114 632
1404 495
1271 862
1681 1244
315 1259
1911 1094
781 1761
723 271
258 99
1679 1948
1373 781
1570 1431
92 1738
2007 1138
1825 589
299 1939
273 731
2032 1976
1397 651
686 339
1935 1349
93 1417
48 1484
901 1114
1370 1141
168 520
777 353
322 323
1544 1134
1016 400
1369 395
680 423
271 265
495 1039
97 1590
1601 1839
377 748
494 1614
1564 1966
171 1279
1574 1964
486 1803
495 2007
732 1431
298 1169
1694 848
80 1619
1167 531
818 1695
1442 1200
1229 147
1448 536
490 1736
1328 789
823 886
509 201
1017 1643
1831 976
697 1159
1733 794
133 881
417 1584
1814 423
1363 41
1823 808
1144 1913
734 758
1111 800
780 1079
609 81
1503 164
1705 926
1989 1533
1518 592
524 1486
132 1170
256 442
1338 1454
1515 913
737 378
1809 75
1854 909
1319 685
1802 1612
106 617
1974 1710
125 1130
622 1920
548 487
1958 486
106 1793
1545 594
135 563
1988 1945
296 390
1116 647
1850 1850
480 1953
962 1147
568 165
1663 1198
1478 125
720 1674
1394 1943
212 409
768 878
410 814
395 448
1081 1724
1693 699
1849 1687
581 853
225 161
1974 789
1509 1155
1211 310
1755 1456
1270 1641
1029 1666
345 760
915 278
594 605
2001 1032
1104 1793
1317 954
305 2017
1192 1634
1306 1817
150 2036
1631 107
1746 1824
491 190
1513 1060
870 1748
1462 1556
1791 551
876 518
1944 1558
77 1023
308 252
44 99
1108 188
1859 1999
805 2048
1674 349
1147 1087
395 651
1441 787
310 1613
787 1239
237 1506
599 918
1737 331
12 276
1849 456
974 750
436 303
685 1226
1686 1360
345 1811
1217 747
2021 980
957 806
362 1474
100 512
651 1555
384 219
833 1129
622 413
190 627
1418 889
112 210
608 2019
1945 824
71 1886
2040 513
1111 1502
257 1869
1374 1282
1509 1715
706 227
1846 590
1282 181
1194 324
1452 10
1700 1147
346 242
617 687
2002 208
1987 1267
1751 406
866 158
1906 1424
1739 1332
21 779
643 372
1861 531
716 1105
677 769
1243 1009
312 831
907 502
1734 14
1732 855
500 470
564 135
1694 1042
1433 1163
544 1892
644 1552
511 758
708 1560
484 1662
247 1757
1378 923
1859 1801
1567 439
1636 430
292 1372
103 1883
535 839
1932 1119
2026 680
515 37
1195 957
636 857
556 749
1577 13
1970 269
593 1180
334 26
259 844
1523 1206
548 264
1843 1204
1145 416
1570 1068
1751 134
1112 209
763 614
1640 258
186 1768
772 1476
1890 194
383 1177
720 1509
26 1162
1101 501
58 1429
634 304
1615 821
1851 670
550 857
1004 1662
664 196
1056 726
116 1500
327 1709
1475 595
692 1886
59 81
1545 133
1070 1073
1555 313
1489 1951
1455 204
1959 346
686 1040
965 1259
1564 1932
1651 686
544 1598
1934 1029
921 903
294 1875
1960 165
1214 1583
1967 618
967 774
1362 1851
689 1875
1559 383
1245 897
253 1776
976 1893
1390 190
413 380
696 723
592 1223
1974 1737
748 1745
528 1363
525 108
1197 1232
95 910
184 774
1018 1457
439 1038
764 1407
1799 1245
748 1787
1911 1305
1315 376
1667 1627
1857 1620
1926 392
1394 311
1027 1650
1670 1497
1720 1819
228 1984
1424 1284
686 170
669 253
644 291
548 1726
1480 1834
1989 447
1914 1620
1696 1485
1941 1209
1051 958
409 1096
1111 274
29 833
1360 769
920 1792
507 244
835 1422
1890 482
2005 913
440 1614
1802 1812
1898 1389
214 1326
1198 629
1019 1540
1646 46
1141 1273
1751 1465
1357 806
1533 1120
1674 1367
1440 1439
381 439
242 442
459 1140
126 1882
1284 1147
1512 1109
756 683
1934 863
571 1448
199 72
664 363
113 223
191 597
16 1890
414 382
1029 2031
1807 1067
1003 1593
83 1485
342 1814
748 646
299 180
1873 750
1509 1811
1276 406
1583 618
460 1586
724 87
111 146
151 2003
1897 929
117 877
273 70
684 503
1692 1778
2042 329
142 1881
990 1016
1361 1220
713 583
442 796
584 1047
904 2006
962 1179
1589 273
1983 618
1280 155
206 1727
1414 1324
1091 1449
539 1013
1606 602
1804 1890
494 11
24 1683
883 724
1825 222
1425 1860
270 231
1952 1659
437 1046
1455 761
1248 1582
375 968
1407 661
1773 2027
805 308
553 804
1191 1471
1293 731
55 572
125 926
1909 1417
138 1022
1957 1073
65 1844
1132 1954
589 474
785 1920
79 399
650 1710
875 119
1800 1221
1571 477
706 1221
1608 1364
1595 2006
1553 352
1465 1167
635 1710
1700 817
2028 1762
236 1774
663 181
1509 1578
395 51
361 1980
1337 153
1655 338
1293 441
909 1101
362 185
905 598
637 1833
1089 1955
1338 1192
1540 1417
671 1886
355 1579
1848 289
269 153
1916 149
733 1248
1857 1861
687 68
320 451
1229 138
1190 584
1382 1075
1311 1024
713 1409
25 1701
1169 50
109 1836
1783 1539
388 1756
1858 1051
0 1360
697 1190
69 869
1214 1800
216 2
27 787
1877 1305
1435 1865
1167 1543
622 1888
144 825
729 209
740 452
1309 161
126 931
1774 1108
148 194
1003 1326
787 542
1777 320
1985 1372
275 274
1369 287
815 1811
392 1894
1391 195
1454 234
1472 1426
1550 1497
1586 774
1462 1419
1076 1372
1960 1167
774 711
352 1627
588 1543
791 323
1992 1251
2047 2036
1403 174
5 777
1787 506
1831 10
1666 740
1804 757
1448 1661
332 251
1358 77
797 446
590 2048
993 488
1740 1833
1880 1537
33 2004
88 1667
342 1658
665 995
784 97
280 227
1082 1081
1341 1883
72 1894
133 979
879 1993
1522 1713
1764 1661
1013 2001
1448 1332
411 1156
1373 740
1120 1293
992 396
471 1377
988 1315
456 67
1748 145
1225 1893
1998 1975
561 605
406 1915
189 931
379 1862
1757 577
1485 8
1168 955
428 1337
2008 1682
702 2029
1475 1330
1205 767
1078 1858
459 1654
662 1644
328 86
74 1196
1496 1769
1103 1360
1407 222
1526 1711
969 368
813 1772
449 567
1376 856
1519 1811
199 186
1398 164
2002 1316
1942 1951
1810 423
75 867
1069 179
781 997
1111 1260
1766 661
450 993
311 1593
142 1229
177 338
1416 523
1439 1961
117 1777
1687 917
1018 1303
1364 1761
531 1435
144 45
958 1040
386 184
437 580
1625 1719
1000 561
298 1773
1121 1142
219 990
1120 1564
1613 174
1357 2011
422 1098
609 178
1824 996
71 497
427 636
1049 1961
957 478
1029 14
19 1873
58 2047
559 1926
463 686
1951 1320
250 1209
669 1542
771 1263
1690 418
1272 867
997 300
1000 225
1603 1257
614 226
1070 1845
967 1502
1351 1270
325 813
620 1112
1619 742
1072 1766
1896 1925
1884 1022
518 1682
1913 465
579 1735
1240 48
1277 520
1296 590
409 184
1060 1850
415 1206
140 780
574 636
1481 1352
1094 1020
775 1103
1550 1397
624 1435
876 1543
342 1030
436 1963
1207 368
1024 96
457 1278
151 1301
272 265
1505 186
181 697
947 1310
231 1024
1890 361
826 1000
1887 1789
911 844
982 31
370 477
1176 902
1354 1298
1672 429
464 803
581 917
1765 626
990 1086
1886 719
1651 39
1703 927
1141 571
898 887
670 1185
922 115
933 1255
1825 238
659 1498
898 1253
1658 136
17 1177
1247 143
1046 685
748 1407
250 199
414 1947
1012 689
1100 274
1331 477
980 171
428 713
1864 1671
1791 1128
188 156
45 914
1084 1258
1499 735
1649 522
1566 1997
173 335
1264 220
1036 262
1 302
670 1231
1256 907
460 42
1977 609
117 939
1706 1945
1775 123
1879 527
1439 1164
854 618
1540 250
1880 260
696 615
1339 1092
1615 872
1665 1673
268 535
201 125
1086 151
1536 974
1922 91
737 1391
347 1276
717 1438
1287 1399
1241 954
678 1014
1153 558
11 991
1987 195
115 1718
333 1741
