5
250 115
384 135
259 100
344 91
153 124
1000
1043 144
862 810
961 479
1661 902
477 616
1895 651
1741 644
1530 572
1604 153
354 1044
1416 282
1840 916
1840 845
1797 751
854 284
254 96
1351 378
212 1049
502 376
2173 396
1434 1010
1890 42
1232 901
157 864
586 710
899 554
333 256
663 1021
1395 944
1572 891
2116 953
1416 311
317 105
343 1039
1358 773
900 515
1216 501
676 292
2062 739
2274 873
965 412
266 483
1956 688
2266 961
1356 686
1599 338
200 407
272 329
2145 362
2008 129
376 565
358 164
1463 498
1583 896
2042 543
127 594
1425 147
2391 203
695 446
28 953
1756 295
790 780
910 708
2385 560
819 641
2224 476
928 877
1224 382
760 277
2149 50
1588 1029
1097 561
1976 101
1271 785
435 135
654 1038
1267 318
1403 338
637 680
1982 39
584 261
504 612
2438 1042
1285 232
398 981
410 205
840 54
1342 1046
280 1020
1505 116
2131 665
445 251
712 483
482 923
1932 578
1937 1017
438 584
1124 445
1195 173
184 773
150 467
2070 767
1248 938
1372 102
1860 422
1372 661
1110 812
1000 207
1236 778
2138 577
2355 418
2279 77
89 584
528 363
2408 117
1694 197
1638 866
102 441
1554 389
149 1004
1432 549
1907 113
1379 825
394 224
1779 757
196 89
1462 390
2034 388
753 357
637 853
863 394
430 57
2183 427
2061 158
2310 15
597 138
1371 172
1214 654
2261 837
949 575
726 535
1212 758
1659 928
477 446
124 297
1086 214
1520 115
2062 655
473 433
1789 613
1301 764
238 402
2060 771
244 558
450 440
863 299
51 906
1507 430
752 396
1821 838
8 657
2345 150
296 799
1604 68
354 348
296 1014
2047 38
380 353
2363 54
2376 139
1605 883
1462 189
1600 95
330 883
801 423
1890 365
1196 869
250 746
1546 464
1104 987
1683 518
124 342
1462 218
478 913
2162 108
1525 229
2175 191
1340 329
526 199
616 119
1331 559
412 227
2406 907
175 672
324 1035
2204 1027
314 463
1825 794
486 70
2072 619
1485 819
1873 632
1061 596
1183 761
22 875
2379 671
1521 713
904 431
1027 740
2014 248
1328 763
514 842
631 877
302 391
379 838
1611 393
459 922
734 588
1629 227
195 873
366 184
793 476
326 1028
2368 14
1170 921
523 477
932 196
1044 286
418 494
2425 47
1867 207
1999 641
1773 651
434 1048
1391 602
919 96
1810 882
2088 1040
995 263
394 594
1396 473
1535 509
1773 906
2117 234
741 311
1143 720
1463 832
1417 257
1545 191
517 796
589 922
1072 829
493 988
991 1022
612 509
109 544
1884 923
888 270
1601 953
1677 50
778 1032
1094 84
1442 882
178 5
613 39
1862 147
2219 835
157 404
706 335
614 168
606 323
825 678
1119 235
2152 276
1158 700
1421 629
1183 389
889 441
1841 790
435 591
1724 163
613 811
158 467
294 64
1911 977
1180 873
1673 645
1606 96
1420 398
1306 485
1849 947
1844 267
648 81
2281 308
2169 428
2010 886
1840 69
523 539
832 54
2381 360
372 848
190 513
1188 547
801 684
1032 136
0 683
2286 144
1986 147
229 255
1543 190
162 107
1979 101
535 516
35 511
1465 374
2410 78
529 479
671 837
1252 996
571 340
1727 540
915 684
1185 366
305 370
1972 585
1931 226
2178 171
1132 109
801 366
1913 982
117 269
1548 811
1262 10
973 1050
433 1001
425 77
1067 782
392 218
1876 456
874 468
1 403
641 472
1036 718
924 1028
1694 943
2068 284
1738 817
1061 327
2058 334
7 851
1331 857
1194 127
2061 548
1926 342
650 34
1510 508
407 391
507 363
609 414
142 795
1638 605
1898 296
258 251
55 300
1341 627
584 738
2308 309
608 555
1784 757
2057 503
1754 800
361 731
481 548
2367 639
2298 313
1721 568
2056 137
1411 639
1493 192
1506 555
1359 614
1652 665
671 397
1560 752
1376 365
2094 785
837 797
1863 306
900 319
1461 709
29 624
523 622
980 1021
229 413
2284 291
1072 724
8 122
837 675
1590 93
531 845
1142 409
1394 560
1622 1037
2410 230
1315 1001
1949 443
2005 841
38 835
723 818
2127 960
1853 881
2329 410
2284 950
1680 604
1314 471
2130 494
112 967
1569 415
2314 169
285 600
2435 687
68 145
1554 297
2088 929
1281 962
1275 1031
2033 617
1336 539
821 244
2247 849
1824 974
149 774
361 532
1139 115
1711 606
1869 201
1981 112
1451 827
1065 935
2424 754
180 920
962 155
394 14
721 285
95 742
8 5
1618 606
1138 409
2316 283
1033 1015
1281 92
1170 584
1905 504
2266 835
2108 969
317 717
1649 394
0 633
382 40
1408 819
1936 871
103 98
1192 400
1485 773
204 85
1517 593
62 37
1365 891
164 973
161 761
1413 149
1058 358
291 848
2287 388
1195 507
2070 532
2371 885
1575 323
294 638
515 590
659 835
1104 554
2269 559
562 753
1089 939
517 721
1491 141
453 609
443 176
2061 728
333 614
809 740
1566 506
592 900
736 242
2439 494
1500 125
762 276
145 96
499 1017
2395 124
449 890
79 801
1048 995
1584 148
1349 226
2013 703
208 643
1079 680
1810 516
1458 400
746 617
2036 449
1848 727
1950 952
408 530
1567 93
1097 774
828 560
500 940
1341 932
20 696
782 165
1349 630
339 1040
2029 1000
2040 193
962 736
944 417
1468 724
513 1033
1682 571
1447 330
2411 142
980 202
361 53
1365 579
994 760
1032 306
788 7
1035 833
594 973
1232 376
1996 723
1694 221
1595 84
222 57
789 92
1113 161
1348 350
1952 78
1484 368
1827 264
641 239
1674 651
980 351
264 279
1507 979
839 160
1042 520
1559 54
940 278
869 847
903 27
1266 688
247 537
1290 91
964 237
1313 288
174 380
1290 454
2036 1043
332 1025
2205 286
1737 364
1066 248
273 788
1854 711
2142 648
2342 622
266 732
2373 90
2342 436
1616 209
1423 474
1243 569
2349 667
1368 432
943 374
1645 458
1663 326
1914 722
2311 211
1912 86
1698 542
1229 406
1958 471
1744 840
622 746
34 490
445 357
607 368
1633 311
529 151
2450 512
78 333
1211 768
1497 140
1818 798
2376 574
1980 158
819 913
404 772
933 686
1598 83
902 422
2425 314
830 1035
33 977
970 358
837 843
586 942
432 697
1330 108
1581 204
513 174
1626 495
200 864
487 1042
1437 803
280 208
882 965
1667 417
280 122
144 917
1364 629
2086 579
2096 153
1006 710
1957 422
1573 826
991 387
893 353
812 752
641 328
1294 382
1015 284
535 999
1939 248
573 850
667 149
394 59
2375 735
2437 384
1765 319
1932 867
1053 137
61 66
1806 483
2054 522
1002 437
376 984
1437 397
1136 616
1704 691
901 593
97 754
846 980
119 385
533 135
2412 275
970 841
825 219
657 217
681 199
149 752
149 798
1624 393
107 937
258 135
1734 687
135 280
359 554
437 302
2292 12
39 926
142 253
1093 365
141 617
755 904
1867 504
995 748
1105 324
243 664
1584 637
1394 380
890 1013
920 1016
2154 760
1279 668
1569 963
2158 183
1031 312
1393 1028
924 664
1931 406
1922 335
1801 587
824 729
983 489
1819 247
1288 915
1496 45
1082 841
1587 791
1952 733
2449 1038
434 805
1759 339
12 1048
272 959
91 234
1815 127
2325 605
819 1024
1468 171
2304 503
61 564
942 67
61 605
633 505
406 129
1624 102
1943 440
516 549
1300 896
38 93
6 1003
1117 994
1873 979
627 533
17 966
1738 538
1357 539
584 107
798 1007
1532 933
2198 1007
1612 660
1902 149
1022 1049
1585 476
642 654
1450 294
468 666
2396 534
1637 902
1355 359
2297 418
1559 602
1111 114
1479 680
1289 609
1458 130
2048 961
1429 176
1761 506
1125 885
630 149
611 321
113 752
663 790
461 206
213 691
1706 187
351 875
260 325
1968 792
1119 924
165 681
2416 65
803 912
1710 258
210 921
787 982
1768 807
1399 357
541 443
1286 979
424 1017
1178 253
204 2
1875 115
567 83
690 103
847 171
759 76
811 26
1859 887
2297 173
2242 113
2090 452
738 1017
1404 972
1963 264
324 377
1512 722
773 9
931 443
1429 420
449 953
1342 558
1662 197
970 268
960 439
733 905
2272 509
1868 147
2071 403
1352 551
2418 1036
646 590
1743 578
87 511
1956 414
1391 698
315 68
784 342
2268 243
2361 45
497 721
582 511
1562 626
924 786
1572 332
72 358
769 1042
1319 1011
2190 597
66 47
313 281
2335 869
961 1044
1158 504
1420 893
1476 463
1657 907
1476 777
2417 285
572 498
2232 700
2326 702
393 227
1061 234
1098 202
1614 123
523 233
1595 310
2336 216
1296 521
1046 877
1763 100
2367 793
1140 604
1880 627
2378 168
1729 888
822 628
1621 575
880 620
297 70
450 855
483 1034
1163 332
710 357
579 768
2046 401
1747 806
480 181
1462 164
1252 1041
819 105
2308 897
2264 821
1874 18
1334 123
350 169
1597 582
265 54
697 179
1545 173
1977 71
1070 492
522 421
2220 677
2024 988
718 566
1520 172
2130 560
2279 1033
480 791
898 933
2393 107
2404 493
604 492
1771 874
1988 491
1121 5
2110 204
1611 881
289 684
2370 637
1082 267
1608 421
392 240
92 887
465 918
122 866
1578 397
725 188
2233 429
799 853
1219 838
82 402
359 697
2006 733
1228 256
1895 875
2436 328
2313 432
802 433
1324 188
1076 224
97 344
808 750
1356 925
1174 498
600 82
1415 356
2046 343
1376 492
1584 184
1502 121
2205 677
317 702
301 900
525 700
635 288
900 895
1649 916
2279 516
20 990
1814 634
1457 659
1611 941
1248 264
909 279
2390 301
1579 409
2336 463
2038 569
2070 641
779 204
2031 1025
808 756
1999 527
331 438
198 567
1181 56
219 113
249 543
962 328
587 434
27 684
350 9
1944 964
1847 110
1381 504
2039 725
1187 536
2303 169
1829 276
1723 309
1905 656
826 610
980 925
262 36
2064 390
2092 362
2076 795
971 510
672 897
1756 601
1302 344
1367 344
1112 552
744 45
13 763
408 90
1127 857
