5
170 368
194 286
301 390
135 321
372 194
1000
47458 20024
16424 28821
136335 113657
151781 56531
12190 97346
152149 117510
86169 88871
91485 26607
90806 1291
108621 8877
78415 104011
1646 45639
73594 118352
41029 49510
67325 50715
39688 46646
94045 137731
140442 67185
65639 147904
97630 19937
102967 103834
63040 122768
32627 154398
29196 15418
124415 111155
105998 19714
132128 8815
82911 107850
14704 147914
153548 73055
125299 9610
32686 145388
128500 5999
82292 81528
120778 92145
101235 96466
152642 17834
150590 20780
136737 129420
56888 3397
111620 148123
60204 5161
5348 27187
11804 120354
66600 19113
27364 81758
87887 46274
81305 91333
115958 32699
29667 61186
18663 19523
3381 42285
139701 134558
47413 127680
42615 12436
102428 79059
57542 42434
150901 112838
23402 50230
25377 119266
23991 142916
117950 88477
59527 9613
45269 123951
45164 26166
31189 103856
88381 23659
50617 1704
36787 122857
99958 136881
96741 22545
34517 26585
155816 78803
38859 133252
73063 78938
121818 150415
84658 134388
146667 102129
14351 145411
113568 18241
16844 110738
17136 31471
14439 114617
95881 135194
155960 22122
72987 33157
15388 80025
152802 81379
151749 94269
97379 49432
101326 13181
78443 75039
114382 409
4739 113748
86061 21278
120186 68090
84678 45620
32299 150340
87234 72372
43097 62879
71702 104960
64944 109468
47026 19131
145793 103010
63339 22973
95394 155934
65717 17175
82258 21266
140521 127100
93296 104175
71205 103156
53436 57504
19311 10102
59771 139385
105156 152870
5499 55813
124888 151275
129590 126481
74438 93156
147127 37897
51385 153770
121417 121701
24265 39798
29183 31980
43426 32329
153866 126609
30055 35376
59382 14721
80879 92518
60017 135439
88074 53043
51240 150152
120869 95554
59898 100470
17367 155022
136711 24259
96282 55964
122636 68614
121007 68533
45050 84363
33174 12845
100234 64909
155229 6512
46907 76614
37083 6182
80616 8271
101684 113675
80579 102668
131841 157842
87603 138585
78462 104238
38512 77641
37403 146013
130700 55851
36488 149730
7612 115575
65334 154502
10206 77367
159084 60432
19944 31058
20023 148117
77345 152948
121492 142512
92009 135770
78078 133806
153532 56024
43755 3330
114881 85147
58160 121946
22229 127497
116402 115835
123345 77784
151601 61802
140154 79134
67631 132465
87181 133315
159492 142720
78713 1533
31923 158263
4273 52074
58069 25594
116718 29283
142972 28032
57254 142915
152737 54029
138137 98160
125243 150278
159305 4065
35796 100430
83231 133316
138733 70622
95285 67806
108187 21164
12060 97994
150469 26489
85409 8095
43429 91401
149404 14888
38915 126212
152681 136607
10446 118491
66322 26988
20578 92176
65729 26008
102383 67269
54083 149883
69907 127317
79541 152013
24454 6180
47904 142646
75066 119791
79021 89774
80599 28798
116798 66986
66595 54819
57000 14246
106361 98323
133016 150603
44789 144665
65156 139561
74082 43189
123243 77832
57550 123718
34948 37386
74681 150823
157701 62457
29305 121307
144433 107672
32829 92650
142593 137302
146165 14012
139519 42126
100409 3178
4597 41589
139610 122192
157805 73001
65811 81571
70811 99589
157872 27896
67976 25153
33525 69324
26877 158771
152621 86616
52168 141666
146104 97319
43804 44906
150609 65627
53317 39906
47926 129165
119624 7844
155569 123033
67834 84944
74066 135686
117659 76929
27364 148297
119866 75234
77187 114904
102366 59893
55351 124794
143424 99678
73993 98330
113406 83367
157658 157476
145225 106612
28478 11501
28337 36912
17548 58418
44447 112868
30375 58202
60990 93972
97766 20342
85466 58660
85044 32363
106777 156569
21187 30364
25172 117721
121955 70665
41416 74229
87779 148385
116435 25691
36853 37978
146068 6343
113145 136906
65013 40584
47633 80485
116808 118070
115617 96704
31945 25981
22124 77145
60542 100461
22698 106295
9685 92955
44413 80416
25758 35914
99775 113957
29353 145434
14275 97633
85885 66270
7974 120331
134189 49499
92283 25668
141148 93965
44121 12867
124207 29131
107911 49215
77478 66890
149841 51638
144056 14714
99646 35110
64569 109785
116194 110773
59080 46724
18189 36675
48252 26589
13401 31254
152299 103479
52604 74293
47687 141952
105075 148116
14410 115605
147347 20194
15201 110958
55806 124543
19617 148080
9346 127273
49373 90113
5047 122020
74012 99252
126429 21632
110378 80028
53796 1141
110123 8024
55767 155865
68544 132049
28365 44611
79069 58676
142391 67961
34171 86483
75736 42201
30335 39005
37382 28270
141850 18619
136818 53180
80503 83716
80904 33082
129750 86949
41217 25635
106437 72708
77666 146263
119286 55234
43839 64330
51962 156184
123586 121081
94306 129932
157265 45931
24201 136878
148971 157314
60862 17900
125939 95180
46038 116499
85832 40899
16353 81037
116609 103121
89840 62025
38528 56179
14755 31236
12495 90593
151902 134134
106066 10442
116543 148682
93075 9549
137634 136312
146521 148436
52290 99779
5127 36349
49963 126817
139948 48935
37346 48240
16610 20702
63131 54977
83863 156776
147733 107598
131977 101758
6792 91420
71249 88988
31689 20784
13127 65998
18916 106272
128878 80589
23804 159276
15708 116839
26864 156880
39339 51838
83437 128881
5833 82413
91865 60003
80171 81115
131844 43202
57925 108600
36587 102492
31544 79587
113560 29809
126428 38755
96280 140556
87994 47584
86072 62650
42268 33491
143024 58252
57627 19362
154926 72603
6061 152536
25338 107022
153160 94319
16589 112375
71959 122426
3880 136390
15301 88664
44788 117281
13455 86467
115589 98266
128444 83848
153600 7526
38887 42431
49104 142633
125750 79265
80367 133856
159317 42045
150856 134980
149169 12530
8139 121331
60507 28682
34249 129882
104385 12056
134343 49702
28505 148588
38293 129879
107673 24552
17681 136518
157045 63830
65395 20724
62543 133483
93695 146518
43255 30127
56336 121397
108597 84164
51846 52986
50265 108210
56949 127986
43805 54754
100588 122957
40077 23952
40524 19326
7239 131834
131929 16213
131702 43573
155294 70229
74611 3175
120583 143960
149097 107625
135374 139634
69561 45506
63797 43732
28326 74270
103114 5797
138213 144875
32048 154603
53187 79874
111472 47546
118144 146777
77768 37907
104802 46842
76288 91313
153412 47936
125044 81742
40119 129036
67157 115480
15913 128576
73475 5734
89030 19095
152271 150167
117095 88711
134677 81074
73239 69375
100650 76850
54296 92789
26663 117922
136855 126118
149509 48464
142683 32896
22041 119610
47621 124089
197 65633
75889 61699
99358 86177
92598 46970
98814 10154
113120 76766
116641 50458
148040 58413
136812 73268
52541 9412
40878 71625
19128 73373
92008 84172
28014 109443
96381 140071
129983 150030
20349 140330
21194 35904
146132 65159
43598 66863
121855 71018
39827 3958
10915 45281
7442 90339
103309 147551
97838 4502
52365 58751
18784 77378
4735 25069
110804 19710
147780 73114
132923 110447
158313 145671
50985 119888
112786 148130
153498 46409
29478 93596
106899 116644
60363 94711
153122 129223
41758 72165
25016 145086
116461 62435
112649 70667
18918 2104
37645 50485
134458 26930
39483 80205
50780 132187
8122 87312
151901 127637
1548 95680
25251 150159
139353 48463
157412 58464
91319 139401
6919 50899
5037 72983
56050 65519
98682 58818
39157 114502
84894 82340
135032 52867
93090 148497
113842 128956
8771 102881
7953 99063
144189 93546
46515 60496
72875 117127
12160 41082
29517 30825
122939 121899
157306 30439
9867 126646
85695 13801
100275 2772
137766 159707
107199 158664
55918 55497
22513 3045
109761 11099
27364 88889
4079 140603
77494 138434
28446 33691
71842 118661
93345 4035
85599 99697
107331 18323
97508 142560
125197 121440
79688 114694
25931 155574
137019 21626
103357 82766
139683 155975
84901 148
49430 4072
93917 158017
52523 151164
92941 80768
67486 7862
1916 47917
45977 82189
61412 146603
43147 135645
116700 24983
117030 32326
144952 107129
154528 114035
34651 8142
125278 109611
116386 44284
133688 33418
131137 59963
118592 47365
25255 128771
16029 34633
52147 112857
29852 120863
32904 46253
82379 28178
29809 91401
131691 99917
127371 137080
42592 89740
101730 55485
74542 89061
103421 72168
62139 94363
130252 70929
41591 138436
106730 106143
112321 50113
31394 109122
111883 77030
38677 96462
49453 34840
23576 116089
82792 67043
26973 142092
45678 6144
151818 105943
14937 117079
2965 19814
119871 4011
90247 99225
72125 158439
8157 100412
118579 30355
86082 1504
94487 67161
44021 90149
127704 128720
109972 94902
116983 103337
35207 103336
106019 159190
141841 65778
127679 119528
144762 29321
93734 129493
156053 99452
125775 57512
40302 132890
15720 92650
4065 5201
67224 68136
1307 113079
10575 155961
390 44958
67458 70662
117980 61833
68392 53036
144842 98088
28562 38073
5781 144168
135072 85133
90515 65429
68768 26119
68600 150627
123897 72770
152336 80231
90043 89441
51044 67806
138077 36576
77147 12847
63983 140388
113148 61280
36872 50651
58221 110887
107337 132055
47328 33652
29381 129980
158167 108969
135195 65607
14548 23421
53116 31038
45002 129522
87164 62933
3960 91662
67885 86384
88722 41794
134535 79275
62355 82534
45486 137967
130078 138973
65753 11988
38334 118934
94194 108999
7592 149626
61157 88031
97914 46300
2315 110706
25180 74928
126338 82519
106637 94296
138422 90832
154803 58200
129278 151284
125266 74058
52827 4360
107371 118763
126369 119533
111316 36224
96341 137904
124747 110062
33016 42380
84632 90878
30033 41814
133638 59908
123913 115058
7239 61217
52716 35919
87982 14000
109503 73199
88537 50119
61857 66565
63979 36424
113203 99681
154877 90475
22597 40312
95777 30208
121753 32141
142365 129946
13696 125150
129419 30555
74864 47083
60313 78395
101614 49796
32077 155493
93975 33498
157609 122627
29542 108738
71949 54323
120051 77267
129996 78001
40082 52991
12996 99630
2656 137050
94590 125569
56960 24090
40702 149515
67108 1746
94130 7103
148568 31476
96263 103305
59114 15747
52194 122811
61837 126523
83274 27593
76445 157376
37978 27075
41555 18197
8055 16157
51231 158641
111904 127336
118355 41211
156349 9170
43810 70693
14088 151622
13226 7957
138749 62826
48821 12700
77156 92572
149611 26979
130624 97851
108618 68794
1272 137724
21698 20807
3292 78101
73612 45676
91542 28241
150064 135940
38032 14325
137377 95154
94175 140972
134446 53349
56731 21140
132786 14286
107348 77414
150011 99152
122507 41581
94990 3346
69644 35958
150939 79311
70259 105693
1108 34902
143201 143809
84686 133929
132637 25597
41617 55049
123438 152004
98414 73731
136351 45134
67287 8584
20495 34686
31103 50634
149250 35649
15508 47784
123847 36731
113052 89483
63954 107898
20626 81861
40054 54598
96100 57507
158722 96658
69272 37024
145622 12226
59191 49164
111623 48151
31372 89005
142348 73833
124882 88097
101940 8788
155063 43425
95408 140346
87743 103995
106389 17048
145176 81262
38820 147964
23388 66442
53980 26481
61383 47765
133649 120780
100848 108682
104306 41556
60818 46816
50459 41616
132372 123187
48540 8694
85348 24108
111323 125148
82622 89241
64852 84416
134399 109033
60384 96978
128239 134885
85459 107230
127727 50088
30287 86716
118034 55229
22778 118207
3895 92039
96572 96623
139414 127474
151699 19055
32603 16757
87466 1810
128245 74553
144786 144834
141879 129622
1893 42820
143160 2101
57594 79979
125469 38348
85291 56985
139676 11351
108946 106833
145000 106289
118827 122515
117676 14028
53518 64275
158118 6480
112030 81932
46246 59053
59350 78868
447 18265
20008 63328
19943 79479
26930 16354
52881 125753
104312 132506
33095 22572
25276 80380
115919 157809
71839 154361
101756 131567
129491 131799
23751 97549
70339 21141
49326 94581
142545 76240
20281 145346
108703 24808
88726 126090
103833 89578
145299 85744
42715 146385
108969 52501
144936 25497
13679 62103
129069 107385
108810 26165
65907 30679
66563 43009
70343 59716
151587 131830
9977 24102
101698 24419
42229 102676
35234 22618
19177 41009
92047 74645
53265 116790
53077 53684
69574 134251
140650 65649
50742 10368
148670 53624
33559 105117
149916 26183
26966 37856
143285 129517
44148 152892
31947 86458
154280 80034
159018 139078
65272 7618
148154 50042
142757 24468
59077 35960
116082 75444
129763 10930
146013 74079
155974 110817
51351 124320
31799 24524
56330 138031
56664 50265
28358 7935
38224 78278
96476 124536
11169 109381
155704 137133
40482 145133
23592 135292
114110 94575
15774 158702
24695 11620
15834 133455
102833 8583
10560 44632
63664 66475
33299 141375
108753 2848
134745 102375
96836 59253
13126 8892
41299 131605
42566 62246
12510 99054
85909 31712
105957 156279
5247 25282
8782 49244
120443 124539
75036 154842
37609 91667
84784 87230
66962 106783
37740 147644
68571 159565
152451 137271
97275 117651
10395 69146
158177 27058
55368 133722
73584 51531
5820 10595
107153 110765
66580 142346
130666 90109
37756 137838
77335 118456
153385 51993
5335 15024
49218 67578
346 100429
95824 19196
63585 97070
62214 32887
115120 61761
66159 89203
56528 130763
14022 56182
123444 42172
94507 38656
