5
203 235
58 316
99 367
327 24
218 34
1000
1651 121228
871 136457
170 75644
591 58054
956 8485
761 56200
813 83417
864 65779
220 102476
781 92639
34 127982
938 54386
52 154109
364 115502
315 38773
529 137507
295 119516
919 22212
620 47678
112 159893
1642 28645
99 58796
1570 98247
1517 28184
1606 29171
1981 44960
77 142391
490 128064
1728 46650
1063 111918
1859 17558
1584 35628
1335 73617
1570 71339
194 30077
447 36239
518 19259
363 85744
1047 141578
1516 105234
1235 50506
511 21191
1145 64030
1430 125158
11 93761
1215 157257
1749 64060
1561 20723
480 144581
1547 139852
709 49038
308 122999
1866 64521
1762 88018
1433 152210
1527 159542
1800 108144
394 41181
1284 53458
1336 75832
15 34962
1953 59424
1100 5240
404 115737
12 9137
801 112597
834 10344
793 1156
919 142604
1753 51807
1559 145655
1954 95425
1246 149017
921 138228
192 137005
1298 44288
1659 135905
1222 85852
1885 136044
569 147184
1879 52456
409 126422
1453 121737
1102 5202
1484 19278
1268 128250
508 68950
1902 63430
851 127891
1419 1515
1625 68799
1435 16907
50 92438
941 75159
1854 11782
257 56852
959 149146
706 93455
599 65253
1114 32453
635 128440
1030 83895
1412 108192
403 65191
1204 8780
479 138259
1838 78682
1865 113614
45 96700
782 122932
858 109224
224 26886
849 98523
324 142227
536 100463
817 14568
449 72631
1927 125181
729 17331
64 80148
1403 142740
799 109978
233 11206
923 134329
753 106599
646 125313
1969 48425
916 139504
1217 63616
641 88663
424 36439
554 97305
1936 99725
1319 95924
1519 61257
1800 135313
831 51602
179 153489
796 7728
154 89191
1950 112101
1610 50031
1647 90391
737 97535
1662 56511
532 88665
455 136799
284 1485
736 31674
1486 54698
493 8407
1789 11952
610 39733
1927 93146
549 129390
1407 18115
1859 126118
1675 2289
470 105113
1497 110945
1012 153175
598 30330
1622 48204
559 66023
370 66359
1863 128318
706 10088
810 152104
934 158193
999 84299
498 37289
1169 78578
1500 125882
1146 141821
1280 155792
1027 145055
383 22608
1097 3345
858 58427
767 94619
1444 132016
290 50087
1997 30076
1074 24225
801 95391
443 152850
1446 1792
1876 109711
1960 12778
951 28754
1698 113378
773 43749
1158 96364
325 47288
1830 89857
879 156137
1660 130318
1797 69977
1578 83989
75 51
209 147317
737 121070
977 33294
127 70634
334 34778
1264 136950
52 51631
1263 82913
1267 50029
903 61971
992 91022
1663 128050
311 51412
838 125127
1123 41064
1156 2563
767 23685
869 129342
1926 105394
1821 119707
954 110028
1609 65898
1236 159625
738 10066
800 144504
129 27764
1607 111350
714 97086
635 728
251 133573
312 87721
1025 131032
1617 19596
1188 67349
1975 138981
680 148234
716 94741
1121 139982
851 34599
1830 82584
1860 143049
1894 35524
796 125010
1383 107442
976 85466
224 128605
1359 143443
933 92326
1951 24432
510 54467
1798 24369
1621 71881
225 24824
1780 111107
1339 74321
730 98324
1243 74742
1613 108555
426 46777
480 142193
792 3558
1819 152710
1991 75089
594 100812
1955 159037
369 78572
1351 48664
1833 88503
1926 85441
1374 5242
634 124692
1582 112281
6 89145
1243 118406
224 154265
1271 142162
1619 33275
120 146404
1423 67014
1317 72715
1260 64456
1897 28494
144 49838
1025 32780
878 129571
1205 49251
1658 97208
138 94532
446 79342
281 85753
647 9169
1095 156777
522 85391
1279 137686
319 60089
1689 110977
210 78961
1687 149771
1097 66901
483 102059
823 125453
1576 38711
689 607
169 22502
488 116793
635 100085
321 4602
1556 33464
528 109526
1680 23804
958 141215
1085 23303
1196 81509
160 15924
1334 79367
142 78654
864 34086
364 104028
1629 135896
9 31701
277 39256
1254 21801
916 131621
898 56895
1534 142534
1392 82958
44 122258
785 100609
857 127666
1729 117176
1324 92267
389 66228
1261 64487
1953 143050
1969 100927
880 135919
882 48512
1881 84698
572 96429
1739 102493
334 96076
92 135243
1655 102662
969 115680
1535 113502
1782 97007
1415 119818
523 118137
640 148441
184 126423
639 102691
1846 52966
1389 39816
1798 102579
1318 63295
479 17671
910 32413
1244 120866
1753 136594
1140 147943
1958 67658
1031 53310
499 100658
163 142172
1669 22622
808 58084
1712 117616
50 117371
872 147557
1292 40288
242 3252
368 39888
287 106874
1933 80428
1920 42117
254 48510
822 153664
317 115495
992 32736
1375 16270
549 47336
1337 40202
1195 42172
1111 3965
1962 6701
985 13817
1966 29547
453 76403
1701 232
257 116450
1136 94624
603 111225
1637 19112
788 48362
1652 121430
928 82876
1162 100821
118 63169
1729 40726
531 118692
1951 32305
1217 8452
1247 4593
326 130451
168 17147
763 132338
197 100625
877 118967
1073 46858
580 155640
870 64660
676 159622
1328 93882
1536 109109
1532 74174
1637 9195
1762 143787
1313 107747
1675 16904
1306 152238
1949 95329
1902 17578
927 17573
1299 11190
361 17844
815 92825
1424 125015
763 56347
1652 71006
1263 66673
937 24426
1187 42811
1217 124226
1105 136075
321 129031
1747 23220
692 72760
995 30043
722 60411
29 57178
1323 49752
286 46874
542 150129
1482 73016
1964 20961
1069 8106
830 7726
810 61496
156 101107
84 87078
381 38885
1756 51871
1315 103827
710 153264
1586 147286
948 59041
428 159894
1969 52887
1354 158725
1836 343
285 40209
1715 105589
718 74275
522 19575
310 9072
551 135374
558 33326
1059 66309
121 30372
1128 46686
951 69119
260 59909
1266 15558
1963 26486
1217 68315
129 37264
331 42380
220 68201
188 83174
974 78364
1199 82650
326 45037
280 106136
1859 93590
542 98985
1238 51449
1549 17903
972 71708
443 14278
853 36573
900 38480
520 50610
1576 103064
1228 88167
342 135806
1283 147241
1075 118808
1613 1623
916 73410
451 20118
1292 43665
456 148546
1089 133316
704 21429
454 60024
1838 63639
243 156574
307 69800
1982 142303
975 120175
1425 145289
1560 136504
1578 24933
1031 6380
179 25071
343 76456
332 146691
1304 8349
1599 80022
987 146940
144 70942
18 157230
356 10334
1271 18256
297 110489
869 150394
1658 149899
1682 86303
914 43396
1756 130297
1699 81597
263 92162
847 84906
1052 103091
18 73091
818 38586
1547 42018
493 77684
917 85284
1803 56337
905 51596
776 81906
584 62676
171 121368
1972 156130
1441 81640
1768 64323
1999 126845
1850 151372
1259 11657
1071 116084
440 11235
1158 75612
1410 55002
1489 17275
196 11989
1151 76046
1133 39129
843 73216
378 125277
1257 96632
1045 98029
1045 52200
227 148217
500 8162
886 153356
52 39709
741 92015
1021 117322
1929 33698
90 96493
1133 96267
1708 76785
712 22176
236 83202
803 76680
1554 16313
1245 20404
713 48790
1123 73509
563 103361
253 118422
87 50251
969 90171
1957 1754
54 55270
841 115583
1523 60912
1686 64381
592 158046
852 92534
350 155683
1728 94989
723 118639
1681 34136
1118 2113
970 115219
473 87646
569 114082
961 73703
66 19968
1578 49538
208 72265
507 47774
1144 64459
608 111153
383 116302
870 137364
169 74426
716 67924
483 133645
1870 135940
180 122626
681 25053
147 95847
1986 69198
388 112266
20 12206
79 89523
78 90142
534 88765
241 60026
1499 132652
273 140775
1054 82698
1684 36494
1350 67727
73 36638
752 153870
56 142509
534 124379
1608 136718
1096 76494
133 52516
554 47419
569 115415
1238 74847
1493 46839
1828 111154
587 136908
1776 132696
1830 31513
619 126824
495 129340
1100 39465
1660 79556
1299 26597
798 67981
516 1019
1920 96406
314 79294
1257 82397
319 101262
346 148350
77 106364
1378 649
797 148746
1458 71866
1320 13273
19 150048
1181 54507
1074 118078
1491 77175
1742 147953
1635 94886
1594 81126
1415 120527
292 97399
1354 90286
690 198
1069 114638
843 14066
94 153242
1381 34613
1940 8714
1479 85278
1993 840
1047 110411
105 148076
214 46777
1031 150386
269 133247
427 118349
1409 158210
123 147316
344 112186
723 148834
1533 11716
705 141525
1167 11754
1850 122303
29 132084
1057 131058
663 109010
857 82393
159 120112
1398 23911
1935 91962
1098 111592
231 122398
1876 11129
1373 14371
1700 92763
580 128519
1374 156113
463 7554
1560 152875
474 104329
1058 46770
236 28322
1686 13650
1587 145889
1060 45554
280 43631
1068 62416
1672 45950
982 115813
120 133328
1976 67010
809 88565
1472 55909
563 41257
673 4172
1020 87453
978 105116
1395 111428
1676 141234
494 103080
1652 9458
1927 14011
1754 95516
1481 157773
531 144525
1287 140179
731 29830
806 99387
831 36608
1362 120326
1081 134452
1159 48543
1155 65145
989 142896
289 82380
184 140977
376 122673
449 144890
1701 11540
68 127132
1952 122083
404 3187
164 38545
734 90831
688 22803
461 111413
80 114557
1380 54240
511 86890
897 49556
1866 68137
1267 158696
1422 159607
694 43313
1435 32238
411 30832
951 81973
997 35313
747 147946
1458 21557
541 85423
19 39555
523 145571
1100 86070
906 89653
1942 91596
857 64311
573 117415
331 111318
766 96038
1515 148535
1353 127563
630 128763
591 64814
1652 41907
1966 33075
1904 43635
564 149819
1927 60702
1319 114471
100 125678
616 151054
1788 23133
1061 82053
1481 60666
304 93150
1655 35374
1906 130640
215 159051
654 37038
1985 50196
1242 86471
236 127258
1034 13276
1766 155384
647 13831
1392 103159
1107 140882
1071 111738
1781 47183
1312 12350
583 138594
1292 107775
48 6657
354 66582
1923 36976
1480 12861
774 56949
838 154671
63 88662
810 142458
1838 136845
141 62256
606 50497
98 1043
1474 42386
1072 133751
1036 87788
298 152901
1698 25210
569 74556
293 108503
447 85728
1107 104691
350 89277
841 91604
813 127204
90 624
65 71591
1669 48019
1526 1248
1421 29607
1845 132681
156 86788
1282 122702
886 144771
1143 138039
1204 43545
108 116008
1453 154842
58 45009
242 132536
1125 66749
562 101116
1012 87457
580 41412
1943 156931
1889 77442
1711 25444
953 106758
1881 116477
1304 145864
1530 29236
574 7368
1173 55759
417 151488
178 41774
1252 106372
731 63190
1312 78783
1858 148262
1979 27073
1564 1307
1224 108198
1645 90896
967 120923
1100 115773
222 28226
1269 111761
1193 104261
1745 89720
1863 18029
160 18018
1931 69917
1224 72528
1549 125484
788 90033
1143 88851
608 122381
1360 3027
461 125764
966 9766
1988 82149
1562 76000
509 92626
888 144713
14 93003
56 34852
369 103087
797 100024
751 101454
150 156229
1126 142557
1438 61746
947 43351
1939 129917
1456 40104
537 43294
1931 148571
399 155044
481 70258
515 21614
1276 33987
197 39854
1045 44095
1564 81772
1854 114898
149 86772
623 118962
301 49863
1861 15314
413 135498
1319 126250
1713 159166
1459 22158
485 17321
903 73585
1220 54104
671 70017
1958 138672
684 83943
571 31184
1585 141578
1255 145241
1277 34226
1529 113537
17 29977
1321 125675
533 105136
1257 78754
773 73332
70 36626
1631 131587
1676 84708
351 15974
1608 82583
119 118309
311 133641
815 25183
1256 5472
500 80556
60 120359
263 21612
1956 71276
686 53367
557 1632
1858 68824
902 106102
1738 94910
1063 134410
560 51885
648 60943
321 154975
483 7726
1677 110179
1252 97766
607 121739
1113 128240
987 72326
557 74840
1967 82653
459 116739
200 52823
1491 110347
598 71499
1623 98584
602 67175
701 48814
341 3208
232 139101
573 33506
504 92529
507 111292
1576 53128
873 61582
1759 78435
864 112529
57 53139
740 109179
585 61334
369 37682
1430 133731
555 1485
1212 84437
1010 21999
1901 143626
584 138607
647 154483
1123 157321
1937 129620
283 110126
1335 143760
