5
1 5
0 82
1 232
0 68
0 17
1000
1143 5
1945 2
84 0
268 4
1301 3
607 5
1919 4
1321 4
104 4
750 3
1763 1
349 5
609 3
1258 4
124 0
1538 4
1669 0
73 0
207 0
1371 4
1311 2
475 1
1653 3
1845 1
113 1
77 1
1294 4
100 5
1199 4
1004 2
490 2
1342 3
789 3
821 3
1541 0
1338 4
638 1
1270 3
936 3
37 1
833 4
1782 0
546 0
118 3
1220 3
1207 3
1848 5
362 4
1073 4
150 1
916 2
515 2
1444 3
1069 4
1935 4
224 5
1996 3
1793 5
1748 0
720 2
1192 2
1734 0
1186 2
1035 5
1161 0
1363 5
299 4
1758 3
1537 3
1530 0
690 0
662 5
1857 3
1424 2
1928 1
1486 2
1404 0
731 0
611 3
528 2
230 3
95 4
1157 4
1485 0
1546 4
28 5
708 0
27 5
892 3
459 4
1659 2
703 2
800 0
374 5
1707 5
691 2
840 3
1644 3
1075 3
1741 3
1863 4
1044 4
53 2
1159 1
996 0
1157 0
1814 1
1610 3
666 3
1153 0
1799 2
1363 2
437 2
556 1
145 0
678 3
535 1
141 4
1564 4
619 5
1072 1
1758 3
1553 4
1414 0
666 2
855 4
940 5
188 4
1706 0
168 3
806 5
1322 3
1541 2
1797 2
1000 3
1898 0
1286 3
202 3
1700 4
1740 4
1555 4
1617 4
1282 4
685 1
1991 0
1480 3
498 2
161 2
1646 3
1562 1
390 5
1189 3
828 2
1800 5
1659 1
1148 4
319 3
420 4
120 2
264 0
1402 2
1328 2
800 4
775 1
947 0
709 1
1878 2
317 5
41 4
1164 1
803 0
659 5
553 5
43 4
1711 3
904 1
1245 5
926 2
1721 4
103 3
1394 5
1837 1
678 4
828 3
565 0
745 5
1937 3
1755 0
1723 3
663 2
552 0
1347 5
1826 2
1381 3
1178 1
134 1
1958 2
103 0
742 0
1837 2
236 0
1806 2
1336 2
863 3
1142 4
1730 2
1440 5
8 0
11 0
618 0
111 2
676 0
1074 0
901 0
1085 0
481 2
358 4
956 1
314 3
1341 5
757 2
1894 2
747 3
1249 0
1945 1
403 1
1409 1
800 3
1065 1
1666 1
515 1
430 3
228 4
1348 1
602 3
1212 5
774 3
1675 0
1263 1
834 1
851 3
286 5
1398 4
1978 5
742 4
150 3
1941 2
931 0
1913 1
1621 4
1590 3
358 4
1652 4
1919 1
1254 2
178 1
36 3
397 0
746 5
1357 4
1284 4
1380 0
1641 2
949 0
14 2
847 0
1753 5
1230 4
557 0
1638 1
1499 4
1517 5
840 0
266 0
1746 1
107 2
561 3
1445 4
278 3
1314 0
835 1
1343 5
1091 4
1461 4
1318 3
836 0
1553 0
1819 1
1952 4
239 3
1398 5
1236 0
1348 5
505 0
106 3
191 3
1065 0
842 5
1622 1
869 5
1784 5
142 5
1229 1
1534 1
1658 1
698 0
124 0
594 4
941 5
351 0
103 2
1084 0
346 0
321 1
1633 3
96 3
772 0
1431 1
148 2
1258 1
1188 2
906 4
817 5
1076 4
44 3
1844 4
40 0
798 3
1074 2
1943 1
1363 4
1505 3
19 4
1585 3
909 0
1393 3
1740 1
1901 3
1833 2
66 4
1972 4
754 1
1691 4
938 0
456 4
519 4
1945 5
628 2
265 2
738 4
1400 0
1847 1
1969 0
1735 3
1007 2
1042 3
1630 2
410 3
296 2
851 0
162 2
1144 2
125 4
457 1
504 3
1245 0
1021 4
1076 3
79 1
346 3
1214 0
974 0
565 4
706 3
162 3
1625 2
1717 4
1565 5
1010 0
1253 5
424 3
33 0
532 5
1132 3
1905 3
1653 5
619 2
995 3
235 3
117 4
1852 3
16 2
82 0
1659 0
210 0
422 4
1070 1
1137 3
716 0
946 3
1443 2
550 3
567 0
1189 4
879 5
760 1
1834 3
768 4
72 3
1738 2
1602 4
1512 1
140 2
1904 4
1567 1
1038 4
1235 1
958 0
706 2
1479 3
614 2
536 4
1433 0
322 1
890 5
1689 5
529 2
207 1
1850 4
142 0
1560 1
651 4
944 4
198 1
1493 4
1978 3
881 0
1414 1
112 5
417 2
634 3
254 2
1817 5
1938 0
1870 0
150 2
1523 2
1213 0
469 4
1230 5
253 5
782 3
173 3
1962 2
1532 2
1887 4
85 4
211 1
831 2
339 1
1688 2
986 5
937 0
1649 4
552 4
145 0
124 3
1477 5
1698 1
1013 2
872 2
1437 5
1103 0
517 5
562 0
259 2
276 2
1696 4
372 4
938 3
312 4
1559 4
1009 0
284 3
1817 5
1988 4
90 0
1264 0
636 2
1732 2
932 0
609 1
912 3
1186 1
1367 1
783 5
1384 4
1810 3
820 3
1343 0
664 5
1114 5
1685 3
859 1
376 5
1000 1
1116 4
1772 2
1682 5
419 4
292 1
1495 5
1696 3
331 5
1365 1
1547 0
800 3
675 3
881 3
246 4
392 3
615 0
1502 2
1884 5
624 3
1674 2
925 0
1646 2
522 4
230 3
897 1
874 3
627 2
1365 3
219 4
189 4
1 3
511 5
1855 2
1618 3
1149 0
1429 5
1901 5
1936 5
1961 1
949 2
849 4
99 2
492 2
1932 4
1061 4
1410 5
348 0
941 5
1261 2
1522 2
1199 2
347 2
255 1
1953 4
1016 0
616 1
1205 1
277 2
1726 3
533 2
1784 2
127 3
711 0
1741 2
1948 3
1894 1
239 2
961 2
663 5
1740 0
910 4
1430 0
684 3
1050 2
780 3
33 0
1886 1
819 0
1083 1
1390 2
1055 3
1119 1
262 5
1665 0
109 3
1993 1
1020 0
545 0
1373 2
1683 4
1209 4
1305 1
63 1
495 2
1698 3
2000 3
764 3
1261 3
1835 3
605 1
1499 0
1312 1
1649 1
985 2
83 0
142 3
1425 1
1376 0
1655 4
430 4
893 2
294 2
1495 1
999 0
373 2
470 5
1656 5
1353 3
1708 3
1208 5
648 4
839 2
163 4
1628 0
1871 1
1908 3
427 1
873 2
916 3
74 5
1961 2
1327 1
1230 2
1331 0
234 1
545 4
1956 1
642 1
1721 2
172 0
691 1
628 2
786 4
888 1
1647 0
414 0
580 2
918 1
19 3
1891 4
1255 3
474 4
1066 5
1478 1
1113 4
817 3
547 1
1193 3
1220 2
1198 2
99 4
1392 4
690 2
577 1
1825 1
258 1
692 4
1805 5
1952 2
324 1
981 1
531 1
1950 4
1518 1
666 5
166 3
1081 5
1093 5
1465 2
10 3
1622 4
228 5
613 3
12 1
1036 1
179 2
680 5
1553 3
354 5
273 3
1747 4
1266 0
1834 3
184 4
323 0
459 4
745 5
778 0
1865 4
837 0
1363 4
678 1
119 0
1290 1
117 4
1189 0
1926 1
838 0
1360 1
1079 5
1494 5
1677 2
515 4
850 0
842 1
231 4
772 1
644 3
1267 3
1866 4
1739 2
1992 0
1043 3
531 3
1568 0
327 5
1718 0
245 3
902 0
1444 0
633 2
1838 5
1909 5
209 3
411 3
460 1
85 0
1847 0
1260 3
1721 0
1614 3
1002 3
528 4
695 0
344 3
92 0
1246 4
1928 1
1134 0
1228 4
135 1
184 3
855 3
1856 0
1057 5
1000 4
296 4
1900 2
718 4
620 5
747 1
1504 2
81 3
1139 4
777 1
287 2
910 1
141 3
1652 0
1757 1
12 0
1078 0
242 0
30 0
65 5
671 1
1617 2
640 0
1088 2
1844 1
1007 1
1281 0
126 0
1931 1
877 4
1185 2
786 4
1416 3
1362 3
607 0
1345 1
1622 0
108 4
7 4
1473 1
144 0
1694 5
202 3
1197 1
1662 2
169 5
456 0
1053 2
950 0
1631 2
1038 5
1052 3
1086 4
1871 5
584 2
1498 4
1995 0
1623 4
720 3
849 3
1878 1
768 4
166 1
1904 4
2 4
46 2
558 1
850 5
162 0
1377 4
1347 0
1253 1
795 4
73 0
1418 0
39 2
1600 2
1733 4
1586 1
1773 5
1189 2
1581 0
1047 5
555 0
1401 5
693 4
143 2
1811 1
1843 3
95 0
1976 5
1389 3
576 2
1363 5
1523 4
463 3
1414 1
336 4
145 4
1152 0
1400 5
1107 2
47 1
1501 2
1899 1
5 3
726 2
1969 5
1026 2
682 4
1327 4
9 1
1567 2
1947 0
855 1
505 3
1475 1
1996 2
1291 2
1873 4
838 5
220 5
641 4
1439 4
777 2
1393 1
1313 1
443 2
1554 3
1400 4
1694 5
1570 2
893 5
170 1
35 0
327 4
349 3
494 1
86 5
1823 3
66 4
1687 5
1344 2
793 5
135 0
228 3
1886 3
1684 2
260 2
674 0
1296 3
192 3
340 5
938 5
653 0
87 2
605 1
467 1
1515 4
208 1
1723 0
773 3
1582 3
1109 3
285 4
1721 0
820 1
1274 2
790 0
821 3
1264 2
141 5
1417 5
1548 3
1620 0
1534 4
1305 1
1479 4
1129 5
675 5
1238 0
247 5
440 0
1274 2
1648 3
159 5
1072 3
672 5
237 1
176 3
56 0
417 3
344 4
1233 0
1004 4
463 1
208 0
1635 0
836 2
1493 2
780 0
716 4
1609 4
615 0
799 0
978 1
1290 3
244 1
208 1
1303 3
1898 5
1204 1
1429 1
367 0
152 5
83 2
1100 5
542 3
424 3
589 0
691 1
1689 1
28 5
744 4
1422 5
1779 2
317 0
1695 3
1896 3
1115 1
1022 4
337 3
627 3
1007 0
242 3
852 1
151 2
423 0
422 1
