5
1 1
2 2
4 4
8 8
16 16
1000
36140 111056
25663 153588
11431 52327
32654 158406
28089 24578
20716 5159
121416 73560
100061 14224
63502 158824
135499 120492
132821 55513
46 103831
92431 87903
54383 77611
20846 136089
153649 29562
156442 99999
123971 55153
37279 15877
136227 153364
131891 89342
81669 27269
98813 14734
146755 21871
58837 41246
68215 46736
133268 18594
19755 103001
16453 25172
126037 139028
150096 41675
1820 146347
46428 39923
31752 142060
39093 29153
3955 38408
39646 141202
34217 63249
155389 51156
82548 153977
6831 14550
146104 81615
9249 68155
26791 18051
22873 94780
154271 94654
84897 23301
83346 6594
27596 152926
123907 82610
11564 83084
37465 150060
31834 66355
71261 98349
112896 117523
154447 153067
79707 51348
4217 56313
63002 24858
133416 113032
146534 117422
67895 75341
87413 140344
40853 129815
155695 155997
92504 22523
142869 147842
42352 139510
84492 10787
97482 108283
456 58325
147428 104945
109806 14465
5221 159235
58422 100449
84986 91140
148796 56625
90275 94637
65357 134905
95647 106053
3835 143002
76864 151605
33035 40770
51555 15501
49308 46296
13644 85297
85139 57608
130795 17627
31179 121772
86018 137227
82819 146642
104220 54834
42052 4434
41943 115244
72204 28073
92477 136996
6734 83870
48021 20277
142932 157175
11197 66661
22139 99969
96385 23864
155589 159840
41335 156069
158429 123223
35916 26360
98212 79105
105865 13547
109083 25088
133798 40918
30226 150840
133059 15009
132423 1897
112342 90897
97705 48486
57827 138171
75882 56200
33961 128518
140867 55134
58524 115865
5106 21825
139864 155445
120076 42861
2522 78373
55352 92782
156122 134365
2790 134416
84932 42925
3408 112659
32663 8082
26982 22930
23945 8055
75616 91150
159875 72486
108056 93333
151004 82185
893 158385
70420 29060
37628 126452
40828 104389
68414 158575
115707 127452
77687 17567
122051 124519
152286 103435
5237 61318
61664 134482
93966 10045
20369 16340
117619 37016
129171 62055
73694 139226
140658 103628
145139 1040
61594 96299
25531 79748
140180 89933
147678 97199
124895 140863
144240 37811
11082 121955
109366 56495
36637 66686
67734 141109
66007 74094
106816 102941
38307 150478
13898 44643
41162 46499
142496 15271
30240 46148
62132 71188
115156 113189
65508 79533
35467 87378
40110 113588
115433 121350
99809 80718
139722 107425
31412 1245
120881 95766
111891 6710
60564 145591
38084 123929
59841 30715
102153 72164
137166 124441
100863 5377
88220 8078
114507 139674
110322 125114
123134 133976
11941 96959
91283 48399
91377 82210
21967 48908
40078 2630
150467 54268
148541 139647
107181 137799
24257 137174
14782 120392
42665 125550
9790 114756
137744 3786
33669 49936
16204 9369
75095 93530
47312 10459
14625 146412
98903 26764
101669 59617
129578 70869
50964 60259
149755 120315
141673 95772
121966 130141
69169 52682
6781 616
126179 82248
149011 140692
51690 41827
125593 1866
112908 144607
67042 150276
127737 116689
18083 55030
67345 60946
150214 8271
120824 87950
127712 210
98399 63404
22833 118160
135670 122473
54837 60852
46369 118088
63700 158013
4998 70347
26343 31646
34850 122556
6498 122194
63957 158423
111749 48876
130658 67910
130556 64062
1758 18104
114926 26581
104266 125167
139970 127167
114757 104875
87843 154416
101759 140164
24299 80768
105650 80336
78716 21942
98238 45932
117880 156904
123319 103402
118022 53423
7923 58763
99412 100724
10528 84387
156872 76414
51990 56957
91137 115482
8669 156501
54629 88965
90411 134785
13688 75534
156919 89123
97453 29710
72796 92195
13424 118113
72935 145411
34748 2589
315 46847
158407 108639
72079 35982
71487 38798
125982 9279
2871 97311
96888 59735
144986 15053
118687 112575
129519 13751
156689 8045
67076 23798
94142 134424
56474 59145
103183 3343
142348 140120
5414 68946
86484 63582
31126 48666
113301 95150
36987 46458
158088 8333
65617 26962
67089 56189
32137 62857
1895 151749
33447 48296
130514 61864
88816 136213
121193 105640
82849 129417
28839 110805
7676 86421
76793 17725
87268 137192
58917 141617
116445 138386
13136 144062
76545 112630
111004 20788
117080 55689
2288 57433
58076 94072
92994 98148
149299 81134
27397 28835
39423 62947
138517 93768
105065 62225
13593 140538
27679 80016
68059 100682
55853 145813
148541 4376
114323 126532
153195 145732
23441 103946
12456 80244
72590 151861
105758 115995
22546 30221
123560 74734
12633 66971
74960 45243
131261 49042
156849 116772
66320 17794
15897 152507
58136 80771
134463 126068
143167 51953
154260 28534
95613 122311
129312 69118
48408 6693
120845 6736
120663 65995
116241 33853
47006 76476
149037 149147
69937 10784
119438 72637
65206 125844
18168 26658
104509 158330
150877 29492
36101 90083
21434 91092
18834 72826
50099 73206
105436 22188
124473 24421
80843 112625
146982 14142
92483 100843
42323 85719
119883 59771
74684 136236
23786 82560
77492 134466
1581 80859
84093 25644
157294 73895
26376 59277
65073 60447
55923 144915
154346 33985
120976 123627
141035 147015
34795 156930
21611 13184
62970 85465
103122 136127
135992 67984
39584 694
80609 139019
96776 121720
139412 6743
98238 70814
40349 120653
78666 146403
35506 112526
25700 130534
75824 42985
93150 65841
59570 150068
23572 146327
8574 151656
123038 114366
48771 153081
103647 143259
29812 24953
179 42366
157924 56744
128734 91879
67833 159263
58374 148241
137857 135361
97975 21434
58640 153729
76659 155289
29269 49973
93021 150965
104873 65409
84213 61097
153196 26961
27167 40434
6782 91001
74145 107544
138746 18964
118030 136764
16824 43117
82950 46769
102112 81107
23297 52000
47461 388
39518 21761
6298 8429
75996 147066
81239 3842
118148 61303
136450 37356
5404 149147
13538 90778
68730 140108
137149 96443
702 118412
44494 93964
68517 6862
2671 30861
80728 39636
6489 16464
159139 96495
51735 6131
51135 109373
99451 125511
58744 25459
38743 8122
64139 140888
121289 153489
132641 71840
135726 10253
45332 66676
114496 145713
28627 95204
102174 26730
120403 57735
114243 8748
129927 25990
155524 134040
95599 80434
139295 75765
52542 81817
31145 67898
124746 92342
155708 64400
38955 155867
97721 152368
127787 142454
155429 131008
15795 37857
29035 27074
48154 41275
91897 90820
19487 41353
45075 105441
60383 81915
96903 93707
50991 11471
89052 26614
149699 148016
79529 103472
93834 71040
115957 55678
106434 132639
133567 96931
53762 33889
35046 57860
155692 98971
110195 12800
149317 69284
31312 42963
129271 71656
97150 49777
113691 139255
109902 92331
144179 13069
141910 90155
81850 38685
5116 81258
37919 44690
38847 63640
121001 21058
71945 77239
140758 16366
79041 76180
72792 69835
143632 61504
97411 332
58249 53746
26512 15436
25925 98302
94990 82840
55177 78178
45072 9884
10004 89462
43533 102937
136178 43617
146384 108455
74515 83301
131412 76608
36286 42694
18650 36749
109884 55314
114320 12922
130288 105528
123282 137500
102072 23747
134972 100813
21606 38803
111546 94453
84518 108367
138467 105942
83764 75539
45119 114859
156208 158804
20685 18719
51022 151222
80732 29905
5754 35277
83573 110257
90524 129939
97984 148738
11170 50796
65868 90233
91115 130703
88109 103681
27204 106913
43109 11810
105688 51367
137218 71976
150657 127655
36679 150029
42877 83939
122572 18989
117853 2859
96974 69618
155095 84158
41887 121590
136326 34703
40400 77425
55374 73531
142414 14247
132006 90608
74248 120661
159122 134682
65295 57598
65526 149982
148083 33462
25229 91875
13533 74957
77553 18183
67795 96971
77506 116881
18343 70388
120397 48554
54501 72842
106931 81356
75650 19054
32499 75983
36343 33192
5358 55306
137578 106066
78917 102729
136627 55587
102049 95562
131697 108723
146689 118071
22713 97375
88057 116811
68264 121819
16622 16435
127324 87601
895 44077
59380 42389
92467 29582
93572 98103
142353 137242
134999 144333
103653 154989
64847 112092
12963 44702
97114 57875
39394 52221
99138 34352
40958 19834
31399 99299
117359 19407
123797 110574
18313 49859
71460 8458
10920 56231
149612 50451
127054 23957
123362 45596
49402 97659
118166 17002
27138 82016
127247 128111
120475 92970
116518 26271
147161 9363
116311 107829
77042 124021
9586 151016
148826 50224
81142 27915
112337 35645
58161 100984
48820 156685
8823 43569
134468 70217
19674 152430
79811 132436
150497 130343
26728 31224
10199 39396
73615 9348
45392 30738
146188 30292
59426 16062
10202 28202
128472 26072
151415 111306
13388 34902
121073 145386
87232 147786
98392 30464
52446 98314
22904 15556
124385 38655
77589 117714
125858 20459
27169 103220
151874 107695
95024 47489
83220 62266
126665 79744
18902 104946
126044 113203
60102 36611
47876 96706
4980 144534
111870 32453
122895 46101
111946 46266
99998 103135
138934 6418
38023 158829
51108 110565
100576 128006
56533 89545
134301 122197
70523 35689
142640 126125
18887 117876
104585 82223
72819 67419
109799 70837
11200 128480
156018 67892
151633 5585
85961 35157
97647 52099
22757 19669
93581 159293
154909 70356
105454 70723
67108 53010
88057 116238
73331 112056
151186 70764
3834 51611
106005 28458
24629 138541
10857 47050
101532 38038
111407 135528
43582 71673
148490 128307
116913 143276
104164 49042
61015 85773
90758 93689
99335 104109
115953 106637
121004 159718
75450 133238
123258 27737
148448 72429
47970 3975
122124 144284
10963 130686
75475 157641
59741 105043
28804 68714
90532 146732
45841 73423
56480 27036
159447 134491
102991 89621
92155 78363
145555 59929
56824 123443
97107 58706
101396 113567
18368 32297
3777 143037
103750 96842
12321 134141
141489 125610
86533 97405
100763 41068
116548 64497
24985 26782
47538 26862
45950 112051
34167 155125
108831 119144
60247 26163
7232 66349
83772 135715
7918 120000
23247 134927
57802 41725
156177 36802
82988 43169
78826 133588
154930 37779
64929 250
133029 19190
66706 57472
128447 57341
105347 11114
82901 51652
106323 3354
71604 94780
40875 143325
111893 113080
138895 16235
15116 126164
90588 130831
38372 32133
46836 86258
105656 107034
61620 116268
118510 14306
52415 116082
76722 3565
28558 111086
42661 130588
21518 35047
30104 74245
17330 64003
147127 107701
51958 78682
41450 104676
31275 64191
80450 108695
101335 95434
55383 148269
111637 125153
49351 99272
91564 82964
17705 100746
23260 132938
96693 120935
127328 65065
6361 145597
100924 76663
117178 15001
41441 119975
23934 51312
33227 30706
111995 26159
20003 44665
2737 20771
119899 143684
29463 29903
147283 34931
54916 80151
81534 52973
139502 23469
49681 24546
81252 20703
125960 95897
19341 145821
23736 11505
7122 84199
20718 147514
7679 80237
54692 58662
125993 51452
60694 40138
86716 94124
28549 113473
141623 64717
110056 10868
133644 7085
97054 13733
123588 50018
24449 3463
68645 87710
112357 149857
10415 29208
97444 114092
114826 77212
82990 129880
126349 156040
122991 110985
86936 39371
22198 128392
133740 158631
68589 50404
10354 125007
134817 121695
50320 85951
22877 157230
8326 138434
106620 149733
6087 130240
54802 130085
31891 71297
29198 60960
92671 22270
55804 115913
6205 125528
32587 5172
54839 55407
32708 26571
140769 150606
88680 128037
5373 57243
52641 48848
109893 123099
94679 141432
26244 88313
147611 79564
110724 82152
51266 43594
115646 123867
58090 126232
146048 133734
99898 53453
19288 144510
9197 89380
152102 45410
10587 128029
81933 125813
75648 32282
4583 157906
16809 49701
46309 7740
137221 5954
149898 89182
115937 137880
91225 115461
132278 37461
121349 131909
111798 126890
22701 104423
105502 63185
58498 90982
133473 48920
76187 152743
39270 1689
112201 103460
21718 52242
130720 126345
76210 39843
70505 81608
91397 46134
42767 79241
125958 74305
68716 113700
122117 56556
92922 102815
47054 4587
120865 30455
157053 142301
135767 70793
131047 29487
83454 158058
146316 13887
81027 7039
5797 56926
3553 54929
69275 41736
9843 152622
65122 69580
37852 76627
106853 67383
41470 111170
144859 118421
158103 18527
133812 115045
154732 77703
81825 151694
37483 2341
81394 104326
90752 75570
5327 93612
82285 105396
51568 109369
67343 83570
95396 154724
24245 115974
111955 56771
57616 72854
127200 36255
148816 92088
89555 108018
47493 84821
78911 67829
49847 147188
105054 6136
73154 150607
24685 138509
28656 117911
144375 66383
115330 48871
115470 110811
21630 42327
42865 120957
154565 83665
142196 34089
93000 66261
113548 25018
10542 79584
32029 70256
213 55661
94249 62378
40289 66623
143404 31829
35773 54535
39284 1408
40109 50982
131201 114181
45457 99669
131597 100626
22181 146203
48530 26232
31024 118464
106778 109523
79608 36016
115099 77909
87600 89223
5031 149983
3511 147520
61637 64967
30973 22056
81202 119917
69638 55002
152079 16167
119562 117188
3753 6811
25113 93007
116013 117439
97563 122817
83131 79044
120137 147497
40 113879
58058 154262
92437 28980
72068 6969
82188 58260
71362 22046
65819 85622
6385 145831
137684 18529
46324 42707
109770 61443
31996 71416
33222 101693
73735 37157
