2
171 100
316 221
1000
99 138
583 196
665 560
230 204
749 704
466 61
586 172
126 698
770 91
481 187
35 578
671 171
150 303
608 577
145 320
289 778
821 223
461 47
712 387
488 88
700 199
544 532
458 630
80 516
631 645
755 405
694 80
483 580
378 153
104 740
136 39
341 542
402 790
632 696
652 534
522 137
210 75
401 211
645 789
271 36
472 119
105 771
459 440
249 653
757 806
55 777
258 382
325 405
387 281
766 601
347 636
92 644
153 685
796 168
8 270
757 318
516 183
206 692
340 184
118 315
728 79
128 291
274 47
670 232
518 468
53 211
304 700
580 327
526 48
87 33
17 490
365 158
124 631
163 325
112 682
659 777
137 263
121 325
631 34
599 681
679 710
128 292
25 259
98 128
489 325
743 396
718 756
565 384
693 782
709 74
758 1
313 632
428 366
76 184
321 542
68 450
686 45
360 299
466 216
692 42
797 688
24 609
165 295
318 642
769 220
71 582
297 516
792 656
716 650
518 257
802 5
291 763
733 522
760 543
188 572
557 76
786 258
295 423
765 770
745 623
705 563
197 428
649 801
362 182
477 251
690 551
395 175
662 141
274 188
5 734
79 16
118 219
453 671
709 104
33 554
758 254
457 716
172 246
174 647
5 336
200 279
785 268
643 554
495 604
131 356
666 432
157 89
2 653
327 682
302 476
367 47
783 197
174 314
253 259
315 653
350 59
473 115
245 333
403 355
380 642
793 644
64 8
126 612
39 441
714 269
808 155
561 642
436 561
614 499
677 345
615 74
776 528
461 296
305 342
585 53
790 261
436 678
51 72
410 236
697 349
288 514
362 665
401 136
595 691
160 59
324 367
101 444
643 288
767 311
541 600
637 500
374 238
434 34
411 325
747 504
524 668
241 650
482 807
810 694
779 209
23 568
695 156
646 788
39 772
67 75
714 457
345 181
214 383
731 310
820 495
293 436
192 259
622 187
323 419
677 181
172 685
145 780
610 743
827 8
477 143
802 259
229 791
756 329
826 765
139 52
7 80
224 358
86 291
824 249
671 553
229 3
792 16
532 301
786 100
371 36
258 799
503 497
573 3
541 300
10 166
114 548
62 508
110 213
67 356
611 511
60 275
819 80
372 535
635 81
250 141
787 250
268 116
413 265
336 362
209 717
261 226
234 512
351 691
91 116
293 411
686 524
246 238
49 324
60 242
11 16
61 730
341 68
57 92
691 58
817 631
560 440
593 142
337 460
289 689
765 714
524 249
272 712
638 361
348 751
14 426
58 175
501 342
538 716
748 728
686 751
127 467
630 380
567 748
798 155
795 186
807 618
233 411
510 321
345 164
815 343
290 676
723 669
299 138
467 441
219 546
609 590
483 589
52 134
252 549
28 460
388 92
28 730
744 119
226 325
68 369
648 761
463 407
725 291
787 736
474 694
102 282
4 531
801 749
513 212
640 262
161 803
75 611
641 190
241 465
437 524
193 383
18 35
702 264
55 772
549 356
276 628
441 546
439 484
116 198
608 195
108 432
192 50
606 810
98 334
516 803
419 596
365 749
411 67
141 696
282 305
106 646
19 345
408 521
738 692
169 545
623 394
579 539
531 514
661 548
643 775
107 769
369 704
378 587
70 548
301 96
597 69
726 644
588 520
106 116
492 10
371 756
6 392
388 694
480 507
168 715
36 48
704 449
143 484
86 410
110 386
568 430
734 474
366 138
566 304
18 159
541 608
59 231
80 425
324 421
23 747
211 693
620 104
590 236
688 739
386 25
269 350
468 92
521 126
124 158
467 230
805 491
515 436
679 676
556 664
590 261
248 332
447 744
827 399
239 274
481 657
489 252
176 540
636 411
388 101
55 783
285 404
245 766
553 498
778 1
343 510
434 396
291 514
275 180
647 100
663 593
505 378
160 288
439 569
600 654
340 644
569 110
790 458
826 755
347 134
441 404
51 722
613 794
757 253
323 441
323 591
724 613
16 363
479 269
569 145
460 99
381 507
222 36
460 384
554 463
390 252
377 733
206 525
760 298
717 670
670 682
37 409
21 462
585 185
116 514
150 373
286 40
48 724
495 508
749 422
530 122
542 745
463 678
422 211
689 607
534 35
76 397
106 315
394 745
492 782
159 48
75 112
623 380
322 373
286 230
267 61
475 388
196 688
20 413
384 699
234 802
1 678
760 696
52 54
820 554
343 764
533 377
87 235
570 709
225 534
822 328
524 291
733 691
233 438
572 519
194 41
603 76
477 518
182 559
765 669
245 415
633 361
185 663
283 565
769 79
162 654
635 279
333 386
556 44
416 123
785 688
704 87
15 506
298 760
364 440
1 609
457 190
366 564
785 118
334 503
88 689
285 530
145 672
675 693
345 592
692 27
276 544
152 668
253 626
263 275
549 484
286 331
355 21
774 515
585 341
732 426
206 199
822 637
324 111
744 106
629 345
666 548
209 164
745 170
485 494
270 518
316 460
127 115
271 110
121 265
95 705
93 31
826 37
671 534
8 14
294 107
166 54
468 53
219 124
361 651
425 378
115 601
750 604
108 50
239 471
260 7
560 361
719 513
476 428
562 365
318 677
100 661
343 270
725 405
662 175
710 632
800 410
602 550
66 446
306 464
64 578
131 305
515 576
246 265
475 540
394 489
384 412
800 686
313 131
816 734
411 399
395 655
124 659
341 351
233 607
328 584
785 777
324 245
206 735
446 538
8 470
805 474
310 426
267 210
392 130
235 69
669 605
802 35
99 536
578 552
95 775
486 435
546 479
279 345
621 130
280 569
312 688
9 785
469 604
649 347
483 799
338 7
339 394
152 652
469 732
327 737
528 65
628 292
70 462
640 304
219 17
137 397
253 648
382 78
21 809
157 197
518 615
98 38
602 474
521 71
770 222
276 307
29 431
242 80
379 764
201 673
702 663
594 754
398 788
528 802
733 411
787 46
549 228
60 424
580 762
638 497
636 568
33 458
491 669
177 194
105 498
105 381
270 569
546 699
381 450
713 622
89 495
417 778
525 474
454 512
701 108
747 199
161 790
447 687
315 804
311 335
543 166
578 262
443 363
631 740
668 149
580 358
516 624
52 173
592 418
61 379
772 565
746 338
114 748
351 801
84 210
54 590
342 351
208 781
51 68
508 206
209 517
48 296
619 53
97 65
387 45
550 565
396 328
815 130
528 368
206 776
825 708
56 498
358 615
68 39
55 715
38 621
274 443
744 622
345 407
34 645
425 446
117 74
440 395
474 563
49 767
212 323
42 411
472 519
671 61
711 291
274 709
359 31
480 249
137 700
88 694
804 186
817 256
160 752
698 131
159 568
487 263
228 93
768 9
214 98
751 288
20 464
320 208
473 288
614 418
4 546
796 573
579 366
824 709
464 559
101 290
346 741
639 210
187 593
384 402
99 697
749 594
713 134
722 523
403 803
578 148
510 226
623 214
288 619
584 266
422 47
636 241
94 672
611 476
617 95
228 82
672 659
260 778
456 149
217 709
257 565
724 27
40 299
648 166
383 149
746 669
237 88
136 385
160 503
291 509
341 221
269 805
493 703
678 716
501 171
547 737
451 803
578 722
380 115
467 637
237 514
225 801
590 99
64 631
375 89
291 716
39 630
344 110
113 413
174 769
504 97
774 146
581 248
483 76
6 543
664 83
422 218
146 420
196 264
205 542
817 429
699 759
343 1
263 488
630 669
623 544
695 463
223 528
714 270
324 193
442 791
621 592
325 368
314 710
548 207
112 145
335 273
539 17
821 247
678 679
415 645
84 683
376 783
402 663
154 103
721 426
398 458
265 100
666 368
676 204
682 86
150 34
557 62
124 550
358 277
573 770
550 276
600 642
407 541
297 717
774 26
679 374
235 388
557 31
683 44
38 219
347 171
305 661
428 14
107 668
501 354
720 762
44 324
453 297
88 48
408 777
788 103
827 522
761 305
395 453
17 168
34 49
627 10
820 75
135 460
351 616
546 444
469 351
56 640
823 122
264 169
157 776
663 499
23 787
809 404
544 557
410 681
166 648
85 626
254 240
717 47
679 655
830 280
105 53
487 557
618 248
250 445
581 375
693 627
104 653
252 321
216 530
78 701
777 370
191 269
283 80
322 520
234 162
291 201
677 469
247 673
587 677
295 117
557 284
254 81
187 225
804 439
525 584
250 135
454 383
188 155
165 798
515 768
65 569
785 254
399 176
75 711
765 374
610 165
728 361
589 654
55 391
561 90
341 510
482 543
338 350
797 421
746 315
317 260
231 93
700 386
67 436
702 569
482 322
715 428
289 204
74 302
548 805
268 484
671 706
599 172
696 93
364 386
660 483
283 555
558 69
723 138
301 106
746 682
221 322
789 313
706 634
766 64
322 419
137 665
156 186
694 194
314 280
418 137
514 529
663 588
359 429
301 411
143 433
331 484
417 648
700 215
219 437
430 711
335 491
338 722
233 447
746 184
778 428
746 254
332 702
508 369
534 38
686 436
729 472
651 185
308 711
745 24
342 449
587 463
619 67
