3
202 280
67 145
377 198
1000
205 649
1009 1049
774 25
1208 345
374 154
48 274
511 178
715 945
98 1243
29 555
1005 797
1109 179
711 618
1086 8
260 1102
729 715
344 980
879 1160
638 372
652 484
1249 1195
208 675
423 1045
579 1137
992 491
70 994
342 421
1211 952
14 666
472 496
262 545
798 467
716 42
117 394
1178 987
871 524
289 462
1168 1188
649 213
517 1163
1238 537
626 28
1183 437
439 329
583 801
440 1002
30 730
394 966
140 22
132 220
642 949
516 301
310 985
97 1036
558 592
853 1250
259 71
851 752
487 66
626 1071
776 875
218 1092
277 324
496 552
17 547
915 1087
89 547
700 320
682 1118
240 353
1213 803
485 215
604 1009
856 348
181 834
1028 469
285 662
549 1203
125 263
1165 853
125 1220
552 14
924 328
903 1188
1248 452
803 109
947 262
500 319
751 367
590 842
849 512
793 902
196 644
224 30
1004 783
1182 579
93 36
1079 791
1035 461
193 579
374 1190
1233 1150
606 254
726 640
1234 1134
171 923
995 880
637 13
846 607
696 1001
778 64
962 1184
435 662
868 118
655 1045
396 679
919 10
407 292
625 531
1105 1090
114 1225
420 1090
373 331
307 879
585 1192
763 466
675 1196
309 1188
879 285
500 1125
764 748
793 173
254 174
279 569
529 931
754 806
468 1178
194 985
1172 923
1161 366
332 194
706 1189
58 70
850 718
334 775
1174 67
49 1215
749 832
492 119
762 306
136 236
296 707
185 1103
356 503
571 1052
677 685
723 442
1161 275
1181 1093
1060 964
314 447
1180 635
1115 864
56 825
902 1178
162 885
778 451
462 1055
459 115
441 903
556 1086
92 372
1229 26
470 932
114 375
259 621
994 1231
1046 548
112 955
162 520
212 985
918 42
881 66
942 1020
1194 59
657 90
94 984
1228 723
520 88
1213 323
197 308
747 484
1070 1046
285 720
300 452
1119 1050
117 997
335 750
915 57
1018 694
727 413
991 911
99 208
8 886
205 355
579 1232
542 448
282 1025
366 640
348 1209
846 942
390 843
959 1088
1044 346
47 1211
9 564
1200 7
998 85
335 754
883 321
223 1033
192 1037
186 752
916 646
200 752
794 1144
601 16
302 405
1057 37
70 989
1237 328
391 522
237 1193
762 259
786 545
657 65
1025 103
1069 972
1164 914
498 11
166 1132
920 355
592 551
927 362
828 527
451 795
1027 345
262 884
896 877
1178 417
438 1031
818 302
666 1087
652 1114
511 385
649 510
161 1119
701 282
1059 258
147 222
810 229
628 981
1052 909
896 419
27 1150
84 271
970 906
717 49
531 269
658 447
1183 47
183 5
508 646
763 884
486 1154
159 43
1065 673
1040 411
574 865
654 535
998 1129
73 503
616 710
304 832
131 847
1039 66
179 412
795 413
930 1049
62 254
1132 193
164 1102
611 333
1114 748
442 997
150 609
897 1113
284 702
113 48
449 1018
1221 909
415 1183
837 244
817 570
503 882
59 835
410 37
60 27
798 690
1233 155
908 270
1238 143
1141 512
853 451
913 1241
696 548
33 760
629 729
239 238
544 140
197 71
660 349
1172 995
440 456
498 1153
1083 1097
1107 606
514 3
745 216
382 651
479 504
917 452
987 262
82 77
188 507
383 1100
1049 909
295 679
233 1173
320 1021
1125 574
1051 928
1088 397
1243 804
1027 809
1219 121
303 419
871 700
975 1146
195 478
188 460
824 628
841 884
160 241
411 751
744 67
322 526
322 233
2 1071
685 599
317 204
262 82
151 843
735 936
81 160
124 468
971 249
921 427
719 372
514 544
415 1015
769 1000
379 635
539 663
778 426
669 1232
1222 129
377 1211
931 842
574 968
388 98
1119 1208
563 700
741 709
3 606
457 1043
576 65
813 768
128 466
990 170
465 206
230 976
759 407
1242 186
452 989
919 664
740 850
692 1105
483 1174
946 855
182 720
63 649
1155 882
587 1199
1050 1240
471 384
818 149
510 992
657 212
491 157
85 944
879 889
545 718
133 1175
1020 978
310 1150
904 1209
1072 269
185 490
415 1190
1151 578
862 440
246 469
248 777
310 877
938 1233
970 1117
1129 7
536 1107
447 575
788 9
192 187
1069 950
723 209
686 1014
1078 266
1222 782
993 277
994 1052
856 924
1060 1240
757 175
16 1047
93 618
740 55
805 361
827 584
446 635
137 170
1070 1071
903 1116
698 200
408 651
42 327
1220 859
1095 181
387 640
85 510
1214 181
255 762
774 920
178 1196
993 820
870 221
824 686
830 1192
225 1178
261 808
779 1043
1042 440
256 741
675 44
58 1235
1083 233
246 351
176 1171
67 740
1236 964
10 677
681 27
626 70
896 1182
368 703
1074 1052
1165 1243
478 781
949 419
1225 881
884 514
1119 630
820 408
744 497
438 116
776 131
640 138
853 939
877 330
701 569
1141 260
141 402
96 255
753 333
255 807
343 229
984 941
57 73
663 928
130 891
1157 245
119 1241
202 265
99 107
1239 361
687 1063
645 1088
357 992
9 1022
937 355
910 138
540 575
1035 1081
291 1171
1200 870
991 961
1101 1211
85 840
32 437
80 618
119 1036
1207 764
606 1228
1181 1133
123 617
1060 713
328 246
982 128
722 1109
78 104
744 80
1175 620
221 536
398 31
1030 209
1208 83
874 94
1125 1145
1063 466
767 434
1123 970
532 551
1060 773
88 1233
791 1195
142 1009
1061 586
178 122
1050 320
857 165
156 393
1186 45
979 628
130 347
970 572
604 1198
716 1127
712 650
2 1204
191 242
873 708
1093 792
54 1106
98 904
766 231
594 298
271 1208
529 254
13 251
551 749
777 536
953 200
992 861
2 1154
758 1229
957 91
390 400
450 789
225 853
681 924
88 78
415 919
279 536
842 405
240 3
1136 1092
460 756
93 661
789 423
1005 144
1012 4
280 54
123 314
1089 473
348 849
570 1027
758 487
1054 537
260 478
674 969
1205 140
775 756
759 994
189 51
319 651
901 91
46 863
1124 1148
1082 160
372 1010
648 1062
816 197
1027 1247
1041 491
962 890
1063 847
1042 800
782 422
655 720
131 1055
818 508
865 292
1170 18
1067 1215
981 496
1140 828
972 421
612 113
101 193
267 324
558 516
370 263
502 418
737 1030
146 535
46 320
256 75
1181 575
298 25
888 613
1114 286
889 1071
1161 52
1183 513
833 1161
965 1008
985 867
246 423
278 480
52 422
249 802
1206 555
716 240
469 620
225 40
470 746
82 496
579 1151
875 960
849 329
970 409
1175 609
598 1230
449 1190
38 186
833 221
470 818
126 376
1110 346
193 224
487 21
639 1007
877 1080
111 441
923 1061
524 596
828 367
228 754
31 365
313 89
527 1087
921 463
103 74
269 531
286 571
577 788
781 945
1050 913
940 134
773 871
140 117
386 633
880 994
1122 37
533 1202
635 21
592 635
791 47
710 750
992 823
1122 929
910 253
812 1075
17 30
61 1040
395 765
591 227
486 455
1048 180
548 639
1044 1086
1091 553
954 1047
281 37
463 511
510 708
495 662
33 307
1249 401
132 554
1200 924
835 225
185 788
1136 422
509 487
1153 802
994 569
172 549
385 866
1146 109
124 485
1053 251
227 536
759 600
182 475
897 1231
885 1177
1124 617
825 682
932 52
1150 791
659 1119
847 771
537 1164
349 382
1165 665
227 349
120 74
50 679
76 230
246 412
911 525
374 66
511 406
1173 837
635 17
12 1236
452 990
782 106
725 1065
663 209
619 1022
1001 560
1066 1056
1007 778
198 1226
1177 387
1157 686
504 830
326 587
74 73
684 855
509 1091
260 572
681 525
344 153
41 541
546 761
158 361
886 1211
1011 114
421 1146
923 500
1037 532
165 915
1085 2
1234 777
1235 313
611 1077
981 286
1013 268
706 633
1211 862
399 450
180 274
508 1192
490 44
200 685
1229 1073
507 1029
904 903
182 560
1064 428
78 1246
1062 1104
560 186
299 334
606 429
178 321
1104 638
1238 849
391 873
256 1014
296 63
413 362
523 384
1171 486
195 1124
360 244
185 831
434 843
44 6
130 979
390 740
458 889
297 407
1025 497
387 849
618 1066
552 126
109 679
796 492
1010 28
306 602
691 619
697 239
809 830
1190 286
930 659
354 670
956 1126
138 628
534 77
39 1232
1135 1210
602 586
314 885
340 580
775 599
799 712
396 449
569 138
334 973
373 468
771 681
947 539
502 690
3 256
222 624
374 932
619 612
432 935
551 813
1140 679
52 908
939 544
251 902
539 1053
1191 560
0 530
741 1041
379 1245
269 290
182 693
1202 486
972 1047
281 1213
865 93
1005 47
475 64
826 543
906 1061
1113 944
947 1057
442 440
195 894
20 66
608 600
630 327
1169 1020
509 623
1117 345
739 178
1179 600
38 594
870 935
680 546
826 1189
1119 469
44 320
100 48
1001 313
321 813
1057 464
28 742
1145 574
403 1170
900 90
1059 849
278 404
806 251
1240 460
828 291
1150 179
756 923
303 1131
1190 583
72 1171
280 1196
563 23
1169 111
413 868
105 962
3 514
702 1172
862 874
133 362
1106 986
491 153
650 950
1223 1187
356 428
545 743
1182 880
38 267
997 561
887 1181
619 980
692 490
883 611
1063 979
424 604
89 234
557 261
470 1081
389 741
644 193
907 700
585 452
449 182
1129 261
741 404
282 1023
1119 201
71 1247
924 856
985 979
732 856
181 1064
1172 656
327 159
480 755
255 638
1017 751
879 581
1045 719
19 961
540 266
1019 180
436 805
339 1149
766 1050
984 342
779 489
748 602
903 843
1176 517
95 722
554 1205
358 485
156 65
503 82
161 1158
1123 385
85 1043
172 596
658 473
273 1071
1163 953
92 607
462 873
629 1071
