20 2000
1 2
1 3
2 4
4 5
4 6
1 7
3 8
2 9
6 10
9 11
3 12
11 13
12 14
7 15
5 16
11 17
7 18
18 19
18 20
45 4 82 12 53 28 3 76 13 8 89 37 26 93 97 71 7 61 66 45
15 1 75
19 1 20
5 1 79
1 1 41
10 1 38
3 1 64
11 1 22
2 1 60
5 1 50
5 1 83
3 1 88
15 1 51
9 1 45
12 1 48
19 1 74
3 1 92
12 1 87
16 1 89
16 1 60
5 1 70
11 1 39
20 1 78
18 1 46
3 1 11
15 1 91
4 1 59
15 1 23
19 1 33
8 1 18
5 1 7
4 1 77
3 1 32
20 1 69
10 1 1
9 1 83
11 1 45
12 1 37
6 1 54
6 1 49
5 1 55
20 1 63
7 1 31
10 1 65
10 1 81
1 1 97
16 1 9
1 1 29
1 1 22
17 1 64
9 1 72
20 1 3
16 1 51
8 1 36
7 1 13
2 1 67
14 1 89
17 1 92
2 1 37
13 1 17
4 1 80
8 1 12
1 1 64
2 1 54
6 1 14
20 1 47
17 1 90
11 1 34
10 1 77
4 1 100
20 1 32
14 1 77
4 1 63
13 1 15
2 1 99
9 1 30
5 1 62
9 1 17
9 1 78
5 1 89
18 1 33
3 1 55
12 1 58
11 1 60
13 1 78
4 1 39
14 1 85
8 1 97
7 1 86
19 1 33
4 1 55
8 1 68
11 1 100
1 1 7
17 1 79
12 1 92
18 1 76
11 1 88
2 1 76
19 1 35
13 1 52
18 1 57
14 1 43
10 1 63
14 1 11
4 1 78
14 1 100
18 1 86
16 1 13
5 1 89
17 1 75
7 1 3
18 1 50
11 1 88
7 1 72
2 1 19
13 1 75
3 1 73
13 1 84
12 1 21
7 1 72
12 1 45
19 1 72
16 1 82
12 1 67
12 1 89
6 1 63
2 1 21
6 1 94
3 1 59
18 1 46
6 1 69
11 1 34
12 1 56
9 1 69
7 1 5
20 1 10
1 1 67
7 1 43
2 1 22
18 1 59
16 1 37
12 1 83
12 1 8
18 1 96
7 1 98
19 1 56
15 1 4
13 1 47
17 1 96
1 1 6
11 1 2
9 1 31
8 1 15
9 1 67
15 1 52
11 1 70
10 1 43
17 1 47
14 1 66
4 1 51
9 1 79
14 1 34
6 1 24
5 1 69
8 1 22
7 1 88
7 1 13
3 1 25
5 1 37
20 1 96
13 1 89
3 1 57
13 1 89
9 1 54
15 1 26
11 1 15
10 1 33
8 1 27
16 1 33
3 1 51
11 1 30
4 1 93
10 1 53
3 1 87
5 1 5
4 1 78
17 1 58
9 1 13
5 1 66
3 1 16
12 1 10
5 1 84
3 1 4
15 1 69
15 1 34
19 1 70
9 1 98
10 1 20
18 1 51
3 1 50
5 1 88
15 1 8
6 1 7
17 1 15
2 1 72
6 1 28
9 1 76
10 1 17
17 1 72
1 1 88
2 1 19
7 1 72
8 1 51
19 1 35
14 1 62
13 1 8
19 1 2
12 1 8
13 1 32
20 1 68
10 1 3
20 1 18
3 1 100
18 1 64
5 1 91
2 1 42
19 1 36
10 1 100
5 1 62
7 1 17
10 1 78
10 1 56
5 1 67
20 1 61
5 1 92
15 1 77
10 1 6
14 1 15
16 1 7
15 1 38
18 1 87
12 1 7
1 1 90
13 1 94
1 1 35
4 1 18
6 1 59
1 1 94
1 1 10
7 1 38
11 1 33
10 1 35
3 1 66
10 1 5
17 1 87
19 1 43
12 1 1
20 1 25
6 1 78
15 1 43
7 1 59
3 1 40
1 1 42
3 1 57
7 1 87
7 1 60
8 1 25
11 1 84
17 1 21
20 1 8
8 1 12
6 1 88
16 1 21
15 1 96
3 1 26
1 1 11
20 1 41
1 1 45
11 1 76
8 1 100
2 1 92
4 1 77
1 1 79
11 1 3
10 1 99
3 1 1
11 1 3
13 1 76
15 1 46
10 1 38
15 1 30
4 1 9
7 1 15
3 1 99
8 1 54
17 1 93
4 1 43
10 1 58
18 1 36
20 1 48
7 1 28
18 1 84
11 1 1
15 1 71
8 1 82
7 1 97
17 1 83
19 1 34
9 1 22
6 1 15
16 1 51
9 1 67
2 1 56
20 1 99
3 1 60
10 1 62
3 1 68
20 1 91
15 1 67
12 1 39
5 1 49
9 1 36
17 1 13
20 1 66
14 1 74
13 1 50
9 1 41
15 1 35
4 1 35
2 1 63
13 1 75
1 1 3
5 1 44
7 1 5
3 1 33
7 1 47
16 1 85
1 1 3
3 1 4
17 1 8
4 1 54
16 1 28
11 1 99
2 1 72
17 1 29
15 1 52
18 1 40
2 1 87
5 1 15
18 1 46
3 1 87
12 1 94
18 1 25
3 1 35
16 1 75
10 1 39
16 1 41
12 1 3
5 1 87
20 1 34
10 1 81
3 1 64
18 1 65
9 1 70
17 1 65
3 1 38
17 1 18
18 1 26
16 1 32
14 1 30
20 1 72
10 1 23
9 1 97
15 1 21
7 1 23
4 1 30
16 1 75
7 1 39
13 1 9
13 1 100
13 1 73
11 1 26
14 1 90
7 1 64
18 1 87
10 1 41
7 1 64
9 1 66
12 1 2
5 1 65
10 1 25
18 1 74
16 1 72
12 1 25
2 1 59
17 1 17
15 1 5
15 1 7
9 1 65
11 1 24
19 1 7
7 1 89
11 1 18
12 1 72
8 1 46
1 1 30
18 1 43
4 1 6
14 1 21
10 1 78
11 1 87
19 1 25
4 1 39
10 1 47
9 1 55
6 1 7
4 1 79
8 1 8
9 1 29
12 1 74
16 1 48
9 1 49
10 1 88
19 1 75
4 1 50
15 1 16
6 1 63
2 1 39
12 1 17
3 1 50
20 1 92
13 1 2
8 1 12
9 1 8
7 1 21
18 1 31
11 1 54
7 1 29
20 1 60
11 1 18
3 1 12
20 1 33
10 1 26
12 1 48
15 1 59
20 1 98
16 1 74
8 1 70
15 1 44
6 1 9
5 1 81
9 1 30
8 1 31
9 1 78
9 1 29
9 1 60
10 1 6
17 1 48
17 1 11
16 1 94
4 1 80
14 1 91
4 1 59
12 1 92
11 1 51
3 1 42
12 1 98
9 1 25
2 1 73
16 1 34
13 1 10
5 1 41
16 1 61
5 1 36
12 1 36
10 1 38
3 1 45
15 1 15
1 1 85
4 1 96
14 1 16
3 1 68
9 1 49
9 1 77
19 1 13
9 1 54
8 1 60
17 1 27
19 1 80
8 1 6
1 1 69
20 1 35
4 1 44
8 1 73
5 1 24
1 1 39
11 1 54
16 1 42
16 1 59
7 1 49
8 1 75
19 1 56
20 1 77
19 1 86
4 1 43
7 1 90
12 1 60
1 1 28
19 1 97
2 1 16
2 1 54
10 1 80
3 1 100
5 1 52
18 1 76
1 1 29
5 1 8
6 1 73
4 1 24
8 1 42
17 1 47
13 1 75
6 1 46
10 1 83
16 1 44
7 1 85
2 1 48
2 1 48
7 1 100
16 1 78
15 1 36
9 1 77
1 1 6
17 1 22
14 1 63
14 1 9
13 1 21
9 1 83
17 1 47
8 1 99
14 1 89
20 1 26
19 1 25
9 1 28
15 1 30
15 1 81
1 1 1
9 1 98
5 1 65
13 1 86
3 1 42
8 1 21
1 1 82
4 1 50
5 1 70
3 1 47
2 1 56
1 1 89
15 1 27
6 1 99
7 1 3
2 1 23
17 1 96
17 1 32
2 1 100
3 1 63
15 1 7
11 1 100
10 1 61
4 1 43
18 1 41
6 1 7
13 1 33
3 1 66
12 1 8
5 1 15
10 1 55
1 1 46
13 1 84
15 1 59
18 1 85
15 1 17
3 1 73
1 1 89
15 1 46
9 1 97
8 1 21
15 1 34
3 1 40
9 1 71
11 1 66
11 1 28
15 1 59
9 1 33
12 1 64
12 1 63
18 1 42
13 1 25
3 1 23
3 1 79
9 1 88
3 1 53
5 1 46
10 1 47
1 1 14
11 1 19
16 1 8
7 1 30
3 1 62
12 1 14
5 1 23
14 1 36
8 1 89
18 1 15
7 1 7
4 1 74
13 1 79
20 1 55
9 1 97
18 1 5
15 1 41
15 1 54
4 1 57
16 1 7
13 1 86
15 1 87
9 1 60
3 1 10
1 1 91
19 1 5
9 1 42
1 1 31
20 1 19
11 1 8
11 1 7
1 1 9
6 1 25
5 1 61
20 1 72
2 1 49
7 1 74
10 1 71
16 1 27
17 1 98
6 1 86
6 1 63
8 1 42
5 1 57
7 1 22
5 1 46
5 1 69
16 1 3
17 1 77
10 1 35
16 1 49
3 1 28
6 1 47
12 1 85
18 1 32
15 1 15
20 1 30
2 1 86
20 1 28
19 1 95
10 1 18
6 1 83
9 1 91
17 1 5
15 1 74
18 1 66
9 1 37
16 1 14
1 1 55
15 1 83
15 1 50
1 1 36
19 1 36
7 1 4
3 1 94
13 1 84
12 1 46
12 1 90
2 1 82
5 1 22
3 1 8
20 1 9
16 1 26
1 1 60
2 1 61
11 1 72
14 1 50
15 1 25
15 1 98
14 1 10
10 1 30
1 1 78
5 1 13
8 1 73
19 1 55
3 1 59
12 1 51
20 1 38
15 1 34
20 1 54
6 1 26
20 1 70
8 1 84
20 1 90
9 1 79
14 1 53
14 1 75
1 1 26
2 1 42
10 1 70
5 1 3
19 1 96
8 1 57
19 1 17
6 1 6
17 1 34
10 1 12
20 1 56
19 1 44
15 1 42
12 1 11
13 1 47
17 1 74
6 1 72
11 1 11
13 1 70
10 1 14
4 1 99
16 1 4
2 1 61
10 1 18
14 1 9
15 1 31
4 1 1
5 1 80
17 1 75
20 1 2
7 1 37
19 1 36
6 1 31
6 1 20
18 1 22
3 1 56
20 1 66
16 1 74
14 1 96
20 1 86
19 1 96
8 1 20
1 1 98
20 1 67
12 1 42
17 1 64
19 1 27
18 1 4
7 1 66
16 1 49
7 1 33
3 1 82
7 1 97
1 1 12
3 1 59
11 1 3
2 1 47
20 1 47
9 1 37
17 1 52
12 1 19
11 1 38
9 1 73
11 1 53
14 1 1
15 1 72
15 1 37
17 1 38
8 1 23
2 1 6
20 1 62
19 1 19
3 1 68
2 1 61
16 1 47
6 1 58
11 1 45
15 1 35
6 1 34
9 1 86
16 1 17
15 1 26
11 1 86
6 1 37
9 1 10
17 1 87
10 1 53
4 1 71
5 1 7
4 1 57
19 1 61
14 1 64
12 1 93
13 1 73
7 1 97
13 1 76
1 1 64
4 1 72
18 1 78
7 1 68
14 1 77
1 1 74
14 1 94
20 1 9
20 1 6
19 1 80
8 1 1
7 1 88
16 1 73
7 1 71
13 1 57
3 1 93
3 1 52
19 1 27
3 1 90
13 1 77
7 1 62
8 1 45
12 1 81
13 1 43
19 1 12
17 1 2
20 1 1
2 1 40
4 1 72
10 1 39
8 1 70
11 1 47
9 1 41
19 1 81
5 1 15
2 1 74
10 1 27
15 1 74
4 1 26
19 1 80
3 1 86
7 1 31
1 1 74
6 1 87
13 1 91
4 1 69
3 1 26
14 1 94
14 1 74
4 1 53
11 1 89
10 1 28
11 1 43
15 1 8
2 1 44
3 1 52
18 1 89
12 1 33
11 1 53
10 1 98
6 1 88
1 1 53
5 1 98
15 1 97
8 1 14
20 1 98
4 1 79
7 1 99
2 1 18
9 1 69
16 1 25
3 1 88
20 1 1
20 1 82
16 1 35
7 1 88
5 1 58
16 1 34
17 1 60
8 1 87
18 1 72
3 1 69
8 1 16
20 1 80
9 1 15
4 1 6
8 1 37
6 1 3
10 1 14
20 1 36
4 1 34
15 1 26
10 1 13
12 1 68
18 1 96
2 1 24
1 1 97
18 1 40
14 1 52
13 1 69
1 1 2
15 1 31
12 1 100
18 1 50
18 1 96
19 1 76
16 1 57
15 1 30
8 1 92
3 1 45
3 1 64
9 1 14
20 1 85
17 1 17
18 1 70
1 1 5
8 1 12
1 1 24
9 1 11
15 1 43
12 1 93
11 1 23
5 1 4
2 1 47
13 1 73
12 1 15
3 1 31
6 1 52
2 1 5
14 1 49
13 1 61
5 1 96
10 1 6
12 1 18
5 1 53
19 1 19
12 1 55
10 1 78
18 1 29
19 1 39
18 1 11
3 1 49
15 1 55
4 1 98
1 1 79
2 1 100
6 1 98
7 1 4
17 1 39
16 1 60
4 1 13
9 1 31
19 1 15
8 1 22
5 1 9
20 1 49
2 1 92
5 1 97
18 1 86
18 1 38
15 1 5
2 1 82
12 1 20
11 1 89
2 1 82
20 1 49
11 1 25
12 1 33
12 1 37
15 1 39
19 1 4
19 1 37
11 1 44
9 1 3
13 1 75
19 1 59
19 1 46
14 1 8
10 1 53
5 1 7
16 1 11
4 1 82
16 1 12
2 1 91
4 1 93
2 1 64
3 1 65
2 1 81
11 1 50
16 1 30
11 1 70
16 1 80
6 1 17
14 1 2
19 1 87
17 1 12
11 1 77
4 1 11
16 1 61
7 1 92
13 1 78
2 1 18
1 1 53
16 1 3
16 1 90
20 1 79
9 1 52
6 1 24
18 1 98
9 1 20
20 1 74
17 1 14
3 1 75
17 1 97
19 1 65
15 1 52
18 1 73
12 1 95
14 1 38
11 1 46
12 1 78
11 1 82
18 1 48
6 1 74
5 1 7
12 1 87
15 1 69
13 1 81
9 1 60
16 1 90
12 1 31
18 1 77
9 1 30
9 1 92
13 1 12
6 1 71
19 1 80
12 1 47
14 1 11
7 1 91
11 1 69
9 1 70
7 1 23
7 1 77
13 1 67
12 1 11
10 1 22
4 1 38
18 1 53
4 1 37
9 1 45
12 1 46
1 1 83
3 1 2
5 1 31
7 1 53
8 1 17
8 1 95
9 1 46
10 1 35
2 1 75
5 1 29
6 1 31
2 1 84
5 1 84
13 1 60
15 1 85
20 1 39
14 1 96
6 1 79
10 1 46
11 1 45
9 1 15
14 1 16
6 1 65
9 1 64
16 1 87
18 1 8
2 1 91
20 1 10
20 1 39
2 1 36
17 1 6
6 1 16
7 1 78
1 1 12
2 1 59
9 1 68
5 1 73
9 1 20
15 1 32
7 1 93
18 1 17
8 1 84
12 1 43
8 1 12
12 1 92
7 1 6
20 1 51
1 1 23
19 1 94
13 1 77
15 1 44
16 1 84
13 1 97
13 1 8
6 1 80
11 1 30
13 1 62
5 1 87
4 1 21
16 1 35
19 1 74
13 1 68
2 1 1
8 1 93
1 1 14
16 1 59
17 1 83
2 1 75
4 1 50
5 1 62
19 1 4
15 1 95
14 1 49
6 1 73
10 1 45
12 1 86
14 1 23
17 1 67
11 1 16
15 1 36
18 1 65
5 1 6
9 1 82
10 1 1
10 1 79
1 1 56
6 1 76
11 1 47
16 1 16
16 1 72
3 1 68
3 1 83
17 1 91
14 1 89
10 1 17
7 1 51
2 1 70
2 1 31
2 1 18
4 1 46
12 1 28
14 1 19
10 1 79
12 1 36
14 1 91
2 1 32
5 1 23
10 1 20
15 1 92
10 1 27
20 1 37
13 1 68
8 1 15
6 1 20
3 1 27
9 1 4
13 1 27
18 1 57
14 1 97
13 1 51
13 1 100
18 1 21
8 1 44
6 1 52
18 1 54
13 1 46
2 1 3
3 1 49
19 1 47
20 1 69
1 1 48
10 1 49
20 1 19
3 1 53
4 1 31
4 1 44
11 1 9
17 1 79
6 1 71
2 1 24
12 1 92
17 1 42
1 1 69
3 1 74
18 1 22
3 1 84
6 1 48
11 1 45
11 1 37
12 1 83
6 1 1
4 1 59
2 1 19
16 1 61
7 1 37
12 1 37
10 1 12
2 1 11
14 1 39
5 1 82
3 1 78
3 1 59
11 1 90
1 1 55
2 1 92
14 1 15
20 1 88
15 1 62
4 1 2
10 1 83
7 1 82
8 1 30
14 1 42
10 1 50
9 1 89
17 1 39
15 1 27
3 1 5
16 1 40
10 1 18
14 1 62
6 1 46
9 1 59
12 1 60
9 1 53
15 1 37
16 1 14
12 1 6
19 1 64
11 1 31
7 1 7
8 1 37
7 1 50
10 1 66
13 1 50
11 1 86
4 1 44
19 1 78
18 1 6
1 1 65
16 1 9
13 1 54
12 1 13
12 1 49
13 1 45
16 1 81
6 1 34
3 1 19
3 1 51
16 1 73
13 1 66
20 1 61
15 1 46
3 1 4
10 1 78
9 1 65
4 1 39
19 1 16
2 1 69
14 1 69
3 1 23
15 1 59
16 1 81
18 1 8
7 1 14
12 1 37
11 1 31
15 1 71
14 1 3
17 1 15
16 1 27
17 1 92
11 1 65
8 1 39
16 1 68
9 1 2
20 1 44
10 1 35
16 1 60
13 1 28
17 1 39
13 1 11
16 1 72
7 1 91
9 1 71
17 1 29
1 1 4
13 1 42
8 1 66
19 1 75
1 1 77
19 1 91
5 1 88
9 1 53
6 1 17
13 1 24
19 1 48
2 1 75
13 1 98
14 1 13
10 1 83
3 1 68
7 1 93
11 1 83
13 1 81
20 1 69
2 1 16
18 1 68
8 1 4
7 1 81
9 1 93
20 1 53
16 1 47
6 1 34
16 1 32
8 1 58
10 1 46
14 1 78
7 1 35
15 1 6
7 1 6
15 1 67
10 1 98
5 1 33
10 1 9
14 1 30
8 1 2
1 1 14
16 1 9
15 1 89
13 1 8
6 1 40
4 1 85
4 1 97
19 1 64
3 1 100
13 1 79
20 1 45
17 1 97
12 1 12
11 1 42
9 1 83
6 1 80
16 1 35
2 1 23
2 1 13
6 1 51
12 1 56
14 1 10
9 1 65
7 1 5
12 1 70
8 1 48
6 1 49
4 1 65
5 1 63
4 1 11
17 1 75
12 1 85
20 1 41
19 1 27
16 1 54
4 1 23
16 1 9
8 1 65
2 1 80
16 1 13
6 1 29
12 1 69
10 1 64
2 1 99
18 1 30
19 1 12
12 1 4
17 1 89
4 1 24
14 1 5
6 1 7
4 1 55
19 1 63
9 1 78
17 1 71
16 1 64
16 1 5
14 1 2
20 1 50
15 1 23
16 1 62
11 1 93
4 1 10
7 1 51
14 1 81
7 1 89
16 1 6
14 1 73
1 1 59
19 1 75
6 1 1
3 1 28
14 1 99
12 1 62
15 1 6
11 1 5
12 1 70
11 1 96
16 1 80
9 1 97
13 1 86
18 1 12
4 1 88
16 1 37
2 1 2
2 1 62
20 1 22
9 1 23
4 1 15
11 1 90
8 1 81
5 1 27
4 1 50
4 1 74
7 1 60
2 1 19
5 1 94
15 1 98
4 1 33
12 1 25
18 1 38
6 1 97
1 1 14
9 1 28
19 1 3
15 1 17
5 1 97
7 1 84
16 1 55
2 1 70
9 1 36
20 1 44
9 1 47
9 1 34
12 1 68
8 1 95
6 1 58
15 1 81
19 1 3
17 1 99
6 1 21
1 1 51
8 1 34
18 1 1
13 1 29
10 1 54
3 1 68
4 1 46
5 1 57
18 1 48
6 1 25
12 1 34
16 1 31
6 1 20
12 1 64
20 1 22
6 1 11
8 1 38
4 1 27
6 1 95
4 1 41
7 1 62
8 1 68
19 1 65
15 1 60
13 1 4
13 1 84
14 1 12
19 1 89
16 1 90
16 1 37
19 1 87
3 1 75
16 1 81
6 1 91
10 1 10
17 1 49
13 1 38
18 1 61
18 1 93
4 1 39
19 1 78
4 1 34
16 1 44
8 1 18
13 1 37
1 1 81
7 1 30
13 1 74
20 1 96
15 1 21
9 1 19
16 1 79
10 1 39
3 1 48
14 1 41
6 1 73
4 1 89
1 1 62
7 1 91
2 1 62
11 1 83
13 1 1
20 1 87
9 1 33
9 1 34
14 1 85
14 1 40
13 1 46
8 1 44
7 1 76
13 1 18
2 1 32
17 1 30
3 1 63
9 1 84
14 1 50
7 1 3
12 1 50
2 1 15
5 1 68
1 1 35
10 1 69
16 1 51
14 1 90
18 1 85
13 1 36
11 1 81
18 1 2
8 1 22
5 1 59
18 1 18
7 1 95
2 1 43
5 1 53
2 1 15
9 1 64
16 1 34
12 1 13
11 1 92
2 1 44
17 1 71
20 1 2
3 1 56
5 1 88
7 1 22
9 1 23
15 1 36
8 1 16
4 1 67
12 1 99
14 1 80
18 1 17
9 1 23
7 1 5
8 1 81
5 1 41
13 1 88
14 1 98
16 1 44
7 1 46
19 1 64
2 1 11
14 1 36
12 1 82
3 1 15
19 1 18
4 1 70
18 1 92
15 1 3
5 1 94
17 1 99
6 1 18
2 1 77
8 1 13
2 1 48
6 1 13
16 1 46
12 1 15
19 1 98
4 1 100
20 1 80
7 1 27
18 1 22
9 1 41
7 1 58
8 1 50
20 1 45
6 1 84
15 1 15
15 1 75
3 1 60
12 1 42
16 1 62
12 1 37
14 1 42
4 1 43
3 1 71
7 1 32
17 1 71
20 1 86
8 1 74
10 1 12
16 1 39
3 1 91
10 1 40
8 1 10
3 1 77
16 1 75
10 1 9
10 1 25
15 1 98
20 1 27
8 1 32
20 1 79
1 1 80
1 1 86
16 1 80
13 1 23
18 1 55
14 1 39
4 1 42
9 1 47
3 1 14
4 1 50
20 1 63
9 1 28
15 1 76
16 1 91
15 1 68
20 1 42
3 1 12
10 1 77
7 1 92
9 1 80
18 1 100
8 1 83
18 1 83
17 1 90
3 1 70
17 1 52
19 1 40
11 1 14
17 1 92
3 1 64
5 1 3
13 1 37
10 1 34
14 1 78
17 1 13
2 1 85
15 1 11
9 1 97
16 1 45
11 1 89
3 1 84
16 1 59
12 1 25
13 1 67
3 1 65
1 1 94
3 1 67
19 1 39
2 1 3
11 1 25
1 1 19
20 1 96
9 1 6
4 1 48
18 1 62
20 1 13
2 1 93
7 1 19
10 1 2
17 1 1
4 1 19
14 1 48
3 1 92
15 1 32
8 1 46
10 1 68
20 1 88
15 1 90
10 1 6
4 1 64
5 1 69
7 1 77
19 1 37
1 1 49
16 1 30
4 1 70
3 1 70
2 1 82
2 1 51
5 1 53
3 1 90
5 1 65
20 1 33
16 1 18
16 1 12
8 1 64
10 1 42
10 1 99
7 1 69
1 1 67
13 1 87
11 1 63
16 1 30
5 1 2
20 1 57
9 1 44
10 1 40
9 1 6
10 1 42
11 1 82
2 1 36
5 1 25
16 1 49
17 1 17
2 1 13
5 1 1
3 1 33
12 1 55
5 1 50
20 1 5
11 1 2
12 1 82
13 1 17
12 1 70
17 1 66
13 1 39
8 1 25
15 1 51
5 1 48
15 1 10
19 1 17
7 1 15
2 1 56
16 1 68
9 1 49
15 1 76
1 1 51
8 1 73
9 1 48
3 1 40
5 1 35
1 1 23
10 1 15
10 1 87
13 1 52
3 1 31
4 1 47
12 1 54
9 1 48
10 1 82
2 1 50
20 1 54
5 1 86
1 1 57
5 1 80
11 1 96
7 1 47
15 1 22
6 1 8
9 1 45
5 1 34
20 1 61
2 1 39
12 1 89
7 1 59
3 1 56
3 1 79
9 1 97
6 1 48
7 1 6
9 1 41
11 1 37
18 1 72
7 1 83
1 1 7
7 1 76
3 1 24
14 1 1
17 1 17
13 1 56
8 1 16
6 1 17
5 1 42
13 1 98
13 1 1
17 1 33
6 1 30
7 1 91
18 1 55
18 1 91
2 1 61
9 1 20
10 1 23
20 1 24
16 1 73
2 1 96
15 1 23
14 1 60
10 1 56
7 1 66
8 1 96
16 1 78
5 1 51
13 1 5
7 1 40
14 1 14
20 1 84
16 1 62
20 1 90
19 1 95
4 1 91
3 1 53
20 1 88
13 1 10
2 1 12
1 1 30
18 1 83
17 1 38
5 1 86
14 1 79
16 1 11
16 1 47
8 1 95
16 1 82
2 1 34
5 1 95
12 1 72
12 1 16
2 1 77
2 1 20
18 1 98
5 1 50
14 1 88
13 1 6
20 1 91
12 1 16
6 1 95
14 1 43
2 1 2
16 1 22
11 1 22
3 1 85
1 1 54
3 1 28
10 1 39
20 1 98
13 1 74
11 1 25
15 1 51
4 1 26
16 1 93
4 1 64
7 1 58
3 1 41
10 1 44
1 1 94
15 1 53
14 1 56
9 1 8
10 1 54
17 1 29
14 1 2
3 1 48
4 1 36
3 1 42
11 1 80
1 1 59
14 1 12
10 1 22
2 1 1
1 1 13
7 1 21
17 1 57
13 1 44
7 1 3
12 1 32
6 1 88
14 1 21
7 1 59
20 1 90
20 1 13
8 1 36
2 1 68
8 1 77
13 1 25
3 1 10
5 1 66
9 1 48
15 1 40
10 1 76
4 1 38
8 1 21
12 1 3
10 1 64
19 1 16
10 1 3
12 1 22
8 1 72
14 1 31
11 1 19
17 1 14
19 1 38
9 1 70
11 1 60
15 1 96
1 1 59
20 1 29
1 1 79
11 1 64
3 1 61
19 1 51
4 1 67
15 1 10
4 1 2
11 1 30
1 1 58
11 1 96
12 1 36
15 1 69
7 1 61
17 1 36
7 1 77
5 1 82
2 1 63
11 1 80
9 1 11
4 1 36
8 1 29
15 1 83
14 1 74
4 1 83
9 1 99
11 1 16
2 1 82
18 1 74
9 1 56
9 1 61
5 1 70
18 1 67
15 1 74
8 1 97
12 1 23
9 1 46
15 1 14
13 1 4
18 1 8
18 1 42
3 1 51
11 1 94
14 1 91
18 1 83
11 1 87
17 1 94
5 1 28
1 1 60
16 1 76
20 1 7
10 1 19
17 1 44
16 1 89
18 1 27
19 1 71
11 1 11
14 1 44
9 1 67
12 1 48
7 1 12
12 1 24
17 1 65
