0
2
2
41
2
19
1
0
2
2
6
0
2
11
2
10
13
2
3
1
0
0
1
11
1
3
2
0
18
3
1
32
0
1
1
2
0
2
1
2
0
1
1
1
7
1
29
22
1
3
0
3
36
1
3
15
1
1
0
0
12
19
2
2
2
2
0
1
0
2
3
3
2
3
0
1
0
0
0
0
10
21
0
0
3
11
21
2
0
3
23
3
7
2
18
0
2
0
2
0
0
6
3
11
2
7
1
1
0
1
0
2
2
0
3
2
28
2
21
0
8
0
3
30
15
3
1
2
14
1
1
0
19
0
2
1
22
1
2
2
1
9
8
2
2
2
1
0
1
6
2
1
15
2
1
1
3
1
29
3
1
34
0
0
22
1
1
25
1
0
3
12
3
2
2
2
1
27
1
6
0
1
1
5
1
2
2
0
1
16
10
3
4
0
1
1
3
0
0
5
3
2
3
1
0
0
3
1
2
43
3
0
6
2
25
0
2
8
2
2
3
0
18
0
2
2
0
0
1
2
2
0
2
1
3
2
2
15
3
2
2
7
0
3
35
2
3
4
10
2
3
3
21
1
3
1
1
1
2
1
2
40
42
12
0
0
25
2
0
2
12
0
1
0
26
11
2
0
3
24
0
1
34
3
3
1
3
3
1
2
0
1
0
17
9
2
3
2
0
0
1
2
1
2
6
1
2
1
1
3
3
2
0
0
15
2
23
1
1
2
1
2
2
0
0
3
2
2
3
3
2
3
0
2
33
2
2
3
4
1
2
0
2
0
1
1
1
3
3
1
5
20
1
35
0
3
1
3
2
1
1
19
1
1
2
38
0
2
0
30
0
3
2
0
2
2
0
0
1
1
0
0
16
1
2
1
1
1
2
0
1
1
1
25
3
3
2
1
0
3
1
2
1
35
1
30
1
2
21
2
1
1
3
3
3
3
3
8
3
0
0
2
0
0
2
1
3
3
17
5
2
2
12
0
0
1
2
2
0
1
12
0
2
11
2
2
3
25
2
1
0
0
31
0
3
0
2
2
0
3
0
17
3
18
0
42
24
0
1
2
2
1
0
0
36
2
0
0
40
0
16
23
2
0
1
2
15
2
2
6
24
2
0
28
0
39
2
2
2
1
30
2
2
2
3
0
23
28
1
0
2
0
18
0
0
29
0
1
0
42
1
2
2
3
0
1
0
0
1
3
0
0
6
1
26
9
0
1
1
23
15
2
1
2
0
0
1
3
0
0
42
21
37
2
1
2
0
44
0
3
0
3
1
0
0
18
1
3
1
3
2
3
3
21
8
3
3
1
2
2
0
2
28
44
1
2
21
1
40
2
1
2
2
3
27
26
0
0
23
34
2
8
2
3
14
2
0
0
17
14
3
36
13
0
1
2
1
1
2
2
2
0
1
3
0
0
0
10
1
2
3
31
1
0
3
9
1
0
0
1
2
3
3
0
2
3
42
0
1
2
0
3
0
3
1
28
3
11
2
0
0
2
1
2
2
3
0
1
2
2
3
2
10
2
2
36
0
1
12
2
9
16
2
2
8
0
2
15
1
3
13
1
1
10
2
33
1
28
1
14
14
2
1
0
2
1
8
0
1
16
1
26
2
2
3
0
12
2
2
2
0
2
2
0
11
0
0
0
3
1
2
3
0
1
2
9
1
1
3
1
2
1
0
3
0
1
11
0
3
3
2
0
20
8
1
5
1
0
1
0
1
0
0
1
12
14
3
3
2
3
3
19
0
0
1
1
0
1
3
23
2
2
1
23
1
3
2
2
2
2
0
1
2
0
1
2
3
1
3
3
1
0
27
19
0
1
3
19
0
2
2
3
29
1
0
0
2
1
1
2
2
1
11
7
0
8
0
2
0
7
0
0
2
1
0
0
3
25
0
2
0
3
2
3
2
2
2
4
1
29
3
0
1
26
1
0
1
0
0
0
2
0
7
1
33
1
2
0
8
1
0
14
2
3
0
2
0
1
6
1
1
3
1
1
2
0
11
2
24
16
2
2
2
37
3
2
0
2
2
1
31
2
0
7
1
15
0
2
1
26
2
2
1
0
0
16
0
19
1
1
3
0
5
12
24
3
1
19
2
0
3
0
15
31
0
1
12
1
3
2
18
0
1
18
2
2
0
2
4
1
2
34
0
2
1
0
3
1
1
0
22
1
1
0
0
1
2
2
2
20
0
2
1
0
33
0
0
1
1
1
3
2
2
1
8
1
3
3
2
0
3
1
0
20
1
3
2
1
1
1
2
0
1
0
3
0
2
0
2
8
3
3
1
0
0
1
3
2
0
30
2
1
1
0
21
1
3
4
0
0
2
3
13
0
3
0
3
31
1
0
1
0
3
2
10
11
1
0
1
2
2
2
11
2
2
2
1
2
9
38
2
3
2
17
19
3
3
3
1
3
0
3
0
1
0
3
3
2
2
2
16
1
0
0
2
3
1
0
0
2
0
0
12
3
3
0
3
2
0
2
8
6
12
18
0
0
23
1
0
2
1
2
0
0
0
2
2
1
3
2
3
1
17
14
2
2
3
2
1
1
2
12
1
1
12
23
0
3
0
1
2
0
1
3
11
0
0
0
1
23
1
0
15
1
0
2
3
2
2
28
19
3
36
17
0
3
0
2
3
1
3
15
0
27
0
1
0
4
0
1
0
44
0
0
3
3
4
2
0
3
1
1
8
3
0
1
2
3
0
18
0
24
29
1
2
0
2
3
9
1
3
3
0
1
0
0
3
2
1
33
14
1
10
0
15
1
2
2
3
1
30
5
2
3
0
0
5
0
2
25
2
3
23
1
1
2
6
0
1
1
37
2
2
3
0
0
0
0
20
1
2
13
12
2
2
2
19
6
2
1
1
1
4
2
0
3
1
1
32
23
2
2
2
2
0
1
2
3
1
3
1
0
39
3
2
2
3
3
2
0
3
1
1
2
1
4
3
21
0
32
1
3
1
1
3
0
3
3
13
3
23
0
1
3
0
0
1
4
0
2
2
3
2
0
13
2
4
2
0
0
1
2
1
1
30
2
14
1
2
0
0
1
1
0
18
1
0
2
12
3
1
0
3
3
1
3
19
10
0
2
33
3
1
1
2
3
1
11
2
0
1
3
1
20
0
1
1
32
0
3
0
0
4
1
0
5
3
3
2
0
1
3
1
2
2
2
1
0
2
0
7
2
2
36
14
0
1
28
6
25
0
1
33
3
1
2
0
0
0
1
2
2
1
2
3
1
5
3
2
2
0
3
1
1
1
25
2
1
14
2
0
2
0
0
2
2
2
2
0
0
31
19
2
0
0
1
1
6
34
1
3
2
23
2
0
0
1
34
3
0
27
1
3
38
3
3
1
2
23
1
0
0
2
12
2
3
1
0
30
2
3
2
0
0
0
2
3
0
2
0
18
3
36
0
1
0
0
2
0
3
3
4
1
1
17
1
2
1
1
0
3
0
11
3
3
44
1
1
0
2
18
2
13
0
13
3
3
35
1
3
16
0
2
3
2
22
2
0
2
3
0
3
0
2
13
3
0
1
2
11
3
1
2
0
16
3
25
6
2
2
2
5
1
2
5
0
1
0
3
36
8
15
0
2
1
0
1
1
2
1
13
0
1
2
15
2
0
2
0
1
2
1
5
0
0
0
0
15
5
1
0
5
3
26
2
1
2
29
0
3
9
0
10
32
0
1
1
1
0
32
1
35
41
1
2
1
2
2
0
14
2
0
2
1
0
2
0
12
1
2
2
0
7
1
2
25
3
1
1
1
19
3
3
2
4
2
1
2
2
1
0
2
2
25
2
20
4
22
0
3
0
19
0
2
0
1
1
1
1
2
1
3
11
10
2
1
0
1
0
2
0
0
2
1
4
2
2
25
2
3
0
8
0
0
2
0
19
2
3
0
22
1
3
2
2
0
1
0
2
2
0
0
1
1
3
1
1
33
18
2
2
2
8
0
33
3
0
25
0
0
1
2
0
0
3
2
1
6
28
1
40
3
23
3
3
0
31
3
17
1
2
2
0
1
12
3
3
2
1
0
2
2
1
3
15
2
11
34
2
0
0
2
3
2
2
7
1
24
1
3
0
16
1
2
3
1
1
2
1
1
0
1
3
3
0
2
0
2
23
0
0
20
3
3
1
1
14
0
1
0
2
3
8
1
2
0
30
1
3
1
5
3
3
19
3
2
2
35
16
1
0
1
2
14
2
1
16
3
6
2
2
1
3
9
28
3
2
1
0
0
2
2
0
1
41
0
4
2
19
0
2
1
2
3
0
42
2
14
12
2
1
13
0
1
1
0
32
0
21
2
0
1
36
0
1
0
10
1
1
1
0
2
21
3
0
1
3
22
27
31
2
0
2
1
0
0
14
2
34
0
16
0
3
1
2
0
13
3
36
0
1
1
2
1
3
2
3
0
29
2
0
3
0
3
2
1
0
1
1
0
2
21
23
3
2
0
2
0
6
1
17
1
1
3
0
15
1
1
3
2
2
0
2
3
7
2
11
0
24
2
