30
0
4
1
10
2
2
4
3
2
1
0
3
0
5
1
2
33
2
1
24
1
1
4
68
1
1
25
3
2
16
0
1
0
1
1
3
2
4
50
1
0
47
4
3
2
0
1
2
1
4
29
0
1
2
0
0
68
26
2
2
15
4
4
1
0
10
3
36
2
0
1
1
0
35
19
35
4
0
3
3
1
0
2
23
0
1
24
3
12
1
4
0
1
2
3
3
0
3
1
0
4
1
4
1
42
4
1
0
0
3
2
3
1
36
4
4
3
2
0
22
0
2
23
3
3
3
3
3
0
0
1
1
4
17
23
1
2
4
24
18
0
3
4
3
4
4
2
8
1
29
2
3
0
29
16
3
1
27
1
20
0
33
2
1
4
2
30
1
2
38
35
32
1
1
0
4
0
40
3
4
2
3
3
4
4
3
4
1
52
4
2
1
0
28
3
1
3
39
30
22
2
0
9
1
0
18
18
1
1
4
27
23
11
4
4
0
4
8
6
3
3
0
0
13
2
0
1
4
3
40
3
4
0
3
1
1
26
2
25
4
15
21
12
5
28
1
53
4
2
4
3
10
19
40
2
0
3
2
2
0
1
0
2
3
2
28
1
2
12
3
1
0
1
3
0
1
4
35
4
13
3
33
0
12
0
51
25
4
4
2
1
4
4
0
0
1
0
42
1
3
1
0
0
1
4
2
1
3
3
2
2
7
3
2
23
0
19
2
8
2
36
0
4
0
1
1
21
0
4
14
4
34
1
50
24
4
6
37
4
0
30
1
3
46
26
0
2
16
1
2
1
32
0
3
13
4
6
2
4
1
4
3
1
0
2
0
3
27
0
2
39
3
1
0
21
4
0
4
0
34
3
48
4
0
14
1
23
4
41
2
3
22
1
2
6
0
1
1
28
67
12
1
43
4
41
2
27
0
3
3
0
21
42
18
2
13
2
3
36
2
4
0
1
36
0
0
3
8
32
3
27
0
0
17
4
4
2
9
0
44
45
40
3
3
2
12
2
3
45
53
38
0
0
1
5
6
3
3
0
4
2
0
27
1
3
38
4
1
20
24
3
0
17
4
32
16
27
4
4
3
7
8
9
1
21
4
1
3
1
7
20
15
3
1
4
4
2
16
25
36
4
27
3
1
0
21
44
51
3
25
14
16
4
1
2
4
3
1
0
4
7
2
12
3
32
39
0
23
4
0
2
3
1
2
0
17
1
3
0
3
0
1
1
2
4
4
31
27
0
4
2
44
3
3
0
1
0
2
2
7
3
3
0
3
0
0
0
26
17
35
1
9
0
1
3
24
2
1
18
0
0
21
34
0
12
0
3
2
3
2
0
2
10
2
0
3
9
30
3
17
4
7
36
37
3
41
19
4
0
0
6
49
0
0
22
4
1
3
0
2
4
23
1
23
33
31
1
16
2
11
3
1
5
1
14
22
33
3
0
3
0
30
4
17
4
45
12
1
4
38
5
31
1
0
53
40
3
3
34
0
40
24
32
4
9
0
5
3
4
0
20
0
1
42
1
4
4
1
2
2
0
3
2
3
1
1
19
4
8
2
1
2
1
2
0
0
2
36
2
15
0
0
1
2
0
1
26
4
3
2
2
0
1
1
0
2
1
13
50
3
32
4
27
4
1
4
46
24
0
2
0
1
39
0
1
1
3
4
1
3
42
0
0
0
3
12
10
3
4
4
2
4
22
28
9
1
51
0
2
3
1
63
0
8
0
24
0
2
32
13
25
4
4
3
4
57
7
0
25
14
21
1
0
4
33
4
3
9
1
12
4
21
2
2
3
27
2
26
4
0
0
1
30
37
2
11
3
18
1
28
3
30
43
35
0
1
1
48
0
0
35
0
1
33
33
1
2
16
0
0
1
45
0
15
27
2
4
2
3
3
2
18
1
3
65
46
0
0
0
1
4
1
9
0
0
0
10
3
0
1
0
0
3
2
4
3
11
2
2
0
25
46
18
4
2
0
27
63
1
19
3
0
38
2
4
3
2
4
3
2
2
3
4
64
4
2
6
16
2
1
0
4
8
4
0
0
0
2
4
4
32
0
2
32
0
42
7
13
3
3
0
2
4
39
1
39
1
26
27
2
2
2
2
2
4
1
4
1
2
2
15
3
35
7
2
10
2
11
1
3
1
3
1
48
4
3
3
42
16
46
4
22
2
1
2
3
0
1
1
3
6
1
4
25
9
2
13
2
2
2
3
21
71
15
9
14
2
4
0
9
11
0
0
0
3
15
2
4
0
0
1
2
23
4
13
3
48
1
3
1
4
2
1
11
0
12
3
4
23
0
1
23
0
2
2
0
0
0
1
1
2
15
2
30
3
0
0
3
3
18
41
4
21
10
2
3
1
42
38
1
4
9
1
0
7
3
3
3
45
0
11
38
3
0
4
3
2
4
4
1
1
46
0
0
39
0
3
19
20
4
0
0
51
16
43
4
4
2
0
14
13
3
2
0
1
3
3
40
4
3
4
4
3
17
4
4
35
3
2
3
0
4
26
0
8
0
2
13
10
9
0
7
1
8
21
3
0
38
10
2
1
3
25
4
2
4
0
22
2
23
1
2
4
2
2
0
37
2
41
1
3
0
33
44
4
1
7
2
3
0
10
0
2
23
11
2
43
1
0
0
36
0
0
42
11
43
9
7
1
0
1
1
3
1
1
3
1
1
4
2
12
4
37
4
1
61
11
0
0
4
1
64
2
16
14
27
1
6
2
1
25
0
4
0
2
12
24
3
4
2
0
2
2
2
25
6
2
2
36
17
9
0
3
13
2
1
2
1
23
12
3
3
4
1
2
20
3
1
2
2
1
28
2
2
22
3
56
4
2
4
6
3
15
1
3
2
3
1
0
1
2
1
31
4
1
0
0
2
36
0
35
4
1
13
3
3
31
2
42
18
0
0
3
1
4
0
0
0
1
3
2
4
2
1
29
2
4
2
0
2
1
29
1
0
6
11
33
13
0
1
3
12
2
0
1
2
0
1
68
4
1
3
0
3
4
4
2
22
16
17
1
2
8
35
3
0
0
18
1
1
3
32
4
25
1
22
2
0
4
0
2
2
13
0
17
0
14
21
34
2
1
2
8
4
3
7
0
3
36
1
4
31
2
11
4
12
1
0
2
2
42
14
2
4
1
0
4
1
3
1
0
2
33
4
22
2
0
27
2
3
18
25
1
1
0
12
0
1
0
4
4
0
2
3
1
2
50
0
1
0
7
2
3
0
0
1
4
32
2
4
9
5
1
0
4
4
33
11
19
2
2
2
38
42
2
0
1
2
4
3
1
2
0
2
2
4
2
10
1
0
2
4
2
1
0
18
4
3
1
2
0
2
5
3
17
31
2
0
11
0
31
4
7
4
15
8
8
26
30
0
8
1
15
3
1
1
1
40
1
12
1
1
32
4
1
54
3
3
17
0
66
3
4
50
22
31
28
1
6
1
1
0
4
18
2
2
1
16
0
2
14
4
1
0
2
10
3
1
3
4
0
16
4
0
4
4
9
0
16
2
3
1
0
6
42
3
0
38
4
2
3
3
34
4
2
8
1
1
0
3
39
4
4
32
2
3
3
2
0
2
28
33
1
0
2
3
23
0
1
24
2
0
4
2
4
0
1
4
10
4
2
4
0
3
0
2
1
3
0
0
1
3
1
4
1
47
0
2
12
33
3
2
2
2
2
0
1
2
2
4
0
29
4
3
4
0
54
40
1
7
37
29
0
0
3
1
2
21
1
2
10
3
3
13
4
0
0
4
0
22
3
19
3
0
12
3
3
19
4
11
25
9
2
3
4
1
4
42
25
3
1
2
3
1
1
1
2
3
47
0
2
0
2
1
1
3
29
0
0
31
2
0
35
22
10
1
4
44
4
2
23
0
4
1
31
2
17
2
45
2
1
9
0
4
0
0
2
35
0
4
34
43
2
1
0
4
13
2
21
0
3
29
43
2
3
8
2
1
4
51
9
3
30
2
0
42
3
3
3
3
1
50
25
1
1
4
4
30
40
2
0
1
3
2
0
21
2
12
1
31
40
14
2
0
2
1
1
30
0
2
2
32
0
1
0
24
3
3
4
10
4
3
1
15
1
12
9
2
5
51
34
38
5
2
1
4
4
1
2
2
4
0
38
47
8
12
0
0
31
4
3
3
3
7
4
1
40
3
0
4
1
27
2
30
44
0
1
0
21
10
46
30
19
40
20
4
1
4
4
27
17
28
1
19
2
2
3
1
0
20
2
1
3
3
3
1
2
39
36
23
26
2
1
7
34
0
2
1
20
3
0
4
3
14
4
2
38
3
2
5
11
34
3
22
4
2
1
4
35
20
4
4
1
7
3
4
1
4
62
4
2
1
3
29
4
33
40
18
16
2
52
55
3
28
1
1
0
2
4
3
3
1
0
2
0
4
20
6
0
0
1
2
1
4
0
2
23
6
1
3
2
12
0
26
5
4
0
0
0
4
43
2
0
32
2
1
41
4
1
0
0
1
33
0
1
12
3
8
20
