20 2000
1 2
2 3
1 4
3 5
2 6
3 7
7 8
4 9
6 10
8 11
9 12
8 13
7 14
6 15
1 16
16 17
9 18
14 19
11 20
73 5 24 52 11 96 77 35 97 60 27 89 83 37 56 43 75 35 57 76
4 1 82
8 1 69
10 1 44
10 1 11
12 1 62
9 1 2
19 1 39
14 1 14
20 1 84
19 1 96
14 1 25
3 1 63
7 1 80
8 1 20
12 1 5
7 1 73
19 1 83
4 1 85
19 1 44
11 1 6
4 1 76
6 1 1
12 1 53
14 1 51
1 1 68
15 1 11
14 1 43
1 1 25
14 1 64
10 1 47
17 1 91
11 1 15
10 1 81
13 1 64
11 1 79
8 1 41
7 1 66
13 1 61
2 1 79
12 1 50
5 1 45
3 1 39
12 1 47
11 1 36
6 1 18
19 1 26
8 1 70
7 1 1
3 1 36
5 1 34
2 1 24
18 1 99
2 1 10
15 1 16
8 1 96
2 1 80
20 1 47
1 1 68
17 1 69
11 1 12
10 1 22
9 1 15
14 1 70
8 1 98
1 1 1
10 1 70
16 1 96
5 1 80
4 1 88
2 1 62
11 1 78
6 1 51
20 1 52
19 1 99
12 1 87
9 1 19
4 1 35
19 1 85
3 1 5
11 1 57
3 1 51
14 1 1
20 1 32
19 1 96
16 1 66
14 1 5
10 1 76
9 1 76
10 1 3
17 1 55
10 1 86
8 1 19
5 1 33
13 1 84
16 1 45
15 1 94
8 1 32
6 1 96
20 1 62
13 1 81
19 1 91
7 1 76
5 1 94
7 1 76
10 1 91
4 1 94
14 1 28
20 1 38
11 1 78
13 1 29
9 1 100
20 1 2
2 1 28
6 1 11
9 1 88
8 1 39
7 1 86
5 1 3
1 1 75
2 1 60
18 1 57
6 1 70
10 1 2
17 1 23
3 1 61
11 1 94
5 1 74
8 1 93
19 1 40
5 1 16
1 1 73
19 1 43
7 1 49
8 1 79
4 1 17
16 1 66
20 1 97
5 1 18
7 1 62
16 1 24
9 1 70
3 1 20
5 1 36
20 1 68
20 1 45
6 1 19
5 1 64
11 1 80
17 1 8
15 1 11
18 1 64
2 1 52
2 1 48
8 1 80
12 1 29
16 1 59
6 1 3
20 1 55
1 1 27
8 1 51
17 1 63
13 1 93
4 1 85
15 1 98
2 1 71
19 1 56
4 1 54
16 1 73
14 1 90
18 1 37
4 1 90
12 1 87
16 1 75
6 1 41
8 1 100
3 1 20
8 1 33
20 1 74
16 1 83
14 1 50
3 1 67
7 1 17
15 1 64
20 1 50
3 1 9
3 1 91
6 1 23
7 1 81
20 1 33
1 1 52
8 1 63
10 1 22
13 1 41
13 1 45
18 1 28
7 1 32
19 1 63
10 1 23
16 1 82
16 1 73
17 1 22
12 1 2
2 1 50
16 1 9
8 1 91
7 1 39
18 1 88
16 1 61
3 1 25
8 1 41
8 1 4
17 1 27
16 1 23
16 1 54
19 1 4
13 1 87
13 1 55
5 1 15
9 1 8
17 1 6
13 1 58
7 1 3
20 1 51
13 1 69
4 1 13
19 1 39
10 1 10
20 1 75
14 1 33
5 1 52
4 1 92
3 1 23
7 1 62
3 1 72
20 1 89
19 1 73
8 1 60
18 1 26
13 1 82
9 1 77
8 1 49
9 1 67
9 1 73
4 1 64
17 1 48
16 1 71
7 1 59
1 1 53
2 1 49
10 1 42
7 1 28
19 1 84
17 1 85
1 1 92
17 1 40
3 1 31
8 1 69
19 1 65
8 1 7
7 1 89
15 1 30
13 1 25
6 1 96
7 1 50
5 1 80
6 1 62
12 1 28
20 1 75
15 1 22
18 1 82
8 1 3
20 1 87
19 1 81
10 1 21
15 1 48
8 1 34
11 1 48
4 1 4
12 1 35
10 1 9
17 1 88
3 1 61
16 1 76
10 1 25
1 1 12
11 1 81
12 1 51
17 1 25
14 1 14
20 1 58
15 1 42
10 1 86
11 1 73
2 1 59
19 1 37
19 1 37
15 1 46
7 1 39
16 1 85
19 1 21
20 1 45
15 1 11
19 1 52
5 1 65
7 1 59
14 1 46
20 1 2
19 1 35
11 1 35
5 1 30
10 1 27
14 1 39
12 1 59
2 1 13
5 1 62
12 1 23
20 1 54
1 1 19
10 1 42
17 1 8
5 1 13
4 1 88
3 1 87
6 1 39
11 1 78
14 1 58
15 1 77
18 1 91
10 1 60
8 1 84
18 1 14
14 1 70
1 1 34
8 1 6
4 1 50
17 1 24
13 1 28
18 1 76
12 1 37
19 1 98
16 1 43
9 1 82
14 1 16
20 1 57
9 1 46
18 1 26
8 1 29
10 1 7
18 1 51
8 1 56
15 1 12
2 1 21
12 1 84
2 1 100
3 1 47
1 1 86
11 1 19
1 1 6
11 1 49
8 1 19
19 1 38
6 1 19
7 1 18
15 1 77
6 1 75
20 1 17
15 1 96
11 1 84
1 1 27
20 1 81
3 1 26
9 1 39
19 1 50
17 1 44
10 1 90
16 1 21
13 1 74
10 1 50
11 1 46
6 1 80
12 1 86
2 1 28
1 1 48
19 1 71
15 1 96
12 1 66
13 1 94
9 1 23
2 1 49
4 1 41
6 1 12
11 1 72
17 1 97
15 1 97
8 1 57
17 1 81
7 1 39
7 1 35
2 1 96
16 1 28
1 1 67
9 1 12
7 1 35
1 1 43
6 1 19
4 1 41
15 1 47
9 1 79
19 1 57
19 1 89
18 1 3
8 1 35
17 1 96
12 1 42
12 1 18
3 1 84
12 1 13
7 1 65
1 1 3
12 1 36
11 1 49
7 1 67
14 1 29
5 1 61
9 1 88
3 1 63
12 1 52
3 1 85
1 1 8
9 1 84
20 1 35
17 1 70
2 1 65
20 1 64
9 1 69
18 1 74
8 1 39
14 1 44
16 1 9
19 1 34
12 1 44
12 1 45
4 1 40
1 1 76
6 1 28
12 1 91
16 1 12
3 1 70
14 1 23
9 1 45
1 1 53
17 1 38
15 1 10
10 1 15
20 1 48
18 1 5
16 1 92
2 1 23
11 1 30
8 1 45
16 1 47
11 1 34
2 1 50
4 1 27
20 1 38
3 1 23
16 1 38
15 1 29
11 1 52
4 1 72
17 1 24
15 1 84
19 1 5
17 1 17
10 1 4
9 1 32
16 1 16
1 1 100
6 1 69
8 1 84
6 1 28
18 1 42
12 1 8
4 1 61
14 1 48
16 1 64
14 1 78
7 1 16
20 1 94
19 1 100
18 1 77
1 1 20
17 1 15
16 1 89
15 1 36
6 1 100
8 1 98
5 1 73
9 1 16
1 1 25
12 1 36
19 1 61
12 1 27
20 1 30
3 1 30
6 1 70
18 1 91
9 1 44
4 1 51
12 1 55
9 1 77
17 1 57
9 1 16
8 1 98
8 1 56
11 1 98
19 1 9
13 1 86
6 1 76
3 1 20
3 1 28
18 1 77
11 1 80
4 1 64
19 1 97
12 1 84
12 1 39
3 1 68
16 1 66
3 1 19
13 1 5
3 1 26
8 1 13
14 1 38
20 1 39
6 1 90
17 1 92
5 1 100
10 1 98
7 1 48
2 1 93
8 1 70
3 1 64
7 1 21
11 1 53
13 1 19
7 1 67
17 1 31
4 1 79
11 1 86
2 1 54
14 1 68
4 1 96
2 1 3
10 1 83
20 1 86
7 1 16
8 1 50
7 1 55
10 1 27
12 1 59
11 1 50
8 1 78
5 1 49
19 1 13
5 1 38
3 1 24
20 1 10
18 1 61
4 1 69
4 1 35
14 1 95
1 1 9
2 1 30
10 1 31
19 1 50
17 1 67
14 1 2
20 1 33
17 1 18
14 1 20
7 1 97
12 1 21
16 1 34
13 1 55
12 1 64
5 1 98
6 1 18
14 1 22
10 1 43
20 1 93
19 1 86
10 1 37
4 1 62
2 1 27
3 1 87
6 1 43
17 1 9
18 1 30
8 1 58
4 1 69
15 1 54
18 1 42
16 1 79
9 1 37
13 1 13
4 1 41
4 1 71
10 1 19
13 1 93
2 1 40
4 1 6
4 1 49
8 1 24
16 1 43
9 1 74
11 1 100
2 1 76
7 1 75
8 1 20
13 1 42
17 1 4
17 1 66
14 1 48
18 1 23
16 1 76
9 1 31
8 1 86
9 1 68
2 1 27
16 1 54
6 1 18
13 1 41
1 1 5
6 1 71
16 1 14
18 1 57
16 1 33
15 1 79
16 1 86
15 1 28
5 1 99
17 1 73
3 1 19
12 1 69
20 1 46
4 1 45
17 1 12
12 1 90
19 1 28
4 1 90
18 1 75
9 1 31
20 1 75
13 1 20
1 1 53
9 1 92
19 1 97
2 1 43
16 1 34
10 1 95
1 1 40
16 1 24
12 1 84
7 1 4
4 1 9
13 1 24
16 1 48
8 1 43
11 1 58
6 1 60
16 1 63
5 1 27
5 1 100
4 1 94
20 1 1
15 1 39
3 1 4
7 1 49
14 1 22
5 1 2
13 1 75
10 1 13
13 1 66
19 1 60
19 1 38
7 1 54
17 1 94
20 1 4
12 1 60
2 1 72
15 1 6
14 1 44
6 1 91
20 1 39
10 1 10
7 1 63
6 1 77
9 1 88
3 1 36
18 1 50
15 1 76
3 1 58
14 1 58
6 1 12
3 1 68
7 1 6
4 1 78
19 1 46
2 1 33
13 1 66
14 1 36
20 1 74
12 1 90
7 1 35
13 1 35
17 1 45
16 1 87
4 1 65
4 1 50
20 1 40
16 1 75
5 1 59
9 1 79
5 1 53
10 1 86
7 1 62
9 1 46
9 1 76
13 1 75
5 1 90
5 1 38
11 1 21
16 1 39
15 1 61
15 1 51
20 1 82
6 1 38
5 1 4
5 1 56
5 1 25
4 1 42
15 1 50
7 1 44
20 1 54
13 1 78
1 1 85
16 1 53
2 1 43
7 1 33
11 1 95
8 1 92
5 1 42
1 1 22
12 1 28
12 1 98
12 1 90
9 1 51
2 1 65
2 1 2
4 1 3
2 1 36
1 1 63
10 1 20
18 1 43
19 1 77
17 1 24
15 1 45
2 1 7
9 1 32
17 1 88
17 1 68
8 1 54
15 1 75
15 1 84
5 1 26
1 1 57
12 1 96
8 1 10
12 1 25
18 1 14
4 1 73
3 1 97
16 1 86
7 1 86
17 1 33
15 1 49
10 1 33
17 1 52
8 1 25
4 1 12
5 1 9
4 1 21
2 1 72
15 1 37
3 1 47
12 1 27
9 1 2
16 1 69
12 1 4
13 1 69
19 1 24
8 1 30
12 1 30
9 1 89
13 1 82
12 1 11
13 1 58
4 1 18
10 1 26
18 1 63
14 1 50
18 1 65
9 1 43
12 1 87
6 1 50
15 1 97
6 1 86
1 1 48
7 1 72
5 1 87
9 1 87
5 1 87
6 1 51
17 1 33
18 1 33
8 1 21
20 1 26
12 1 16
2 1 80
7 1 77
13 1 99
9 1 45
2 1 70
17 1 15
1 1 27
5 1 7
11 1 46
2 1 67
8 1 53
20 1 99
3 1 36
9 1 70
20 1 25
5 1 96
1 1 65
4 1 98
7 1 39
5 1 38
16 1 86
9 1 53
20 1 58
11 1 25
4 1 9
20 1 51
5 1 76
11 1 54
18 1 45
11 1 45
19 1 52
7 1 78
13 1 5
13 1 70
15 1 28
8 1 42
15 1 90
11 1 35
4 1 11
15 1 58
5 1 40
15 1 35
4 1 77
12 1 46
4 1 70
10 1 34
12 1 2
8 1 24
9 1 79
1 1 63
8 1 76
18 1 89
8 1 18
6 1 80
16 1 81
13 1 72
19 1 4
7 1 32
5 1 46
14 1 9
20 1 57
7 1 65
10 1 87
19 1 84
3 1 76
1 1 64
19 1 46
11 1 2
9 1 6
9 1 68
10 1 7
20 1 52
16 1 86
19 1 56
12 1 97
5 1 42
19 1 86
19 1 29
8 1 69
2 1 52
10 1 89
2 1 99
4 1 84
14 1 66
13 1 7
9 1 84
3 1 82
16 1 85
17 1 82
12 1 13
8 1 93
13 1 27
6 1 80
2 1 32
10 1 29
16 1 39
13 1 25
9 1 39
10 1 81
18 1 26
18 1 27
2 1 87
10 1 7
11 1 29
10 1 22
2 1 92
8 1 14
11 1 82
3 1 19
11 1 87
19 1 54
20 1 29
9 1 15
8 1 83
12 1 87
16 1 93
19 1 44
12 1 62
19 1 12
16 1 97
14 1 6
4 1 3
2 1 66
15 1 53
13 1 76
9 1 48
7 1 28
19 1 13
2 1 43
4 1 94
12 1 16
12 1 46
10 1 79
18 1 57
7 1 7
13 1 76
5 1 24
2 1 88
19 1 20
5 1 28
11 1 11
5 1 85
16 1 6
2 1 31
13 1 44
9 1 25
16 1 9
19 1 74
12 1 65
10 1 17
3 1 98
8 1 31
15 1 18
17 1 96
1 1 71
12 1 15
9 1 9
18 1 84
19 1 36
7 1 96
5 1 11
17 1 52
1 1 11
14 1 20
19 1 52
10 1 85
7 1 37
1 1 15
6 1 77
7 1 67
11 1 74
10 1 5
14 1 35
11 1 93
16 1 66
2 1 44
12 1 13
20 1 62
1 1 48
10 1 76
18 1 3
3 1 30
1 1 4
14 1 2
6 1 86
18 1 46
5 1 60
12 1 12
19 1 75
15 1 34
12 1 75
6 1 10
2 1 66
1 1 23
7 1 24
3 1 7
10 1 72
2 1 5
13 1 88
5 1 11
14 1 16
3 1 40
5 1 73
16 1 15
15 1 17
17 1 30
20 1 8
5 1 99
10 1 35
4 1 3
5 1 36
1 1 91
1 1 41
14 1 56
9 1 21
18 1 10
8 1 12
3 1 56
13 1 1
9 1 42
12 1 38
10 1 56
11 1 73
17 1 9
7 1 93
8 1 50
17 1 7
7 1 42
10 1 48
5 1 58
1 1 45
2 1 10
17 1 54
1 1 38
10 1 53
20 1 10
10 1 64
10 1 43
15 1 93
2 1 4
7 1 96
5 1 50
5 1 94
4 1 46
19 1 42
6 1 15
1 1 39
5 1 60
10 1 28
4 1 19
12 1 72
2 1 79
7 1 72
5 1 43
9 1 51
18 1 16
4 1 43
5 1 97
10 1 89
19 1 83
19 1 10
18 1 14
18 1 48
8 1 58
14 1 73
2 1 35
14 1 16
8 1 53
8 1 58
4 1 40
10 1 24
6 1 23
13 1 14
19 1 71
4 1 55
17 1 92
19 1 90
13 1 79
17 1 35
13 1 13
13 1 37
19 1 55
2 1 60
15 1 75
4 1 78
15 1 50
16 1 51
11 1 91
3 1 7
1 1 13
18 1 45
18 1 9
3 1 10
1 1 80
14 1 90
12 1 60
18 1 56
14 1 23
7 1 15
1 1 38
18 1 80
8 1 26
20 1 11
2 1 8
18 1 95
5 1 20
7 1 50
8 1 49
7 1 15
16 1 65
10 1 42
1 1 96
2 1 61
7 1 60
20 1 80
15 1 98
11 1 66
14 1 84
16 1 37
5 1 40
4 1 41
15 1 6
6 1 68
5 1 44
12 1 33
9 1 44
20 1 63
2 1 76
17 1 7
14 1 26
8 1 83
17 1 43
1 1 83
10 1 95
7 1 89
18 1 23
16 1 97
7 1 65
9 1 43
11 1 87
15 1 15
13 1 10
9 1 88
3 1 82
2 1 100
16 1 85
12 1 63
12 1 43
9 1 61
9 1 7
20 1 48
11 1 42
8 1 16
6 1 81
2 1 78
20 1 28
13 1 21
11 1 89
19 1 95
3 1 59
11 1 19
17 1 45
16 1 98
19 1 33
12 1 37
8 1 9
12 1 1
1 1 61
4 1 63
7 1 97
11 1 15
14 1 83
15 1 1
1 1 64
6 1 77
17 1 16
18 1 84
4 1 79
13 1 81
17 1 49
17 1 77
6 1 41
16 1 25
20 1 20
15 1 34
3 1 72
10 1 27
9 1 64
17 1 67
14 1 64
15 1 24
13 1 22
8 1 45
19 1 39
14 1 100
10 1 97
4 1 25
16 1 49
3 1 2
6 1 98
4 1 36
12 1 17
16 1 52
7 1 39
11 1 23
17 1 13
15 1 7
11 1 11
20 1 22
8 1 36
17 1 66
9 1 12
2 1 3
11 1 30
13 1 79
8 1 71
2 1 37
18 1 90
20 1 84
13 1 84
13 1 26
1 1 2
16 1 87
17 1 28
5 1 24
5 1 51
12 1 74
10 1 3
1 1 56
19 1 51
11 1 83
19 1 46
18 1 41
19 1 32
1 1 88
7 1 73
6 1 23
20 1 49
11 1 8
13 1 56
3 1 48
14 1 6
5 1 35
8 1 25
1 1 31
2 1 4
6 1 71
10 1 30
19 1 10
3 1 55
16 1 79
8 1 85
12 1 87
3 1 81
15 1 77
17 1 13
19 1 40
18 1 73
18 1 31
11 1 44
9 1 42
18 1 53
3 1 92
6 1 20
6 1 93
3 1 21
15 1 19
2 1 10
19 1 94
5 1 77
15 1 77
5 1 96
3 1 89
20 1 41
16 1 45
3 1 59
9 1 81
19 1 79
2 1 39
2 1 47
19 1 29
12 1 91
7 1 83
18 1 99
19 1 63
2 1 60
16 1 49
18 1 46
18 1 68
16 1 99
11 1 27
11 1 97
3 1 32
17 1 55
8 1 77
17 1 43
8 1 76
14 1 96
13 1 29
7 1 88
1 1 68
8 1 84
5 1 100
8 1 43
5 1 65
2 1 93
10 1 64
11 1 41
19 1 59
9 1 22
1 1 16
18 1 87
6 1 36
10 1 47
18 1 78
4 1 35
15 1 94
15 1 56
2 1 50
4 1 70
11 1 82
2 1 86
11 1 89
1 1 32
14 1 9
17 1 100
7 1 16
18 1 22
11 1 44
17 1 43
11 1 31
13 1 45
2 1 32
19 1 54
18 1 13
15 1 50
18 1 87
4 1 52
1 1 14
16 1 64
4 1 86
5 1 35
13 1 16
3 1 12
17 1 83
6 1 69
14 1 97
17 1 7
10 1 30
19 1 32
16 1 36
8 1 11
2 1 64
1 1 31
11 1 53
1 1 11
3 1 9
4 1 64
11 1 16
10 1 75
5 1 7
13 1 82
1 1 42
12 1 14
19 1 12
20 1 80
19 1 43
8 1 90
2 1 59
13 1 1
2 1 73
20 1 38
7 1 72
13 1 66
4 1 85
7 1 86
18 1 57
3 1 89
20 1 59
17 1 70
11 1 29
10 1 83
16 1 18
17 1 25
19 1 100
20 1 65
7 1 77
12 1 64
7 1 5
15 1 1
11 1 59
20 1 80
14 1 70
7 1 87
14 1 59
13 1 38
19 1 92
14 1 7
4 1 50
5 1 77
2 1 61
19 1 15
16 1 50
18 1 37
8 1 73
20 1 27
1 1 73
19 1 48
10 1 29
1 1 32
14 1 31
3 1 86
16 1 95
1 1 5
11 1 28
19 1 52
2 1 49
11 1 36
18 1 33
18 1 11
16 1 62
15 1 12
13 1 12
8 1 22
1 1 38
1 1 42
20 1 56
11 1 42
19 1 100
3 1 55
7 1 38
20 1 62
7 1 35
15 1 78
3 1 63
5 1 7
2 1 7
19 1 19
11 1 53
12 1 99
7 1 54
18 1 70
13 1 82
11 1 46
11 1 34
3 1 83
7 1 63
18 1 88
8 1 54
2 1 43
3 1 30
14 1 59
3 1 68
8 1 52
16 1 91
11 1 89
4 1 17
18 1 66
19 1 83
5 1 49
1 1 84
15 1 61
4 1 31
20 1 41
16 1 93
19 1 19
18 1 85
18 1 43
18 1 78
18 1 96
4 1 30
19 1 42
4 1 60
10 1 1
17 1 58
5 1 80
20 1 16
7 1 88
7 1 25
1 1 40
2 1 86
18 1 47
6 1 31
3 1 97
9 1 32
5 1 97
15 1 97
1 1 54
9 1 55
5 1 30
16 1 60
8 1 55
1 1 66
9 1 55
13 1 39
12 1 50
9 1 22
9 1 83
12 1 80
11 1 21
18 1 6
10 1 51
19 1 1
3 1 63
5 1 53
17 1 61
15 1 63
5 1 46
7 1 59
9 1 68
2 1 95
5 1 40
17 1 89
5 1 92
7 1 88
20 1 24
6 1 92
4 1 10
19 1 89
13 1 21
13 1 58
6 1 4
17 1 75
12 1 16
2 1 59
3 1 63
10 1 24
2 1 34
17 1 52
17 1 43
16 1 59
14 1 63
19 1 89
5 1 17
8 1 35
18 1 6
12 1 42
3 1 47
6 1 55
4 1 38
2 1 59
15 1 88
14 1 64
8 1 18
9 1 34
11 1 68
14 1 49
18 1 78
6 1 1
13 1 36
14 1 74
8 1 53
12 1 39
2 1 89
11 1 46
18 1 67
13 1 52
14 1 82
5 1 52
19 1 36
5 1 16
3 1 98
17 1 28
18 1 33
13 1 30
19 1 10
2 1 7
10 1 48
12 1 75
11 1 15
11 1 28
1 1 24
13 1 66
20 1 51
13 1 79
15 1 7
19 1 19
5 1 38
14 1 6
13 1 79
17 1 85
13 1 87
9 1 2
3 1 4
3 1 87
14 1 82
19 1 99
11 1 88
8 1 25
3 1 56
10 1 15
13 1 69
14 1 62
3 1 27
8 1 1
7 1 91
11 1 55
4 1 99
10 1 5
6 1 47
16 1 12
9 1 85
2 1 43
11 1 7
14 1 73
5 1 29
14 1 49
7 1 68
6 1 86
11 1 34
6 1 12
13 1 49
7 1 5
16 1 72
10 1 14
20 1 72
15 1 65
19 1 99
1 1 54
1 1 40
3 1 25
1 1 80
9 1 37
12 1 29
20 1 54
17 1 75
15 1 3
20 1 11
6 1 77
18 1 56
3 1 54
5 1 35
18 1 80
14 1 40
2 1 88
18 1 83
6 1 54
14 1 61
8 1 24
6 1 74
2 1 45
4 1 74
19 1 18
18 1 54
10 1 18
2 1 20
18 1 47
7 1 85
7 1 18
16 1 62
14 1 56
12 1 100
9 1 25
12 1 9
5 1 24
4 1 55
8 1 33
19 1 38
6 1 39
17 1 42
9 1 77
12 1 3
14 1 75
10 1 67
2 1 38
3 1 83
10 1 6
15 1 97
7 1 60
2 1 98
4 1 99
5 1 54
6 1 92
13 1 29
20 1 22
11 1 21
3 1 40
14 1 40
9 1 81
3 1 72
5 1 87
9 1 31
6 1 42
13 1 20
9 1 87
12 1 74
17 1 53
13 1 16
6 1 94
4 1 44
8 1 39
2 1 57
16 1 66
11 1 5
3 1 33
11 1 75
12 1 83
19 1 39
17 1 92
4 1 54
12 1 45
10 1 47
6 1 71
4 1 61
19 1 99
19 1 76
2 1 85
3 1 87
5 1 57
16 1 78
19 1 72
5 1 4
9 1 86
1 1 43
13 1 42
20 1 65
20 1 51
12 1 4
16 1 13
6 1 2
17 1 21
14 1 20
6 1 99
17 1 29
1 1 43
19 1 36
2 1 78
16 1 51
15 1 27
5 1 23
14 1 65
12 1 51
1 1 9
2 1 78
12 1 82
20 1 66
2 1 60
17 1 42
19 1 60
6 1 48
14 1 18
16 1 89
6 1 86
4 1 50
17 1 100
19 1 1
2 1 61
20 1 68
8 1 89
16 1 73
4 1 92
13 1 52
7 1 34
9 1 53
14 1 82
17 1 77
3 1 10
12 1 73
13 1 82
17 1 87
20 1 75
1 1 31
9 1 40
9 1 66
11 1 12
15 1 45
12 1 2
19 1 82
5 1 78
17 1 30
15 1 76
8 1 26
3 1 65
18 1 67
8 1 69
20 1 87
10 1 35
1 1 24
7 1 95
20 1 40
20 1 41
18 1 10
5 1 64
15 1 84
6 1 36
18 1 50
19 1 58
9 1 64
16 1 52
13 1 42
17 1 48
1 1 51
1 1 34
12 1 38
4 1 57
7 1 22
5 1 17
13 1 9
5 1 31
15 1 62
5 1 24
11 1 2
12 1 93
11 1 96
9 1 90
4 1 47
16 1 94
17 1 12
7 1 82
5 1 11
18 1 66
20 1 73
3 1 42
10 1 98
7 1 23
9 1 59
14 1 70
14 1 11
9 1 92
15 1 84
6 1 65
5 1 53
14 1 90
18 1 97
13 1 57
9 1 30
9 1 96
15 1 55
10 1 26
14 1 15
17 1 64
18 1 45
4 1 46
1 1 30
4 1 19
1 1 40
18 1 90
20 1 58
11 1 6
7 1 14
15 1 70
1 1 27
9 1 69
9 1 80
20 1 28
4 1 19
5 1 24
15 1 73
19 1 55
8 1 81
14 1 52
16 1 63
7 1 60
6 1 41
3 1 51
15 1 33
5 1 47
19 1 25
11 1 34
4 1 39
4 1 88
18 1 58
12 1 26
13 1 100
2 1 81
1 1 7
4 1 34
5 1 55
15 1 98
9 1 53
1 1 20
2 1 38
15 1 30
6 1 79
20 1 67
17 1 57
5 1 9
8 1 87
16 1 38
19 1 27
3 1 70
18 1 40
17 1 54
16 1 77
3 1 85
17 1 97
2 1 29
20 1 22
13 1 16
17 1 4
12 1 35
4 1 72
5 1 20
10 1 69
6 1 31
9 1 59
14 1 64
8 1 49
10 1 16
10 1 84
1 1 62
14 1 28
10 1 17
13 1 21
6 1 33
17 1 72
5 1 53
9 1 33
9 1 40
16 1 61
9 1 16
7 1 65
1 1 52
1 1 55
15 1 33
9 1 80
6 1 56
4 1 53
8 1 64
15 1 12
20 1 31
13 1 23
14 1 64
2 1 16
6 1 95
19 1 64
5 1 76
13 1 74
9 1 20
12 1 58
13 1 45
12 1 52
15 1 41
8 1 92
20 1 21
7 1 19
11 1 32
15 1 58
1 1 23
17 1 81
6 1 76
8 1 88
14 1 100
9 1 12
19 1 77
16 1 69
18 1 40
13 1 87
3 1 34
10 1 30
13 1 55
19 1 98
1 1 43
7 1 74
11 1 27
1 1 32
2 1 22
7 1 54
16 1 41
10 1 54
3 1 35
3 1 5
15 1 5
6 1 86
16 1 76
5 1 76
7 1 45
18 1 47
20 1 23
16 1 51
9 1 72
