20 2000
1 2
2 3
3 4
1 5
4 6
4 7
2 8
3 9
9 10
9 11
7 12
10 13
5 14
12 15
15 16
7 17
1 18
15 19
8 20
8 4 4 4 3 9 5 10 2 1 7 1 3 10 10 2 7 6 6 8
8 1 30
5 1 44
11 1 98
19 1 18
3 1 66
15 1 42
4 1 54
9 1 91
20 1 10
20 1 6
13 1 99
10 1 40
15 1 58
20 1 77
14 1 19
6 1 6
7 1 33
12 1 50
2 1 77
12 1 34
4 1 93
2 1 16
18 1 50
4 1 33
17 1 81
7 1 100
6 1 91
10 1 31
12 1 93
7 1 39
10 1 21
20 1 94
13 1 82
20 1 90
13 1 17
20 1 73
6 1 18
13 1 7
19 1 85
14 1 84
18 1 29
10 1 53
11 1 29
4 1 74
9 1 60
13 1 70
17 1 8
5 1 89
4 1 56
9 1 72
1 1 94
16 1 49
11 1 76
3 1 29
13 1 36
14 1 7
4 1 56
16 1 46
13 1 91
6 1 27
17 1 92
17 1 19
4 1 55
8 1 72
18 1 84
18 1 87
20 1 81
3 1 84
1 1 5
3 1 85
8 1 73
20 1 25
11 1 83
4 1 75
5 1 69
13 1 65
7 1 86
12 1 97
3 1 98
2 1 71
4 1 57
18 1 22
7 1 93
11 1 51
20 1 94
6 1 99
3 1 37
2 1 54
18 1 20
11 1 50
6 1 59
18 1 36
11 1 59
12 1 15
13 1 95
20 1 92
10 1 12
16 1 92
13 1 21
10 1 50
3 1 55
1 1 69
16 1 74
16 1 32
7 1 37
7 1 32
16 1 95
4 1 8
20 1 95
20 1 92
7 1 74
9 1 69
15 1 31
1 1 82
17 1 31
2 1 50
1 1 74
3 1 55
8 1 79
2 1 44
4 1 11
13 1 30
17 1 14
18 1 38
7 1 15
17 1 88
10 1 64
13 1 47
15 1 82
14 1 55
17 1 60
13 1 49
18 1 2
8 1 86
17 1 36
15 1 19
6 1 29
10 1 73
10 1 48
20 1 48
15 1 88
11 1 82
10 1 24
10 1 64
14 1 55
4 1 72
9 1 31
18 1 4
3 1 100
17 1 93
7 1 45
6 1 90
17 1 90
2 1 28
14 1 32
17 1 3
3 1 22
1 1 24
4 1 31
3 1 16
2 1 33
20 1 96
5 1 6
15 1 43
4 1 65
11 1 83
1 1 53
6 1 33
9 1 51
2 1 57
2 1 99
18 1 77
20 1 47
14 1 74
13 1 47
18 1 88
12 1 75
1 1 14
10 1 77
1 1 62
18 1 42
11 1 13
9 1 91
5 1 11
7 1 65
1 1 69
20 1 50
5 1 18
4 1 34
18 1 39
10 1 65
18 1 73
7 1 8
4 1 96
12 1 13
4 1 99
18 1 25
1 1 67
6 1 40
11 1 92
7 1 92
15 1 62
9 1 21
10 1 74
14 1 48
4 1 30
14 1 36
7 1 29
3 1 23
15 1 11
19 1 76
14 1 32
5 1 50
14 1 76
8 1 81
20 1 25
11 1 94
11 1 62
2 1 20
4 1 20
2 1 93
8 1 13
17 1 76
10 1 54
13 1 71
5 1 70
8 1 81
14 1 46
18 1 89
1 1 87
16 1 52
13 1 29
15 1 25
11 1 37
14 1 47
15 1 57
5 1 76
13 1 53
13 1 87
19 1 1
5 1 27
6 1 75
5 1 93
14 1 60
9 1 91
16 1 14
19 1 69
8 1 5
18 1 52
6 1 5
19 1 84
4 1 87
3 1 37
5 1 23
2 1 5
4 1 58
6 1 71
20 1 7
13 1 23
1 1 16
20 1 12
1 1 70
13 1 92
14 1 62
10 1 26
10 1 48
17 1 48
3 1 43
19 1 95
9 1 2
17 1 48
2 1 100
11 1 26
19 1 85
7 1 69
8 1 55
16 1 30
14 1 77
20 1 85
13 1 86
6 1 3
11 1 58
3 1 83
12 1 29
4 1 70
11 1 78
16 1 44
16 1 20
19 1 98
7 1 10
6 1 89
4 1 22
13 1 3
16 1 10
14 1 22
14 1 18
6 1 6
11 1 92
16 1 19
2 1 24
15 1 33
4 1 72
5 1 23
7 1 31
14 1 40
11 1 48
17 1 53
19 1 51
15 1 31
9 1 5
5 1 34
17 1 28
16 1 63
8 1 50
6 1 57
10 1 32
5 1 62
18 1 50
19 1 93
17 1 76
15 1 29
9 1 52
3 1 93
8 1 35
17 1 61
12 1 97
20 1 12
8 1 86
19 1 7
6 1 63
1 1 21
12 1 6
4 1 32
20 1 3
13 1 7
9 1 32
1 1 1
10 1 81
4 1 52
17 1 15
18 1 78
10 1 68
3 1 98
14 1 69
11 1 48
19 1 66
12 1 37
1 1 10
11 1 17
11 1 95
17 1 38
10 1 40
15 1 75
15 1 79
8 1 42
13 1 16
17 1 86
14 1 12
11 1 44
19 1 58
19 1 70
8 1 62
19 1 18
14 1 66
15 1 57
19 1 69
13 1 39
20 1 41
6 1 23
20 1 17
7 1 10
11 1 85
12 1 87
6 1 65
7 1 42
19 1 17
16 1 63
8 1 59
3 1 46
12 1 41
3 1 51
11 1 11
5 1 94
19 1 40
2 1 41
19 1 11
16 1 90
17 1 60
11 1 11
15 1 88
18 1 14
18 1 36
10 1 36
8 1 96
15 1 91
6 1 18
2 1 53
19 1 20
3 1 34
6 1 90
16 1 74
13 1 98
18 1 62
15 1 77
9 1 80
2 1 90
8 1 42
12 1 97
12 1 13
3 1 47
10 1 27
12 1 17
11 1 32
13 1 81
7 1 5
2 1 32
15 1 69
20 1 61
1 1 96
20 1 52
2 1 38
19 1 59
11 1 60
17 1 71
6 1 97
1 1 29
1 1 52
18 1 60
17 1 36
11 1 64
3 1 77
18 1 55
8 1 37
8 1 98
6 1 15
13 1 4
17 1 89
10 1 45
16 1 33
11 1 8
17 1 4
3 1 33
9 1 53
5 1 45
20 1 67
14 1 74
13 1 97
20 1 48
1 1 69
11 1 94
19 1 90
14 1 72
12 1 71
5 1 30
14 1 35
8 1 8
5 1 43
11 1 15
10 1 31
9 1 67
7 1 56
5 1 93
17 1 32
9 1 22
9 1 49
19 1 51
16 1 76
12 1 35
19 1 89
5 1 55
18 1 67
13 1 77
2 1 1
1 1 51
5 1 97
5 1 92
14 1 88
3 1 44
13 1 38
3 1 36
20 1 13
17 1 78
3 1 16
13 1 54
2 1 41
6 1 86
9 1 10
9 1 22
15 1 51
11 1 68
8 1 97
12 1 79
10 1 60
10 1 64
16 1 61
9 1 35
1 1 7
19 1 84
8 1 78
20 1 38
7 1 66
20 1 99
10 1 83
7 1 58
10 1 43
9 1 38
3 1 86
15 1 34
19 1 78
2 1 58
9 1 42
13 1 25
19 1 11
1 1 83
10 1 92
16 1 80
14 1 28
16 1 39
12 1 93
17 1 67
14 1 19
10 1 17
5 1 96
9 1 23
14 1 66
17 1 87
5 1 35
19 1 89
12 1 40
6 1 50
5 1 27
15 1 80
5 1 22
12 1 69
15 1 43
7 1 9
2 1 96
19 1 54
9 1 83
12 1 35
20 1 16
13 1 31
14 1 82
18 1 65
1 1 31
8 1 50
9 1 95
13 1 19
18 1 49
8 1 35
14 1 24
12 1 69
18 1 51
3 1 76
7 1 21
20 1 96
5 1 65
17 1 9
5 1 55
7 1 76
8 1 95
20 1 1
13 1 60
11 1 97
8 1 79
6 1 47
4 1 83
15 1 86
4 1 57
2 1 84
2 1 93
2 1 82
12 1 65
8 1 98
3 1 32
2 1 90
8 1 79
20 1 95
18 1 50
18 1 4
18 1 84
20 1 35
20 1 59
1 1 13
19 1 16
1 1 11
2 1 34
19 1 42
6 1 29
11 1 49
7 1 8
2 1 83
11 1 4
8 1 3
6 1 96
5 1 27
18 1 86
17 1 15
15 1 45
11 1 58
14 1 15
5 1 38
8 1 51
7 1 5
15 1 5
18 1 39
3 1 76
3 1 41
18 1 49
12 1 64
19 1 96
4 1 21
15 1 16
15 1 74
13 1 2
16 1 82
7 1 45
12 1 35
8 1 64
13 1 65
2 1 12
16 1 56
8 1 66
2 1 21
13 1 44
2 1 41
5 1 84
13 1 19
5 1 97
9 1 93
9 1 83
3 1 17
8 1 65
4 1 96
10 1 45
15 1 18
13 1 74
12 1 16
5 1 11
1 1 75
8 1 49
11 1 52
15 1 57
1 1 74
9 1 16
11 1 74
1 1 10
5 1 57
8 1 91
13 1 34
12 1 48
14 1 1
3 1 47
13 1 47
10 1 98
1 1 33
14 1 96
18 1 29
9 1 58
14 1 45
5 1 85
11 1 83
9 1 21
11 1 14
15 1 47
11 1 79
2 1 20
2 1 96
16 1 68
1 1 16
4 1 42
18 1 48
13 1 69
20 1 82
5 1 45
6 1 80
9 1 21
4 1 83
5 1 66
12 1 56
6 1 36
3 1 90
18 1 99
11 1 76
20 1 26
12 1 91
7 1 80
13 1 69
15 1 50
1 1 81
3 1 12
20 1 55
4 1 63
8 1 7
16 1 36
18 1 16
8 1 32
4 1 80
3 1 5
7 1 3
19 1 99
5 1 79
11 1 88
14 1 46
2 1 7
11 1 74
1 1 58
3 1 22
16 1 12
19 1 30
9 1 49
14 1 78
4 1 73
12 1 27
13 1 70
7 1 84
14 1 45
7 1 81
17 1 51
19 1 26
20 1 40
18 1 50
11 1 72
8 1 55
11 1 68
1 1 99
6 1 25
11 1 63
2 1 48
4 1 14
15 1 61
19 1 36
19 1 63
14 1 53
6 1 77
11 1 16
3 1 54
6 1 48
17 1 65
10 1 88
19 1 75
11 1 16
16 1 69
2 1 36
2 1 32
13 1 32
18 1 50
4 1 60
10 1 68
13 1 38
16 1 67
12 1 92
8 1 2
14 1 69
19 1 77
17 1 90
8 1 65
17 1 87
3 1 50
10 1 50
17 1 55
7 1 44
6 1 6
15 1 86
2 1 67
2 1 62
12 1 65
13 1 70
17 1 10
13 1 27
13 1 18
1 1 39
17 1 49
15 1 52
17 1 78
1 1 29
11 1 33
10 1 1
11 1 24
7 1 64
4 1 16
15 1 24
19 1 82
6 1 23
12 1 47
4 1 79
20 1 21
16 1 96
20 1 98
10 1 42
1 1 37
18 1 5
8 1 94
8 1 68
10 1 51
12 1 54
16 1 92
12 1 43
2 1 54
3 1 83
17 1 56
17 1 57
5 1 26
5 1 80
14 1 96
18 1 17
7 1 36
16 1 52
10 1 33
10 1 88
1 1 59
10 1 62
9 1 98
16 1 92
13 1 39
5 1 38
15 1 74
11 1 26
20 1 2
9 1 31
15 1 47
14 1 65
10 1 59
9 1 78
2 1 7
15 1 22
20 1 16
15 1 86
2 1 88
20 1 76
3 1 30
7 1 55
16 1 4
4 1 49
17 1 70
7 1 85
9 1 57
1 1 12
7 1 6
5 1 28
5 1 33
15 1 63
20 1 56
1 1 11
18 1 52
11 1 68
13 1 88
10 1 44
4 1 11
7 1 80
2 1 64
10 1 5
14 1 59
11 1 20
17 1 31
5 1 87
2 1 60
12 1 32
12 1 99
16 1 93
20 1 58
15 1 15
1 1 48
19 1 97
7 1 79
14 1 84
9 1 2
3 1 78
10 1 68
1 1 63
2 1 26
3 1 61
2 1 19
12 1 72
1 1 95
19 1 98
15 1 23
5 1 63
1 1 31
15 1 85
10 1 64
8 1 95
5 1 38
10 1 1
19 1 57
3 1 68
4 1 35
12 1 77
12 1 30
18 1 72
4 1 69
7 1 82
8 1 43
1 1 59
7 1 16
5 1 75
17 1 66
14 1 54
13 1 96
12 1 93
12 1 2
14 1 53
6 1 75
3 1 68
7 1 90
4 1 97
14 1 39
17 1 52
3 1 51
11 1 25
10 1 45
16 1 73
5 1 76
4 1 85
14 1 85
17 1 22
12 1 24
13 1 61
18 1 80
16 1 9
14 1 8
3 1 94
5 1 30
4 1 91
7 1 72
16 1 69
1 1 48
14 1 88
1 1 10
12 1 70
14 1 50
1 1 7
8 1 10
2 1 9
8 1 64
15 1 12
18 1 91
19 1 82
2 1 98
11 1 77
5 1 43
10 1 20
16 1 76
12 1 74
11 1 42
16 1 57
12 1 10
5 1 12
15 1 5
17 1 73
9 1 69
16 1 100
1 1 6
13 1 20
20 1 66
7 1 19
20 1 67
14 1 12
18 1 67
8 1 40
10 1 6
11 1 16
9 1 81
10 1 85
13 1 4
11 1 4
1 1 81
17 1 100
8 1 56
17 1 82
4 1 60
12 1 59
14 1 95
1 1 74
18 1 98
17 1 91
3 1 36
7 1 83
2 1 54
5 1 22
14 1 47
19 1 10
11 1 62
4 1 34
12 1 56
10 1 50
19 1 90
17 1 38
16 1 17
9 1 78
14 1 23
9 1 95
12 1 34
4 1 17
2 1 66
15 1 49
8 1 67
5 1 11
12 1 23
4 1 66
20 1 94
20 1 20
7 1 54
18 1 20
7 1 79
12 1 37
12 1 3
2 1 30
7 1 6
20 1 19
13 1 84
19 1 92
1 1 54
14 1 85
19 1 16
13 1 68
15 1 70
5 1 87
19 1 41
12 1 32
8 1 22
17 1 71
14 1 18
8 1 21
1 1 16
2 1 15
17 1 60
6 1 5
8 1 42
9 1 82
8 1 16
12 1 62
3 1 77
2 1 21
18 1 98
17 1 92
4 1 60
18 1 28
14 1 36
8 1 54
12 1 46
16 1 43
12 1 1
8 1 26
4 1 81
3 1 9
17 1 57
1 1 59
18 1 1
6 1 30
11 1 71
2 1 77
11 1 72
19 1 93
19 1 22
17 1 23
15 1 79
8 1 1
2 1 52
12 1 38
14 1 96
6 1 87
8 1 68
7 1 10
11 1 5
5 1 13
16 1 97
14 1 20
2 1 64
10 1 60
12 1 86
12 1 97
6 1 12
19 1 51
3 1 89
9 1 45
16 1 46
13 1 80
10 1 47
15 1 93
7 1 70
1 1 80
14 1 26
20 1 90
7 1 76
17 1 75
18 1 79
17 1 1
10 1 56
19 1 33
19 1 24
1 1 99
5 1 19
11 1 19
18 1 68
6 1 33
10 1 24
11 1 52
2 1 94
5 1 17
17 1 53
5 1 20
5 1 18
5 1 98
13 1 63
10 1 7
19 1 27
14 1 59
17 1 70
6 1 81
17 1 71
18 1 92
12 1 40
4 1 29
1 1 14
5 1 1
3 1 88
4 1 50
11 1 63
3 1 13
7 1 26
5 1 46
4 1 43
10 1 2
13 1 46
14 1 51
9 1 91
7 1 19
6 1 5
9 1 91
18 1 79
4 1 3
17 1 68
15 1 99
13 1 35
14 1 51
8 1 2
16 1 6
7 1 74
5 1 76
12 1 84
11 1 16
11 1 68
16 1 76
19 1 24
8 1 8
9 1 62
3 1 87
12 1 99
1 1 91
11 1 36
16 1 42
5 1 8
13 1 84
13 1 65
15 1 14
16 1 15
7 1 50
19 1 15
18 1 56
1 1 24
5 1 89
4 1 67
8 1 3
1 1 20
7 1 52
3 1 25
2 1 81
3 1 80
7 1 7
1 1 45
3 1 72
19 1 68
15 1 16
15 1 60
14 1 21
6 1 17
8 1 87
5 1 39
6 1 5
11 1 11
2 1 1
8 1 4
18 1 73
3 1 56
2 1 34
19 1 12
15 1 71
16 1 81
19 1 75
17 1 96
10 1 69
15 1 19
18 1 76
10 1 57
6 1 37
2 1 31
11 1 36
7 1 8
11 1 10
4 1 1
12 1 61
16 1 93
4 1 13
19 1 81
6 1 94
4 1 54
15 1 59
6 1 52
6 1 89
14 1 63
6 1 30
6 1 30
12 1 51
4 1 74
14 1 4
9 1 7
2 1 100
5 1 17
18 1 87
17 1 41
16 1 58
7 1 91
6 1 27
18 1 91
1 1 92
20 1 85
11 1 53
12 1 33
8 1 78
7 1 26
16 1 71
16 1 20
12 1 37
17 1 64
1 1 10
14 1 18
5 1 96
12 1 26
16 1 37
13 1 27
12 1 39
13 1 34
15 1 67
16 1 96
9 1 100
2 1 16
20 1 53
16 1 23
10 1 8
20 1 11
3 1 88
6 1 51
8 1 59
6 1 12
9 1 40
9 1 59
14 1 56
15 1 67
18 1 93
12 1 57
13 1 47
5 1 73
17 1 10
20 1 51
13 1 47
10 1 24
8 1 78
12 1 73
8 1 35
16 1 72
5 1 8
13 1 95
13 1 72
4 1 68
15 1 99
9 1 18
15 1 71
16 1 80
16 1 10
1 1 75
7 1 98
16 1 96
18 1 70
11 1 73
7 1 68
9 1 54
4 1 87
14 1 90
14 1 33
17 1 93
6 1 47
12 1 5
3 1 24
2 1 20
7 1 80
9 1 84
17 1 31
3 1 85
2 1 95
4 1 34
15 1 71
20 1 94
18 1 26
9 1 91
19 1 12
4 1 16
13 1 95
17 1 3
2 1 17
16 1 49
1 1 99
4 1 18
1 1 12
5 1 61
10 1 67
16 1 4
19 1 85
16 1 100
18 1 79
5 1 64
7 1 30
9 1 71
14 1 86
5 1 60
13 1 84
8 1 100
13 1 29
20 1 63
2 1 44
10 1 5
1 1 89
12 1 95
7 1 70
5 1 17
4 1 72
7 1 89
20 1 72
7 1 37
1 1 98
13 1 81
5 1 63
1 1 1
10 1 23
11 1 41
4 1 99
14 1 45
12 1 24
7 1 19
20 1 30
7 1 49
9 1 36
7 1 27
14 1 10
11 1 91
12 1 78
15 1 47
14 1 20
14 1 27
19 1 1
4 1 13
4 1 52
10 1 76
19 1 31
12 1 9
2 1 37
8 1 60
7 1 27
1 1 52
7 1 37
17 1 77
10 1 48
1 1 81
8 1 56
5 1 40
20 1 53
18 1 90
20 1 32
17 1 58
2 1 63
12 1 100
6 1 12
15 1 17
15 1 83
18 1 47
17 1 17
1 1 64
16 1 13
15 1 96
9 1 30
7 1 69
5 1 99
13 1 36
3 1 61
10 1 80
9 1 81
4 1 5
6 1 26
4 1 18
12 1 69
16 1 40
11 1 31
12 1 73
1 1 45
1 1 40
3 1 68
14 1 98
16 1 85
12 1 85
10 1 1
17 1 76
9 1 82
2 1 74
4 1 15
4 1 31
18 1 61
3 1 70
16 1 74
3 1 20
18 1 41
8 1 29
6 1 65
3 1 39
15 1 43
6 1 68
15 1 60
6 1 75
7 1 100
15 1 57
16 1 31
5 1 7
6 1 60
20 1 16
6 1 18
12 1 88
15 1 36
20 1 7
5 1 22
8 1 86
9 1 10
3 1 28
18 1 27
18 1 83
7 1 84
20 1 46
9 1 88
4 1 45
8 1 57
17 1 85
16 1 14
16 1 94
6 1 69
17 1 66
10 1 32
3 1 2
7 1 69
8 1 47
3 1 26
8 1 46
13 1 12
6 1 26
20 1 50
17 1 25
16 1 96
18 1 9
8 1 20
7 1 43
8 1 64
2 1 2
6 1 94
19 1 67
11 1 47
11 1 30
9 1 64
1 1 2
3 1 5
19 1 78
10 1 51
5 1 53
1 1 5
7 1 60
2 1 32
20 1 27
3 1 37
14 1 43
7 1 92
14 1 96
7 1 84
17 1 8
15 1 75
15 1 24
1 1 65
11 1 68
10 1 30
14 1 16
2 1 86
7 1 90
20 1 55
16 1 2
20 1 4
18 1 100
9 1 39
3 1 15
1 1 88
19 1 15
13 1 77
1 1 38
19 1 62
4 1 26
1 1 94
14 1 45
2 1 22
4 1 35
11 1 43
15 1 66
11 1 51
19 1 27
11 1 88
15 1 21
3 1 5
13 1 75
15 1 97
19 1 89
9 1 22
9 1 98
13 1 38
6 1 36
4 1 1
6 1 87
3 1 48
16 1 86
16 1 44
2 1 88
5 1 60
9 1 2
10 1 85
15 1 95
11 1 11
4 1 30
8 1 14
1 1 1
9 1 42
4 1 16
9 1 77
7 1 3
8 1 13
19 1 71
19 1 93
16 1 73
15 1 26
4 1 42
12 1 18
14 1 42
6 1 95
5 1 14
15 1 33
14 1 74
9 1 25
1 1 63
20 1 36
18 1 92
12 1 71
3 1 26
12 1 36
5 1 54
3 1 71
18 1 47
18 1 64
4 1 13
10 1 43
15 1 14
7 1 8
2 1 67
5 1 53
10 1 75
3 1 1
3 1 2
7 1 47
4 1 7
20 1 93
19 1 3
8 1 48
3 1 86
2 1 35
17 1 75
2 1 80
20 1 74
16 1 94
1 1 36
17 1 68
7 1 61
9 1 43
15 1 73
18 1 63
1 1 39
20 1 77
6 1 91
7 1 31
6 1 75
2 1 41
13 1 27
5 1 50
5 1 37
7 1 72
8 1 25
13 1 4
3 1 4
1 1 8
9 1 56
3 1 86
19 1 71
3 1 28
12 1 99
13 1 50
13 1 80
11 1 11
8 1 48
20 1 66
7 1 1
14 1 87
20 1 85
9 1 19
7 1 80
17 1 72
4 1 31
19 1 65
2 1 12
18 1 30
11 1 92
19 1 60
12 1 45
20 1 93
2 1 58
4 1 81
10 1 37
1 1 46
19 1 82
16 1 85
11 1 91
9 1 54
1 1 17
19 1 100
6 1 43
15 1 84
3 1 81
13 1 30
5 1 46
10 1 80
12 1 92
1 1 71
8 1 32
6 1 22
12 1 99
6 1 5
5 1 41
9 1 78
4 1 85
11 1 22
9 1 100
17 1 86
6 1 27
17 1 90
5 1 49
2 1 100
5 1 12
15 1 48
3 1 35
2 1 95
5 1 14
8 1 81
7 1 79
13 1 7
9 1 78
6 1 74
8 1 28
12 1 69
14 1 96
19 1 20
10 1 29
2 1 50
18 1 11
18 1 90
13 1 79
13 1 22
10 1 80
2 1 88
5 1 20
16 1 20
20 1 85
6 1 36
12 1 54
6 1 93
12 1 2
13 1 97
19 1 41
3 1 37
16 1 34
18 1 60
10 1 2
2 1 59
10 1 100
8 1 87
5 1 2
17 1 11
10 1 21
19 1 10
4 1 18
19 1 100
14 1 22
12 1 27
6 1 4
8 1 81
1 1 21
7 1 14
16 1 34
12 1 85
15 1 98
15 1 84
4 1 70
7 1 82
4 1 41
7 1 93
18 1 79
8 1 12
20 1 100
14 1 2
4 1 22
7 1 83
19 1 25
20 1 86
5 1 13
4 1 48
10 1 12
2 1 98
5 1 40
15 1 5
6 1 19
16 1 54
17 1 15
14 1 19
18 1 27
12 1 63
15 1 50
14 1 90
14 1 32
11 1 44
4 1 50
19 1 97
20 1 53
11 1 52
5 1 45
1 1 93
15 1 19
1 1 88
2 1 35
11 1 91
20 1 82
4 1 33
5 1 10
6 1 92
17 1 85
7 1 63
2 1 15
10 1 44
14 1 39
3 1 19
13 1 94
11 1 82
1 1 7
15 1 34
12 1 82
12 1 95
19 1 66
2 1 84
8 1 41
19 1 31
2 1 6
2 1 48
16 1 11
6 1 68
7 1 51
18 1 3
10 1 77
11 1 95
16 1 40
13 1 43
8 1 37
7 1 58
5 1 36
9 1 38
7 1 69
19 1 100
19 1 25
15 1 98
2 1 56
12 1 17
6 1 66
17 1 29
14 1 38
14 1 1
5 1 95
8 1 27
12 1 87
5 1 77
6 1 87
3 1 72
9 1 2
6 1 30
3 1 86
8 1 49
2 1 73
12 1 55
15 1 33
14 1 15
11 1 66
8 1 39
7 1 14
19 1 32
12 1 53
17 1 39
9 1 6
11 1 61
20 1 38
13 1 100
20 1 6
3 1 77
12 1 57
8 1 61
10 1 93
18 1 60
10 1 81
13 1 31
17 1 81
12 1 17
2 1 97
12 1 34
6 1 47
13 1 36
13 1 11
19 1 53
10 1 78
10 1 13
13 1 82
2 1 49
5 1 8
8 1 45
11 1 50
13 1 98
10 1 80
18 1 73
3 1 15
18 1 34
12 1 75
1 1 95
9 1 56
2 1 24
11 1 97
3 1 100
13 1 18
3 1 78
16 1 43
19 1 17
20 1 58
17 1 54
9 1 26
4 1 92
1 1 56
5 1 51
14 1 99
9 1 21
15 1 54
9 1 94
16 1 36
1 1 37
19 1 52
4 1 18
1 1 5
16 1 32
15 1 83
3 1 24
16 1 11
16 1 57
20 1 50
1 1 62
18 1 37
1 1 26
6 1 61
16 1 88
4 1 44
4 1 56
4 1 58
9 1 63
17 1 74
18 1 92
13 1 59
4 1 34
12 1 23
14 1 87
15 1 9
16 1 13
7 1 57
7 1 19
9 1 77
17 1 69
20 1 30
3 1 39
15 1 65
7 1 11
16 1 78
12 1 78
7 1 81
8 1 21
7 1 55
6 1 87
3 1 57
20 1 25
18 1 68
8 1 70
16 1 4
18 1 10
13 1 6
9 1 59
7 1 74
6 1 63
8 1 59
16 1 52
7 1 65
4 1 62
8 1 93
3 1 69
17 1 66
17 1 70
3 1 1
9 1 85
12 1 9
18 1 92
1 1 6
18 1 63
12 1 63
12 1 62
19 1 30
19 1 99
6 1 5
11 1 20
15 1 40
7 1 47
6 1 64
2 1 59
4 1 55
8 1 12
19 1 17
16 1 30
3 1 98
7 1 89
3 1 89
5 1 60
16 1 13
5 1 3
7 1 59
13 1 58
12 1 7
5 1 16
20 1 26
8 1 79
6 1 43
20 1 100
15 1 47
18 1 54
15 1 74
4 1 78
19 1 98
7 1 74
8 1 8
3 1 21
18 1 16
12 1 21
12 1 7
20 1 68
5 1 15
6 1 24
3 1 83
6 1 99
16 1 11
3 1 27
11 1 6
12 1 18
9 1 91
19 1 31
16 1 47
6 1 7
16 1 27
13 1 48
19 1 20
7 1 68
18 1 29
19 1 22
17 1 82
4 1 10
12 1 55
18 1 63
