12061639
81558680
2398830
297995355
18410739
15339572
50433075
7013294
17646998
36107738
3070090
24040172
9965567
45405725
304968949
314061532
214979589
146704111
28818104
88725853
26163417
40480720
35194805
6396385
297052243
217797144
6195293
291864323
51514302
20089904
6528332
36575221
30734861
94263108
5278190
27046705
213947657
113749363
86075893
43293061
17202504
25518121
5609493
185685466
10468976
8571768
29227513
11080578
10021200
78276693
122596411
416764806
147430973
4889241
2928612
16493747
10933063
12850959
187211762
237573716
2979081
15091072
4170567
89252969
122153936
18023120
27154789
16922082
14359351
80121869
94761936
12436229
21468599
390499504
272546202
187849016
29105741
6809251
41004804
23959152
108650989
28325831
5194246
6061758
41030081
320136531
12390095
8150023
185976005
40416458
37824662
634013
139974651
29929966
40319600
8114347
244731993
255387466
259497639
39685217
2434051
151736684
367300603
162724514
288375601
39668991
281309139
14203974
12937864
241849719
38641731
21756152
22896984
5696399
249131163
12081959
317458321
3705599
2746646
33138277
36781002
66691751
29793469
170902526
161425332
109834004
132204770
258624088
35552177
42375365
300078807
11689530
97221460
283321746
25266194
14799652
7569964
96606921
332163802
257638500
12254782
145765187
144841094
10254275
27777158
165231395
65763931
91358
169882676
10734775
130183510
449793645
33120008
43599657
457037056
119423447
24126530
141038803
12345754
5041004
469261759
27268530
244161281
93725523
11997958
113282236
96441696
11151190
24939040
8739756
5344246
281494522
7387608
253900992
22393295
15475940
33241899
208753403
42716127
22200499
34815474
271536522
175479609
79009719
90891051
94498781
11155018
75615622
178222534
231953717
26720623
1384668
425355463
158550565
229681907
14820877
3547480
21249198
33626459
179589667
86264133
5610189
260821331
236055157
78937049
209879240
18735865
8766476
30584080
10281361
12997686
90837163
15185281
195627531
23719774
69163516
31803618
81963671
33583545
4342393
7228596
6698244
51068045
126723448
93938534
35408191
28087932
30132405
26619939
28457173
13923826
262873557
42498607
35456411
33569652
6552959
17785633
12816927
104042926
268900910
77475337
32920865
115339805
1771836
9883903
135688523
12438322
40078991
72558477
32932651
31975101
27795335
13556092
20194626
33339289
268801549
9946543
29626294
56697318
9029934
124338605
121778691
24295229
56669412
96090185
34501692
3395459
273209077
1251974
168743717
29945550
769108
108142467
1816747
75295755
34602152
6094054
6270999
408949175
26586401
15091986
227823039
347364665
104020100
15924714
21408046
36301161
314821453
13257655
6983566
49072622
83734774
73473642
991108
19694919
16147821
173866095
30301576
238940205
12316062
50496583
32333614
18486873
60313413
27183299
11520957
31674097
11619967
375862761
26304810
56430889
29521102
28809025
147122826
28525708
41240818
44527474
1555333
11424090
249069796
4377854
252686436
448658544
17873048
108606015
12102134
1694490
9121516
60110478
3306824
48369123
8589654
5040980
27712282
330940258
10505702
56518399
5433511
6745466
37476207
34035428
25544016
210009084
114739483
32706476
28461456
299883888
57011824
453436478
167732201
4584158
3343907
151299661
10601290
31844822
8373494
25043957
4254952
88958540
268826852
25258095
208354869
8592575
2365974
30475404
18297263
21668477
40639525
7758920
7538616
452312536
38037893
10772789
360778151
5400244
15455695
110979524
135630175
1198994
38581695
322161927
1838507
94896046
9012467
294387045
21124592
19786309
2297333
41196053
22994349
32416569
10679407
12457527
6736466
41761461
296049465
10968355
31668310
391266227
40486273
21323719
18762690
160274228
18501642
16566891
8024405
62027251
152791418
528130
34231399
40825309
10759901
38069463
11306680
89238384
26846110
13734078
30175725
38059193
2306295
90471771
56169396
307757899
11435550
13100942
73178760
213301821
12533807
40016210
5668217
14356379
117935857
22236059
19865576
3498151
14756891
25813922
34199387
23535279
21379989
21363547
123964199
69192083
469607812
190209112
133087803
71494946
32997509
34682432
73758428
38459644
167043031
4743017
102036185
47758309
34335608
24666397
37513859
98340397
20245414
29339726
6823683
10990914
25210039
251570048
309434813
131777049
29052838
10388650
11960140
147013598
20842141
205795312
19945249
16010500
40155622
42283093
22998302
1292768
30853574
244845479
437324691
191915230
56149590
11291894
30355936
13365013
4169443
31646343
31693922
100356371
63181977
125799765
322688795
28787371
25910089
98157121
36998162
146800245
24813762
11603598
39253370
18820953
6847955
2131892
47504445
305152656
17369191
29877525
4697891
22951397
3634867
5851901
24033238
28349223
34293191
93226066
1230267
32500117
25113083
12663984
5998638
92452090
94777529
39677696
12255586
10967903
9222859
31110793
7024597
32558673
5671720
24456593
57586300
7883810
50958769
317114186
9002918
35017164
11472252
5945937
290642877
240185651
196767854
33611455
171228476
266133597
188590425
1670664
310664286
9391397
71936275
53862086
6822017
23385923
14903290
63116382
15201850
226300232
20973393
25428578
8925734
224641474
7269914
205755934
24210397
179199861
104789652
279022882
42796780
16957446
444216804
39476849
103240075
17833860
20635806
20115137
14190269
14467571
19758466
126546515
67088015
25647575
21096818
6726106
21247470
49145982
152142696
23099284
86237727
132124279
82233434
104944314
274133013
159978009
87067887
226068632
31056789
27098516
26096133
41390711
178674014
136556294
22827747
12916814
299710619
112990334
59128479
23399817
162147155
50028850
24954684
10215670
10536436
67292908
15929303
11442294
20746448
6849326
24278695
15750983
148177091
72759309
11520444
24541427
357709674
11821530
40351343
6837887
25441390
329083496
362338051
166633977
36934839
290410095
134020064
10255313
35492323
42764773
326971257
239727072
13415469
380798137
6003501
36028700
3752356
214530754
38474979
14032045
20818899
277874587
442886839
25016233
1248319
7053999
372828893
3224964
6673081
46502924
23300575
2898060
16540493
8441115
220320267
14838665
38797303
36684031
212488335
15864801
372715122
24171999
16313051
32311325
89269887
20673565
1639811
25583032
122595764
132879908
85505875
12523470
222671697
28461324
415911530
24208569
6735337
19200185
427716245
11891851
29682189
220237328
27521070
27728049
229682750
73295096
313939151
170687767
16780952
47252359
273798173
3313285
55184117
12367414
28237574
299715029
323149864
55058213
351833585
51352222
29268317
41442864
7399684
21410237
7233484
148375408
80823467
7390030
145344433
96003766
16637774
14479374
31758360
53764245
44672485
28250858
60852461
44612975
43692360
22494748
1309615
18915982
201083480
86176634
239301469
41364458
60597437
81973558
5964138
6200800
24959143
87303629
241044327
52819143
37123477
156279192
9058370
660731
29219074
37068120
377404972
5212954
5616824
13558535
41186756
236555
76136420
433140094
244728787
18448383
136403356
6388574
363721
126899198
4611150
24543319
38656137
229154606
72307471
99783381
13241290
16219285
253785817
16933424
46187782
32054835
398108794
305559744
11975440
4881118
39465458
31791321
93702127
16863501
249838670
29285691
11157330
21519469
80977463
199637844
244454948
227986830
50003163
231066937
8703044
6588398
4494233
202765121
40932535
58574476
215041798
137334286
408620761
31481542
131833270
6365006
128938841
2748262
103334057
124583754
234481213
333302424
197353217
142586468
95383
16846414
29440637
114548741
7008524
10997336
11458353
1088235
9647883
57079278
33129646
18501226
159012869
237765339
29864436
18520544
327304765
6325838
1847478
4992807
398151414
18972073
12722155
38707784
29133000
170592777
7837280
3429115
7356329
18062809
26325439
106285488
460054226
112651268
445387516
79551213
12637446
49952402
142480282
30639487
46088186
1230694
21052456
85003626
66861481
2694098
36038523
63246473
17194385
1554493
28686283
4589392
1947530
39754775
6724839
35165243
331904771
171916116
238758218
83435703
525431
39063188
12059665
7193373
186531498
322626132
9808569
70037103
27493230
19239721
880800
374957025
40704828
40448432
37550305
315160294
35320451
48678655
162010162
1790149
26768949
140465302
21394250
253136830
42004809
35831456
146365015
241674381
85751760
31019176
56721864
807617
176952349
298993667
333632986
218733856
8365059
61059594
89316844
26236812
94354814
13534335
83889306
60207915
24013852
6251585
384607998
185938929
392404
34865095
80504525
245577817
16436677
6937059
80133140
84631064
294337478
11527066
17200363
41359052
23914039
42097847
11183069
18642177
211485945
31136194
26755768
106330576
25726334
5758586
40460569
191678665
43059803
68211557
273481236
125154566
471885053
28662898
15713510
1433564
275022266
31275010
8648336
34678412
74788686
10153536
27467719
30543960
3636445
5093335
197605675
1752615
314156883
6517794
11358809
2651532
90007585
29681619
25628016
38451729
97609173
24403431
17276038
28153093
288243660
10900502
5242281
15919678
12248465
479535601
77740367
37664488
33946516
30997645
37519125
59199546
5254824
139272372
17043885
137656783
5009555
622259
116882113
5367838
34638446
254662461
3410082
272823023
259504085
28273549
2132591
37973767
24223248
40461984
315002002
195094077
4593025
12660403
13530715
15910935
67803128
85692466
39776411
9844292
147237428
22009091
19150011
33142994
327469610
19939291
136219678
21736647
59464245
285908582
30326324
88946392
19942005
240294265
143538816
32395505
39929905
26490917
6012096
146482386
23982650
330232177
36632156
5232675
5396509
27951078
19290615
14407601
260937116
7502449
8697803
1914782
2108147
100456585
859327
47584735
21974052
19350901
29821910
446970007
11761316
219209067
21094844
18183629
9294737
12351853
260474148
881857
189375931
109428712
24360546
170630183
28722277
239248454
28739020
14620736
6359890
10737490
171595103
346116378
40178868
21425791
76941280
401552663
26560501
26469804
46281599
14507526
7282211
249126199
21682118
385067127
228909514
38752051
223179338
469867
35036636
4061739
13645709
23713625
11793064
96326785
18314991
26227863
153917
247116128
88623204
87642777
6872176
336975495
14283396
11368657
185023057
28559070
36833764
399381166
225882685
77956205
27907819
1582124
68301723
35016222
198143057
63698718
285538503
121489498
147170269
273692596
139674198
8477745
2762864
14518508
215990101
12384987
78557343
254503522
23381861
276665301
11405171
280323611
11465578
173073545
18737084
20378734
92359338
68607683
332428740
113560218
22456245
38861456
24182
158494221
202080664
7741712
63097243
3285166
22769732
94042665
39235819
20633474
115937406
251201229
22991276
461835776
168130920
97322033
80450437
274552558
375652281
18421437
96803699
159164787
8886456
30695596
1526860
35397569
31520228
25233980
4708706
4787056
14931014
39299841
130548312
201294168
22749262
15914842
23614652
257655394
12700293
20911535
11857232
135630170
142742757
257533141
12408281
6272781
83301689
98276089
42006179
4204975
357008036
250811411
23844143
1728101
35900752
3518230
2948306
27921574
6103373
34850143
38451933
36631497
267109647
9446418
146667352
5911407
2308313
5954252
14109858
7386707
24812819
78954357
126167852
26957657
4676558
7245847
6664059
18432198
239915391
37583108
129560577
182308679
12525021
2509216
67134209
199062439
48929547
192753527
4250241
3565267
165203312
48781065
23620993
277166493
41718438
37022144
28674199
30609103
66456076
211748005
21134751
35425871
242355788
285294720
35840667
58489969
47553689
142745341
193642477
42216673
54582057
10816275
7200918
5023969
25090313
13805893
70417152
41615256
328725719
15093908
70908839
71134792
244976281
257884821
98280581
423617032
19871607
32783059
86375265
30372966
143994102
129071005
315308286
19190741
23441351
19037769
302538931
3142944
41418436
140434595
25227359
274277447
75685272
399652301
184215376
153843784
3861340
24650392
331093573
241514404
3457030
5691375
47136338
1812651
57562106
22026196
135753169
18127530
41452824
302423016
167858771
10526397
294085881
29898528
23695513
199789717
961155
89927873
90889847
152209650
114160077
253745500
3471368
70592998
92643831
68630301
112539082
35329315
19899690
15000973
24119316
826646
179276630
271392112
6230930
233677084
114181130
37922730
11343676
34503562
141926021
18458369
16945081
159521268
26541589
60404567
6507507
71895940
267912191
54283484
18783680
40456125
120242746
21107691
32244446
8292405
74158951
414129807
225273849
12282998
3060753
33678580
197602413
39195191
187429882
339428524
39663778
4142870
8940157
81907376
19107138
68770962
247014727
12274945
6187059
40832612
419113446
16283359
234065684
26393491
18935206
2083771
39406500
337525366
8749508
18781114
108676009
17521118
13318203
343983208
29730864
38148389
296785396
108250849
16756363
213207069
28696623
273482341
403600745
61408727
16504178
12313465
18611278
148390059
271640706
57487879
236048
8242894
405829207
10117186
15253939
75792017
16187815
138010424
31008225
245942990
93328829
432239624
186063836
44691235
50651103
9446562
187370320
84520163
277072763
51882692
64103056
367414580
24763744
14982899
10754069
280040498
1751854
36767756
128463358
2774932
8575146
32197150
402241757
343742559
367016485
53780505
3714885
3062823
41263454
141301385
268509553
29501800
77458714
16303314
71806859
14910605
16407124
191161610
9803579
270579940
9275035
214123313
11692966
6225372
28966227
5138168
477163332
12298837
171965986
215045130
11877807
108603282
875582
33982587
50028532
13223587
235635469
144233644
195488024
88896892
165540174
22605875
25757586
26711664
7508100
5049646
59128541
1828648
27502779
34569096
7130071
12160111
1022730
72354837
167012931
37323053
14257
39022685
6701908
38998139
106887219
318585070
198530140
43476946
256634811
36076153
54896111
54606899
22606042
23637128
131570495
5688480
137763595
26613038
21851659
8258416
363549560
10644638
45211623
21919470
106934635
29077091
167210104
239326615
1589714
1581490
15918377
681618
216264271
9269793
160526536
320243059
17626724
33833009
561821
123119995
37393807
223496988
109017571
33066352
21513854
26842915
34630561
252064883
258377900
29180365
23828399
38891877
308332646
41386081
31378838
103863438
26151854
7065569
323125711
68689775
126163168
41558411
12915112
37849335
34241082
5834475
37047595
171391049
24654750
6792840
74600243
15692054
18662359
11244419
28282035
16865763
8419245
30234329
146560504
38664486
54317486
32415719
1501091
33805556
62689448
13673413
1513348
3412615
232961246
9744401
25693416
17634431
8728784
13252723
26798988
239040
11332861
11547299
92575232
363670653
7881559
12800618
103919332
39510239
23313851
32933952
376902796
83836237
87278371
2511755
30098209
136033171
40587594
22405559
298094384
17718246
1990944
17778633
25183236
21588986
93261052
34917750
35106451
41642083
22167253
3541794
11184932
126629677
6403608
10882860
18127946
1862178
3788694
26612157
316097564
119217617
55727791
8219435
387056924
33969061
94560703
4930146
14103273
11145625
19748256
72377256
28711771
95751898
9214184
314123352
201953587
211708440
19317097
39032141
3850197
20062448
140529224
87805799
266818423
16942034
3995993
64230316
135619461
4548967
28361072
102640383
272632528
23130957
32790106
3001872
34759116
145432655
892489
30214366
125090429
227319007
17057737
2969778
35439266
36360234
155836576
39501794
89058561
152629560
104129444
281089980
2475188
32521169
83477764
20494633
24973308
242706527
270306324
114431672
16986839
349226669
7376020
10442404
205604973
40508621
15582505
3203704
1990179
268229590
40086255
19663843
3422217
33093190
179042128
31947272
2498109
60932546
121630057
7616275
401009319
23676103
91871880
283467953
18186588
18413332
1620139
2564471
11870277
117865232
476515571
3732181
131650458
317468714
5791772
168162703
21813323
101997988
406867361
34368340
162974709
41290319
92526315
11205131
64432822
132699089
359412848
6026210
68782456
27994095
192698
239109616
30937538
441676367
472059838
135978847
56382116
20284166
30881762
126054917
39260386
1278484
17469618
231550225
188898387
6007626
23722940
19288826
114507860
41338365
15677532
6496118
34739716
20271978
17624940
265494535
44019468
11562648
15749718
242649807
4040135
40934369
49339575
97133853
63127501
25962455
343898745
268042920
407427601
229456357
315190396
16159532
96633771
51490977
14447405
52924191
13515200
169145511
39396582
92321293
1459447
333207939
10951537
28214714
95107187
361664076
13051942
30396551
36000112
119150651
1219989
3350433
70397887
189430030
282909756
70031048
22654610
12805598
69339833
201571109
3408678
24820352
232420969
299267397
33582340
19442241
71221771
2925148
35895266
228229718
13024071
13049176
14077149
35036515
17190915
286384552
466175395
132362574
12153473
194223935
221990880
32052174
17301044
139842234
51371436
12621559
13615079
12451681
382770470
25626371
316396320
245294299
29511972
478211718
22922362
1364386
37454131
33327410
27700439
83323221
237131327
174909013
26090974
95384646
236548723
251571642
399903324
154656260
187898530
34453110
7672456
12049701
2875336
41652574
217049419
4819748
4199199
41168595
54834641
67454276
342068322
34942852
37354897
3588114
27927793
9890594
319531877
94387780
299703955
319193895
45921266
17413609
29294870
8782574
8451367
22829167
97326521
36827254
73965748
51861975
207772535
191416059
7046172
33830611
135867192
67128164
37278824
61505510
61952677
86085662
32421118
374640033
77884136
155170307
12721674
16817584
39490268
30797823
21462900
37676560
22764149
237228847
236334651
17567035
64311175
26273890
280952527
261424673
39284228
28993466
307750524
34152821
319724783
4161347
301152777
59313488
348491788
29888543
414662884
79766295
23572433
1880356
35649323
11635330
6760043
193851468
15510624
229466380
12286447
11169090
250345951
243496185
71330656
161201091
29794355
156875586
134594214
310645952
210327960
19536379
190681544
57133145
24128472
25593523
128712290
91959121
26352002
7418270
255744148
65670973
237074518
6796803
10501499
119732603
3800525
295640295
27112149
143196569
357844097
35967186
5371968
28365542
10440389
19863416
38697510
40611577
214906521
17466570
2241579
74424974
19203454
119438390
39656586
31359916
2749964
264571135
2714848
14707173
28661957
18837093
167347040
29439099
18108714
5413294
22140651
15720564
6269048
37903959
5183015
10036397
367249447
24463576
10618776
28354922
11883851
105225937
11145540
