20 2000
1 2
2 3
2 4
3 5
4 6
1 7
7 8
6 9
4 10
1 11
6 12
5 13
12 14
7 15
15 16
10 17
11 18
12 19
9 20
482754511 348037723 808061883 716187903 595923651 41943578 673563765 13069529 365203039 99636947 539879603 386286167 437631275 939780969 33489945 438516112 365213972 726663447 749388503 304633967
10 1 609883321
5 1 677482331
4 1 718586733
2 1 994070801
5 1 614334390
16 1 822245079
3 1 398470798
12 1 821529206
16 1 590122890
14 1 548224639
8 1 617337953
19 1 359588796
8 1 49174154
17 1 344316566
18 1 304968949
1 1 796816043
7 1 214979589
18 1 146704111
6 1 532141040
5 1 88725853
14 1 580223896
12 1 813053054
3 1 731270251
19 1 383888587
4 1 297052243
3 1 217797144
8 1 816506091
13 1 291864323
13 1 399552025
19 1 532206805
8 1 660004782
14 1 632579278
11 1 570614464
10 1 393173949
20 1 477686469
12 1 27046705
18 1 213947657
4 1 461787086
17 1 285349787
1 1 43293061
12 1 915605572
17 1 689642934
10 1 902342016
2 1 533723189
8 1 415624375
8 1 714326334
12 1 322832559
14 1 732915369
16 1 615987037
11 1 618156296
3 1 470634134
11 1 956644409
7 1 630185484
19 1 558949720
16 1 709364284
14 1 956274716
20 1 567228498
15 1 12850959
11 1 727091365
3 1 237573716
13 1 440610356
18 1 15091072
6 1 297775613
18 1 815916416
3 1 470191659
15 1 151982900
19 1 111041945
6 1 310527128
15 1 952077811
5 1 428159592
1 1 577516447
10 1 709894858
9 1 961592567
18 1 390499504
4 1 620583925
5 1 535886739
15 1 531454916
15 1 877547821
5 1 984966178
19 1 452188897
5 1 108650989
14 1 498499154
8 1 527975406
19 1 392347925
12 1 124917237
7 1 993700296
8 1 901118067
15 1 276069583
13 1 185976005
20 1 292077926
9 1 247542552
6 1 378126215
11 1 679854254
16 1 468446078
20 1 512727879
8 1 60392463
5 1 840655644
18 1 255387466
1 1 742252150
6 1 752726043
6 1 631587721
4 1 499774407
1 1 367300603
18 1 702604117
5 1 288375601
20 1 39668991
5 1 877232790
20 1 570499409
12 1 827453776
2 1 241849719
17 1 702766544
17 1 21756152
19 1 982003377
19 1 964802792
4 1 597168886
4 1 728269862
13 1 755089596
13 1 3705599
8 1 185720052
15 1 200588002
9 1 330386048
13 1 852360749
14 1 969574438
2 1 518940249
5 1 161425332
3 1 457871727
2 1 132204770
7 1 258624088
7 1 709115942
17 1 772803309
18 1 300078807
16 1 684635257
17 1 927286351
7 1 956885511
16 1 427145534
14 1 484972975
17 1 7569964
17 1 661094787
5 1 928087453
4 1 605676223
8 1 51463369
1 1 145765187
7 1 627595605
14 1 396540442
6 1 908592296
1 1 647985906
13 1 851432929
15 1 167541083
3 1 169882676
20 1 913607755
18 1 130183510
18 1 449793645
16 1 840025515
7 1 43599657
1 1 939791567
18 1 119423447
9 1 108013686
5 1 736962454
14 1 524462655
8 1 619308867
18 1 469261759
15 1 529617705
13 1 681792556
2 1 441763246
6 1 11997958
5 1 113282236
5 1 96441696
6 1 640304860
15 1 225878710
4 1 724927659
16 1 239773861
7 1 281494522
12 1 729222399
2 1 253900992
11 1 562272898
20 1 666687452
19 1 419528066
5 1 804677054
4 1 758904030
2 1 370238222
7 1 708379239
18 1 998199969
18 1 175479609
5 1 427047442
17 1 90891051
13 1 94498781
8 1 11155018
3 1 75615622
5 1 774146185
3 1 231953717
13 1 812389621
8 1 406540067
11 1 425355463
2 1 158550565
1 1 712436418
19 1 14820877
13 1 441178755
17 1 486100117
6 1 746667285
3 1 987651550
7 1 86264133
12 1 433839934
5 1 260821331
1 1 236055157
10 1 477484837
3 1 557916963
6 1 941494581
15 1 779035211
10 1 528768815
8 1 885939804
8 1 78345331
10 1 389748004
12 1 401471448
1 1 195627531
9 1 359268398
17 1 168800463
9 1 157634352
17 1 646451537
19 1 908802782
15 1 171792118
8 1 530009756
14 1 518815145
2 1 399105768
13 1 564354723
17 1 924003425
11 1 575287794
19 1 321692978
14 1 365681029
20 1 845605763
6 1 112344329
14 1 307528872
2 1 958949003
17 1 142135554
6 1 916271549
20 1 810611898
8 1 581612235
17 1 117422580
17 1 12816927
13 1 104042926
3 1 268900910
13 1 425513060
9 1 326525911
4 1 463377528
8 1 406927235
15 1 210823573
4 1 851876426
8 1 744331946
10 1 139715938
3 1 420596200
12 1 586993130
16 1 604450993
20 1 279456803
15 1 616375102
16 1 120664461
14 1 368887913
2 1 268801549
6 1 177720855
14 1 457856039
7 1 539451829
17 1 307940775
13 1 124338605
4 1 121778691
15 1 593624294
10 1 754128041
17 1 826518129
19 1 825833773
8 1 565385206
3 1 621246800
20 1 252913442
4 1 884931620
15 1 498804780
15 1 670568008
1 1 590896978
19 1 960923140
10 1 174932702
6 1 831530134
8 1 97580757
14 1 257932467
1 1 891703686
3 1 834648284
14 1 736926777
1 1 710577550
3 1 695402388
13 1 541651375
17 1 480775633
15 1 557247166
10 1 634122843
4 1 662859176
16 1 247687270
16 1 478989623
17 1 347983463
13 1 521366049
4 1 789661545
14 1 555051587
16 1 421574259
20 1 530499678
4 1 173866095
14 1 30301576
7 1 912503970
19 1 524432963
17 1 880561474
7 1 515088125
16 1 523982875
18 1 786976860
17 1 956885137
20 1 830506781
9 1 480764292
15 1 279539527
11 1 375862761
12 1 68248388
17 1 620918755
19 1 499694425
20 1 280470493
3 1 147122826
6 1 783510112
7 1 523995329
18 1 44527474
15 1 235984948
8 1 560344308
3 1 597107519
8 1 527159014
5 1 252686436
1 1 931413055
9 1 592793977
7 1 108606015
15 1 179551859
14 1 471867813
9 1 584042445
17 1 359021319
8 1 303905991
5 1 644292774
10 1 506774389
11 1 487795491
9 1 27712282
11 1 870819861
16 1 716941374
10 1 455066187
9 1 370636550
12 1 216463356
9 1 851769441
19 1 75979006
20 1 456008717
3 1 558046807
18 1 654619086
15 1 936934991
17 1 128098403
5 1 299883888
13 1 494643099
7 1 453436478
11 1 707611804
8 1 880242601
19 1 515460808
3 1 499337384
5 1 358639013
15 1 567683942
8 1 870962408
9 1 599964886
19 1 726089743
11 1 88958540
4 1 616864575
12 1 360806719
7 1 881918634
15 1 243022190
9 1 577286903
16 1 97455294
12 1 698188476
3 1 21668477
14 1 468869270
19 1 603762977
4 1 355576339
18 1 452312536
12 1 810610227
20 1 262434257
7 1 360778151
14 1 517517145
12 1 829971607
1 1 110979524
13 1 573261450
16 1 302608499
9 1 290243163
13 1 759793202
15 1 906067022
5 1 690819697
8 1 361889750
2 1 990462491
10 1 618946274
16 1 120256144
8 1 2297333
19 1 292857521
20 1 579289784
15 1 702215469
2 1 706754853
19 1 348006151
12 1 863195956
9 1 41761461
11 1 296049465
12 1 606972412
10 1 828763886
18 1 391266227
17 1 405700245
16 1 965335833
6 1 270424158
7 1 160274228
14 1 614505699
12 1 654514526
14 1 91911561
17 1 161664198
4 1 500829141
8 1 863117044
6 1 998933693
9 1 615746238
4 1 726947804
19 1 289730931
9 1 544284031
13 1 89238384
16 1 867241562
19 1 847009737
17 1 694300538
10 1 38059193
8 1 93792998
17 1 555322690
10 1 56169396
2 1 307757899
17 1 210709444
14 1 399387109
5 1 669102411
18 1 213301821
20 1 926435708
6 1 753057036
12 1 987958441
10 1 213630273
3 1 465973580
16 1 527732061
6 1 439301356
8 1 487070724
9 1 745162969
6 1 822741904
19 1 327804433
19 1 982641672
17 1 121016936
15 1 925592062
3 1 472001922
7 1 551946594
18 1 469607812
7 1 672963623
5 1 133087803
10 1 868590522
14 1 32997509
6 1 538005368
10 1 472306216
19 1 80403222
2 1 863118477
12 1 4743017
4 1 818224088
18 1 774421756
13 1 471966883
20 1 980511876
9 1 893750671
18 1 638220000
20 1 146076148
14 1 499513049
7 1 6823683
19 1 802322995
20 1 581505474
11 1 791449651
7 1 982998578
11 1 671656652
9 1 29052838
19 1 690279863
4 1 728148043
2 1 147013598
6 1 482221499
2 1 901870758
19 1 615949306
9 1 590931429
20 1 82099200
7 1 525037604
9 1 358546926
10 1 100929715
4 1 30853574
18 1 244845479
11 1 977204294
5 1 191915230
3 1 56149590
20 1 399813017
15 1 633174946
20 1 139195747
16 1 509665445
9 1 929826733
20 1 682905434
1 1 100356371
10 1 362092818
3 1 473837488
13 1 322688795
1 1 28787371
18 1 25910089
17 1 98157121
6 1 456433942
4 1 494837968
19 1 662761397
15 1 781872333
12 1 937656438
6 1 857692513
19 1 602852012
8 1 132827182
17 1 512355364
7 1 978716421
6 1 982071485
6 1 407369727
12 1 390984058
17 1 22951397
8 1 996919071
9 1 299456947
9 1 65976816
11 1 511103734
17 1 34293191
5 1 441263789
14 1 941011236
19 1 460729862
20 1 676324595
20 1 747762652
8 1 750961791
13 1 530083365
4 1 94777529
7 1 39677696
8 1 391271927
15 1 379357298
14 1 437452604
6 1 492490151
6 1 803952579
16 1 571544620
12 1 173446032
12 1 410742760
10 1 954318823
15 1 74863700
17 1 715083582
3 1 317114186
8 1 662479368
14 1 35017164
12 1 481645575
19 1 215663827
2 1 290642877
3 1 588223374
5 1 196767854
12 1 932014523
7 1 844792241
2 1 266133597
7 1 188590425
15 1 604489674
2 1 310664286
8 1 153156216
4 1 788124178
17 1 419076058
8 1 516533648
19 1 577446402
15 1 852151915
10 1 162753329
19 1 443431595
11 1 226300232
6 1 230691283
20 1 151259312
8 1 35064792
3 1 224641474
15 1 342169364
2 1 205755934
12 1 704101610
2 1 527237584
13 1 104789652
3 1 279022882
18 1 582676383
9 1 675765531
1 1 926971315
14 1 467706594
3 1 451277798
15 1 721122705
9 1 751041884
9 1 145945871
20 1 140021003
19 1 973573964
16 1 726194138
18 1 666426118
17 1 996789853
16 1 799063137
15 1 88076708
9 1 300331152
9 1 680055555
10 1 846241558
4 1 500180419
2 1 719174730
17 1 650725593
1 1 614878790
17 1 547084353
2 1 104944314
11 1 814012616
2 1 508015732
13 1 962330437
2 1 574106355
14 1 585117268
16 1 94078406
9 1 601017062
4 1 389428434
18 1 178674014
1 1 619310805
16 1 796243309
16 1 819822321
1 1 299710619
7 1 112990334
3 1 407166202
20 1 453864518
4 1 510184878
3 1 398066573
19 1 453184429
7 1 492970181
12 1 950883082
13 1 852961906
9 1 465019498
15 1 480301524
20 1 755845116
8 1 281309435
12 1 746113486
16 1 822656490
5 1 496214814
18 1 72759309
12 1 649468079
14 1 746376218
1 1 840464185
10 1 211095424
7 1 523105854
20 1 48781465
11 1 25441390
3 1 329083496
18 1 362338051
5 1 166633977
17 1 136571786
11 1 830289698
5 1 134020064
13 1 885517863
12 1 421778490
11 1 42764773
11 1 326971257
1 1 239727072
20 1 706570559
11 1 380798137
16 1 72983391
19 1 548145601
20 1 654963868
11 1 754410357
9 1 613395908
15 1 516381220
10 1 20818899
1 1 277874587
11 1 442886839
12 1 965362879
12 1 815764231
8 1 229235992
1 1 855583404
19 1 254886432
19 1 602677138
17 1 146139871
19 1 535417476
9 1 733304138
15 1 485399723
19 1 8441115
18 1 220320267
9 1 954962633
6 1 626007395
14 1 120571187
7 1 212488335
15 1 953583261
1 1 855469633
15 1 526521174
20 1 930214952
16 1 805726887
13 1 874938885
16 1 964685679
14 1 723474602
9 1 881819844
3 1 122595764
7 1 615634419
3 1 85505875
20 1 705678560
11 1 222671697
16 1 195911049
7 1 415911530
20 1 843194393
17 1 305646178
14 1 354748809
7 1 427716245
8 1 194865257
15 1 197131914
2 1 220237328
9 1 883757882
19 1 707619262
7 1 903246515
17 1 172932043
3 1 313939151
3 1 518725490
4 1 732968855
7 1 720816124
2 1 969873619
19 1 171087597
10 1 553368852
9 1 629231921
20 1 542589431
2 1 995790475
2 1 323149864
13 1 840727211
11 1 351833585
1 1 534106733
10 1 826363893
9 1 448589481
4 1 355437407
17 1 851475128
8 1 124859245
1 1 631129919
13 1 518454742
19 1 687281243
7 1 145344433
5 1 96003766
16 1 723073446
14 1 954260343
6 1 199532672
17 1 618252111
4 1 392710208
17 1 858315749
13 1 60852461
1 1 527367486
5 1 639616011
17 1 852559639
12 1 815825527
19 1 228633872
7 1 874647245
11 1 626056237
18 1 965964916
19 1 251082348
11 1 600477040
11 1 81973558
19 1 881183375
8 1 816511598
15 1 393348538
18 1 627183232
18 1 241044327
11 1 535573654
6 1 540446413
11 1 696158795
19 1 437288115
14 1 722495522
3 1 377256797
9 1 570045471
11 1 377404972
16 1 915735123
8 1 332355049
7 1 687122300
6 1 796171160
19 1 293841601
3 1 76136420
11 1 973019697
13 1 682360062
18 1 745111830
18 1 676282959
6 1 216106464
8 1 928300280
7 1 800462963
8 1 383627491
9 1 150374053
17 1 337566978
3 1 577192329
13 1 857976469
5 1 695707032
9 1 13241290
9 1 507253058
2 1 253785817
12 1 184707736
13 1 394225505
12 1 544171736
1 1 880863305
11 1 845439347
9 1 910155830
15 1 741659908
12 1 207239770
14 1 585851800
3 1 901764010
6 1 436299281
5 1 845762321
9 1 801635347
15 1 145117110
20 1 21519469
13 1 956240013
13 1 637269119
4 1 960642851
4 1 576024553
4 1 50003163
3 1 579104660
9 1 50646622
8 1 437882855
12 1 642441868
18 1 929428568
19 1 790321038
10 1 955306999
13 1 652673073
2 1 137334286
11 1 948500364
7 1 705045307
7 1 614587781
8 1 672910985
13 1 566570116
14 1 296353308
18 1 103334057
4 1 840771657
7 1 234481213
1 1 333302424
13 1 197353217
5 1 490624191
6 1 461474741
12 1 999136638
5 1 973402011
7 1 597303252
20 1 700163614
20 1 357574881
8 1 116014585
8 1 615356098
8 1 310247050
13 1 57079278
14 1 972910615
6 1 941259942
18 1 885676316
18 1 964428786
20 1 681075948
13 1 366558267
4 1 675342488
16 1 612291675
15 1 269767038
14 1 475166130
11 1 938031017
19 1 144802807
11 1 552601758
9 1 613628713
12 1 499306323
2 1 170592777
10 1 705295909
9 1 985496661
17 1 206630223
17 1 383276781
12 1 496498762
5 1 106285488
11 1 999933829
18 1 652530871
18 1 445387516
17 1 278825107
15 1 46127391
10 1 249226296
3 1 950542165
13 1 905902037
10 1 245362080
15 1 269150254
2 1 717127902
7 1 758567391
18 1 606741084
6 1 422129878
3 1 36038523
3 1 759321919
9 1 634058892
16 1 540540440
7 1 28686283
15 1 506938567
17 1 666072343
6 1 459190555
8 1 32863897
6 1 874036803
2 1 331904771
4 1 519953839
1 1 238758218
10 1 282709597
8 1 471028475
17 1 39063188
17 1 941761503
19 1 519310274
18 1 726411101
5 1 918549783
15 1 311218074
11 1 609916706
16 1 499499287
20 1 670451233
20 1 694035890
1 1 374957025
14 1 426990995
14 1 124335588
19 1 675497940
7 1 988724059
12 1 631324508
4 1 396716378
3 1 970072045
8 1 929726708
14 1 622773006
7 1 623219813
15 1 791662985
3 1 253136830
11 1 581884412
6 1 664985126
5 1 742288666
4 1 589712104
5 1 681675411
19 1 543136077
10 1 554906599
8 1 628145009
1 1 176952349
13 1 298993667
5 1 333632986
7 1 218733856
15 1 644674014
17 1 359970435
2 1 89316844
3 1 374274535
4 1 442392537
19 1 972640728
3 1 83889306
17 1 159844862
6 1 485393210
19 1 48195163
1 1 867362509
5 1 185938929
9 1 293997450
3 1 730940541
1 1 80504525
11 1 245577817
19 1 654384312
17 1 837001950
7 1 753696905
18 1 624510667
5 1 890261129
9 1 544504417
9 1 466290558
18 1 524113563
19 1 703805252
11 1 524852358
6 1 304788115
14 1 572702656
3 1 211485945
14 1 198910506
16 1 395145163
18 1 106330576
15 1 260155949
17 1 5758586
9 1 82404147
7 1 191678665
18 1 525814314
17 1 798639501
4 1 621518959
18 1 665034169
11 1 471885053
2 1 724738344
12 1 653661145
12 1 378925766
13 1 712653541
9 1 971398978
11 1 491402847
10 1 233952306
7 1 74788686
16 1 378542931
6 1 866339279
15 1 733832805
20 1 959481924
15 1 105563170
18 1 924269122
15 1 839001240
3 1 314156883
8 1 542368483
6 1 976061103
8 1 538502221
4 1 806195488
16 1 130151454
12 1 798200350
14 1 424737896
13 1 972871723
10 1 721862060
15 1 954994498
17 1 592640959
7 1 961807425
14 1 481073825
12 1 777814615
12 1 528036579
20 1 663459977
11 1 479535601
10 1 476288155
9 1 121551644
9 1 201720828
20 1 944899546
12 1 465748870
10 1 158836493
15 1 574583889
7 1 812836137
19 1 17043885
2 1 833732229
16 1 105479390
19 1 750010762
13 1 992144663
16 1 206307508
14 1 933041514
2 1 254662461
9 1 368613121
13 1 710454298
13 1 259504085
2 1 28273549
16 1 842528043
14 1 289635235
14 1 150053982
14 1 334067030
7 1 988565767
18 1 195094077
6 1 130423759
13 1 887922953
15 1 884269285
16 1 822816442
4 1 415840851
3 1 85692466
20 1 596071846
9 1 824137526
5 1 743161079
17 1 686133904
7 1 692713776
12 1 368691618
2 1 327469610
6 1 187713603
4 1 852407581
17 1 685861460
13 1 59464245
11 1 285908582
6 1 701423572
17 1 919011283
20 1 187716317
4 1 956482168
11 1 143538816
14 1 418681672
14 1 165760639
6 1 739531743
12 1 476185419
5 1 146482386
20 1 538334507
11 1 330232177
5 1 36632156
6 1 466612033
14 1 685287722
1 1 510705589
14 1 145121349
19 1 931570416
4 1 260937116
16 1 275422009
8 1 962773420
15 1 604733792
16 1 337007597
11 1 640336188
8 1 92346030
18 1 587464338
12 1 659921687
19 1 229068791
10 1 926554433
11 1 446970007
8 1 822072114
1 1 701963578
15 1 255524459
18 1 558063232
16 1 176744462
12 1 398638020
4 1 608511871
8 1 915748887
7 1 672130442
18 1 836092159
7 1 507115057
1 1 653384694
12 1 708613490
5 1 239248454
9 1 645603527
19 1 973727129
16 1 274279450
16 1 345636940
2 1 519632826
13 1 783747653
10 1 936911391
12 1 701317004
11 1 76941280
7 1 401552663
12 1 580620980
6 1 26469804
2 1 394319322
16 1 81487416
16 1 713717883
4 1 249126199
9 1 877918930
18 1 385067127
18 1 955572961
20 1 248469941
1 1 223179338
15 1 469867
6 1 286698104
20 1 613329673
19 1 735480500
2 1 719789071
15 1 849041689
17 1 660814651
12 1 102202147
9 1 756633941
15 1 234583532
13 1 684747403
5 1 88623204
4 1 435680500
17 1 936574014
5 1 932899146
20 1 707438486
9 1 346917281
4 1 901210960
7 1 511313581
20 1 855819588
18 1 399381166
4 1 573920408
10 1 277230099
15 1 731196664
5 1 349619847
13 1 853970721
5 1 978977596
5 1 546180780
3 1 871760601
5 1 285538503
13 1 121489498
7 1 629924780
11 1 813572199
11 1 679553801
20 1 8477745
9 1 86650020
13 1 362556231
5 1 811913752
15 1 112854822
13 1 953819893
4 1 970691425
17 1 953083699
2 1 972740747
19 1 481578494
2 1 976399057
20 1 179239890
11 1 173073545
14 1 740571875
14 1 742213525
10 1 291633232
13 1 854276681
13 1 770060015
7 1 596314729
13 1 370493968
3 1 38861456
15 1 770292917
3 1 158494221
2 1 202080664
18 1 547621315
4 1 411134966
16 1 36775111
15 1 625588742
10 1 891138241
10 1 437783607
17 1 850698365
1 1 115937406
7 1 924764994
19 1 64934854
7 1 461835776
7 1 168130920
17 1 462536005
18 1 807113884
4 1 274552558
7 1 375652281
6 1 312026483
18 1 636683302
11 1 159164787
15 1 42376401
15 1 365595046
19 1 597530917
20 1 686609081
20 1 157350962
15 1 58723925
16 1 982210765
14 1 88674212
14 1 266592482
19 1 123186997
18 1 857211759
11 1 741173771
15 1 525098437
16 1 149874622
3 1 23614652
11 1 797534997
6 1 474079651
9 1 314516581
8 1 220969696
7 1 809193935
2 1 490780480
13 1 695164416
19 1 54351859
9 1 539250132
5 1 679225340
5 1 98276089
10 1 639827861
17 1 4204975
7 1 357008036
3 1 250811411
10 1 223118037
14 1 983452648
9 1 35900752
14 1 683409443
8 1 55226422
16 1 700867301
8 1 202146308
19 1 868125802
14 1 290113401
19 1 162462231
13 1 267109647
15 1 980654823
7 1 146667352
12 1 131742141
8 1 433602770
15 1 742733042
15 1 315519363
12 1 779959041
15 1 91792709
17 1 444168329
2 1 474205575
14 1 925360725
11 1 4676558
8 1 948251935
8 1 712418625
20 1 406953321
1 1 239915391
17 1 37583108
18 1 856224024
4 1 182308679
17 1 377738993
9 1 338057840
11 1 607013812
11 1 199062439
13 1 924192097
2 1 888828973
9 1 579171170
9 1 213283157
2 1 861278758
17 1 878845956
20 1 328254960
4 1 625204216
9 1 251436328
9 1 851315378
14 1 322279245
19 1 30609103
13 1 66456076
7 1 885311770
4 1 369172474
14 1 715317084
13 1 679987063
4 1 633332443
12 1 850356579
5 1 58489969
10 1 944286212
1 1 625499852
7 1 193642477
11 1 42216673
10 1 752040686
12 1 993106499
8 1 699885955
15 1 942742429
16 1 865485765
13 1 13805893
10 1 668238834
10 1 838710832
4 1 676763442
15 1 584422973
11 1 610788442
5 1 667058443
7 1 918540046
1 1 257884821
17 1 662768447
1 1 423617032
19 1 490044930
19 1 670730694
13 1 434412988
7 1 513127477
13 1 143994102
13 1 129071005
3 1 315308286
19 1 489364064
1 1 988950373
9 1 510071542
3 1 650576654
14 1 338691568
12 1 981765082
18 1 140434595
6 1 780211763
5 1 870201098
13 1 75685272
1 1 399652301
5 1 532253099
4 1 870031687
14 1 45804918
18 1 507404903
5 1 927017224
2 1 589552127
15 1 974665435
9 1 736097453
7 1 720700103
11 1 1812651
17 1 356472947
6 1 735067022
2 1 483790892
19 1 102014686
19 1 83396402
1 1 302423016
5 1 763782422
16 1 887558621
13 1 294085881
14 1 197672840
2 1 371733236
5 1 199789717
15 1 771229890
10 1 289201767
3 1 786965293
3 1 960271533
11 1 654039680
18 1 253745500
12 1 725306159
17 1 435806970
1 1 575398342
4 1 784818204
3 1 460576805
2 1 35329315
10 1 219173584
20 1 708156063
20 1 538471173
14 1 168600958
2 1 527314353
4 1 271392112
17 1 105867877
18 1 233677084
11 1 114181130
20 1 814964976
9 1 741749754
14 1 714394775
2 1 141926021
17 1 317369210
16 1 589420973
2 1 855596714
4 1 374579312
4 1 776592470
8 1 803748776
10 1 570080675
4 1 984100094
17 1 618771350
9 1 102670836
6 1 753496951
13 1 557874021
15 1 255537306
10 1 131881393
15 1 8292405
7 1 747722716
11 1 954009410
5 1 573311572
16 1 313692503
8 1 342868507
4 1 381716303
11 1 737482016
14 1 635199248
5 1 187429882
7 1 339428524
6 1 417155980
14 1 88030026
8 1 322608853
10 1 380818217
16 1 759032755
10 1 168407909
4 1 247014727
4 1 12274945
15 1 6187059
12 1 511005935
11 1 958993049
12 1 16283359
4 1 950253587
19 1 496566814
13 1 804604204
14 1 337632395
6 1 123293656
13 1 337525366
16 1 243179123
7 1 18781114
1 1 108676009
9 1 718272781
19 1 483491526
2 1 343983208
14 1 844246776
6 1 38148389
3 1 644823119
7 1 108250849
6 1 268417831
13 1 213207069
20 1 417217746
7 1 273482341
11 1 943480348
17 1 526259646
12 1 184278490
19 1 650261100
12 1 60554856
7 1 821953824
1 1 271640706
17 1 621975745
14 1 554296527
19 1 134073628
18 1 405829207
8 1 650524107
6 1 476633297
5 1 75792017
12 1 956534461
18 1 677890027
6 1 156838959
5 1 593980713
17 1 458542801
18 1 432239624
11 1 186063836
18 1 44691235
2 1 398688826
6 1 219164452
5 1 535408043
7 1 567274674
2 1 973148209
4 1 399920415
1 1 546857567
11 1 907294183
5 1 372801467
13 1 452614174
14 1 992478616
1 1 762795009
14 1 169526166
5 1 980729130
4 1 128463358
19 1 514891833
18 1 548454749
7 1 514951661
11 1 942121360
13 1 781373834
11 1 906896088
7 1 727344270
19 1 255376353
16 1 36552768
14 1 939666522
4 1 857489288
3 1 268509553
19 1 113388956
13 1 863127712
6 1 897118452
3 1 419844582
6 1 602120697
15 1 418286464
18 1 191161610
2 1 705879025
4 1 986767843
12 1 647222670
5 1 810046964
15 1 915921481
14 1 862684862
6 1 28966227
18 1 545017771
1 1 477163332
12 1 868758327
3 1 980027869
5 1 563082853
12 1 691769020
18 1 108603282
20 1 42819160
9 1 399185626
18 1 50028532
10 1 312134428
5 1 831559120
2 1 144233644
13 1 195488024
18 1 815560339
5 1 513577897
16 1 628571712
19 1 319362632
10 1 26711664
20 1 784550346
8 1 357926929
2 1 407166264
15 1 269748208
19 1 455732524
7 1 34569096
17 1 7130071
12 1 137990845
8 1 197065665
10 1 969087360
2 1 863088377
12 1 205097365
9 1 209732147
14 1 978803654
6 1 803629890
17 1 769426083
3 1 454924942
2 1 666622793
5 1 198530140
3 1 851538829
5 1 256634811
19 1 548193054
5 1 998857485
3 1 862668782
12 1 576666521
1 1 506391639
4 1 131570495
8 1 972833626
2 1 833839041
19 1 622617095
9 1 231569549
8 1 779360627
11 1 363549560
12 1 606648695
11 1 45211623
16 1 694865197
13 1 106934635
6 1 784061495
5 1 167210104
7 1 912890380
8 1 432884171
15 1 738360280
4 1 711993823
17 1 664806431
7 1 216264271
9 1 302874839
7 1 834090301
13 1 757874334
15 1 653935679
10 1 33833009
8 1 92048524
1 1 123119995
6 1 624603899
4 1 939684891
7 1 782581336
7 1 706630117
12 1 794086188
13 1 812511913
19 1 672578196
5 1 847988534
2 1 606415623
15 1 631999375
15 1 325237904
10 1 935624400
11 1 848212249
17 1 340296922
17 1 961080676
2 1 799938884
14 1 110039010
14 1 603069626
4 1 671163434
10 1 566874510
3 1 126163168
19 1 41558411
9 1 503948885
6 1 247567225
12 1 848756994
6 1 970536769
14 1 633051652
5 1 171391049
6 1 653808420
19 1 48736418
5 1 74600243
12 1 141522788
6 1 689759607
8 1 259565470
12 1 363830659
15 1 351765213
8 1 99905948
15 1 398623724
5 1 494598227
12 1 290325954
4 1 54317486
16 1 65905664
15 1 704789936
6 1 662959226
13 1 410727171
16 1 787088975
16 1 403392688
14 1 129243349
13 1 232961246
19 1 135575135
15 1 226633086
10 1 316545272
8 1 100215487
20 1 790294969
14 1 925202056
8 1 340046794
12 1 137163595
6 1 263208767
11 1 92575232
7 1 363670653
6 1 930640275
15 1 481659848
13 1 541550607
12 1 979856885
19 1 107201007
19 1 32933952
1 1 859657307
2 1 431873960
13 1 524909646
8 1 943517843
15 1 699897109
13 1 573664446
3 1 388625317
16 1 189855284
13 1 735725659
20 1 973563725
8 1 969136090
14 1 311383679
19 1 621187293
7 1 504343497
11 1 93261052
9 1 328522796
6 1 832034433
14 1 637646140
17 1 686292066
14 1 473715117
19 1 346733556
3 1 934691560
19 1 923566423
16 1 921405029
20 1 627395880
8 1 158696526
6 1 800716676
16 1 194061882
4 1 664135287
13 1 556848892
1 1 55727791
8 1 896947407
1 1 869811435
20 1 338603028
17 1 659048569
6 1 466309504
12 1 610107330
14 1 397431792
19 1 145578990
10 1 570561991
14 1 750546562
2 1 95751898
9 1 500247957
5 1 314123352
4 1 201953587
1 1 694462951
17 1 384531069
10 1 138669088
15 1 70830087
6 1 481441806
5 1 488566947
13 1 873474797
7 1 940382188
18 1 16942034
16 1 509491995
10 1 363141157
4 1 483657184
8 1 43757554
20 1 984206551
3 1 102640383
11 1 812512131
6 1 862002517
9 1 481880301
8 1 813312670
10 1 931491639
5 1 493470378
8 1 850411874
16 1 130684201
2 1 821165875
3 1 227319007
18 1 17057737
6 1 716010604
14 1 631443323
6 1 707457482
2 1 503874299
14 1 593562273
18 1 89058561
18 1 879293007
2 1 452167167
4 1 997277883
14 1 775047522
19 1 544638070
10 1 980210287
15 1 656803588
14 1 579033787
5 1 242706527
2 1 618344047
7 1 597186183
12 1 873446329
11 1 349226669
6 1 91263176
19 1 52385982
3 1 553642696
14 1 124395777
19 1 309187551
9 1 733609782
12 1 597994236
3 1 616267313
1 1 522840766
19 1 852939502
15 1 840670842
10 1 232367084
11 1 718921731
6 1 73890850
14 1 775070443
10 1 359843387
5 1 469667780
14 1 175390587
11 1 940888922
15 1 760454893
7 1 765435645
4 1 999655856
14 1 957967557
19 1 740248123
19 1 681511352
12 1 775136805
15 1 246299892
2 1 813940678
1 1 959270082
10 1 800827757
18 1 131650458
7 1 317468714
10 1 902524295
2 1 864238149
19 1 273474791
18 1 641877591
7 1 406867361
14 1 420654507
5 1 758898360
14 1 897749809
13 1 530157590
14 1 53148709
3 1 872494705
2 1 828774535
1 1 359412848
8 1 685641718
4 1 784970359
5 1 623917746
8 1 666738677
5 1 835033267
20 1 461402239
11 1 981555970
1 1 472059838
4 1 484016570
17 1 886447007
16 1 793699728
16 1 703827489
18 1 126054917
10 1 537445121
16 1 403157824
15 1 720758463
2 1 927625671
18 1 188898387
20 1 131838360
20 1 632990874
20 1 712443916
7 1 788071625
14 1 427624532
16 1 688623259
20 1 174270430
6 1 328344762
14 1 188046290
12 1 311229986
3 1 265494535
17 1 973721306
20 1 179336960
15 1 953468178
7 1 242649807
15 1 271959695
19 1 40934369
11 1 589219178
11 1 637013456
17 1 992829339
17 1 391176427
2 1 691936468
11 1 807922523
18 1 407427601
4 1 945644260
13 1 315190396
9 1 100046688
1 1 579388282
11 1 534245488
19 1 694338618
17 1 882989082
19 1 483688523
3 1 169145511
12 1 979743228
1 1 575075804
8 1 106015679
2 1 681245662
16 1 616917374
10 1 426762502
11 1 95107187
7 1 361664076
15 1 984260347
6 1 785380955
17 1 500851031
2 1 815226097
6 1 420655769
7 1 676914198
10 1 170034834
2 1 189430030
2 1 282909756
11 1 70031048
19 1 534771511
20 1 317439565
17 1 434553805
2 1 201571109
19 1 129239412
20 1 634088286
5 1 232420969
7 1 299267397
20 1 684793852
16 1 826347748
13 1 71221771
3 1 2925148
19 1 548012167
5 1 824153369
8 1 13024071
8 1 39188234
13 1 14077149
14 1 547153416
14 1 915593983
2 1 982459998
7 1 466175395
2 1 480400297
14 1 12153473
2 1 890299381
18 1 221990880
15 1 835810854
16 1 927823213
3 1 487879957
10 1 449919224
9 1 138452293
15 1 716903924
8 1 940388240
7 1 382770470
17 1 125263318
5 1 316396320
5 1 593332022
12 1 323117018
1 1 960966229
17 1 753350306
9 1 815657620
12 1 37454131
14 1 805899744
15 1 931928954
2 1 83323221
4 1 953319230
13 1 174909013
6 1 319696020
4 1 811572549
5 1 584586446
5 1 251571642
11 1 939782927
3 1 502693983
4 1 187898530
20 1 286114578
10 1 7672456
14 1 53993279
8 1 577934612
19 1 83596152
11 1 756929022
8 1 945825836
8 1 82616373
14 1 980949564
5 1 998796015
11 1 67454276
3 1 342068322
12 1 76886430
9 1 289016365
14 1 901991182
7 1 701491558
20 1 314524561
3 1 319531877
11 1 634267383
13 1 737335230
1 1 319193895
4 1 393958989
11 1 557293212
19 1 415581037
16 1 581258466
17 1 572939233
10 1 919561690
7 1 580081032
18 1 36827254
2 1 422003471
5 1 995823349
3 1 555810258
1 1 674170570
8 1 229228165
6 1 411322813
7 1 809430957
4 1 415165887
20 1 425799947
13 1 936768060
10 1 560137412
13 1 961348212
14 1 158251852
11 1 914519636
13 1 425921859
5 1 751093958
9 1 910902064
16 1 756743201
12 1 593550747
20 1 944699724
17 1 851527791
18 1 577556163
19 1 939926964
13 1 674860122
2 1 932410097
20 1 489975314
13 1 849980173
15 1 897012460
4 1 997140430
3 1 261424673
19 1 290945696
12 1 154824200
1 1 790505035
1 1 516907332
2 1 667762506
19 1 516278248
11 1 301152777
13 1 407351211
7 1 348491788
12 1 970235189
11 1 414662884
10 1 478314083
16 1 57062378
9 1 534857707
14 1 161480057
6 1 976337624
14 1 560820522
1 1 193851468
15 1 383900019
11 1 769345983
14 1 96173603
1 1 976678112
13 1 250345951
5 1 243496185
10 1 370241497
7 1 834764856
9 1 155625089
2 1 504913309
4 1 134594214
7 1 310645952
5 1 806251611
20 1 670747891
5 1 786605195
1 1 57133145
16 1 91108362
20 1 981439002
13 1 566343565
13 1 529590396
16 1 531848004
8 1 490990843
13 1 693375423
10 1 763129602
11 1 776954121
9 1 174571115
8 1 716256065
2 1 467770326
15 1 841049150
1 1 778394806
14 1 539229050
18 1 143196569
1 1 357844097
6 1 161797920
12 1 47315546
15 1 430244882
20 1 220158279
14 1 103750572
20 1 553049367
6 1 585878091
11 1 754786124
19 1 529583471
19 1 211959469
10 1 871520550
12 1 573263933
5 1 119438390
12 1 635660643
9 1 199134228
8 1 68097609
18 1 991234582
16 1 843110300
18 1 554586776
4 1 744849860
17 1 948538931
4 1 883534943
18 1 512193610
14 1 739943505
12 1 391699461
12 1 231858541
16 1 755646181
8 1 816579846
10 1 237177853
15 1 507532190
10 1 807131973
11 1 907129050
19 1 857739235
20 1 913491756
3 1 724430368
2 1 707959297
18 1 645105540
6 1 514468476
