50811531
23309361
93214092
14644916
29701207
21294687
64435345
9500523
94806081
11470580
61355612
35119126
48274357
19512227
64979492
29432146
36355940
43935413
68172954
636148584
6535586
73179987
10576345
8467030
110003199
526028785
125932471
224119423
123717942
9492424
83550601
133989060
90601897
60455913
49467239
56409211
5370696
724025082
302758876
38667741
254710813
137993300
303349681
64208268
8335541
143733281
11384925
242604659
86655854
16387763
233084764
134374906
303975902
20564245
20615730
724165381
137469629
57108413
7750289
154848899
48955019
18054025
179981014
480952147
84924729
85632292
96247726
178992471
1976139
11834266
19553434
16586012
3004843
132019300
24761423
56138790
84352951
21684340
35274261
203551356
44359739
15717582
18623732
57477887
15426106
22255604
16941688
431835999
33729522
275524540
792664421
135897482
56628691
92798140
40830549
240575694
58220351
8095557
68945342
2713717
112202763
85400720
265263201
240297701
42340730
306175889
87521971
47732812
69198018
91151828
1306667
71940469
116727755
3378907
12812528
208705439
544702402
24618104
129908513
3512483
58193524
190896477
99060240
28501997
18694017
78822106
7956874
31601377
13363413
146992511
60881401
60694158
29859899
928370978
78080881
49474336
182665981
65339785
5487517
86254688
2315658
150781053
76003518
61194858
132295512
73510609
91716243
283124680
19784578
57878141
166515319
7032654
29795635
14950870
598726850
38398243
5007550
228055318
963301473
176324947
43192317
205158235
13163782
163402746
20989036
104231829
185425699
34244279
79173962
33025562
109181869
33088179
174880649
297755019
155305331
106334185
49475517
130473275
35910075
7700505
72093831
66572956
129180585
4785612
56468472
140355851
101436087
84896900
45790441
22545101
80668975
296898732
9107313
922245748
7541076
50241987
236196614
179513401
75967737
157130056
120725346
24616398
58882408
103927669
199663806
208540774
375040921
148315883
87130093
16629855
300596366
546713520
840129795
247900636
234684805
83538116
40696423
145760198
92377639
468787113
752875963
46618450
134180121
228303693
83559416
196209374
35696280
85773380
57079770
12015490
17758614
328648780
16628913
156824860
87203782
216877166
189210954
261389658
17119590
10685059
88503862
62123578
320120197
30756015
55911634
12644872
41933664
271866494
74035392
95426142
330695790
48554451
134994489
125278889
89784645
158158839
268847440
132501770
81034567
235013797
178186448
149037391
151819976
45336518
326136343
193416042
175076437
152798422
153713377
267361818
17360247
100856132
318454177
36010325
59852609
51789150
87701848
16976590
164503695
5280250
16081207
179335512
107806949
342936438
111402692
59669072
78844866
30487672
18620008
538514379
36158682
328029788
18062596
146950870
153609527
56761403
73769431
340273821
240797541
165895423
598816512
79324652
173962357
19816409
239970422
131945109
61363052
38743031
88972423
28923436
7878932
160193858
186226664
15750585
15214284
26203315
14325358
270128880
25590971
44062685
195598665
45673031
151615985
66151479
11360827
202321324
752679024
96103340
226857386
91806333
2948987
334398237
80171646
91179496
48503660
15155187
85889662
159587418
136090474
52735840
57305058
53751254
117351669
88599442
77428435
259560436
97020104
68969925
286665328
115396985
193594965
432721987
766980
173127440
432214425
7513440
81571391
117976994
844991290
91528207
12883716
116645819
212511422
25968254
80744196
57800069
142869849
52368088
79592085
131624637
180934580
179107137
137297187
580699205
837279008
67901225
671413487
35357209
68272586
166291449
9652387
294648676
83864156
41610440
97989548
40221584
173399859
299796935
229545207
144986471
152331733
10744525
23839917
92651442
729893166
329022211
347517205
20183616
108407819
36841647
85468477
100719773
124939025
130849430
22378607
376776497
24982782
26733435
173046842
13996785
23355214
14217646
159608243
115023162
89100924
61837672
431918532
147096456
116398042
132233696
65977352
37495844
299105560
319603274
687022812
16819157
46497878
171538216
11781719
174268489
27586582
76491150
69820193
55776844
151814442
166180130
60924609
17769102
35861123
28033957
65247298
82735817
547480817
90091489
87227766
7816455
59787870
137447194
57613807
40001777
34600510
41274984
381438903
4342879
579810402
90949794
80682698
13868940
34586060
67895679
533628913
888988128
109911823
63682675
30620465
165455248
299525854
47542641
178490822
1890498
169032402
66103582
23156535
76897012
22885016
2551854
644213754
27065915
78934922
80573748
286291467
111669053
1467274
242307469
85583442
346652966
239844919
12023908
79590589
88670330
194785595
80826327
91704554
66658504
7420829
207868879
48204390
4337943
68630011
458442036
12798129
225929486
110347423
289075310
69304694
618659809
252328193
108770986
55856108
26986741
134734338
154049919
47066256
71040139
67625788
141505181
37530910
84003771
163511162
261647972
73239408
16149511
44754016
209116987
146310219
153958556
175890275
142495591
181189244
26817671
73283090
2778443
109881565
36252858
52993684
633407442
969318375
166947283
39716838
232847558
57977128
195115657
850785
330887933
536993356
56784494
853351287
48168874
63016032
12651674
89603241
86553252
842416
226030798
44495046
808077792
66844663
117248190
17098275
77158211
113746896
59093064
195629984
128709043
231636768
14090370
191962432
118436354
294509598
3787929
85142938
19004313
24115404
120419223
245180293
39234520
52089612
631888620
79053211
433651527
424935979
27283092
13064913
4764386
49838323
71055182
847738845
747593333
64080904
830571101
91360641
29450992
109680332
80688109
48980663
86793550
9254961
710606870
136870277
151898210
33815002
23205740
16044700
870620095
398338033
64509033
169382583
63540204
686511727
23754285
162884360
136010239
42527041
32565483
54072758
2804607
14474834
286783680
207787909
59824232
26099977
56142752
112789930
695440300
34730810
15770016
135567472
89512549
33786871
196845476
920297124
175790698
23938650
75294317
278517335
720240094
88091502
255000218
151275774
661454206
29100094
330274323
78569768
320182409
161611752
107735075
39872040
14398251
47313640
55437172
26682141
4210858
84360064
183111945
10371107
161823411
35663399
37067597
66571622
27182763
84833027
65675347
299807345
72813159
110811325
55685143
81573875
8064005
82501731
87859341
616161850
81827468
830669640
120664990
28080249
74884938
52968394
91161541
44076120
14300846
98816292
174300192
200504676
732930972
527364485
6524807
58891108
24477199
229492477
480234374
329125619
206894453
10088054
287772400
15134367
106372038
32209720
19255376
493999142
152143753
51091696
9529294
40898114
127409341
182978494
141535422
5977495
303574769
571511921
91620471
301495923
41497614
160716945
47769465
11856042
100167011
111911533
731334589
106819171
39158373
640731488
19504449
3924843
24590204
514619424
18895000
465783104
81798825
91076820
34490256
11216357
41939604
981551673
29037221
62099922
17061606
21110599
89126271
35406235
55764336
29091159
20820032
12049587
16189617
313566737
325346376
102702185
247287172
159198934
30207949
190001566
62662626
55824035
111345582
78721740
22287971
50113800
193985143
77616799
117613627
81215748
77647038
71032129
31201343
56267956
118848807
170517716
215578188
171590364
61708793
127330396
28028495
33965294
72632206
48294312
65373857
7255018
50946110
155567754
706490948
120489008
202969001
826211197
15702430
15159348
194319016
57433633
152405585
66960854
88379163
66073980
41565817
64240941
194828909
729260909
652870236
4046365
73774578
953213786
131301688
287765512
192262582
68483379
39899804
69034690
3179841
112686199
258951796
27913430
39980314
41243278
48359459
60095360
132574160
4060622
121188740
73217267
89664131
48824343
277937747
159700743
231284458
512592478
239019162
121666393
182366166
45970578
57036125
199107881
128787807
5816805
91234797
117289285
13696306
42632767
54902555
95621680
733663150
82317756
54842611
41840679
197826719
38273799
59692238
65316949
286995396
28851425
85530619
17362741
5734995
185459531
31812781
40867226
27457977
134086446
104490075
57984483
289930537
185851763
247799054
2304081
134889371
8021420
262643234
73995527
5182064
73052766
329087632
79990773
191262374
24717535
21939165
129018922
185519420
346222
153565864
17469603
47693650
5110403
42396641
343593217
204907388
440305849
958095397
179883806
38395188
4651617
62800081
42016982
23739052
59692074
36361236
233452300
101810664
4948761
105831470
87690800
64416618
139659589
283455297
116256141
76912045
67075496
8386877
60516169
86193470
36753819
53955691
136693700
55103016
6073380
141442163
72411182
871054687
184890363
112287939
12945983
977848970
144885976
6390211
9563210
61266084
51428225
69469106
128507553
271043260
238869086
29150536
139877027
656551769
61078338
42734095
271443831
77989704
98869788
8448237
209209292
284365041
619802431
58123019
885473256
646415110
60253068
240175769
162476069
187677039
28003523
38363755
55203313
220634475
71671664
15896047
139603880
61816024
73249711
226557410
310817782
147338536
590718695
517552878
625323177
339843447
650542088
59550702
66129727
21643420
149405612
41627997
968399553
54800513
48195189
12727866
296821355
47878048
134249427
84126306
642550255
71727965
145511766
87652754
47989652
9582514
9955136
174030614
20529197
53070556
142867718
70239071
682433342
250674271
242974951
55685794
24948058
6146658
56841401
169091635
9562375
495328137
84517884
23133145
146929794
186747515
34028923
136007322
130778759
201260428
20242753
155283164
7792079
44366574
94269894
87658580
155730228
616840125
65579233
54767477
34400996
44527961
30710257
57465242
114641827
442163070
126926956
197983324
91711848
295511601
124798602
44928436
137817931
952144
79384834
70272028
46306708
962999
68901300
200530845
60909066
265579491
72920047
62262204
43413042
142583936
372307951
98364202
153638165
64039474
27783225
80191142
88224784
151399019
13532935
154433691
55032425
126477192
53746864
130851803
746097037
680651149
729767425
205864318
1887012
80566644
156617914
6101622
38437747
63015798
88577971
85766474
52907300
81978515
52811257
151668475
88162389
10856309
133566936
32121496
525299440
167479434
13080256
157361019
274015331
83501697
162694377
160248626
18214187
246174307
185112353
74243867
110085067
516455915
689287745
66369330
127373641
94385657
96811106
55711139
89755434
522037946
3454748
63955959
362186039
112589950
25828811
77946560
55731302
156332418
49935316
54484825
161827888
183170308
24089897
17069809
95294063
56093759
184765969
120830369
40238166
79530750
12703643
85098647
50479290
5746510
136346577
35819651
318979063
4805221
43166083
36373502
77924165
132257105
65745168
69594420
178321350
270994474
80583350
71620632
16501048
22838612
433755945
136878349
83564035
754790796
259190195
81826509
201179521
86836631
70041744
761721356
114239892
147421495
464540176
79209348
9520402
146393259
117742033
81217186
114745617
175815210
324369473
90693600
239459889
119277704
26463505
35291914
61398536
41266516
5642985
42377522
809368633
287049223
32887505
52421112
70154002
69572768
202795712
31434198
272822344
78297335
23960907
15384478
52847308
25324750
45488284
62632864
73628952
82031438
29027887
51726634
72028660
173232530
4490139
17934309
24015650
53455960
37321058
74793180
13407689
80158542
28280021
58374008
65262585
55342269
125483122
14541246
822276433
14686549
32338882
241168349
142056122
207078852
81193137
34901846
51232107
29066330
77438924
34111661
58276610
104066160
40454022
51084661
337266044
36095515
323397057
116729189
28453148
20017471
14522640
55382606
86217667
170932233
128648351
75352679
131970342
4130448
286269114
152918536
71600375
7086039
58173843
36388009
87317176
5459868
96471366
3667550
74827787
132784392
5979149
51383343
801990367
50365859
24085106
92357997
51694348
143002031
155696967
45317703
768531648
39510948
336723307
142876668
272945337
608117085
63382490
113450660
345258087
70850636
73489361
51736241
11782012
755592686
201896439
153326573
40440592
83272952
73705780
44684735
713140886
49018132
825820720
56789432
171067894
167582082
52561130
172685065
173253513
51516268
35911460
27679487
753709773
385704483
332509058
194860478
111738526
17213055
2771651
47375219
315412798
247731042
7884053
325474082
145493011
194199614
32606116
62115492
181343401
36391119
574269174
10482146
169575989
184039425
55930642
40899139
723883792
124073818
26175435
333830233
64205767
90253955
138047674
80432035
640180078
2328743
16286014
16158551
193331365
39647419
213849525
322417421
37359209
55986641
463044578
127501227
57698284
92129599
19177824
567498927
165244925
34334996
307481502
198927129
123461725
85320246
20941019
148935046
26638506
271092429
95224813
768583558
53474233
295584146
9953627
15280122
482475052
219939490
73306078
6388892
176857017
22929819
69882914
107133486
499694832
5116371
22792951
71315517
436066372
95898023
28720505
45651941
38800266
30604509
38563190
178205401
436543109
76353951
227126245
62241633
14240740
130443215
110345814
143268913
19530763
11603883
143417987
305726111
42945199
340015818
43909988
115678454
247056372
74638440
12630823
80605033
75805610
233719
82901854
591462154
265491465
189952602
501388392
167221664
132061677
97195775
19118495
179428992
127609728
56076202
636442727
35509927
39075424
219966883
113652930
131552684
17233224
523945831
333802058
60154211
18253711
534012244
35101832
146067543
25357135
7189371
167536177
81669058
26585003
139101580
35439518
44041878
78516744
151901448
47009032
74203944
50064098
48669837
270017144
56081230
614895605
73297178
839437825
214886895
506748407
2909831
27068915
62063511
3935303
56275453
9977038
28174140
34659377
41367209
156234533
39297971
104745046
64333449
333850607
178959258
407820453
634469549
17743380
33391398
338215061
174252853
228789760
142895003
8847754
95257281
73065825
161226500
80701472
330956160
79368226
71623791
446236183
336733131
54379064
152432798
61032563
890680799
257305352
8563511
70503766
243429864
5350584
117647652
226329206
124708027
7872862
50281790
190394862
857983
166027584
6313778
22082215
656761926
160807441
192051604
116869575
54824476
122253267
31555745
62165035
32948515
6942027
603901847
35641431
251255326
28661722
60950143
282628221
100618172
27723574
126671983
74894463
75388412
34470452
143317985
240879285
277721715
72655278
17243589
12289319
437316012
207690368
56131750
286658066
63803788
2311728
86839681
83626249
25603123
36134080
116682124
87132561
246124559
22487325
27189894
142662135
17409352
7541647
52446758
90030312
313725951
21015333
575626575
37294730
97220664
23045459
83162530
35972376
101096218
18927841
72270136
97823205
30257987
7579774
123377701
123033173
22575802
23769875
162637892
95291351
106098923
59381922
12418724
77262027
82051619
180581303
265346019
102495590
197175248
24212143
30155654
12910481
239364916
54873255
91236957
287016341
214188461
135547799
169195827
132880824
499309792
156446255
28156159
258323485
88818046
269672733
165713872
230314369
894027399
54289885
106984617
34580462
22987902
142848337
138430108
332855429
45233090
321396166
115069540
2541393
824709632
61668752
32030735
66893318
2232711
330485244
195910543
87303242
178434918
187229475
1481934
90620847
166605022
3410916
239708783
189175685
181241550
23757094
43163907
145008296
80918372
25246307
134825794
75671305
24635267
226297437
169864980
129539483
119998931
180389913
4698486
38519096
260449403
180528088
28955460
87688466
86058343
80467609
82238709
19060508
17750682
122677830
44908869
824918912
8445890
96118832
41512603
285111796
10929307
123427489
90522282
16506258
206772579
37370875
822637751
73254088
33139698
21615704
84922958
21142998
290308840
15932704
326897863
34586039
132569317
187030394
374064033
199741573
30310311
552228162
104095840
39376903
4933875
57294824
19926515
915020008
41060751
48868443
17045866
30842199
77980480
43825435
90964598
124503260
489454257
48481229
202447148
318544806
10280593
52239210
14059580
318401177
144621277
296687753
5694345
20815209
1091305
3335973
104735014
50691390
597785129
58202804
49452217
55639938
267177699
6203188
131652062
416066920
22251294
677076922
11861752
595270575
206015517
88780698
298789412
127575779
66258402
45153004
194372704
110243116
30712115
91042746
63280497
40253454
850713827
21162738
41726560
10224868
1392698
75636311
122133784
48560632
159647136
16972773
41184653
20682415
56774654
28269356
43282070
148714893
11374671
34393001
119651941
78833493
36171983
33188653
53476329
143667051
49506966
65781573
42709785
116477107
172916307
287054484
164542200
22634589
77208689
69820797
43987944
152073280
83157191
141226154
90993924
62613235
83023425
83838400
209836364
164087060
494988151
185342059
40671729
90321847
75904584
198865615
180285618
54376148
76439124
266094437
79777738
551631120
66833416
206903053
380806698
74118755
25195317
48657933
842743
174317241
882218438
130336346
36844559
91386715
53665352
143355653
183724867
43271482
73264902
25471827
104869822
696612370
344952084
653603498
113291743
129494517
102596337
22151222
80996570
10146946
559234846
35619468
50473867
33504945
89595139
50017869
248962643
67054209
143921813
169689102
67091719
652647760
9662620
71981408
201477484
4340566
149563454
329010363
155306866
292553040
206564266
6474519
165258602
14190459
108951022
107213856
671175609
9704722
77229631
221071869
30328960
36657072
136335754
4054834
6738659
67820609
15243856
34356753
71171434
70993983
204999836
572397912
21416866
57976677
208195051
593346743
22947696
186784312
154796205
30537131
66462272
124440237
23065234
175553169
222923268
13406753
123422260
144391309
276201727
109200956
57715420
49210993
42914484
6402680
135293219
48399301
648049566
30131555
155292722
63768137
40199148
14560258
99330250
78123020
21948103
61364343
628271962
128480224
77085891
63909222
19763550
7575298
155909270
35490656
68145784
139626463
13161054
66728041
82083719
15447254
14482040
12427540
140751539
87669965
200783426
156507178
109215964
36199870
91522879
278667609
165926224
430272251
152718164
52009464
123305246
50266879
87662019
25573869
15872301
64623276
167576775
52652142
133725010
452510941
40178540
118834766
63264417
19115245
37664207
243132507
97399565
581735301
173658274
151859336
99758158
538859937
79825138
185738413
785434
32512274
15260771
322294927
167799734
208445348
21840882
243678413
119984399
235805142
86596832
64063921
218495312
43267783
81921630
32666067
9304979
90024563
24571261
125615584
69146498
5763478
2710201
292869657
189265545
908544338
7506026
310479070
190619585
6351370
749770877
699469444
53718849
170440084
33810974
338092690
778914442
66312900
70032878
11020280
7313734
105016274
909530538
122006792
24234840
3548058
30980073
137938921
179426011
187689291
35469389
5335458
45774203
6370313
74412661
146065609
34606795
20767396
27186395
29375276
42329124
28470214
64649606
