20 2000
1 2
2 3
2 4
4 5
3 6
1 7
1 8
6 9
8 10
4 11
5 12
12 13
8 14
5 15
14 16
14 17
16 18
18 19
17 20
987881661 794610809 178547307 91806686 175247840 205782460 903596046 348881475 587195759 626710738 274210642 118081029 599488603 340320316 182936932 211082562 882727910 493768303 523237189 505657995
9 1 50811531
19 1 517077664
6 1 93214092
10 1 641355654
7 1 29701207
1 1 21294687
19 1 486600469
20 1 349820839
14 1 775446713
5 1 361966260
19 1 584592801
10 1 661829864
15 1 688891839
6 1 842642067
9 1 64979492
18 1 240514708
20 1 36355940
20 1 549593408
12 1 304335012
2 1 636148584
10 1 355417061
10 1 422061462
13 1 728145977
15 1 374340894
3 1 110003199
2 1 526028785
9 1 125932471
2 1 224119423
10 1 472599417
11 1 9492424
5 1 609294121
18 1 838839925
19 1 613839086
13 1 778025545
13 1 403710326
12 1 646814356
12 1 923744585
7 1 724025082
10 1 302758876
16 1 671915427
1 1 254710813
3 1 673635221
14 1 303349681
11 1 978646880
19 1 219418103
3 1 500827895
5 1 453687291
1 1 242604659
16 1 297738416
20 1 862366074
8 1 930847714
8 1 134374906
14 1 303975902
13 1 374807332
2 1 20615730
2 1 724165381
17 1 818110261
6 1 262890873
12 1 689962120
10 1 154848899
13 1 766524651
8 1 715816975
2 1 974591823
2 1 480952147
7 1 988520775
16 1 929962540
18 1 801098591
16 1 601157595
11 1 824608065
4 1 654481068
13 1 583684236
15 1 199522944
19 1 3004843
3 1 489113914
12 1 588892225
15 1 696756272
13 1 202433980
12 1 349653084
2 1 35274261
8 1 552432831
13 1 761929371
16 1 15717582
5 1 811421778
20 1 397798203
15 1 747173834
4 1 114062290
3 1 16941688
1 1 431835999
4 1 676376324
8 1 624406015
7 1 792664421
2 1 930508291
5 1 148435377
10 1 719508878
17 1 40830549
14 1 240575694
15 1 789968079
9 1 419660477
5 1 686495548
16 1 424878841
20 1 452523079
8 1 783163670
10 1 891973939
20 1 745955696
17 1 722981362
7 1 306175889
19 1 298604533
3 1 226280119
19 1 592435207
4 1 641991944
15 1 733054395
15 1 620751265
19 1 116727755
12 1 449428680
18 1 12812528
8 1 906468389
7 1 544702402
4 1 759071592
3 1 308455820
15 1 827066897
4 1 150000210
7 1 190896477
3 1 991796775
8 1 377383472
13 1 372937104
11 1 719050076
5 1 976002760
5 1 824399423
19 1 13363413
8 1 844755461
4 1 428108145
18 1 271776720
6 1 441424819
1 1 928370978
12 1 314242939
12 1 167555365
17 1 522986297
9 1 271122245
9 1 592683276
4 1 361674746
9 1 180862965
18 1 361863615
12 1 902570721
5 1 586938378
2 1 132295512
10 1 73510609
11 1 183522929
20 1 788782675
13 1 711079867
5 1 149684827
9 1 166515319
16 1 851362902
17 1 370115951
19 1 437115994
2 1 598726850
4 1 405624987
4 1 96814236
10 1 854766056
1 1 963301473
6 1 176324947
15 1 683809799
18 1 416240797
17 1 13163782
8 1 861165696
11 1 569410320
10 1 453113304
19 1 396508261
11 1 948682891
4 1 721820764
18 1 455190686
9 1 902160088
19 1 767407930
7 1 174880649
17 1 638075335
20 1 660963326
16 1 106334185
10 1 398356992
16 1 130473275
5 1 211157915
13 1 243862563
15 1 163900517
11 1 250186328
3 1 843369813
7 1 4785612
20 1 562126467
8 1 140355851
16 1 101436087
16 1 718144586
13 1 645279044
9 1 815523320
4 1 631509091
20 1 802556727
4 1 743560801
1 1 922245748
3 1 7541076
3 1 228789294
20 1 741854609
18 1 884364266
6 1 487532657
7 1 157130056
9 1 326507806
5 1 550359918
12 1 58882408
6 1 103927669
1 1 199663806
18 1 419623336
7 1 375040921
1 1 148315883
17 1 87130093
5 1 984675741
7 1 300596366
2 1 546713520
1 1 840129795
8 1 247900636
17 1 234684805
11 1 449555444
12 1 867263626
2 1 940371007
10 1 441259114
1 1 468787113
7 1 752875963
5 1 488920816
10 1 483061596
8 1 228303693
15 1 83559416
19 1 196209374
11 1 767730936
14 1 766414012
5 1 407575450
1 1 999897151
15 1 109565300
10 1 955359518
20 1 356949229
10 1 783535598
8 1 87203782
17 1 216877166
2 1 983821763
20 1 767047653
12 1 817412450
18 1 998221665
2 1 88503862
17 1 62123578
8 1 669001672
4 1 214369387
2 1 850522443
13 1 484968988
19 1 464098788
20 1 271866494
13 1 310197450
9 1 95426142
17 1 671016106
19 1 571791640
18 1 839845354
9 1 536843809
17 1 430104961
3 1 336706146
14 1 609167756
10 1 132501770
9 1 874012786
10 1 861724535
9 1 765382207
19 1 883357142
18 1 362902538
10 1 394217993
1 1 326136343
14 1 874056674
17 1 175076437
14 1 833439054
7 1 153713377
7 1 267361818
13 1 135441276
18 1 805706997
14 1 658774493
1 1 36010325
7 1 59852609
4 1 694435952
5 1 613445368
11 1 200589962
10 1 164503695
6 1 801174937
12 1 488405323
10 1 528216987
14 1 107806949
7 1 342936438
7 1 111402692
4 1 426895816
15 1 78844866
11 1 488311686
13 1 582750810
1 1 538514379
11 1 219772054
17 1 668350104
12 1 818355456
14 1 487271186
19 1 676846716
2 1 56761403
12 1 900336634
14 1 680594137
17 1 240797541
17 1 506215739
2 1 598816512
16 1 290407214
17 1 514282673
15 1 294560027
7 1 239970422
14 1 131945109
6 1 678710432
10 1 38743031
20 1 88972423
5 1 554666956
13 1 480203048
20 1 160193858
14 1 526546980
4 1 291170643
9 1 399544051
12 1 616608460
20 1 14325358
10 1 896839618
12 1 471640744
13 1 280224743
18 1 406681227
12 1 45673031
3 1 508710599
5 1 241399319
17 1 11360827
8 1 551202799
2 1 752679024
14 1 776743972
2 1 226857386
13 1 927456994
16 1 2948987
1 1 334398237
4 1 447398390
3 1 805368724
15 1 414377524
7 1 918751233
11 1 543713676
16 1 581752542
16 1 980420722
5 1 670286046
18 1 551073361
5 1 579494774
9 1 910329888
4 1 547632872
10 1 426309910
20 1 259560436
8 1 794783054
15 1 251906857
10 1 913376066
6 1 321179445
16 1 193594965
1 1 432721987
13 1 92573666
9 1 760323199
1 1 432214425
12 1 925887329
11 1 447588719
10 1 117976994
7 1 844991290
5 1 266776047
5 1 889122916
20 1 116645819
14 1 212511422
15 1 574779050
5 1 80744196
15 1 423673933
20 1 648527844
12 1 406611175
4 1 263205457
14 1 471944953
17 1 521254896
8 1 527988612
18 1 348379749
7 1 580699205
1 1 837279008
12 1 776387399
2 1 671413487
14 1 35357209
3 1 425367200
6 1 783638829
18 1 9652387
8 1 294648676
14 1 764504788
3 1 577252361
10 1 97989548
19 1 985623897
3 1 709041780
17 1 299796935
14 1 569865523
16 1 567151595
20 1 492652049
5 1 711735885
3 1 738029145
9 1 885629661
1 1 729893166
17 1 329022211
2 1 347517205
11 1 20183616
3 1 822597047
3 1 215388954
11 1 269081849
7 1 100719773
9 1 917917244
14 1 130849430
13 1 739948239
7 1 376776497
15 1 207919714
15 1 392607299
17 1 853687474
13 1 13996785
18 1 517123517
5 1 539961166
17 1 499928559
8 1 463904637
11 1 546924938
3 1 61837672
2 1 431918532
20 1 147096456
2 1 116398042
19 1 866553447
3 1 780166580
16 1 881826092
14 1 979746192
2 1 319603274
7 1 687022812
12 1 252981215
4 1 780951366
6 1 788885596
14 1 11781719
6 1 585833409
4 1 119393268
10 1 703201888
10 1 69820193
15 1 513457394
9 1 151814442
8 1 515061605
15 1 152731295
13 1 253931160
4 1 35861123
12 1 500358073
4 1 524280728
5 1 433231497
2 1 547480817
11 1 181898175
13 1 87227766
12 1 808109315
4 1 610627986
6 1 754794574
19 1 479778931
2 1 40001777
4 1 126407196
13 1 513599100
2 1 381438903
11 1 552764163
7 1 579810402
4 1 549983224
7 1 80682698
11 1 197482312
5 1 209833900
10 1 67895679
7 1 533628913
1 1 888988128
2 1 109911823
4 1 339102733
12 1 857187668
14 1 165455248
8 1 648407329
3 1 47542641
16 1 600655946
18 1 917823925
6 1 580597322
11 1 980542194
9 1 610352294
10 1 76897012
20 1 22885016
18 1 213634416
7 1 644213754
14 1 27065915
19 1 290017484
11 1 172380434
14 1 286291467
20 1 617327048
10 1 628178012
8 1 591188944
3 1 442678056
7 1 346652966
20 1 745502914
4 1 930090768
3 1 436685203
13 1 560994446
7 1 194785595
17 1 963554237
18 1 91704554
13 1 784228136
14 1 7420829
19 1 418951441
18 1 470369514
5 1 179585783
10 1 68630011
2 1 458442036
11 1 653026099
1 1 225929486
8 1 459228898
14 1 629395626
5 1 419800374
1 1 618659809
10 1 879038931
18 1 108770986
15 1 787603836
5 1 644536947
3 1 134734338
19 1 365132481
10 1 395947731
4 1 438266883
10 1 416507263
18 1 141505181
9 1 624726669
4 1 451230515
16 1 374593724
14 1 942288604
5 1 423735088
5 1 808947557
5 1 570497536
19 1 943436738
16 1 357392781
2 1 948569365
16 1 809137961
19 1 665732780
8 1 530070719
3 1 205364978
11 1 713511060
5 1 445080809
16 1 954211813
11 1 219866230
11 1 693221654
7 1 633407442
1 1 969318375
20 1 672605278
9 1 245499298
8 1 581729033
15 1 789724856
16 1 195115657
13 1 237012843
2 1 330887933
7 1 536993356
9 1 468349414
1 1 853351287
16 1 892499122
15 1 520696582
4 1 930718534
17 1 972331151
15 1 635364048
15 1 915527076
10 1 574912273
2 1 44495046
1 1 808077792
11 1 432861991
6 1 528813110
6 1 401428042
14 1 417478527
8 1 462628371
18 1 59093064
14 1 876270616
9 1 715904802
8 1 580518243
13 1 250252428
19 1 191962432
16 1 540601478
14 1 975150230
15 1 278531547
6 1 908272778
11 1 841636239
9 1 24115404
3 1 120419223
8 1 942943243
6 1 656581900
15 1 875644026
1 1 631888620
15 1 170859897
1 1 433651527
7 1 424935979
8 1 376164567
11 1 927503525
11 1 462588400
15 1 781586051
3 1 428149796
7 1 847738845
2 1 747593333
19 1 798400655
7 1 830571101
13 1 563684757
10 1 29450992
1 1 109680332
13 1 798257741
4 1 324400721
5 1 612537070
15 1 283998579
7 1 710606870
6 1 136870277
10 1 151898210
5 1 476117368
13 1 23205740
13 1 969776390
1 1 870620095
2 1 398338033
2 1 859119842
9 1 375165043
4 1 706187006
7 1 686511727
12 1 377997372
9 1 750080119
20 1 641668234
13 1 278689099
15 1 581376279
13 1 526396874
4 1 737258095
9 1 398804601
17 1 627103996
10 1 556669384
1 1 59824232
6 1 26099977
13 1 410385839
16 1 746037616
1 1 695440300
15 1 400604674
5 1 716761376
16 1 768815158
12 1 89512549
11 1 307997513
16 1 196845476
1 1 920297124
2 1 970401507
12 1 23938650
5 1 342348843
10 1 905228073
1 1 720240094
8 1 436972977
8 1 255000218
16 1 362358336
1 1 661454206
19 1 974502407
2 1 330274323
15 1 78569768
1 1 320182409
3 1 518706366
1 1 107735075
7 1 943468086
6 1 810292938
17 1 47313640
11 1 421454500
5 1 468984507
4 1 646857660
18 1 789210929
16 1 605277069
19 1 533608296
18 1 655591714
11 1 219276771
8 1 37067597
5 1 859369668
5 1 27182763
16 1 929163275
19 1 276757909
14 1 980447977
13 1 545137275
17 1 451131641
13 1 291847201
9 1 81573875
8 1 356945480
3 1 439596345
6 1 87859341
7 1 616161850
15 1 722444950
1 1 830669640
9 1 532229910
9 1 439645169
8 1 423766413
3 1 231515701
13 1 563485657
4 1 503109550
2 1 808911655
9 1 510381212
10 1 523181667
19 1 723741865
7 1 732930972
2 1 527364485
12 1 6524807
15 1 58891108
5 1 291531725
14 1 910133109
1 1 480234374
10 1 329125619
20 1 712552448
5 1 360583734
7 1 287772400
13 1 343103111
20 1 446692354
7 1 935805766
20 1 359575692
1 1 493999142
7 1 152143753
4 1 326511754
3 1 9529294
15 1 223835046
3 1 127409341
16 1 182978494
16 1 774783108
13 1 97784181
14 1 984215401
7 1 571511921
5 1 792611831
2 1 301495923
5 1 308552140
6 1 366499405
1 1 47769465
3 1 904592577
19 1 623404200
3 1 826100761
7 1 731334589
18 1 811670036
11 1 587579657
7 1 640731488
12 1 609909594
11 1 552346127
8 1 373471679
2 1 514619424
12 1 819187860
2 1 465783104
20 1 422119141
1 1 91076820
11 1 948928868
10 1 360097832
11 1 956378216
1 1 981551673
15 1 394911085
13 1 298261980
12 1 581192408
12 1 467160372
11 1 363336913
12 1 625811380
13 1 773333968
15 1 394965023
17 1 361140348
12 1 248211645
3 1 16189617
14 1 653887053
10 1 325346376
3 1 995438720
17 1 247287172
18 1 652967237
13 1 148288978
16 1 612166690
11 1 611083910
15 1 879378449
14 1 451665898
3 1 78721740
15 1 297031589
4 1 968180660
17 1 874625775
5 1 870414845
17 1 798254259
3 1 795404976
9 1 489211958
3 1 785221357
13 1 866852004
12 1 174348985
8 1 816611757
18 1 381600278
8 1 913341138
19 1 382672926
3 1 418803407
19 1 338412958
14 1 28028495
6 1 857095134
4 1 439858950
6 1 459859232
11 1 339584499
13 1 842905679
18 1 50946110
3 1 512662368
7 1 706490948
6 1 943618848
17 1 202969001
7 1 826211197
18 1 720553295
12 1 723645522
2 1 988929825
19 1 580670822
9 1 563970505
11 1 889592780
13 1 88379163
14 1 66073980
18 1 463730941
4 1 798694429
18 1 688597212
7 1 729260909
2 1 652870236
19 1 738366116
12 1 782260752
1 1 953213786
7 1 131301688
8 1 636646987
16 1 825510268
12 1 658888524
3 1 218447111
12 1 69034690
12 1 357422928
20 1 618344194
8 1 607833271
4 1 854173604
2 1 834591123
5 1 216491118
19 1 259442021
19 1 482260484
9 1 925552379
19 1 527297811
2 1 915799549
6 1 73217267
20 1 935642442
18 1 753675208
17 1 277937747
8 1 508582218
7 1 231284458
7 1 512592478
20 1 239019162
1 1 121666393
2 1 182366166
2 1 840581387
11 1 697264095
19 1 933427632
8 1 826550757
15 1 554627601
15 1 457108661
8 1 117289285
5 1 806494352
19 1 253715329
13 1 772472187
16 1 939951928
2 1 733663150
10 1 82317756
12 1 763328785
19 1 464005803
10 1 824537457
10 1 664984537
11 1 425709566
18 1 487482073
8 1 286995396
15 1 669468907
18 1 296613181
13 1 616851344
6 1 417299915
18 1 185459531
1 1 31812781
3 1 755056454
7 1 931054023
17 1 814727078
3 1 818679303
4 1 976051343
8 1 289930537
18 1 396934325
17 1 588119370
15 1 185241013
16 1 979219619
12 1 808314280
7 1 262643234
20 1 919973838
16 1 638429750
7 1 976648812
8 1 677969107
15 1 354734391
2 1 191262374
12 1 497041651
5 1 722930525
3 1 843208150
2 1 980130229
17 1 883074132
10 1 153565864
6 1 607581830
11 1 139500336
5 1 447412769
20 1 548054636
7 1 343593217
18 1 415989950
2 1 440305849
1 1 958095397
8 1 877646756
15 1 404269052
6 1 210434077
5 1 505102447
20 1 382337298
13 1 141820081
7 1 59692074
13 1 990092926
20 1 739110295
20 1 607468659
11 1 462772775
10 1 454712945
20 1 933669111
15 1 339160236
16 1 772907275
17 1 623775613
6 1 322038601
13 1 313074103
9 1 654271255
18 1 924320304
4 1 978583029
9 1 673389229
5 1 912993019
16 1 898285939
2 1 136693700
15 1 146909702
13 1 360316467
18 1 141442163
4 1 164217868
1 1 871054687
18 1 395972925
16 1 745535625
9 1 424510903
1 1 977848970
19 1 355968538
5 1 273444737
18 1 714414075
11 1 883898010
11 1 143234911
17 1 409789422
20 1 468827869
2 1 271043260
2 1 238869086
11 1 577571820
14 1 480197343
2 1 656551769
5 1 411574018
12 1 278896153
20 1 271443831
10 1 77989704
6 1 98869788
12 1 336416981
8 1 558090767
20 1 284365041
7 1 619802431
11 1 515947033
7 1 885473256
7 1 646415110
9 1 647448827
20 1 240175769
8 1 860239019
18 1 398759601
16 1 450168647
17 1 378684071
13 1 527527429
14 1 901275107
13 1 71671664
12 1 934269936
3 1 139603880
3 1 597457945
1 1 73249711
20 1 226557410
10 1 937528520
18 1 358421098
7 1 590718695
1 1 517552878
1 1 625323177
10 1 966554185
1 1 650542088
17 1 399871018
4 1 341549785
4 1 572483536
16 1 993735860
15 1 682245479
1 1 968399553
20 1 560458508
18 1 753046054
13 1 612216469
8 1 645702830
20 1 388198364
18 1 134249427
17 1 966854216
2 1 642550255
4 1 622568081
18 1 356594328
15 1 636463550
15 1 505670202
15 1 375456378
12 1 456004909
14 1 514350930
9 1 404858964
3 1 410165170
16 1 776115404
11 1 802273727
1 1 682433342
20 1 250674271
20 1 242974951
14 1 396006110
4 1 851208232
5 1 882385858
3 1 235388708
19 1 380174197
8 1 9562375
1 1 495328137
17 1 84517884
13 1 259295203
19 1 146929794
8 1 535628990
15 1 857583337
9 1 928985541
2 1 925389568
19 1 935580179
20 1 866221064
17 1 495603480
4 1 283212137
13 1 162447603
6 1 917399734
14 1 87658580
6 1 978860068
2 1 616840125
14 1 405899549
6 1 54767477
15 1 34400996
11 1 136334647
5 1 556453777
5 1 232713082
3 1 471736441
7 1 442163070
9 1 714122715
18 1 197983324
15 1 640522644
20 1 295511601
16 1 546963726
15 1 136735122
19 1 661055120
10 1 976544357
18 1 573153137
18 1 281354590
11 1 320517350
13 1 119044028
18 1 562669603
10 1 200530845
19 1 795228817
20 1 265579491
4 1 164726733
9 1 268044664
4 1 318833100
3 1 321131243
7 1 372307951
17 1 438684518
16 1 153638165
9 1 857017693
12 1 500107341
16 1 291273704
13 1 560548900
1 1 151399019
5 1 364028615
3 1 154433691
6 1 260814885
18 1 126477192
20 1 899725175
7 1 130851803
2 1 746097037
1 1 680651149
7 1 729767425
16 1 205864318
12 1 447936785
11 1 80566644
2 1 156617914
6 1 184648929
16 1 460602871
11 1 63015798
4 1 639418087
5 1 611509994
15 1 876461714
11 1 904610441
19 1 263893819
8 1 849431425
5 1 613905909
15 1 102662995
17 1 473887252
20 1 372441812
1 1 525299440
19 1 167479434
4 1 288500314
14 1 157361019
14 1 274015331
10 1 83501697
2 1 957305186
16 1 582413750
12 1 844781390
10 1 246174307
18 1 185112353
4 1 349663925
18 1 603853370
1 1 516455915
1 1 689287745
4 1 249982702
8 1 825136591
6 1 300168117
6 1 96811106
11 1 604132423
8 1 89755434
2 1 522037946
3 1 539096669
6 1 63955959
1 1 362186039
3 1 291137257
11 1 209442183
16 1 289029122
16 1 900061550
16 1 156332418
5 1 492237682
16 1 265567387
14 1 161827888
2 1 183170308
18 1 517858200
6 1 222852269
2 1 95294063
12 1 56093759
19 1 708003158
9 1 913808588
13 1 394481253
7 1 79530750
5 1 279758169
4 1 85098647
18 1 50479290
9 1 390076277
17 1 136346577
20 1 376139967
10 1 945689801
6 1 594917448
13 1 397409170
6 1 859503342
13 1 314086223
19 1 866576856
5 1 157551854
18 1 985527847
16 1 811569036
1 1 270994474
16 1 291665912
5 1 513922998
19 1 227583610
10 1 22838612
1 1 433755945
8 1 834641299
20 1 423884351
7 1 754790796
14 1 939830827
20 1 81826509
14 1 541499837
13 1 441079718
4 1 161848430
1 1 761721356
9 1 701435651
16 1 147421495
7 1 464540176
20 1 584867343
4 1 193133774
9 1 733589018
9 1 529306953
11 1 447234514
16 1 959075865
18 1 386897772
10 1 951080211
19 1 90693600
14 1 239459889
19 1 330360266
13 1 862114166
13 1 507616030
13 1 897049197
6 1 658613896
3 1 184190292
15 1 317121140
7 1 809368633
14 1 967689855
13 1 387130592
13 1 406664199
6 1 275936462
13 1 905223429
14 1 202795712
5 1 732425558
7 1 272822344
3 1 256844642
11 1 298171549
18 1 15384478
11 1 144653994
17 1 908052660
12 1 281650342
5 1 504935230
16 1 284711514
5 1 524333804
12 1 501352003
5 1 494029000
3 1 250575967
14 1 513552846
13 1 603978742
13 1 254096367
19 1 446180774
15 1 53455960
16 1 670568744
11 1 806827836
5 1 105214375
20 1 420478858
17 1 911007931
5 1 934613208
9 1 65262585
16 1 55342269
18 1 125483122
13 1 578672048
7 1 822276433
15 1 838240963
9 1 443903802
10 1 241168349
9 1 935034341
16 1 418161414
16 1 292275699
11 1 492725860
18 1 473397231
13 1 982798020
20 1 923417235
15 1 857666075
9 1 58276610
6 1 104066160
15 1 955138682
12 1 523408777
17 1 677586360
11 1 768130171
14 1 323397057
8 1 465610664
15 1 943137808
15 1 294761089
16 1 225605202
12 1 409625693
19 1 820537418
20 1 170932233
1 1 128648351
5 1 167159365
19 1 655207531
14 1 344450764
20 1 286269114
8 1 501800011
5 1 246848215
7 1 910682085
11 1 790208499
10 1 36388009
5 1 788308536
18 1 921393295
3 1 632113287
15 1 186604482
11 1 623249071
9 1 544349312
12 1 124060178
11 1 691611313
7 1 801990367
6 1 667713239
4 1 299505164
3 1 270905304
5 1 51694348
16 1 565167155
17 1 836337599
18 1 45317703
2 1 768531648
19 1 39510948
10 1 963434045
3 1 857065896
17 1 613265653
1 1 608117085
11 1 611803774
14 1 794091292
8 1 694139562
12 1 70850636
10 1 73489361
20 1 392056557
4 1 929848872
7 1 755592686
7 1 201896439
18 1 858177438
11 1 588861876
11 1 357483594
5 1 599449300
10 1 44684735
2 1 713140886
4 1 232631504
7 1 825820720
19 1 478954556
19 1 694305083
10 1 794292820
17 1 52561130
6 1 790032445
8 1 871016463
16 1 473681392
18 1 529679763
19 1 973081800
2 1 753709773
1 1 385704483
14 1 332509058
7 1 194860478
9 1 523303446
12 1 607618200
13 1 330740395
9 1 840353438
7 1 315412798
10 1 596612517
10 1 356765528
20 1 325474082
9 1 351275471
1 1 194199614
15 1 673223598
5 1 412611172
18 1 675111704
4 1 128197805
7 1 574269174
4 1 653128948
9 1 962554208
18 1 888890290
12 1 646335787
12 1 158980168
2 1 723883792
2 1 124073818
9 1 613371194
17 1 674150549
4 1 156012453
16 1 301336517
19 1 138047674
4 1 172238721
7 1 640180078
18 1 424493867
9 1 427850934
6 1 606270778
8 1 193331365
16 1 883977667
14 1 894490157
20 1 828075416
7 1 37359209
7 1 55986641
1 1 463044578
3 1 841690455
3 1 950434819
3 1 627771520
6 1 19177824
2 1 567498927
17 1 845885557
3 1 34334996
14 1 307481502
10 1 825637867
3 1 123461725
11 1 268933618
3 1 378035633
9 1 941913265
16 1 870968754
10 1 271092429
7 1 95224813
7 1 768583558
13 1 171555262
8 1 644465621
4 1 377180371
5 1 190527962
1 1 482475052
2 1 219939490
15 1 987990738
4 1 373615636
8 1 176857017
20 1 868908130
20 1 410203230
16 1 318216048
1 1 499694832
4 1 647763173
6 1 228575411
19 1 493480641
7 1 436066372
3 1 274445330
3 1 921457040
4 1 45651941
4 1 956867126
11 1 762639165
5 1 914802390
19 1 389287963
1 1 436543109
17 1 959081861
17 1 567446561
5 1 412737313
2 1 14240740
3 1 666085136
3 1 110345814
2 1 143268913
4 1 845790937
12 1 103410569
6 1 554982907
14 1 646046427
15 1 774692927
20 1 340015818
6 1 43909988
16 1 115678454
2 1 247056372
4 1 166445126
4 1 471664253
5 1 781596393
17 1 75805610
11 1 366251047
11 1 905533780
7 1 591462154
8 1 265491465
14 1 189952602
2 1 501388392
3 1 167221664
6 1 955191517
10 1 97195775
13 1 347087239
19 1 179428992
18 1 832460593
18 1 972009629
2 1 636442727
9 1 622705686
13 1 157156453
14 1 900607515
18 1 324735492
1 1 131552684
12 1 489557340
7 1 523945831
2 1 333802058
9 1 265936671
12 1 490577827
7 1 534012244
3 1 749291060
8 1 146067543
8 1 25357135
7 1 910785417
2 1 962146986
17 1 762309690
15 1 941269663
19 1 873421331
13 1 634928121
15 1 775789606
5 1 429012424
3 1 151901448
9 1 634204791
20 1 920182255
4 1 692710900
4 1 507703267
10 1 618898619
11 1 696309200
2 1 614895605
5 1 165103864
7 1 839437825
20 1 720544890
1 1 506748407
6 1 387239598
18 1 27068915
11 1 245676883
16 1 426100427
12 1 528599569
12 1 574107840
3 1 28174140
11 1 674887347
17 1 722007841
18 1 367317095
3 1 574939892
3 1 997481581
11 1 247946821
7 1 333850607
2 1 178959258
2 1 407820453
2 1 634469549
19 1 540980569
18 1 244473960
17 1 678535377
3 1 709894774
10 1 855500498
16 1 353977565
18 1 502616057
16 1 517422405
5 1 164872511
9 1 367008960
3 1 437796086
17 1 671276476
8 1 79368226
3 1 71623791
2 1 446236183
7 1 336733131
3 1 590020985
16 1 363515360
20 1 566690558
7 1 890680799
7 1 257305352
13 1 100370197
15 1 70503766
10 1 592311339
11 1 645578554
14 1 798288284
17 1 566649522
6 1 947837867
7 1 7872862
3 1 943018325
7 1 190394862
16 1 634105669
10 1 514909059
15 1 547435482
4 1 205695587
1 1 656761926
3 1 696449362
14 1 872692236
18 1 610637878
13 1 527148592
9 1 915231486
3 1 31555745
15 1 428038899
6 1 856078355
11 1 372959355
7 1 603901847
16 1 457806555
8 1 949018276
11 1 212275094
4 1 336370201
10 1 909338959
10 1 449499647
12 1 500047690
2 1 921282792
11 1 74894463
16 1 286470974
17 1 715111084
8 1 841080935
1 1 240879285
14 1 958362347
5 1 514957644
7 1 920839635
20 1 517947314
1 1 437316012
19 1 942010119
5 1 848929796
14 1 286658066
4 1 798257276
15 1 734059456
11 1 361050323
19 1 83626249
6 1 821497810
16 1 458299204
9 1 116682124
4 1 270745933
14 1 926765191
11 1 206100697
9 1 205737201
9 1 935640354
5 1 17409352
12 1 597946792
3 1 588088679
4 1 916290486
20 1 313725951
12 1 467065106
1 1 575626575
11 1 311505372
14 1 97220664
13 1 377288546
12 1 83162530
2 1 830583185
2 1 895707027
5 1 986973727
6 1 72270136
6 1 97823205
16 1 30257987
12 1 834146977
2 1 123377701
10 1 123033173
4 1 481609232
5 1 991815761
9 1 368420352
14 1 95291351
3 1 463193537
6 1 470946842
13 1 576549526
12 1 549586143
11 1 722279589
16 1 602746427
17 1 265346019
18 1 596263893
8 1 197175248
11 1 298422785
5 1 380651334
3 1 370005095
20 1 745022911
15 1 329616873
16 1 935567205
20 1 792674336
8 1 563069936
17 1 475868115
10 1 795906565
18 1 626649127
1 1 499309792
16 1 578611379
17 1 708796791
14 1 938964117
6 1 706165426
14 1 269672733
3 1 522808486
1 1 230314369
1 1 894027399
12 1 172370914
9 1 694180376
20 1 540238457
6 1 818882589
8 1 840611287
14 1 478750424
8 1 332855429
3 1 937969625
10 1 321396166
16 1 115069540
17 1 342861709
1 1 824709632
20 1 401989068
16 1 243113297
10 1 693604056
19 1 947635024
7 1 330485244
2 1 990521352
10 1 87303242
7 1 178434918
17 1 527549791
19 1 946884247
12 1 799107021
20 1 166605022
5 1 95217602
14 1 580029099
8 1 538057160
19 1 392324112
6 1 23757094
8 1 740926857
20 1 145008296
16 1 292000934
10 1 651957045
16 1 134825794
2 1 870282114
5 1 900874467
2 1 226297437
17 1 510185296
9 1 129539483
19 1 331081493
17 1 520710229
9 1 770441552
20 1 378839412
14 1 260449403
16 1 602693212
5 1 554698980
3 1 266235773
3 1 443152957
5 1 956706809
18 1 787089574
17 1 359380824
16 1 17750682
20 1 122677830
10 1 44908869
7 1 824918912
12 1 926819779
9 1 96118832
3 1 220059910
8 1 982874746
15 1 559740103
6 1 740774869
4 1 182328968
4 1 291926316
2 1 206772579
19 1 982773188
1 1 822637751
7 1 976850134
9 1 620335457
9 1 21615704
4 1 360343016
12 1 257305056
1 1 290308840
20 1 521590699
7 1 326897863
18 1 950519466
6 1 338351777
14 1 187030394
2 1 374064033
19 1 722978762
13 1 865960972
2 1 552228162
10 1 104095840
11 1 497200917
15 1 4933875
11 1 331505466
14 1 700567147
1 1 915020008
4 1 591900867
9 1 841846662
8 1 17045866
11 1 122648885
15 1 901534894
9 1 631021194
6 1 502529518
19 1 858823011
2 1 489454257
4 1 966548089
7 1 202447148
14 1 318544806
1 1 998162254
17 1 392559526
14 1 694700212
1 1 318401177
3 1 501715891
7 1 296687753
9 1 417259265
13 1 712110498
14 1 681731937
9 1 796314192
9 1 897713233
15 1 599502186
1 1 597785129
3 1 593844725
6 1 461017137
18 1 477805062
20 1 267177699
7 1 909799234
16 1 131652062
2 1 416066920
13 1 831627612
7 1 677076922
18 1 716712617
1 1 595270575
17 1 546335833
3 1 267328005
14 1 298789412
20 1 127575779
18 1 560026705
10 1 671863742
1 1 194372704
2 1 110243116
15 1 945396775
15 1 639853542
5 1 238528337
5 1 40253454
1 1 850713827
3 1 913899273
11 1 407743888
4 1 928291728
2 1 1392698
15 1 807384039
16 1 966464032
15 1 597371428
18 1 864498001
12 1 226860488
18 1 957118080
7 1 20682415
14 1 737415286
4 1 120076042
11 1 409299398
9 1 354497353
5 1 804172717
16 1 245475563
14 1 119651941
16 1 78833493
12 1 980820215
11 1 33188653
16 1 264558891
16 1 987997299
4 1 416733710
3 1 422876187
12 1 42709785
9 1 703672866
3 1 530010921
17 1 627374800
6 1 987672040
9 1 815612808
5 1 953447889
14 1 750461429
11 1 592409228
1 1 152073280
16 1 294239753
9 1 141226154
11 1 913625850
13 1 62613235
5 1 433519105
18 1 83838400
19 1 733073553
9 1 575651980
7 1 494988151
1 1 185342059
20 1 886650040
15 1 456195711
7 1 979500630
14 1 879506247
16 1 813533304
5 1 847174194
15 1 442312988
7 1 266094437
13 1 915428399
2 1 551631120
10 1 415714891
19 1 730140242
1 1 380806698
4 1 441345499
16 1 236277879
4 1 48657933
9 1 766585809
7 1 174317241
1 1 882218438
18 1 624104649
13 1 636333162
4 1 183193401
8 1 751428302
18 1 848206518
18 1 183724867
18 1 43271482
15 1 896819316
12 1 733958001
19 1 628107011
7 1 696612370
7 1 344952084
2 1 653603498
6 1 524856663
3 1 665136438
3 1 816785565
10 1 371032697
11 1 355207212
18 1 997683552
2 1 559234846
12 1 507943584
9 1 256256327
3 1 747694173
16 1 89595139
19 1 261100431
14 1 248962643
2 1 67054209
9 1 143921813
18 1 663457405
17 1 67091719
2 1 652647760
3 1 366757234
9 1 659177167
20 1 201477484
9 1 415905486
16 1 149563454
20 1 834668358
18 1 366389428
20 1 292553040
14 1 546884582
11 1 98281205
16 1 798506288
11 1 562611743
8 1 457832497
19 1 841533607
2 1 671175609
12 1 219592437
5 1 169036317
14 1 901712501
20 1 30328960
12 1 272819130
10 1 485217229
3 1 718244062
4 1 832998833
16 1 489985733
13 1 824620174
5 1 651906959
5 1 596914954
15 1 253930915
18 1 416082398
7 1 572397912
5 1 113223552
8 1 57976677
20 1 713853046
1 1 593346743
9 1 201495003
16 1 608949436
16 1 365878767
4 1 948603991
20 1 66462272
7 1 124440237
11 1 297275876
17 1 175553169
8 1 571804743
17 1 353727069
6 1 329204720
19 1 878711060
8 1 625083202
2 1 903811765
5 1 57715420
5 1 574954513
6 1 660261864
18 1 6402680
10 1 762003957
15 1 871953715
7 1 648049566
15 1 578942351
3 1 155292722
15 1 63768137
3 1 397293762
13 1 486884374
16 1 732577936
11 1 718350990
5 1 197195943
11 1 701592313
2 1 628271962
14 1 809120856
11 1 260699263
3 1 242456529
18 1 19763550
17 1 890303208
3 1 155909270
5 1 302545182
15 1 799893512
17 1 139626463
18 1 224243616
13 1 784297673
3 1 260631026
16 1 859777502
1 1 14482040
5 1 104234226
6 1 758098919
11 1 636091249
10 1 200783426
10 1 783217916
6 1 726563344
17 1 716840502
4 1 275136251
8 1 278667609
20 1 165926224
2 1 430272251
19 1 363800726
13 1 170090493
10 1 472186721
5 1 317321405
19 1 821981770
15 1 940258529
6 1 15872301
3 1 957359811
3 1 881766003
3 1 766841370
8 1 831487960
1 1 452510941
9 1 245961000
6 1 941964606
9 1 63264417
13 1 828491563
11 1 586085491
14 1 243132507
14 1 778040197
7 1 581735301
8 1 173658274
6 1 151859336
3 1 635400079
2 1 538859937
3 1 972561673
8 1 883501363
4 1 459818864
19 1 977914587
4 1 382487515
7 1 322294927
9 1 960777953
18 1 913296213
4 1 389067626
8 1 243678413
6 1 737331779
14 1 576125458
5 1 787588192
6 1 475628841
14 1 218495312
18 1 43267783
18 1 786772495
5 1 825464113
8 1 358186454
18 1 90024563
20 1 870549572
19 1 859935335
3 1 247693805
10 1 5763478
3 1 2710201
14 1 973510289
16 1 189265545
1 1 908544338
13 1 597911171
2 1 310479070
18 1 895470450
5 1 974397256
7 1 749770877
7 1 699469444
6 1 671066229
16 1 381522646
20 1 879789285
8 1 686974165
2 1 778914442
8 1 764075850
5 1 161839564
5 1 803818326
20 1 512971729
19 1 628253463
1 1 909530538
9 1 327789252
12 1 352203584
20 1 849526369
7 1 30980073
10 1 137938921
16 1 812673697
18 1 187689291
3 1 35469389
17 1 888063368
12 1 872341406
18 1 217452875
16 1 74412661
17 1 146065609
13 1 988338485
9 1 992292922
10 1 376067870
20 1 875353587
4 1 960395984
8 1 726233164
17 1 404969922
