1000 481
1 900204056 977248066
1 306452193 499629061
1 191583909 489387217
1 311913397 738626554
0 700244417 809903230
1 367093616 128210
0 132407953 497964148
0 539656466 849209241
0 451009544 460493678
0 948012031 737238899
0 240065874 269242062
0 324319903 494435070
1 431306581 827455181
0 407089580 970526521
0 8836885 267577998
1 23614600 771303648
1 65870730 327376185
0 310866519 627566729
0 114853083 480390691
1 545982426 137801405
1 367200261 179655466
0 417986464 835845181
0 177719461 31082588
0 227678910 330616772
1 176434633 210730893
1 89721957 444512709
1 747268101 237277107
0 777050125 42538982
1 40734630 484975455
0 257571179 689736776
1 788590566 466513000
1 558537503 263521992
0 484215994 884860835
1 398986609 677442018
1 387422359 904188669
0 41747909 433933777
0 30751903 599741329
1 985030995 815190994
1 980881864 737346912
0 815136342 353434582
0 134780119 377740143
0 65098786 396133304
1 776919915 100792029
1 889458516 330839307
1 381680619 911845060
1 491172886 875479199
0 25946100 749663111
0 78803074 746542985
0 16459564 280758312
0 877468798 270155429
1 126458674 952908965
0 198691170 667852200
0 781797387 773582497
1 106195292 92277358
0 537346064 355674823
0 649572276 357728185
1 511853689 719749668
0 344527543 741227635
1 434951610 75606286
1 641175054 257566520
0 242077780 755669892
0 516428748 288136245
0 614929175 835428452
1 879495638 696935033
0 374647737 264334631
0 794942508 770533970
0 830178938 115189833
1 336406551 473222226
0 207152355 651300355
1 889026873 718486694
1 334260427 842223507
0 863762405 422491934
0 556677297 864618996
0 40328112 426469723
0 732197419 207932973
1 806153507 212465009
1 896445089 8502767
0 869474415 912298477
1 844515489 220991697
0 467477338 349101420
1 89735979 330580774
0 583882180 506578106
0 398505193 827058979
1 720335613 471303942
1 918996304 899534115
0 685746222 775340190
1 823504265 96550544
1 125850798 253686300
1 241829586 395363360
1 371511645 138757783
0 1277156 632929566
1 367343173 552125320
1 17648699 845869751
1 635804124 341809190
1 156549622 883106810
0 324903325 466906389
1 804055418 292753749
0 919818827 936533454
0 78069453 955029202
1 827942258 712206323
1 947722117 771581768
1 14262257 234254397
0 829692158 35127835
0 320428135 14810325
0 720012712 592316918
1 383590945 878562455
1 432020123 92531957
1 920318678 94705105
0 115434616 116072884
1 800928870 245423280
1 205169492 790085007
0 526960035 911792493
1 276677293 501281303
1 400220457 615649962
0 128813959 462813688
1 748819938 236101476
0 251687501 929436859
1 124685017 351881386
1 634849716 315400273
0 998048347 279655183
1 59007352 253461100
1 216832458 447555693
0 998058127 48795695
0 151150075 852203798
1 696430388 912993448
0 78108654 49190675
1 29542044 975645079
1 901394275 718335838
0 573140793 783174483
0 300722511 854181202
1 28218963 999188779
1 619335364 620765763
1 848095728 470316708
0 959832787 302141813
1 460683481 699408010
0 405412997 402366314
1 387816097 929732557
0 631406910 573067564
1 887808540 537497827
0 831729688 64379546
0 595166173 572356240
0 154338199 944155472
1 424037736 395586747
1 827309221 530580593
1 188414707 762281724
1 682581764 980733702
0 154123016 12228176
1 897506375 349485064
1 742077202 309110969
1 720243437 323972979
1 984512121 769136255
0 704180304 155122352
1 970520070 669792055
0 143583422 593934442
0 994239881 932575593
1 343670748 379866706
0 625895345 66428902
0 507991164 166397084
1 200554820 105454658
1 962221408 349313932
1 853643456 335232746
1 716888786 911840436
0 852493958 319653310
0 948099029 138273871
1 615655061 123188256
0 603957252 747589378
1 670851880 797360203
0 461699032 599263365
1 870080718 499895562
0 638868111 706591725
0 657699010 970527539
0 457082831 564219075
0 974979419 937613038
0 277330311 927328109
1 861270253 847657022
0 571905942 532646739
1 677869079 992062143
0 413842467 181259235
0 340833012 405658103
1 725122631 248460965
0 317860223 171945982
1 658249041 269220894
1 393129170 142977155
1 165685925 79537884
0 279572425 352587317
1 830354600 701548644
1 66103164 735682618
0 323472160 131280514
1 269644433 327983580
0 712230526 98431694
0 87187340 178550208
0 430234629 974823544
1 689172010 494835202
0 356298559 425435166
1 89964094 953182387
1 764219590 690554097
1 110196818 424901814
1 520683798 75007626
1 576320733 620181151
0 181268701 501284159
1 158289105 604776331
1 852307469 177529980
0 159245657 385238230
0 429542239 211102405
0 674812488 987876569
0 744025342 791035318
1 168080337 889170124
1 391180764 490102888
0 71183016 200633951
0 347815869 431169466
0 985607175 776050239
0 847492233 804115498
0 181848489 358202184
0 552876667 857074565
1 810517864 788125694
0 883423740 982968323
1 94963828 591178468
0 470693207 54760608
0 345747938 459019898
1 800165214 106531259
0 279691827 17771245
1 263960786 853345922
0 132092607 126525076
1 843435642 895554012
0 857001233 480284926
0 138720750 565043086
0 571107021 853656008
1 114031889 267552496
1 750916266 674625695
0 997198990 915069510
0 130839762 862113986
0 905613091 67536736
0 273679915 311092509
1 33535969 39754062
1 120515522 476285916
1 729735730 326637839
1 147968556 580176973
1 813212289 677933653
0 849558595 935712027
1 267398860 599759884
0 940829536 131229192
0 181348278 980672829
0 740218585 352856373
0 763439003 880133346
1 68485278 291563074
1 668812771 595250968
0 558949769 517501591
1 327426737 595144941
1 517724638 90307274
0 997498732 299915636
1 272736776 22930523
1 483461212 966276457
0 228715383 569878233
0 761172092 63436085
0 209894231 697997769
1 635920899 952602406
0 497435452 64193663
0 661711171 958040217
1 563356554 201116013
0 929643119 512886551
1 858329899 111478574
1 146123206 682752892
1 55460675 494387405
1 732185722 175568237
1 90533100 291854678
0 453191081 130665451
0 212086591 243385829
1 148155776 788410368
1 524876516 325860598
0 948227119 432286117
1 909330648 602438699
0 502930060 399125970
0 611993157 608836666
1 115040392 758238353
1 633364597 305972744
1 139397780 732571020
0 719105502 798289231
0 33433995 249265163
1 116959109 733838442
1 195057677 556791154
0 875270707 9851807
1 301397224 382743056
0 616883300 511618041
0 949706582 876043066
1 200943218 410358926
1 260101896 440793751
1 989239975 749030201
0 342442693 458476208
0 902085746 785927048
0 226116869 965442056
0 697482496 663364297
1 780168942 63454300
1 495343266 791313251
1 489768238 236681232
0 17722614 825653084
1 617215351 102816028
0 682782059 464268331
1 607438707 373278623
1 136532682 417697813
1 20011460 554351971
1 7103051 446491355
0 441521656 723317820
0 800211239 328997318
1 406034306 16548624
0 984490834 471402392
1 847307209 816829117
1 437536826 101013145
0 396606860 103915768
0 602592517 469699675
0 266189798 13530933
1 722329061 432741615
1 328859410 688536430
0 123016323 380692045
0 976176189 984039972
1 550267641 116465280
0 50461326 55175854
0 286743399 299537652
1 351802734 507616783
1 684586146 216230881
0 881955267 892037716
0 561439523 469886445
0 706517939 826795437
0 783173159 896798541
0 968609107 709385578
0 252241910 726492228
0 686421405 723663407
1 459902138 236687599
0 440552963 291976866
1 273215879 509715293
0 8191628 560231602
1 844371604 543651653
1 187380236 60093212
1 642033794 758724891
1 628517511 287739512
0 254606699 390952432
0 852087782 448435182
1 527658411 229222025
1 733511279 890617241
0 568020716 308422160
0 326239518 702460614
0 210748350 168444412
1 816331181 837591954
1 232028027 950256659
1 558743237 662384814
1 177399931 357015832
0 756130394 868737328
1 84706990 455270927
0 613656840 509045302
0 550511020 5469613
0 807954915 321768055
1 949534618 809466156
1 609406061 541715362
1 837959129 149625578
1 660044669 713028473
0 63163590 739521268
0 78632484 38753384
0 716965221 379338499
0 145904549 97769658
1 598862198 263483936
1 786082271 787202421
1 654544824 311554567
0 790434935 35426185
0 462460231 344351882
1 309351820 497214320
0 697151872 144234848
1 907877904 91650790
1 36919828 704010084
0 538651396 970551315
1 337142911 753037932
0 328537388 275150938
0 796222220 90238214
0 566252840 862597290
0 736655277 240615099
0 332734621 414433003
0 394404373 651621637
0 252230872 466975649
1 791566605 629791659
1 635727165 728245471
1 856270720 67166135
1 522573671 82289073
0 963013582 503415224
0 447667092 237762925
1 704557118 107104608
0 44180463 825529679
0 979318347 7452186
0 426273722 147914922
1 199771780 81793511
1 688719088 291909633
1 713342802 464915279
0 516861366 305181537
1 274697749 764638511
0 631753861 435092552
0 715016119 399231819
0 442778096 657791954
0 606249919 329034797
0 396943206 435547526
1 686618569 673051334
1 607449655 876847238
0 787641639 154550502
0 571811896 813470736
0 776910547 620593567
0 59515128 183551770
0 729550196 592142510
1 528054155 3745384
1 115416981 341671477
1 149043469 354510197
0 102694001 680989147
1 249358982 302098683
1 721111883 305945166
1 699473038 341911011
0 821452626 940046658
1 82745389 952174814
1 120768340 840652278
0 342846236 451326339
1 678913186 222664729
0 775545435 171440097
0 321403984 228344949
0 942366697 86760260
0 745859306 336223086
1 588674889 307021324
0 223947410 358639170
0 660216712 18280167
1 429932628 711773018
1 820302089 816498731
1 43133816 382268722
1 149216159 899607414
1 15210151 458396597
1 662616256 420605422
0 689485098 687276041
1 775417698 533439070
0 994955230 637031973
1 735806133 954672249
0 588893069 675714381
0 978033141 883596405
1 465513354 233454493
0 894941618 205403204
0 155878283 671590405
0 752184780 13075122
0 390600967 664544822
0 245404159 185497800
1 716191147 693913884
1 408693366 250960285
1 835361749 748768183
1 941010115 433460107
0 270434983 44708620
0 551659802 113291803
1 555770471 336760832
0 298875203 210824498
0 835042071 875136863
0 569777603 330616417
0 205104880 353263913
0 419808780 181708241
0 609782364 14980010
0 281999040 100372355
1 873087045 85379838
0 948531272 83625440
1 568290724 130238970
0 590470614 978918073
0 368294070 549267194
0 655767218 960375847
1 958631971 25195292
1 82923250 822796965
0 846172822 201125722
1 330812396 88798546
1 616074240 743738849
0 374739406 706089892
0 999861732 520648502
0 838863495 569615181
1 165876748 23605015
1 828626492 92098845
1 62236147 183014439
0 193068672 363649539
0 869453804 789080848
0 255134555 620399505
0 143189008 1763152
0 202070052 613510896
0 419210717 551344055
0 525654202 669572618
1 724888288 96421262
1 27334533 631472506
1 518239392 315461155
0 767676667 302691620
1 214882491 408031733
1 780777663 357971042
1 218833433 798210721
0 267522693 156891840
1 882125467 610142044
1 704332534 625647556
1 411293773 919738058
1 366780127 393048430
1 701195915 493085848
0 523848179 610479253
0 603392248 633928720
1 366841008 573685915
1 114047229 610399115
1 54566360 376319683
1 847697998 853766245
0 946573169 452467506
1 862832898 545048136
0 353993172 82569845
1 376608132 623698775
0 510882797 839507695
0 404578802 874295367
0 177246570 17921243
1 650632157 528206659
1 898117138 738429940
1 193850474 884897124
0 441442631 238690651
0 198809747 800200528
0 94048591 74722790
1 354674585 207999872
1 189521090 158148907
0 511111656 530836677
0 134191711 714627434
1 27795393 159360890
0 743599377 632763083
0 573458537 639684163
0 364005555 983243527
1 451424574 392190710
0 214824484 593949225
1 100301685 458807363
0 866733841 602120374
1 769367731 219318796
1 991032012 948354155
1 652907504 331591378
0 190444227 652470406
1 885081303 22769541
0 660532522 902245724
1 199891951 518953698
0 266608804 456076040
0 316069058 113688858
0 286314907 762634669
0 639579749 134280046
1 896987622 152846922
1 281697600 8981159
0 365213188 319334867
0 793959435 732011896
1 399251044 447742942
0 86163017 520394758
1 566409767 868009746
0 83914254 624454289
0 767555163 701475964
0 823551323 19693087
0 481815293 662497768
1 58340016 570687222
1 433570045 586648486
0 190537833 132816822
0 474443831 151931989
0 334277479 116179496
1 285226247 887591054
0 390979655 434194748
0 468320304 373442560
1 35057374 867907569
0 473293552 924805547
0 476162551 157205736
1 643430073 201945197
1 975604731 202963953
0 715112965 194552822
0 65698461 259898979
1 399787957 490041984
1 723201860 999241881
0 515661738 419642936
0 688847352 42039665
1 934794550 874005214
0 462205952 434752361
0 957090740 933308127
0 185957244 193990165
0 610073249 717588395
0 295053323 271352091
0 898153451 874136016
0 59740159 70380283
0 362493388 742800247
1 690934280 410936584
0 375984817 457994262
1 76321220 944183920
1 326214494 385992211
0 22581764 538024521
1 438770284 429387081
1 673151696 472659480
0 288891719 305779828
0 115402724 770071044
1 613770088 909772399
0 514005554 385603605
0 674349792 107003643
0 490465940 327022978
1 840132890 557511443
0 937423665 712727550
1 626138625 757207927
0 998237166 258896797
0 894876287 148361044
0 566303602 14920847
0 512835294 897710417
0 866908699 921927260
0 803553114 752073923
1 21465090 55322350
0 284941796 299508711
0 460164154 607368213
0 42967061 956334442
0 797043735 604125659
0 834932708 680286040
1 539514827 209783026
0 990941398 358617862
1 280232014 15321313
0 430717156 864467010
0 7249437 968418558
0 285951291 262114844
0 509582712 366252185
1 837487538 170377754
0 917497768 921050568
1 833814787 717053525
0 706989998 233944889
0 630071134 945514688
0 507494237 7695454
0 863884074 387344872
0 17216064 244542314
1 384440866 435683789
0 406910239 860322482
1 517820754 696179938
0 861797449 502044930
0 221808284 637741113
1 663347934 170863314
1 757043265 662301296
0 155500098 587226081
0 98129130 208715270
1 361445174 956454484
1 469417368 287725688
0 748067729 241924280
0 823119078 761961100
1 156069984 569423746
1 296229256 424223249
1 898501104 744872454
1 593442375 188777601
0 919839855 478383872
1 700788493 882166583
1 276629398 663788774
1 272989990 673828121
1 272152363 380417281
1 170202015 281922882
1 626696242 946952015
0 149096810 378733778
1 4533837 316373853
1 926772955 195239136
1 328079064 419124715
0 216542592 844747372
1 158421521 572455597
0 534821922 898890670
1 69663942 476878997
0 733381556 820887700
0 108937873 851187751
0 595447983 399208296
1 310878980 203473557
1 66950212 56814137
0 617577544 371689492
0 990337900 223721689
0 496331977 630264655
1 95603870 96570910
1 968793978 8581030
1 539474785 441066856
0 485139484 91713910
1 972082709 505517113
1 366856164 197500224
1 649234814 437602450
1 605414242 899521044
1 71406328 687229251
1 761090518 989832200
1 506594742 350983047
1 407740555 240980157
1 159280244 544533014
0 480085292 730633524
0 794134176 218706846
0 140530102 130844682
1 664634800 260109281
0 510407659 926111191
1 479578572 563328963
0 818541104 125062914
0 575700948 977172541
0 809916593 252853858
0 991847791 786128887
1 123287990 463451222
1 528808125 829739218
1 626070112 176338030
1 8196825 529697842
1 906390777 187596768
1 674303259 390174832
1 691194821 612565164
0 50020633 776559476
0 697742679 910895379
0 637384276 20971537
1 386408766 722958664
1 483029757 481417288
1 64976143 885187266
1 160076914 957543850
0 828883616 271352852
1 268756364 946349704
1 183611693 459639824
1 509002097 567970627
1 783916978 244122225
0 805512544 359938480
0 46671418 727422817
0 538883720 192792029
0 542031824 665704598
0 444944650 948549011
0 909483287 782745431
1 855393204 23964692
1 984360230 118027686
1 483968026 362565036
1 586391140 303937806
1 635449404 81648542
0 300356220 109656973
1 853723218 558775517
1 464753845 511098318
0 39845347 889401905
1 417545090 954715775
0 403034065 393768563
0 207374940 431658026
1 621788707 424208153
0 910936497 654152437
0 679317179 230108218
0 699109376 245409682
1 530553534 360046608
0 470712858 821477876
0 221739224 966770651
1 177870566 332214686
0 307965100 827802744
1 975055165 687642584
1 250601144 739752211
0 27454508 737782220
1 842730029 811978441
1 808256758 437235295
0 761609332 952239326
1 523483181 788270190
1 308786701 2637735
1 803073782 664811686
1 301003542 930810735
1 922080143 68349087
1 528675519 430511405
1 746838395 814191020
1 174985182 938931445
0 328665740 740486103
1 98649298 631889324
0 548467174 180268385
0 154592485 303811513
1 725292691 816857335
0 694420432 106799506
1 798092944 178001419
1 414376188 462572366
0 62017555 918997718
1 795436798 482580276
0 636757360 425203309
1 615662568 5022259
0 623694448 8645258
1 271956541 997579075
1 101752580 728871216
1 171550811 224064744
0 987101734 472183947
1 267994566 158938062
1 925362692 702613104
0 402257274 798482530
0 483383084 926823233
1 350892210 518882160
1 717953132 706689959
0 336258400 548798916
0 610343909 145312274
1 222127757 94192563
0 742328330 811287088
0 531264038 286526896
1 157220682 881293950
0 741760821 313292076
1 93739142 90588285
0 21571279 197518918
0 163293409 748088948
1 549354472 993196814
1 889826128 852807644
0 802913367 633970153
0 332253912 600989026
0 741400438 820037663
0 987986746 843797767
0 133571059 108953481
1 456118935 760775704
1 245128433 890533803
0 600177801 450776561
1 955776915 410239260
0 902654785 651024968
0 381114170 86720071
1 107900659 356889701
1 277680272 330187494
0 597505035 959399158
0 683456452 673600279
1 819184546 842994168
0 623456677 712699161
1 453782407 529067038
1 283427005 952087774
1 926867603 77649786
1 636072305 308302800
1 687161154 258228966
1 817648881 685655310
0 801202611 742056534
1 428760856 367092098
0 596921777 877493317
0 819500877 208762460
0 19013970 308482331
0 246280444 636252516
0 553865944 969733276
0 160352304 119362849
0 489956621 423475016
1 887203114 622323520
0 97548111 287719821
1 156829279 993415539
0 734140334 160253225
0 310618002 943941349
0 880094374 290492698
0 547038531 239054962
1 980688823 593897565
1 432458002 768259569
1 602002028 884673391
0 50924705 707634425
1 67567323 810762591
0 859122387 973983746
0 515592179 698227086
0 573743849 274854219
1 493666124 877400504
0 50315128 103801541
1 71720115 962906866
1 363395174 816795011
1 177340524 35499028
0 242088406 352794375
0 303447081 11017680
1 743895527 105176817
0 704157357 186887484
1 134924616 890699387
0 560250286 33533671
1 502785964 470448268
0 620735339 299676768
1 40604121 839165220
1 651235763 455995720
1 923210488 472107677
0 206775460 148460426
1 618738724 778911622
0 271547305 489565745
0 312309202 8884638
0 484290877 245825145
1 280638493 783781876
1 174534752 285799352
1 480042430 952260533
0 534461283 347458543
0 304125686 636934361
1 925280718 299660184
0 918867821 444365423
0 12519985 512722940
0 293359045 142269296
0 369035452 584122193
1 114653358 195869387
0 106195958 866716435
0 631319924 257648848
0 59807313 805736893
1 610214511 216703915
0 382726619 195533428
1 998759243 46351896
0 931809517 644547875
1 92142569 756783199
0 99731085 870283029
1 13315738 812590571
1 574588433 197839975
0 743607801 790521976
1 681077965 143030992
1 715650810 838993232
1 583546847 819387296
0 602284988 817821872
1 27577166 688770784
1 494400580 784136160
1 936743640 115766897
1 377069000 323556158
0 722961637 124581575
1 914926 37842740
0 191731822 800962241
0 874003062 20544695
1 150555745 344082273
1 878737724 515371258
0 363088837 284801117
1 540019077 200602853
0 721921256 887167846
0 731265040 907581639
1 338824371 476333040
1 945981337 392598075
0 668815240 890739387
0 7704491 99662888
1 239341640 865039519
0 423857187 628026341
0 316673898 140220539
0 215186124 301389311
0 292592036 275525850
1 813474319 359289081
1 896806702 339730477
1 869220028 320968770
1 201211152 497516165
0 198629599 841265098
1 154929714 853074442
1 840272184 501975611
0 40464378 746155139
0 882354886 80272051
1 136992532 520251471
0 406972649 317711519
0 846995290 815124719
0 264228622 207769739
0 712853159 594599701
0 181340009 656428249
0 854159302 392234445
0 790590966 726340891
1 331403663 897534869
1 507561666 352352600
0 869941364 358901773
0 694032644 354203183
1 666645741 948551666
0 283712871 15168892
0 445103932 666890001
0 767591449 791458251
1 536604687 239863888
1 112139908 213410703
1 359627649 472545019
0 745175526 507716555
1 728739714 271144515
1 948136318 809116075
1 989259648 252804741
1 750032625 250154221
0 390454071 38603506
0 69066054 466075343
1 501857053 570613062
0 42593921 685270180
1 609758517 789760275
0 340986651 416629377
0 868165302 571085948
0 491360769 449813500
1 278968607 337340964
0 84426541 76034799
1 296537951 813665215
0 839636483 810461018
1 177184266 626271798
1 888542502 793810277
0 771544616 168169843
0 119298189 417610867
0 500340984 94370568
1 450365694 738546968
0 268935445 966246045
1 230006084 453537331
0 232212326 448505657
1 758016733 988726555
1 886495892 165256508
0 408738564 434903285
0 466952810 643664272
1 918936541 386145905
1 265850654 150946670
0 14219526 747136636
1 194361630 888101716
0 84938892 596485691
0 725180137 305927553
0 433114178 875359091
0 976779199 772025543
1 195722551 518689324
0 302365450 934302535
0 349594952 525214190
0 256721497 542285816
0 257377775 425414526
1 278254070 571636727
0 232626892 639080340
0 706161043 889333663
1 119060569 197187201
1 680994758 619776302
0 482987830 915210936
1 332913907 21196946
1 542086621 933755278
0 879628976 516847983
1 804013424 638466078
0 312870912 924144694
0 292576056 877798379
1 783519613 873558779
1 334127355 53782299
1 463014232 713346212
1 937538876 552575969
0 959846282 166480868
1 599252337 936300033
0 793147605 105432689
1 753723390 842827269
0 445671100 799551714
0 61234052 559257412
0 768954565 366835100
0 165962251 48564322
1 514135813 775766589
0 25836004 783570281
0 258477787 8079952
1 747903920 153671522
0 698023301 903591314
1 358047246 340830747
0 66448152 697576774
0 455932907 851955858
0 425851629 160939226
0 237624432 44565897
1 631849453 195051181
0 591034097 977420162
1 810685645 216053797
0 750402572 792114195
