1000 521
1 623429999 713007857
1 312586940 336066027
0 20888404 700001771
0 18124660 263856110
1 877201269 443279828
0 165087392 564187639
1 235872693 994392216
1 523897904 337164473
1 625156000 815811148
1 752977768 86785337
1 741123861 120543540
0 846970702 361484569
0 964864616 283197268
1 12867467 811664334
1 293384790 137515720
1 767784195 889844379
1 491122065 391088003
1 312371204 919604255
1 483574929 899968397
1 420121458 944733478
1 714824774 135181494
0 505336734 453032928
0 897835075 52596869
1 335420796 461555805
1 965874144 310867152
1 457964949 456990439
1 46050746 697214263
1 311521338 258878705
1 927339592 24297961
1 841594803 288836658
1 334616944 580454242
0 328625756 822547065
1 644919670 588499321
1 766493851 72876544
0 193076894 987854072
1 573730449 330464723
0 507677081 507292596
1 998242919 285538278
0 104921579 674551847
1 549159017 729199537
1 786552530 642236323
0 624783757 315703164
0 181362432 464408046
0 624369396 872265576
0 151059699 443568425
1 121519347 427448490
0 7189153 803491725
0 953005538 673238910
1 118731618 311571595
1 260444374 642715696
0 625081133 400523236
1 839685551 445613730
0 563819476 31795234
1 509097483 799972436
1 455972845 823552488
1 29115153 905292265
1 432419566 191435194
0 321896380 312869127
0 406239752 164010570
0 341481169 653290441
0 807383976 142667565
1 81560450 355741326
1 738945434 7000662
1 842906386 540063604
0 436222023 581459541
1 411084369 56930449
0 428926379 880953641
0 651500036 463618851
0 491395691 960381599
0 223535737 201503601
1 706859186 641087323
1 711701695 138190987
0 850916442 561493298
0 233953736 292724905
0 448648977 59968406
1 435496020 530017578
1 531488030 158507833
1 598232801 918956237
1 420131810 587946715
0 797416400 816113114
1 238453767 607859322
0 11498715 702083322
0 583597314 310194139
0 877363657 450407181
0 714120186 862670714
0 91421269 480195960
0 816329742 672499603
1 547277619 345949260
1 107898143 64195740
1 126376431 227683675
0 892985665 908570741
0 169809006 208257941
1 184759884 349149184
1 183668546 966684020
0 890287566 873495844
0 768559271 403157688
1 507759817 49722438
1 227826246 556444431
0 790209205 408573489
0 33698529 239323001
1 510161351 412855973
1 185742305 322177845
0 403860777 660011416
0 70414479 990014307
0 691050522 143990668
1 984589258 644911912
0 588123121 653926136
0 64946055 554372959
1 475996073 122250351
1 863550654 389575674
1 330864026 578527086
1 518280588 445708079
1 764533306 363757953
0 669395052 187833012
0 221629447 629107056
0 5450617 511987151
0 602769779 2911997
1 263346803 661462896
1 481576509 204635563
0 745017141 505276073
0 902945550 956993057
1 15580715 612196755
1 26392723 393932558
1 408785956 13905884
0 3000022 192715587
1 619206777 602593679
1 470008997 546972184
1 919332284 223172107
0 929379256 440175953
1 813913281 797465387
0 906136880 321368877
1 371504825 316446612
0 507552207 805829086
1 408241790 139859380
1 738004257 602092481
1 9705245 123734438
1 321023702 156915987
1 473088032 910581399
0 676621370 72175296
0 162440287 655391283
0 547801044 671140799
1 228331375 33983162
0 658618880 237470766
1 980634900 183696318
1 750813105 690074983
1 21019862 662094983
0 147186594 73457166
0 201707828 546660257
1 985404881 873817547
0 867860303 915539709
0 46521551 142511239
1 636360663 777914130
0 566403001 671225755
1 34795922 844710310
1 380342633 425382740
1 959702971 786127646
1 887958945 737716710
1 506771995 873695693
1 354710912 557434676
0 447784231 534877456
1 694553661 625085089
0 716377296 655916252
1 890953935 874224380
1 521650549 443363362
1 805172149 81693884
1 717123987 186541267
1 466166302 837109880
1 384227465 909846146
0 360239451 619940400
1 804359046 406686874
0 813684595 28954600
0 935561222 69321834
0 143203600 794256967
0 310543980 591849438
0 554400120 922502949
1 888262597 949133380
0 935709353 855663775
1 869207745 834071224
1 517485626 167012766
0 651672011 451052865
0 916635690 442978160
1 439471642 674180271
1 693807562 460912193
0 928712163 177099331
1 488775655 536502083
1 103131412 130143412
1 471736210 797202361
1 389665880 495609615
1 771139158 373543481
0 513806537 19438765
0 808904770 871541683
0 802173430 305231253
1 114418486 243048115
0 435054957 470970789
0 765883312 623257006
0 761859846 86484161
1 122328684 952378303
0 390572615 78306944
1 511536856 311129001
0 90293581 664259000
0 299806624 565687308
0 26029423 250592638
0 646530402 570024975
0 241977083 28282822
1 313212061 73505567
0 661729558 600798184
1 404609838 980935323
0 439089443 755760272
1 305295117 456776987
0 321452022 365311915
0 744416137 625523992
0 805504399 119086508
1 556500311 161262581
0 159798246 658667260
1 608566622 425323548
0 181847938 474991762
1 114598529 722301238
0 996144070 421491430
0 854921372 38889758
0 132301882 92342505
0 821397366 90240215
0 17603603 33761217
1 811577115 344968757
0 196738501 816292179
1 660482648 809222964
0 335454995 427645265
1 650048125 251410323
1 208372818 650242657
1 621223841 216617004
1 133334718 371382207
1 10201453 111746473
0 38507497 789144823
1 21737975 76604493
1 630300509 597837807
0 540106537 451962107
0 74339482 319334941
1 274262997 702691687
1 763611168 551738796
1 957931356 620173698
1 61840253 773157677
0 846531828 887955404
1 103192134 900064705
0 440318588 102892469
0 143893500 667086329
1 349081951 463613323
0 922043109 837153801
0 712226274 239484053
0 41435782 121267845
0 561872847 32571105
1 463028751 980675188
1 754881201 152341703
0 145502439 771005422
0 429422464 107043620
0 383908687 840124274
0 112032036 655501381
0 395144399 989597240
1 222712027 747386130
0 963591840 144949462
1 57049560 113788568
1 72905106 869708758
0 990235376 141828556
0 593983345 685216225
0 770867609 476142796
1 979106500 602450297
1 332441925 746920247
0 278125766 820268094
0 615162390 714739750
0 812620782 960137804
0 821537431 164277961
0 643635947 975284146
1 104782950 316302213
0 550550103 398791030
0 104580216 121783905
1 132327743 241317790
0 737973741 286297228
0 899254924 366766245
1 583270095 284645640
0 120744120 561083789
0 938098389 512533605
0 371584978 686007424
0 423746588 196284806
1 212050360 275044672
1 23985453 310284163
0 485708861 589127290
0 46964588 869908461
1 855257732 572849172
1 591828228 568160629
0 177187328 731704078
1 949499765 266693447
0 788483630 699461450
0 587610463 646131400
0 901603515 850338279
1 487467743 839731063
0 454317986 777442906
0 909833290 644510600
0 982802960 372011081
1 682625575 201620759
1 256933471 153580048
1 233008241 658018763
1 260493680 740527686
0 135480859 962149954
1 499808946 573429624
1 731617886 438838281
0 40887756 746700054
0 402788167 957011668
1 819251953 451564298
1 11163805 468056562
0 416986950 125792491
1 215821803 850608711
0 925877061 63462015
1 881068440 958374547
1 522303381 810540680
0 902632298 198574726
0 800873721 351955971
0 873906511 407626731
1 603168994 271723006
1 422991474 22048196
1 823732830 998967915
1 388748107 478648440
1 388239906 307106866
1 504498362 825410998
1 600274602 184647718
0 382668173 949219387
1 424024107 37787608
0 645996741 858024965
0 765828835 969346918
1 708520367 51585694
0 580898150 89643197
0 769331062 710851138
1 611598184 395506576
1 71957352 827684708
0 221120584 165377579
0 654794528 799097153
0 478137069 508326008
0 836454276 699483367
1 191616088 766246797
1 187949897 849842484
1 509515078 825684583
1 57253172 55267376
1 523571251 323865378
0 383731876 615809669
1 833668876 899451303
1 905964662 789708443
0 18327409 330657285
1 492027999 220766342
0 190036913 726108061
0 219436523 713491678
1 724893635 936194878
0 551297861 719816810
1 190876965 203727658
1 255060088 270492703
0 677123811 161628809
1 489963811 899033657
1 45096962 271037444
1 717333423 591967346
1 89583418 944586880
1 457160462 849231048
0 734050916 996967064
1 916556291 659325907
0 550268215 65341389
1 397549456 203981241
0 878283810 722969208
1 194831055 296757180
1 83289906 290263116
0 994759692 839207063
0 168830607 928518468
0 230174912 166165087
1 705423122 917306404
1 888518917 442794338
0 119237757 791366365
1 952135085 317993875
0 729091602 640571264
0 662150677 570503219
0 462656123 785821085
1 812689756 74042575
0 437410601 830047607
0 975708118 842598876
1 166988206 279915928
0 916889321 76266037
0 187904199 179295555
1 82036299 958213064
1 86552766 511269309
0 755828273 58174297
0 488950832 682392357
1 837923930 984702368
1 296768144 905719071
1 897351208 971164421
1 587117086 656978099
1 52284795 744498773
1 684621326 345092406
0 707398699 393293481
1 904245521 103434253
0 149965386 113691659
0 569147833 919098516
1 790496547 241855168
1 187406501 231416446
1 489976232 441627756
1 128174047 923711895
0 337552398 125035255
1 718401630 800043926
0 924417666 786402407
0 447877389 26184557
1 771146180 525438267
1 560091469 214181
1 518137699 68740073
0 606377712 751243907
0 452660073 130326226
0 489162696 954292566
1 361599144 932338807
0 462274301 794369204
1 295835231 648832806
1 672607881 610032967
0 438778859 829709679
0 841299766 298297212
0 515311761 477536719
0 322732447 849466523
0 9977871 984784833
0 829462056 666230135
0 823185242 251266524
0 793512955 174364358
1 804164229 475071963
1 19136222 766359780
1 813683403 516381047
1 174546121 702692250
0 400156160 912933849
1 638316012 979222588
1 117797009 249467688
0 521491800 807552865
1 400707571 374752786
0 633572689 149648798
0 949800699 159853897
0 731594457 915159622
1 176817519 848878495
1 799034191 643057520
1 67714823 707226130
0 537425933 731739898
1 467800593 802970814
0 224159717 29906636
1 658671283 653017256
0 721544123 162226658
0 354443385 792138754
0 322153806 166270925
1 741729937 548176213
0 644764965 361873061
1 230914813 318162891
0 10729271 990822605
0 21984188 543214511
1 722402345 665954489
0 41826836 770346862
1 836500905 692999636
1 12242748 12949653
0 574149572 291040413
0 956071349 564568433
0 46156490 432866397
1 422199824 202618564
1 203030571 869311560
0 140206037 699171455
0 681534492 726034291
0 16693786 491286211
0 517755385 432685505
0 469371653 456675730
0 94954765 543342753
1 102191860 611664716
1 662842165 312535120
1 875640934 971151286
0 954462472 796127777
1 716790048 911277774
1 311987411 683105781
1 281907391 956782680
1 767176513 344468799
1 546826380 643435208
0 359048433 318240980
1 65952890 720194692
0 448693519 238248351
0 840883515 261607338
1 265850053 882786623
1 156497375 771720611
0 398741632 389889482
1 973336925 994685527
1 429475000 13764128
1 913977047 379459168
0 166349145 103123665
1 194902089 713135287
0 799918029 923821192
0 353204321 256589403
0 61942174 593669394
0 911862962 489659075
0 985480412 946051202
0 14898253 923941478
1 791686308 963077313
1 339575157 494157113
0 96471140 573489848
0 600118620 867371742
1 799423369 275496519
0 14875112 764777188
0 50068070 12787956
0 158281897 905702827
1 4537516 454789579
1 797343732 32853397
0 868505613 318169471
0 199586831 373118957
0 87922543 656263454
0 909741992 635394754
0 380703679 571661170
0 606242979 967248469
0 3493728 251244353
1 570745219 557164795
0 773954291 128669703
0 676717403 959907721
1 256430709 147869336
0 87866854 930734928
0 597080936 933482777
1 613962813 951463738
0 889117563 273138111
1 831975931 919609356
0 574967180 38799603
0 987540439 780729462
1 136637341 707571592
1 112150525 717714398
0 119463351 938185122
0 47625511 6594543
0 880688688 347731617
1 164725137 878613208
0 650967317 197821004
1 812565229 6873383
0 225202694 693904435
0 476570252 338933035
1 202224631 440180345
1 813692533 194533742
0 616956436 110105589
1 399156787 849367115
0 582570810 754252042
1 17891148 226913374
1 589347551 585189611
0 297229866 397515740
0 425060656 518353515
0 609371319 52939583
0 115303553 74356199
1 780096502 96556396
1 568431299 388088018
1 878342067 729736670
0 580003402 712464510
0 654783443 996478573
1 640126528 240578557
1 951696217 596487078
0 414062719 802354121
1 432474635 777534763
1 949529585 553475865
0 817568445 653655265
1 650535278 329881920
0 605872576 682337272
0 222955333 321639817
1 212294027 910695915
0 218166053 858131542
1 632343671 694201991
0 40754849 703971545
1 108627143 864556178
0 306849706 588590165
1 59370086 235743661
1 112263642 63988507
0 11340330 245008823
1 286486201 519763836
1 77153203 171092872
1 860161217 934881621
0 430719636 555997836
1 792988533 198795537
0 441384011 990379114
1 995131731 895082978
1 744818858 982304447
0 992165365 653163559
0 446952069 464867798
0 944502685 709844557
1 521991506 497763500
0 734391972 344054725
0 121744080 395255046
1 529449768 456662191
1 583509947 691687451
0 764305604 48576606
0 345291926 422105856
1 359236463 320932005
1 66701907 276422960
1 113440248 881519619
0 344084354 140009223
1 375920020 940165204
1 969161683 702922249
0 997103527 885798780
0 668015114 723010294
0 188501193 543528460
0 826828385 689151570
1 774354629 948395649
1 753321285 989339561
1 442096296 188879479
0 713670415 478545091
1 365280165 387857062
0 827971221 872433313
0 480219075 260876911
1 767091869 309723680
0 736305722 496276550
0 954998319 255585108
0 912979727 884334402
0 613432248 226670535
1 99990294 421807202
0 579157359 548845351
0 194379306 965013425
1 634492585 801956869
1 798310626 340304365
1 875717232 594049609
1 988567516 294721339
0 485042076 710955812
0 165169173 255028220
0 507214577 609485676
1 922343679 753847787
0 439521791 199759982
1 359316702 741675987
1 183532992 797446924
1 106372570 533218664
1 408316793 693547153
0 80246806 439123205
0 572879821 246167911
1 220860077 546406525
0 884185209 421436172
0 708464727 178920524
0 176533872 614072321
1 134792430 888307517
0 615049195 42211197
0 482579199 188876976
1 295682894 403147388
1 973691625 69458331
1 294678181 381384336
1 810871096 654694077
0 518026602 482471981
0 618148004 910663588
0 669479114 944298888
1 205672668 945598195
1 786058787 403341634
1 883254392 397046910
0 2740062 765162609
0 170981611 677193224
1 669102012 39342360
1 744329956 733522662
1 718598666 146744655
1 116195632 452092983
0 619338129 706871666
1 215127397 273998461
0 518946469 835656598
1 130420846 800915711
0 469396240 800961140
0 660630507 332033678
0 23918037 383227839
0 640902012 156166365
1 693268822 437670981
0 853174808 192124655
1 210120924 400529867
0 589981771 1470779
0 1177991 10427763
0 800056185 425591015
1 870809164 840294342
1 428961393 830119375
1 294053883 332382854
1 760223986 952856584
1 252100833 433329637
0 635590247 650954775
1 491751136 328107593
1 407918456 529419454
1 39781216 641641483
0 423472988 562956036
1 462378779 787483686
1 225443780 800086906
0 494153001 318681751
1 858870053 224411698
1 739994251 208007513
1 139210660 337068526
0 56202325 764535395
0 641610212 877594731
1 268592857 234449665
1 739356733 166097675
1 293457783 606663277
1 243108263 219490640
1 653138262 253975080
1 202742705 939437611
0 580088382 462522203
1 562494326 42566320
1 49975442 183517441
1 398644420 472047583
1 448062823 700014671
0 431705359 35673187
1 211819646 752989563
0 64801742 913016784
0 935080954 961471923
1 167889967 556284102
0 401948310 714267449
0 358510548 184997198
0 481763949 927883259
0 471753905 121399914
0 427365814 828409980
1 148105627 357443888
0 940973472 16348102
1 201487330 640284056
1 350543235 946607192
1 888790604 130661742
0 854901204 235970538
1 162957517 60141807
1 978463424 779771364
0 343558643 740484689
1 474649005 205455161
0 537759626 551194409
0 480181950 801697629
1 792142190 201371502
1 560114387 712382726
0 480188331 602252440
0 666192884 472634465
0 344858477 622195209
0 133790963 21148219
0 45500350 665518526
1 567615056 868583888
0 181645401 672196235
0 506110210 702074156
0 182923056 941166356
1 993918046 565275313
0 974867938 883791999
0 535822648 161706878
1 596528053 298325054
0 266694639 747274103
0 342958013 559631759
0 58869779 123115214
0 219975159 15801501
1 223988115 119256305
1 45355568 601652251
0 331238714 964740462
0 971565417 368053835
1 947242806 13321057
0 646721540 805611591
1 792162053 97332425
0 543409313 973137278
1 817885182 714800548
1 810418415 832274928
1 531106686 332067906
0 577801687 72898311
1 421262339 978417998
0 837024970 203223029
1 687502959 593341361
1 778598755 63605320
1 611923783 465538915
0 540102567 546649326
0 897091940 265811395
0 19737365 816497544
0 102688009 898655859
0 497584224 234774956
1 501191330 744693114
0 228089818 104872728
1 151890698 874000172
0 236094787 563190513
0 526301536 317595704
1 613303909 899158767
0 59578250 933861619
1 29462486 63891942
1 490314549 1274382
1 340936838 108389135
1 998404833 412103862
1 562471232 944960724
0 459835777 725966810
1 379811608 517817078
0 143929954 409050996
0 287499903 349224692
1 52611380 170072336
0 146846592 54044874
1 93926892 606730723
1 500320348 250309757
0 69368350 278344641
0 642980484 570912985
1 405057484 690609294
1 20726507 872369441
1 630909719 45936562
1 20874567 55333111
1 122826139 292154325
1 451402611 824758003
1 815676423 979761817
0 118571289 405447541
1 463052703 536535938
1 484639682 584757994
1 777632445 675000288
1 20399564 398744685
1 444439861 609656128
1 271837521 173677328
1 193779364 236320097
0 651434515 218167976
1 244099646 480855792
0 106562924 729939693
1 999628483 477211660
0 849592072 515449114
1 741503669 337329744
1 512210005 945369368
1 763504944 996969161
1 173568154 49767115
1 995675821 283289558
1 601560315 595700189
1 858209171 510740058
0 334962373 756729402
1 762045963 550932792
0 290980701 170349421
1 537828740 362710378
1 495566016 993749671
1 777025370 101895071
0 478986100 891029871
0 407489658 525545953
0 515991960 258225997
0 753506965 636984819
0 235505634 214432711
1 289966240 212013046
0 352304327 883979421
0 67158127 255200003
1 168759402 505667377
0 262350839 26163962
1 880336464 73771755
1 486086452 204577552
1 108983800 419782794
1 950976503 474117047
1 445494867 533719491
1 75495949 563847968
0 440431492 831425631
1 670394824 573617540
1 664923537 103177054
1 877754416 532236188
0 339981038 101421615
1 90268216 219082147
1 331235913 199512234
1 455336739 4919581
0 309233219 313682336
1 61185715 226095896
0 557052414 961820218
1 760897674 313493339
0 427409199 830106171
0 110066863 541605174
0 976383144 303203568
1 959639318 685225353
0 715579203 588024701
0 209367470 798825410
1 981027979 726931950
0 222470775 434384785
1 68298651 192107757
0 708149466 982934422
0 65176049 482990466
0 245269664 253168829
1 921891284 615715538
1 201668040 169501701
1 387630661 859731184
0 742813194 248005860
0 553881090 602778100
1 69730516 546602696
1 363977491 302411643
1 808062783 789085355
0 997878360 725955049
0 915009749 307285568
1 928610345 994351686
0 462738271 136596653
1 496197992 504833146
0 541436423 210955709
1 844139635 752404880
1 759565379 803230810
0 506362568 114734969
0 670568357 77291000
1 511711680 444141894
0 652058069 428841465
1 421324002 257265023
1 912134817 264237731
0 450645707 483248624
1 847329982 585811930
1 632543392 851861215
0 995903728 108715101
1 320362608 880224457
1 913442674 584600030
0 477545301 269767326
1 72899703 579976167
1 248132960 973702956
1 121516547 905353837
1 69278914 205221190
1 492080520 836756907
0 15690176 596575633
1 881405108 428006070
0 855221466 111693441
0 590742387 185298996
0 957010823 583082527
0 947086788 199831382
0 472068055 159148508
1 396540209 350335974
0 900975397 446894187
0 420408237 575326018
0 279939587 298431167
0 152892610 269604159
1 75800336 35823032
1 686117027 765078617
0 124842428 942967414
0 855702475 572471767
1 72369710 18977388
1 184378324 724303542
1 198986024 476444604
1 220975219 348486326
1 363230643 169453641
0 1139863 729627439
1 299634925 776024017
1 493124885 800947886
1 891596338 296798648
0 867476080 682281187
0 983476473 575239887
1 866711407 234170664
1 507528146 903571839
1 778447865 914669876
0 135436476 375908380
0 633356707 760444884
0 437108385 83195667
1 929736269 957023340
1 423405068 991104734
1 64485539 604917190
0 547424802 518330658
1 813588397 242594501
1 651860732 493314431
1 769573771 702229911
1 854584482 849999809
0 223675007 159222344
1 461994575 200809670
0 14578672 868522637
0 580217646 496923587
1 646797947 774054374
1 540113185 415359554
0 201039930 211680553
1 304558543 909006085
1 777273169 950744519
1 389087144 453008652
1 936749684 853305030
0 436063124 146563063
1 623690712 580844069
0 547881383 121726805
0 136047386 443688328
0 300911667 273621076
0 641491504 442660999
0 100472851 466721847
1 639079879 503817315
0 442566244 619481236
1 283736126 447367012
0 191989393 194019919
1 927553844 384352728
1 825305123 662216436
0 257730991 15560662
0 117367012 464683027
1 343866673 667983317
1 783642474 671029589
1 544448907 310138167
0 54013749 606213618
0 96426976 713552333
1 844199835 378160494
0 850260171 135407599
1 674873924 195976878
0 936680354 562925195
1 944340168 485695624
1 213666740 8281227
0 966302352 591684447
1 246032005 177595200
0 976443 872434264
1 745429481 175635210
1 496295862 255965012
1 683792225 799519498
0 862903604 71744912
1 363409480 113240234
0 644372637 99826456
1 87360028 343675453
1 10507407 211684013
1 616924767 282031439
1 726961294 217445510
0 378841857 152186073
1 851607631 945072620
0 247708970 634110742
1 674745623 62356355
0 391676 235851035
1 928460901 850309328
0 591788682 822075261
1 24008385 378939377
1 977906955 732464305
0 784917599 962941747
1 461188131 358465659
0 527188181 937352517
1 285247694 401792394
0 765562115 386539472
1 66031723 803139914
0 148530906 897375451
1 314512323 564881663
0 301537375 55914303
1 572417337 503967448
1 511622563 185583467
0 225015096 696944774
1 53264219 393537992
1 172154831 919399817
0 577960179 179843740
0 294024465 613405651
1 185249762 710805921
0 837293479 617279224
0 704028549 48729123
0 253604237 931125705
0 36163936 501491669
0 571673428 918524707
1 674856750 676430942
