1000
422 69 0
69 847 0
847 719 0
719 23 0
23 798 0
798 17 0
17 982 0
982 283 0
283 428 0
428 271 0
271 815 0
815 770 0
770 712 0
712 677 0
677 367 0
367 647 0
647 47 0
47 183 0
183 279 0
279 165 0
165 997 0
997 6 0
6 434 0
434 852 0
852 786 0
786 918 0
918 728 0
728 478 0
478 270 0
270 903 0
903 543 0
543 751 0
751 335 0
335 659 0
659 449 0
449 150 0
150 774 0
774 127 0
127 665 0
665 135 0
135 525 0
525 925 0
925 97 0
97 649 0
649 566 0
566 540 0
540 361 0
361 215 0
215 95 0
95 648 0
648 49 0
49 161 0
161 841 0
841 198 0
198 998 0
998 816 0
816 402 0
402 237 0
237 320 0
320 667 0
667 129 0
129 813 0
813 234 0
234 236 0
236 926 0
926 951 0
951 208 0
208 894 0
894 688 0
688 493 0
493 840 0
840 961 0
961 389 0
389 943 0
943 193 0
193 445 0
445 834 0
834 933 0
933 28 0
28 802 0
802 729 0
729 863 0
863 908 0
908 423 0
423 676 0
676 530 0
530 977 0
977 142 0
142 519 0
519 257 0
257 230 0
230 451 0
451 63 0
63 638 0
638 216 0
216 301 0
301 726 0
726 392 0
392 548 0
548 794 0
794 476 0
476 238 0
238 845 0
845 502 0
502 849 0
849 999 0
999 898 0
898 102 0
102 574 0
574 615 0
615 732 0
732 499 0
499 609 0
609 746 0
746 479 0
479 339 0
339 132 0
132 362 0
362 818 0
818 77 0
77 985 0
985 32 0
32 466 0
466 631 0
631 614 0
614 950 0
950 59 0
59 162 0
162 993 0
993 963 0
963 304 0
304 391 0
391 83 0
83 570 0
570 660 0
660 731 0
731 81 0
81 202 0
202 968 0
968 242 0
242 698 0
698 269 0
269 579 0
579 591 0
591 357 0
357 447 0
447 514 0
514 1 0
1 410 0
410 365 0
365 510 0
510 294 0
294 418 0
418 370 0
370 722 0
722 221 0
221 74 0
74 262 0
262 550 0
550 644 0
644 433 0
433 633 0
633 350 0
350 185 0
185 830 0
830 887 0
887 804 0
804 954 0
954 307 0
307 718 0
718 604 0
604 652 0
652 787 0
787 228 0
228 617 0
617 96 0
96 89 0
89 625 0
625 535 0
535 990 0
990 371 0
371 316 0
316 411 0
411 24 0
24 154 0
154 553 0
553 529 0
529 865 0
865 171 0
171 568 0
568 399 0
399 938 0
938 759 0
759 613 0
613 349 0
349 306 0
306 196 0
196 978 0
978 355 0
355 747 0
747 713 0
713 16 0
16 295 0
295 596 0
596 727 0
727 288 0
288 522 0
522 971 0
971 400 0
400 369 0
369 340 0
340 598 0
598 153 0
153 176 0
176 19 0
19 935 0
935 870 0
870 324 0
324 278 0
278 581 0
581 934 0
934 602 0
602 979 0
979 956 0
956 672 0
672 293 0
293 902 0
902 603 0
603 99 0
99 336 0
336 620 0
620 276 0
276 783 0
783 385 0
385 3 0
3 123 0
123 557 0
557 498 0
498 413 0
413 904 0
904 388 0
388 344 0
344 62 0
62 606 0
606 624 0
624 233 0
233 98 0
98 735 0
735 159 0
159 220 0
220 673 0
673 231 0
231 518 0
518 133 0
133 20 0
20 157 0
157 682 0
682 2 0
2 576 0
576 967 0
967 65 0
65 910 0
910 531 0
531 134 0
134 821 0
821 209 0
209 907 0
907 152 0
152 559 0
559 483 0
483 542 0
542 884 0
884 618 0
618 72 0
72 964 0
964 799 0
799 862 0
862 186 0
186 724 0
724 699 0
699 379 0
379 769 0
769 322 0
322 384 0
384 589 0
589 318 0
318 364 0
364 749 0
749 492 0
492 587 0
587 303 0
303 145 0
145 573 0
573 121 0
121 204 0
204 886 0
886 831 0
831 188 0
188 639 0
639 480 0
480 393 0
393 844 0
844 82 0
82 119 0
119 9 0
9 139 0
139 975 0
975 474 0
474 822 0
822 101 0
101 668 0
668 348 0
348 917 0
917 833 0
833 952 0
952 323 0
323 282 0
282 941 0
941 621 0
621 900 0
900 592 0
592 850 0
850 497 0
497 87 0
87 586 0
586 75 0
75 594 0
594 874 0
874 387 0
387 444 0
444 325 0
325 662 0
662 869 0
869 879 0
879 916 0
916 352 0
352 949 0
949 807 0
807 988 0
988 715 0
715 461 0
461 955 0
955 836 0
836 206 0
206 507 0
507 784 0
784 714 0
714 94 0
94 551 0
551 853 0
853 436 0
436 40 0
40 390 0
390 516 0
516 678 0
678 128 0
128 645 0
645 901 0
901 882 0
882 962 0
962 919 0
919 245 0
245 405 0
405 415 0
415 170 0
170 689 0
689 431 0
431 78 0
78 333 0
333 22 0
22 684 0
684 345 0
345 25 0
25 709 0
709 427 0
427 854 0
854 113 0
113 986 0
986 460 0
460 567 0
567 880 0
880 981 0
981 482 0
482 312 0
312 696 0
696 969 0
969 806 0
806 883 0
883 980 0
980 473 0
473 888 0
888 143 0
143 224 0
224 112 0
112 18 0
18 796 0
796 940 0
940 192 0
192 744 0
744 163 0
163 468 0
468 658 0
658 930 0
930 700 0
700 561 0
561 995 0
995 172 0
172 931 0
931 911 0
911 763 0
763 292 0
292 899 0
899 929 0
929 795 0
795 819 0
819 319 0
319 701 0
701 855 0
855 342 0
342 552 0
552 801 0
801 619 0
619 494 0
494 42 0
42 394 0
394 105 0
105 290 0
290 354 0
354 462 0
462 766 0
766 987 0
987 994 0
994 272 0
272 944 0
944 544 0
544 563 0
563 656 0
656 942 0
942 15 0
15 915 0
915 408 0
408 657 0
657 739 0
739 10 0
10 889 0
889 653 0
653 704 0
704 661 0
661 580 0
580 464 0
464 564 0
564 302 0
302 374 0
374 126 0
126 256 0
256 538 0
538 623 0
623 35 0
35 720 0
720 973 0
973 791 0
791 118 0
118 503 0
503 878 0
878 212 0
212 137 0
137 252 0
252 53 0
53 443 0
443 789 0
789 803 0
803 597 0
597 457 0
457 396 0
396 481 0
481 611 0
611 622 0
622 372 0
372 437 0
437 584 0
584 407 0
407 937 0
937 41 0
41 537 0
537 115 0
115 485 0
485 450 0
450 781 0
781 876 0
876 513 0
513 260 0
260 730 0
730 742 0
742 308 0
308 12 0
12 590 0
590 71 0
71 737 0
737 164 0
164 545 0
545 610 0
610 629 0
629 199 0
199 315 0
315 61 0
61 168 0
168 671 0
671 317 0
317 758 0
758 281 0
281 585 0
585 829 0
829 291 0
291 650 0
650 310 0
310 284 0
284 974 0
974 760 0
760 104 0
104 643 0
643 244 0
244 565 0
565 189 0
189 680 0
680 765 0
765 635 0
635 471 0
471 425 0
425 11 0
11 721 0
721 960 0
960 93 0
93 793 0
793 249 0
249 403 0
403 767 0
767 515 0
515 331 0
331 149 0
149 690 0
690 239 0
239 571 0
571 782 0
782 504 0
504 442 0
442 825 0
825 601 0
601 13 0
13 346 0
346 380 0
380 375 0
375 706 0
706 382 0
382 686 0
686 138 0
138 248 0
248 627 0
627 8 0
8 511 0
511 167 0
167 454 0
454 92 0
92 456 0
456 39 0
39 520 0
520 404 0
404 305 0
305 51 0
51 205 0
205 416 0
416 124 0
124 265 0
265 946 0
946 814 0
814 250 0
250 500 0
500 414 0
414 453 0
453 691 0
691 475 0
475 120 0
120 314 0
314 762 0
762 122 0
122 151 0
151 640 0
640 846 0
846 26 0
26 797 0
797 470 0
470 452 0
452 927 0
927 773 0
773 857 0
857 776 0
776 465 0
465 868 0
868 383 0
383 401 0
401 341 0
341 705 0
705 523 0
523 420 0
420 780 0
780 441 0
441 211 0
211 928 0
928 36 0
36 583 0
583 210 0
210 50 0
50 321 0
321 572 0
572 861 0
861 716 0
716 76 0
76 837 0
837 897 0
897 924 0
924 160 0
160 455 0
455 31 0
31 463 0
463 326 0
326 626 0
626 859 0
859 156 0
156 222 0
222 207 0
207 632 0
632 788 0
788 655 0
655 84 0
84 366 0
366 750 0
750 190 0
190 616 0
616 809 0
809 501 0
501 240 0
240 296 0
296 646 0
646 808 0
808 491 0
491 533 0
533 309 0
309 438 0
438 298 0
298 957 0
957 148 0
148 945 0
945 136 0
136 70 0
70 268 0
268 725 0
725 743 0
743 141 0
141 213 0
213 528 0
528 693 0
693 191 0
191 674 0
674 459 0
459 255 0
255 266 0
266 599 0
599 430 0
430 347 0
347 914 0
914 4 0
4 858 0
858 536 0
536 947 0
947 923 0
923 54 0
54 486 0
486 496 0
496 251 0
251 30 0
30 777 0
777 409 0
409 85 0
85 338 0
338 299 0
299 472 0
472 740 0
740 432 0
432 549 0
549 419 0
419 377 0
377 992 0
992 14 0
14 875 0
875 828 0
828 114 0
114 67 0
67 785 0
785 417 0
417 0 0
0 558 0
558 311 0
311 395 0
395 723 0
723 541 0
541 588 0
588 34 0
34 223 0
223 768 0
768 666 0
666 848 0
848 33 0
33 484 0
484 194 0
194 86 0
86 675 0
675 60 0
60 600 0
600 435 0
435 710 0
710 805 0
805 745 0
745 508 0
508 343 0
343 175 0
175 717 0
717 761 0
761 734 0
734 73 0
73 843 0
843 909 0
909 835 0
835 764 0
764 922 0
922 562 0
562 386 0
386 906 0
906 810 0
810 253 0
253 948 0
948 280 0
280 169 0
169 965 0
965 864 0
864 692 0
692 669 0
669 527 0
527 254 0
254 57 0
57 406 0
406 509 0
509 376 0
376 885 0
885 227 0
227 670 0
670 512 0
512 708 0
708 131 0
131 458 0
458 582 0
582 989 0
989 958 0
958 356 0
356 959 0
959 109 0
109 203 0
203 397 0
397 125 0
125 297 0
297 174 0
174 524 0
524 184 0
184 526 0
526 628 0
628 547 0
547 608 0
608 232 0
232 285 0
285 286 0
286 358 0
358 381 0
381 687 0
687 707 0
707 838 0
838 741 0
741 736 0
736 108 0
108 201 0
201 225 0
225 241 0
241 140 0
140 219 0
219 578 0
578 754 0
754 469 0
469 43 0
43 116 0
116 702 0
702 860 0
860 100 0
100 595 0
595 893 0
893 905 0
905 446 0
446 495 0
495 263 0
263 328 0
328 166 0
166 155 0
155 274 0
274 800 0
800 327 0
327 752 0
752 337 0
337 881 0
881 275 0
275 111 0
111 560 0
560 792 0
792 277 0
277 517 0
517 330 0
330 996 0
996 983 0
983 976 0
976 158 0
158 412 0
412 258 0
258 683 0
683 130 0
130 839 0
839 429 0
429 477 0
477 612 0
612 891 0
891 353 0
353 334 0
334 679 0
679 771 0
771 79 0
79 243 0
243 872 0
872 607 0
607 641 0
641 842 0
842 555 0
555 733 0
733 197 0
197 873 0
873 179 0
179 824 0
824 264 0
264 757 0
757 332 0
332 287 0
287 637 0
637 630 0
630 424 0
424 856 0
856 44 0
44 7 0
7 373 0
373 106 0
106 575 0
575 738 0
738 247 0
247 896 0
896 532 0
532 895 0
895 52 0
52 146 0
146 577 0
577 921 0
921 991 0
991 970 0
970 426 0
426 226 0
226 642 0
642 64 0
64 654 0
654 351 0
351 890 0
890 88 0
88 695 0
695 182 0
182 229 0
229 685 0
685 218 0
218 487 0
487 939 0
939 663 0
663 178 0
178 29 0
29 46 0
46 593 0
593 359 0
359 368 0
368 66 0
66 300 0
300 664 0
664 554 0
554 37 0
37 711 0
711 703 0
703 38 0
38 823 0
823 177 0
177 556 0
556 877 0
877 506 0
506 488 0
488 867 0
867 439 0
439 313 0
313 246 0
246 90 0
90 892 0
892 851 0
851 363 0
363 756 0
756 932 0
932 936 0
936 539 0
539 103 0
103 984 0
984 398 0
398 966 0
966 27 0
27 217 0
217 440 0
440 21 0
21 826 0
826 651 0
651 378 0
378 811 0
811 48 0
48 489 0
489 55 0
55 490 0
490 360 0
360 772 0
772 546 0
546 913 0
913 779 0
779 505 0
505 569 0
569 117 0
117 817 0
817 448 0
448 110 0
110 748 0
748 534 0
534 181 0
181 329 0
329 195 0
195 778 0
778 267 0
267 45 0
45 259 0
259 634 0
634 681 0
681 521 0
521 173 0
173 180 0
180 636 0
636 832 0
832 91 0
91 144 0
144 866 0
866 5 0
5 820 0
820 972 0
972 261 0
261 920 0
920 790 0
790 58 0
58 273 0
273 605 0
605 812 0
812 187 0
187 421 0
421 753 0
753 107 0
107 200 0
200 755 0
755 467 0
467 775 0
775 56 0
56 697 0
697 289 0
289 214 0
214 80 0
80 871 0
871 953 0
953 827 0
827 147 0
147 694 0
694 912 0
912 235 0
235 68 0
