1000
73 256 0
106 73 0
768 106 0
610 768 0
63 610 0
17 63 0
417 17 0
80 417 0
252 80 0
568 252 0
702 568 0
682 702 0
995 682 0
1 995 0
19 1 0
12 19 0
509 12 0
864 509 0
243 864 0
980 243 0
459 980 0
447 459 0
218 447 0
747 218 0
440 747 0
166 440 0
983 166 0
268 983 0
142 268 0
271 142 0
575 271 0
250 575 0
806 250 0
195 806 0
629 195 0
989 629 0
936 989 0
229 936 0
386 229 0
305 386 0
854 305 0
450 854 0
443 450 0
694 443 0
488 694 0
258 488 0
847 258 0
984 847 0
4 984 0
754 4 0
550 754 0
149 550 0
26 149 0
25 26 0
985 25 0
969 985 0
514 969 0
5 514 0
970 5 0
926 970 0
929 926 0
542 929 0
565 542 0
96 565 0
188 96 0
703 188 0
72 703 0
852 72 0
245 852 0
876 245 0
863 876 0
460 863 0
860 460 0
696 860 0
506 696 0
821 506 0
178 821 0
685 178 0
778 685 0
307 778 0
745 307 0
201 745 0
495 201 0
839 495 0
764 839 0
369 764 0
652 369 0
471 652 0
89 471 0
793 89 0
187 793 0
855 187 0
874 855 0
938 874 0
809 938 0
372 809 0
645 372 0
330 645 0
596 330 0
928 596 0
906 928 0
761 906 0
916 761 0
535 916 0
616 535 0
857 616 0
910 857 0
581 910 0
589 581 0
446 589 0
896 446 0
207 896 0
104 207 0
304 104 0
838 304 0
631 838 0
771 631 0
378 771 0
165 378 0
360 165 0
410 360 0
986 410 0
510 986 0
614 510 0
576 614 0
646 576 0
976 646 0
780 976 0
303 780 0
389 303 0
157 389 0
592 157 0
94 592 0
698 94 0
653 698 0
888 653 0
716 888 0
44 716 0
352 44 0
38 352 0
814 38 0
49 814 0
508 49 0
43 508 0
478 43 0
883 478 0
977 883 0
291 977 0
586 291 0
825 586 0
552 825 0
477 552 0
277 477 0
692 277 0
286 692 0
567 286 0
553 567 0
758 553 0
272 758 0
309 272 0
968 309 0
228 968 0
85 228 0
873 85 0
102 873 0
78 102 0
47 78 0
54 47 0
300 54 0
479 300 0
620 479 0
644 620 0
517 644 0
84 517 0
237 84 0
724 237 0
684 724 0
516 684 0
683 516 0
287 683 0
416 287 0
727 416 0
334 727 0
338 334 0
116 338 0
407 116 0
316 407 0
880 316 0
999 880 0
688 999 0
400 688 0
328 400 0
930 328 0
539 930 0
842 539 0
402 842 0
826 402 0
114 826 0
483 114 0
46 483 0
205 46 0
105 205 0
444 105 0
822 444 0
945 822 0
420 945 0
93 420 0
276 93 0
356 276 0
744 356 0
572 744 0
418 572 0
964 418 0
835 964 0
438 835 0
792 438 0
748 792 0
749 748 0
700 749 0
921 700 0
924 921 0
493 924 0
942 493 0
343 942 0
587 343 0
583 587 0
617 583 0
636 617 0
310 636 0
312 310 0
295 312 0
225 295 0
788 225 0
710 788 0
50 710 0
441 50 0
746 441 0
414 746 0
415 414 0
625 415 0
411 625 0
882 411 0
45 882 0
342 45 0
358 342 0
238 358 0
248 238 0
935 248 0
145 935 0
890 145 0
280 890 0
423 280 0
101 423 0
533 101 0
773 533 0
931 773 0
819 931 0
115 819 0
511 115 0
311 511 0
122 311 0
903 122 0
994 903 0
672 994 0
282 672 0
296 282 0
408 296 0
738 408 0
112 738 0
891 112 0
897 891 0
641 897 0
367 641 0
824 367 0
578 824 0
211 578 0
156 211 0
266 156 0
898 266 0
520 898 0
804 520 0
784 804 0
61 784 0
602 61 0
141 602 0
799 141 0
227 799 0
674 227 0
561 674 0
522 561 0
538 522 0
8 538 0
523 8 0
947 523 0
982 947 0
763 982 0
973 763 0
472 973 0
34 472 0
28 34 0
3 28 0
241 3 0
134 241 0
949 134 0
484 949 0
760 484 0
326 760 0
689 326 0
588 689 0
877 588 0
893 877 0
111 893 0
671 111 0
147 671 0
722 147 0
393 722 0
209 393 0
605 209 0
544 605 0
325 544 0
368 325 0
612 368 0
332 612 0
797 332 0
675 797 0
993 675 0
246 993 0
762 246 0
13 762 0
174 13 0
531 174 0
482 531 0
313 482 0
226 313 0
136 226 0
570 136 0
56 570 0
590 56 0
736 590 0
650 736 0
32 650 0
850 32 0
349 850 0
918 349 0
951 918 0
739 951 0
902 739 0
998 902 0
364 998 0
757 364 0
132 757 0
377 132 0
306 377 0
848 306 0
639 848 0
467 639 0
340 467 0
609 340 0
878 609 0
321 878 0
943 321 0
677 943 0
154 677 0
991 154 0
647 991 0
673 647 0
144 673 0
595 144 0
315 595 0
955 315 0
601 955 0
651 601 0
709 651 0
597 709 0
24 597 0
954 24 0
667 954 0
648 667 0
231 648 0
901 231 0
889 901 0
706 889 0
333 706 0
717 333 0
171 717 0
820 171 0
922 820 0
884 922 0
529 884 0
908 529 0
656 908 0
366 656 0
695 366 0
395 695 0
22 395 0
159 22 0
428 159 0
867 428 0
974 867 0
137 974 0
261 137 0
661 261 0
67 661 0
139 67 0
454 139 0
701 454 0
498 701 0
126 498 0
81 126 0
58 81 0
293 58 0
77 293 0
129 77 0
18 129 0
932 18 0
547 932 0
961 547 0
912 961 0
494 912 0
872 494 0
161 872 0
55 161 0
718 55 0
584 718 0
468 584 0
262 468 0
239 262 0
41 239 0
551 41 0
217 551 0
318 217 0
424 318 0
831 424 0
91 831 0
721 91 0
841 721 0
635 841 0
782 635 0
786 782 0
379 786 0
790 379 0
580 790 0
335 580 0
146 335 0
281 146 0
52 281 0
363 52 0
452 363 0
69 452 0
719 69 0
455 719 0
275 455 0
451 275 0
996 451 0
260 996 0
909 260 0
560 909 0
914 560 0
680 914 0
278 680 0
176 278 0
194 176 0
836 194 0
470 836 0
881 470 0
60 881 0
660 60 0
679 660 0
435 679 0
199 435 0
257 199 0
937 257 0
39 937 0
853 39 0
740 853 0
519 740 0
563 519 0
776 563 0
322 776 0
885 322 0
600 885 0
546 600 0
347 546 0
57 347 0
298 57 0
774 298 0
543 774 0
464 543 0
497 464 0
997 497 0
66 997 0
802 66 0
962 802 0
421 962 0
503 421 0
327 503 0
599 327 0
6 599 0
637 6 0
948 637 0
373 948 0
669 373 0
99 669 0
48 99 0
405 48 0
743 405 0
965 743 0
10 965 0
30 10 0
502 30 0
31 502 0
843 31 0
823 843 0
536 823 0
621 536 0
670 621 0
655 670 0
439 655 0
549 439 0
251 549 0
663 251 0
128 663 0
192 128 0
554 192 0
678 554 0
515 678 0
2 515 0
811 2 0
183 811 0
249 183 0
832 249 0
70 832 0
766 70 0
505 766 0
466 505 0
579 466 0
220 579 0
992 220 0
728 992 0
9 728 0
557 9 0
301 557 0
82 301 0
966 82 0
490 966 0
642 490 0
213 642 0
619 213 0
83 619 0
668 83 0
956 668 0
960 956 0
148 960 0
573 148 0
87 573 0
720 87 0
871 720 0
210 871 0
899 210 0
453 899 0
244 453 0
59 244 0
223 59 0
206 223 0
919 206 0
501 919 0
123 501 0
566 123 0
302 566 0
88 302 0
135 88 0
946 135 0
86 946 0
425 86 0
805 425 0
404 805 0
263 404 0
387 263 0
355 387 0
666 355 0
125 666 0
879 125 0
35 879 0
426 35 0
11 426 0
623 11 0
152 623 0
117 152 0
905 117 0
121 905 0
351 121 0
37 351 0
603 37 0
624 603 0
767 624 0
164 767 0
558 164 0
319 558 0
686 319 0
247 686 0
693 247 0
785 693 0
391 785 0
662 391 0
76 662 0
198 76 0
731 198 0
290 731 0
196 290 0
79 196 0
807 79 0
755 807 0
110 755 0
548 110 0
750 548 0
449 750 0
345 449 0
705 345 0
525 705 0
827 525 0
952 827 0
430 952 0
162 430 0
476 162 0
904 476 0
779 904 0
598 779 0
741 598 0
833 741 0
840 833 0
143 840 0
518 143 0
214 518 0
940 214 0
759 940 0
193 759 0
14 193 0
504 14 0
591 504 0
486 591 0
374 486 0
151 374 0
200 151 0
399 200 0
658 399 0
892 658 0
828 892 0
844 828 0
153 844 0
224 153 0
168 224 0
456 168 0
75 456 0
545 75 0
795 545 0
401 795 0
676 401 0
331 676 0
283 331 0
818 283 0
107 818 0
344 107 0
308 344 0
707 308 0
255 707 0
939 255 0
830 939 0
458 830 0
562 458 0
100 562 0
186 100 0
487 186 0
172 487 0
920 172 0
233 920 0
582 233 0
492 582 0
177 492 0
622 177 0
98 622 0
957 98 0
473 957 0
963 473 0
120 963 0
577 120 0
285 577 0
798 285 0
297 798 0
810 297 0
384 810 0
219 384 0
708 219 0
185 708 0
541 185 0
556 541 0
97 556 0
269 97 0
465 269 0
406 465 0
288 406 0
397 288 0
314 397 0
108 314 0
90 108 0
813 90 0
21 813 0
289 21 0
613 289 0
292 613 0
953 292 0
212 953 0
735 212 0
944 735 0
175 944 0
140 175 0
40 140 0
959 40 0
383 959 0
691 383 0
981 691 0
180 981 0
925 180 0
445 925 0
382 445 0
202 382 0
783 202 0
800 783 0
803 800 0
53 803 0
837 53 0
794 837 0
752 794 0
593 752 0
381 593 0
341 381 0
230 341 0
507 230 0
607 507 0
513 607 0
337 513 0
431 337 0
150 431 0
398 150 0
657 398 0
777 657 0
781 777 0
987 781 0
585 987 0
571 585 0
894 571 0
615 894 0
733 615 0
427 733 0
861 427 0
203 861 0
911 203 0
713 911 0
0 713 0
74 0 0
846 74 0
732 846 0
564 732 0
796 564 0
632 796 0
155 632 0
640 155 0
697 640 0
751 697 0
461 751 0
714 461 0
643 714 0
240 643 0
555 240 0
376 555 0
816 376 0
475 816 0
346 475 0
789 346 0
712 789 0
124 712 0
16 124 0
972 16 0
865 972 0
978 865 0
362 978 0
7 362 0
895 7 0
208 895 0
734 208 0
528 734 0
875 528 0
457 875 0
119 457 0
189 119 0
491 189 0
481 491 0
941 481 0
65 941 0
388 65 0
521 388 0
742 521 0
730 742 0
279 730 0
870 279 0
259 870 0
432 259 0
419 432 0
380 419 0
232 380 0
988 232 0
113 988 0
934 113 0
772 934 0
967 772 0
534 967 0
618 534 0
927 618 0
526 927 0
92 526 0
167 92 0
350 167 0
559 350 0
299 559 0
537 299 0
480 537 0
787 480 0
64 787 0
130 64 0
242 130 0
608 242 0
392 608 0
770 392 0
604 770 0
849 604 0
284 849 0
68 284 0
726 68 0
323 726 0
469 323 0
524 469 0
638 524 0
412 638 0
62 412 0
532 62 0
979 532 0
649 979 0
462 649 0
215 462 0
907 215 0
725 907 0
859 725 0
437 859 0
118 437 0
975 118 0
923 975 0
222 923 0
274 222 0
20 274 0
336 20 0
324 336 0
273 324 0
512 273 0
915 512 0
659 915 0
133 659 0
409 133 0
527 409 0
103 527 0
723 103 0
442 723 0
715 442 0
958 715 0
436 958 0
463 436 0
769 463 0
574 769 0
858 574 0
933 858 0
396 933 0
170 396 0
361 170 0
236 361 0
197 236 0
633 197 0
699 633 0
390 699 0
353 390 0
489 353 0
160 489 0
216 160 0
868 216 0
42 868 0
971 42 0
687 971 0
500 687 0
191 500 0
628 191 0
270 628 0
690 270 0
385 690 0
370 385 0
664 370 0
753 664 0
569 753 0
626 569 0
990 626 0
845 990 0
339 845 0
320 339 0
181 320 0
131 181 0
856 131 0
900 856 0
606 900 0
403 606 0
681 403 0
254 681 0
234 254 0
204 234 0
434 204 0
190 434 0
917 190 0
413 917 0
169 413 0
158 169 0
264 158 0
950 264 0
359 950 0
634 359 0
611 634 0
429 611 0
448 429 0
704 448 0
775 704 0
801 775 0
109 801 0
808 109 0
253 808 0
182 253 0
817 182 0
348 817 0
737 348 0
29 737 0
729 29 0
765 729 0
138 765 0
127 138 0
654 127 0
71 654 0
834 71 0
27 834 0
887 27 0
665 887 0
184 665 0
33 184 0
365 33 0
829 365 0
371 829 0
474 371 0
627 474 0
163 627 0
36 163 0
179 36 0
869 179 0
51 869 0
866 51 0
329 866 0
422 329 0
815 422 0
23 815 0
394 23 0
15 394 0
886 15 0
375 886 0
630 375 0
235 630 0
499 235 0
851 499 0
812 851 0
294 812 0
267 294 0
265 267 0
594 265 0
756 594 0
711 756 0
173 711 0
317 173 0
862 317 0
791 862 0
540 791 0
496 540 0
530 496 0
95 530 0
221 95 0
913 221 0
357 913 0
433 357 0
354 433 0
485 354 0
