1000
350 600 0
843 141 0
320 518 0
433 456 0
424 644 0
240 883 0
956 247 0
910 684 0
542 885 0
658 149 0
588 423 0
625 549 0
71 163 0
31 698 0
22 601 0
479 519 0
248 262 0
310 390 0
478 194 0
660 983 0
704 757 0
902 782 0
180 993 0
436 333 0
145 159 0
726 364 0
139 193 0
502 938 0
425 80 0
457 236 0
839 844 0
515 140 0
691 287 0
362 908 0
403 439 0
718 259 0
203 878 0
889 872 0
730 497 0
536 387 0
14 861 0
66 623 0
392 667 0
722 890 0
984 815 0
144 148 0
600 415 0
970 871 0
535 824 0
493 380 0
808 205 0
760 911 0
137 849 0
275 394 0
771 206 0
915 887 0
153 949 0
173 187 0
640 930 0
242 264 0
445 773 0
431 994 0
579 655 0
590 64 0
130 162 0
652 363 0
512 78 0
81 115 0
901 234 0
692 472 0
614 467 0
249 615 0
223 905 0
147 629 0
859 723 0
754 658 0
486 413 0
3 940 0
835 572 0
423 612 0
933 528 0
936 278 0
0 434 0
16 362 0
121 134 0
556 210 0
682 649 0
993 178 0
665 30 0
279 237 0
273 869 0
887 754 0
776 634 0
163 822 0
294 53 0
211 637 0
685 136 0
670 724 0
194 900 0
577 200 0
571 252 0
106 314 0
598 762 0
519 242 0
196 458 0
47 435 0
393 671 0
166 697 0
807 397 0
817 743 0
684 867 0
359 582 0
624 176 0
93 438 0
405 653 0
447 348 0
407 132 0
921 840 0
427 742 0
677 704 0
450 725 0
170 520 0
484 854 0
782 14 0
529 454 0
712 299 0
634 679 0
201 506 0
41 428 0
796 51 0
363 179 0
517 371 0
300 733 0
964 430 0
349 251 0
827 491 0
329 450 0
190 537 0
258 708 0
156 459 0
118 933 0
314 627 0
711 947 0
989 89 0
541 581 0
54 308 0
322 962 0
282 309 0
706 738 0
695 325 0
250 86 0
265 404 0
654 19 0
702 935 0
140 642 0
10 184 0
319 865 0
714 43 0
922 361 0
158 858 0
871 110 0
562 446 0
88 934 0
734 359 0
920 941 0
741 254 0
458 111 0
504 294 0
386 884 0
742 805 0
699 339 0
757 181 0
687 834 0
467 710 0
824 717 0
867 650 0
603 978 0
241 279 0
683 447 0
490 11 0
999 540 0
299 917 0
799 422 0
689 316 0
983 203 0
101 975 0
216 736 0
309 121 0
318 57 0
18 99 0
729 809 0
219 97 0
125 448 0
58 683 0
705 222 0
498 373 0
441 681 0
262 620 0
938 66 0
844 761 0
849 660 0
482 892 0
919 45 0
676 555 0
169 668 0
580 833 0
451 291 0
25 502 0
953 786 0
513 240 0
257 811 0
561 570 0
178 951 0
737 318 0
408 998 0
553 825 0
162 496 0
78 826 0
924 34 0
206 183 0
853 964 0
76 384 0
937 709 0
215 315 0
79 662 0
633 942 0
967 470 0
171 990 0
272 402 0
522 400 0
230 356 0
192 391 0
263 622 0
398 204 0
99 488 0
995 54 0
875 611 0
775 760 0
455 355 0
442 229 0
198 145 0
582 988 0
305 812 0
123 635 0
531 595 0
150 476 0
388 730 0
284 440 0
576 628 0
955 727 0
394 836 0
551 2 0
607 932 0
380 330 0
960 711 0
179 58 0
315 505 0
630 827 0
899 912 0
785 191 0
950 16 0
488 640 0
939 393 0
985 392 0
792 641 0
828 35 0
254 90 0
463 168 0
333 185 0
584 950 0
20 382 0
184 485 0
856 744 0
72 406 0
568 500 0
495 813 0
61 231 0
578 740 0
75 265 0
378 285 0
659 332 0
270 925 0
465 810 0
818 399 0
204 105 0
548 690 0
103 74 0
507 230 0
366 451 0
832 55 0
251 293 0
883 783 0
850 687 0
546 367 0
344 909 0
554 921 0
374 484 0
342 955 0
51 108 0
475 749 0
422 369 0
317 283 0
268 750 0
642 87 0
723 608 0
779 281 0
406 377 0
440 852 0
778 889 0
311 301 0
389 937 0
456 772 0
303 164 0
492 165 0
605 739 0
774 498 0
40 977 0
749 365 0
355 968 0
297 166 0
976 804 0
978 848 0
468 383 0
752 800 0
675 18 0
420 896 0
159 209 0
341 289 0
914 180 0
508 899 0
351 823 0
748 554 0
152 913 0
86 531 0
540 616 0
1 515 0
277 290 0
91 474 0
815 547 0
544 396 0
377 93 0
379 713 0
550 666 0
897 538 0
555 550 0
903 92 0
255 21 0
717 495 0
926 464 0
494 961 0
364 991 0
381 411 0
154 216 0
143 442 0
638 37 0
786 463 0
574 973 0
27 9 0
353 119 0
595 334 0
523 593 0
122 424 0
657 408 0
12 48 0
795 379 0
543 329 0
592 957 0
746 320 0
267 123 0
825 351 0
501 437 0
720 974 0
966 445 0
997 218 0
982 850 0
911 24 0
559 837 0
725 747 0
585 759 0
243 895 0
547 583 0
448 544 0
37 5 0
428 563 0
994 62 0
567 527 0
664 28 0
383 272 0
296 42 0
45 891 0
820 469 0
400 944 0
464 144 0
930 492 0
977 243 0
569 910 0
661 224 0
575 323 0
96 420 0
142 268 0
719 182 0
234 995 0
53 0 0
261 589 0
202 633 0
620 481 0
92 511 0
898 716 0
928 680 0
84 765 0
430 996 0
965 543 0
862 85 0
247 715 0
521 770 0
909 68 0
666 312 0
563 257 0
511 839 0
128 599 0
949 284 0
894 226 0
744 819 0
217 227 0
934 785 0
802 112 0
337 338 0
740 741 0
56 753 0
672 614 0
858 235 0
80 939 0
38 304 0
148 452 0
728 10 0
694 843 0
161 109 0
886 29 0
205 677 0
266 490 0
870 703 0
830 449 0
848 859 0
256 40 0
812 923 0
131 261 0
302 366 0
477 862 0
509 524 0
941 345 0
229 50 0
34 575 0
77 647 0
716 223 0
798 954 0
402 122 0
52 682 0
777 976 0
616 564 0
991 131 0
961 282 0
200 919 0
6 69 0
958 731 0
453 928 0
829 548 0
332 984 0
439 341 0
981 107 0
307 378 0
438 75 0
343 997 0
135 779 0
306 787 0
907 375 0
469 533 0
927 801 0
63 636 0
789 494 0
151 793 0
627 41 0
397 795 0
615 969 0
426 578 0
635 22 0
167 752 0
888 956 0
68 920 0
404 238 0
189 529 0
207 354 0
612 349 0
461 705 0
415 573 0
837 767 0
968 841 0
866 26 0
974 556 0
60 960 0
335 780 0
759 967 0
197 313 0
413 271 0
951 303 0
506 794 0
481 425 0
768 266 0
414 924 0
727 326 0
233 157 0
790 972 0
751 98 0
102 286 0
721 855 0
293 70 0
947 177 0
959 722 0
801 756 0
113 888 0
707 685 0
918 523 0
120 270 0
636 248 0
50 273 0
599 277 0
935 225 0
476 797 0
460 137 0
220 630 0
358 707 0
532 186 0
327 160 0
474 638 0
354 916 0
384 189 0
46 691 0
882 663 0
264 946 0
177 863 0
298 625 0
146 460 0
473 260 0
133 609 0
842 562 0
73 188 0
957 433 0
260 868 0
193 829 0
868 569 0
346 574 0
340 670 0
878 232 0
356 777 0
4 875 0
417 201 0
766 317 0
369 100 0
55 473 0
972 113 0
90 999 0
323 280 0
948 288 0
367 521 0
674 300 0
357 1 0
895 598 0
656 907 0
129 712 0
43 169 0
410 922 0
816 335 0
564 39 0
325 493 0
873 802 0
932 830 0
906 150 0
881 133 0
940 798 0
253 541 0
221 732 0
552 606 0
877 552 0
890 298 0
510 171 0
847 125 0
770 31 0
822 648 0
639 657 0
168 192 0
857 545 0
347 897 0
773 597 0
952 551 0
693 882 0
89 517 0
527 604 0
237 902 0
781 755 0
589 395 0
805 936 0
763 792 0
136 212 0
710 945 0
496 403 0
534 357 0
432 292 0
24 651 0
514 664 0
214 542 0
199 167 0
308 13 0
127 676 0
860 67 0
236 343 0
810 504 0
943 426 0
743 239 0
813 56 0
235 128 0
601 943 0
301 674 0
617 405 0
155 558 0
649 7 0
581 103 0
114 429 0
500 561 0
108 253 0
276 79 0
732 718 0
231 632 0
831 656 0
905 503 0
573 244 0
724 350 0
986 626 0
735 904 0
185 522 0
596 971 0
111 305 0
416 596 0
287 480 0
945 353 0
446 769 0
980 147 0
444 129 0
338 82 0
391 328 0
992 322 0
851 639 0
756 576 0
134 803 0
703 748 0
485 71 0
117 579 0
115 675 0
29 215 0
696 324 0
62 959 0
280 249 0
533 275 0
387 870 0
623 486 0
30 857 0
188 686 0
5 221 0
228 894 0
643 768 0
648 700 0
698 729 0
361 59 0
409 929 0
979 138 0
526 799 0
609 953 0
662 370 0
334 465 0
13 832 0
558 297 0
524 586 0
368 665 0
285 4 0
962 342 0
487 526 0
109 409 0
15 471 0
182 591 0
516 619 0
755 568 0
271 607 0
483 876 0
880 751 0
326 584 0
618 602 0
671 702 0
669 479 0
330 143 0
764 175 0
804 483 0
651 566 0
70 427 0
316 306 0
449 873 0
715 135 0
312 219 0
874 101 0
138 631 0
622 851 0
884 734 0
954 331 0
879 763 0
208 546 0
834 46 0
917 202 0
900 346 0
69 842 0
833 694 0
908 337 0
390 981 0
470 965 0
401 693 0
288 879 0
826 970 0
791 594 0
861 61 0
913 475 0
412 728 0
28 102 0
787 613 0
560 901 0
845 714 0
64 91 0
67 81 0
865 36 0
126 461 0
916 986 0
713 376 0
7 881 0
33 32 0
794 155 0
11 791 0
191 661 0
212 790 0
619 534 0
172 245 0
611 874 0
587 906 0
893 319 0
42 139 0
328 421 0
593 410 0
872 220 0
98 535 0
110 468 0
836 276 0
800 720 0
591 106 0
653 963 0
655 431 0
141 414 0
239 828 0
382 154 0
290 672 0
83 246 0
8 63 0
187 170 0
336 49 0
339 368 0
269 389 0
35 453 0
157 274 0
82 886 0
528 659 0
360 407 0
645 127 0
164 228 0
821 126 0
644 455 0
324 915 0
811 398 0
295 699 0
459 499 0
246 197 0
846 117 0
998 737 0
855 931 0
112 893 0
783 652 0
186 419 0
736 845 0
472 208 0
629 669 0
539 806 0
372 114 0
9 514 0
780 559 0
352 689 0
160 489 0
892 156 0
769 645 0
946 719 0
549 706 0
365 8 0
606 560 0
565 190 0
491 853 0
503 52 0
613 532 0
259 25 0
283 142 0
731 880 0
165 88 0
195 766 0
222 553 0
107 580 0
371 992 0
370 966 0
739 457 0
971 643 0
891 764 0
679 72 0
331 775 0
680 416 0
292 44 0
39 877 0
885 539 0
570 336 0
385 33 0
183 158 0
708 130 0
321 835 0
537 174 0
626 864 0
942 258 0
181 269 0
291 696 0
224 781 0
238 735 0
668 557 0
931 327 0
32 152 0
990 340 0
94 525 0
466 507 0
218 585 0
733 120 0
176 789 0
621 263 0
225 512 0
772 3 0
583 444 0
631 784 0
697 926 0
663 776 0
854 621 0
545 388 0
597 774 0
610 692 0
925 60 0
23 412 0
278 217 0
823 721 0
252 927 0
209 302 0
375 846 0
628 83 0
226 726 0
119 255 0
667 195 0
57 95 0
876 12 0
281 462 0
678 250 0
864 94 0
688 172 0
814 386 0
912 688 0
944 196 0
116 821 0
471 443 0
594 77 0
747 847 0
345 587 0
969 478 0
462 536 0
376 321 0
174 571 0
852 989 0
803 654 0
525 985 0
686 213 0
100 814 0
505 432 0
586 948 0
806 211 0
227 695 0
738 701 0
904 530 0
784 898 0
19 381 0
690 358 0
373 153 0
793 610 0
809 23 0
104 96 0
520 47 0
232 567 0
17 646 0
566 516 0
313 307 0
499 295 0
819 817 0
244 441 0
701 344 0
797 605 0
437 477 0
700 678 0
418 807 0
602 146 0
608 746 0
286 116 0
26 385 0
557 831 0
840 979 0
454 17 0
758 124 0
175 256 0
429 513 0
21 418 0
36 818 0
762 401 0
85 198 0
767 173 0
411 241 0
647 987 0
396 65 0
761 466 0
637 310 0
497 838 0
518 38 0
489 104 0
2 820 0
97 360 0
641 482 0
750 6 0
709 816 0
132 758 0
124 151 0
399 417 0
646 372 0
149 27 0
753 510 0
929 618 0
745 311 0
452 745 0
421 788 0
604 565 0
975 509 0
74 673 0
838 508 0
996 856 0
572 501 0
650 617 0
673 918 0
95 118 0
48 73 0
289 808 0
841 233 0
896 347 0
348 860 0
538 796 0
530 866 0
274 76 0
443 771 0
210 267 0
435 577 0
213 487 0
923 958 0
765 214 0
632 603 0
395 20 0
59 161 0
869 84 0
480 903 0
681 296 0
87 199 0
987 982 0
988 590 0
65 374 0
788 624 0
304 980 0
963 778 0
434 914 0
105 592 0
49 15 0
973 436 0
245 952 0
419 207 0
863 352 0
