1000
651 621 746348069
621 568 269455032
568 646 731726564
646 503 753569875
503 418 990051139
418 790 667585335
790 739 264486638
739 192 546474192
192 384 894213332
384 586 548341322
586 661 73841292
661 39 892262657
39 291 241806931
291 51 660133588
51 407 810750846
407 20 264782517
20 256 103418899
256 22 442178568
22 465 565234989
465 907 987366348
907 408 988863308
408 395 963999426
395 433 569007450
433 644 458478108
644 804 301109550
804 627 31599152
627 134 800794974
134 887 214124473
887 172 802608745
172 466 552582671
466 960 125587946
960 800 230647587
800 122 225862446
122 890 5408106
890 79 296884026
79 355 115147570
355 506 635338393
506 643 736121236
643 736 356511255
736 17 176596242
17 367 799867356
367 659 421898538
659 114 7769238
114 76 31130142
76 630 471609011
630 715 940169282
715 786 595242136
786 566 50110611
566 721 826663040
721 325 371640701
325 860 132167621
860 704 98608695
704 836 410836684
836 309 66337905
309 304 144535511
304 640 952605802
640 240 500912645
240 732 80748113
732 454 787808147
454 688 556456590
688 352 240697376
352 393 164320741
393 788 688240536
788 120 221278162
120 799 317432944
799 332 649478372
332 163 520507424
163 131 425666234
131 823 74862072
823 929 991356096
929 496 8041485
496 809 469261178
809 792 925437925
792 330 952416843
330 453 480635629
453 766 968833349
766 21 969797545
21 722 100685686
722 299 270900707
299 590 235489024
590 774 781577222
774 7 939915771
7 957 429014082
957 553 841940239
553 447 756946351
447 749 476231449
749 576 258584411
576 657 818080686
657 85 348409540
85 781 574886196
781 540 546378455
540 533 898424703
533 123 805202689
123 580 101767534
580 665 291329729
665 429 612336848
429 582 620263025
582 607 573005014
607 214 897306768
214 806 767974081
806 716 142905
716 284 7170301
284 460 592987790
460 574 341470542
574 764 26898196
764 497 629908686
497 473 9540661
473 984 174298978
984 974 314147320
974 816 243228787
816 600 903757822
600 952 484937482
952 275 329090585
275 712 231959645
712 793 770660061
793 813 294234272
813 559 48219579
559 801 175306006
801 294 151495478
294 587 251865600
587 938 97459267
938 530 922733596
530 102 465971304
102 624 773902543
624 853 235011494
853 201 133913055
201 711 564412370
711 618 791569038
618 293 662777304
293 302 888149752
302 969 976181001
969 215 744744024
215 697 124034018
697 41 698896761
41 292 172866334
292 831 518019018
831 508 75593004
508 424 305686920
424 187 319219341
187 626 341743228
626 375 535245984
375 485 26497949
485 16 483064852
16 88 829872716
88 307 630544084
307 747 654537567
747 180 570270081
180 642 211558185
642 129 377245261
129 178 915966159
178 975 688711673
975 581 260246997
581 415 541819066
415 32 139474533
32 36 507224200
36 738 533728197
738 994 612378404
994 250 970738881
250 8 981142225
8 241 719744999
241 331 123538057
331 992 31943883
992 286 250368489
286 633 983166434
633 11 639492726
11 376 843109564
376 167 443245923
167 106 18634245
106 462 546685405
462 101 782259860
101 837 331861315
837 966 659525432
966 687 339150075
687 368 684797067
368 209 179577350
209 919 969676783
919 58 63064430
58 648 94029544
648 988 221832284
988 869 114979465
869 338 451889414
338 319 705714453
319 476 584539898
476 776 602814306
776 628 193233213
628 24 77244050
24 945 814288406
945 534 350758056
534 398 933411764
398 269 450564669
269 364 624737072
364 955 277325687
955 942 623064180
942 224 491807829
224 958 599608841
958 400 28412117
400 693 153219659
693 615 427916253
615 333 588527118
333 171 599351028
171 344 8790542
344 162 40477047
162 64 752973939
64 720 48339930
720 745 503244400
745 880 764628957
880 320 7626592
320 575 869526571
575 125 680393765
125 841 608830132
841 377 468588432
377 948 144960932
948 410 278891063
410 46 145937722
46 40 726872140
40 784 671592640
784 388 623757444
388 75 766475846
75 289 25420893
289 133 575976704
133 115 230333824
115 875 712549543
875 119 588685815
119 645 693069787
645 475 962553345
475 392 349882825
392 492 331078150
492 142 274415010
142 247 917563821
247 452 132520506
452 237 373302444
237 443 131384666
443 121 689682714
121 272 990560588
272 0 680152391
0 596 785742545
596 262 798632485
262 234 387443816
234 70 142019345
70 871 291935643
871 93 329102760
93 619 964963046
619 614 136770303
614 483 949076361
483 45 602972381
45 174 881052532
174 248 835535735
248 438 163875041
438 857 336594356
857 412 659093381
412 879 697435829
879 864 941524792
864 430 445343123
430 450 456770428
450 279 486521197
279 47 310807174
47 726 449056737
726 953 543999074
953 470 16528658
470 144 863816454
144 760 925410403
760 554 399966835
554 991 193982371
991 674 345171016
674 523 117040070
523 80 825228100
80 701 751813026
701 545 484761951
545 772 707633727
772 502 712568062
502 740 11617480
740 817 941893830
817 403 202917645
403 98 891251152
98 583 256492557
583 336 481986435
336 435 181152272
435 401 143182598
401 277 227345610
277 312 290100283
312 432 214227983
432 464 142878241
464 276 457621809
276 987 57700417
987 461 238097643
461 731 325728623
731 571 445359120
571 768 672353382
768 937 308728352
937 550 526504201
550 876 222385505
876 158 665471010
158 228 235809136
228 360 914339636
360 362 552327454
362 457 185201501
457 563 993586150
563 941 321247363
941 609 874032489
609 535 209274003
535 873 688648060
873 370 444135178
370 313 726431643
313 903 203038631
903 173 191179673
173 50 79886785
50 12 465138175
12 239 513199588
239 620 897311073
620 518 766878202
518 962 300228437
962 999 691907106
999 191 116951798
191 510 424070842
510 708 6828858
708 280 402793250
280 6 925383581
6 560 438947177
560 986 777561789
986 3 127411670
3 145 431439385
145 634 542298689
634 914 750922220
914 531 902404731
531 940 118498820
940 140 837213519
140 681 208867856
681 366 136663099
366 756 325913403
756 825 913004758
825 160 198467924
160 670 277208744
670 854 800377307
854 723 300197629
723 9 919405472
9 684 809840964
684 835 190821325
835 402 710319014
402 104 563851778
104 28 799273318
28 561 614488164
561 593 536292244
593 204 791835314
204 491 127824019
491 43 980284915
43 281 901669425
281 870 952968363
870 225 178335902
225 666 517633926
666 317 942738012
317 595 25613347
595 77 282148763
77 477 742475566
477 259 905868763
259 718 302740796
718 35 184865179
35 700 10443356
700 71 682039184
71 57 370870104
57 763 686118322
763 298 905218016
298 468 488623756
468 436 43869708
436 175 952285413
175 404 240816274
404 703 25950647
703 217 252852772
217 56 871907308
56 168 456794897
168 479 419648386
479 437 716421744
437 303 772952177
303 977 744379904
977 579 885906742
579 883 359321484
883 127 436069689
127 132 872861636
132 493 654121351
493 913 564338674
913 728 190296598
728 537 393856057
537 878 501186885
878 998 504284931
998 635 733204420
635 980 409872384
980 231 187008298
231 753 789760048
753 148 925578843
148 324 434132297
324 44 610570495
44 31 781966731
31 301 678012646
301 515 243487780
515 638 491679844
638 812 51897429
812 251 355489684
251 664 41819567
664 679 748583865
679 138 94048580
138 383 710658846
383 882 271100570
882 796 28052823
796 52 310139579
52 222 809188146
222 678 426389573
678 359 728210076
359 773 731108836
773 908 408952734
908 652 359979699
652 494 12093665
494 844 188158355
844 996 252952706
996 159 405384625
159 91 75465771
91 689 25228974
689 350 748670885
350 780 142170280
780 199 283926089
199 872 515445998
872 124 433007377
124 413 877110607
413 343 511638205
343 899 904505933
899 501 560071476
501 238 118990597
238 270 230999346
270 868 393717307
868 905 871654653
905 993 206757146
993 87 658943483
87 735 197316833
735 866 892949438
866 442 142541832
442 954 647214228
954 5 920740733
5 779 477343730
779 850 470984316
850 973 365284853
973 810 553139800
810 219 792792378
219 673 528340190
673 597 356801482
597 226 50568146
226 606 270536814
606 288 980202552
288 67 73950295
67 751 394151921
751 898 59483890
898 594 119816590
594 814 464452838
814 555 369421846
555 617 159753502
617 573 332266415
573 416 210161997
416 278 210644977
278 406 860651138
406 592 557733018
592 658 588164369
658 308 117336419
308 146 301562337
146 769 442574505
769 391 170888417
391 663 214543739
663 536 513006789
536 431 236339265
431 934 474843449
934 244 427920435
244 189 27117916
189 598 527058434
598 845 415492456
845 197 298102991
197 696 940362580
696 672 903544880
672 567 886521591
567 112 375595473
112 719 869273707
719 405 248465034
405 371 605961216
371 603 475161241
603 655 964037403
655 55 313645032
55 232 262774272
232 877 996571296
877 691 683767897
691 48 997070040
48 411 475896075
411 505 780043265
505 565 151018441
565 585 600031089
585 902 426787014
902 30 26588969
30 797 996815835
797 263 123412649
263 686 173831887
686 707 196027069
707 888 478741802
888 310 684714029
310 385 488789464
385 434 396860471
434 489 707358858
489 950 687424653
950 990 842942459
990 417 1566628
417 18 357336430
18 832 15616889
832 725 142315325
725 456 84726028
456 69 39009500
69 931 653126579
931 193 933330776
193 378 497441009
378 843 917104432
843 771 540595591
771 96 463189110
96 631 574082791
631 478 859125394
478 965 317113867
965 861 140104183
861 423 88714280
423 446 25536967
446 305 396431680
305 255 913936463
255 68 163679767
68 481 603985689
481 526 127851099
526 839 111833128
839 865 712046259
865 198 243850653
198 229 819850230
229 685 669930739
685 203 509549771
203 729 671433903
729 242 588888543
242 829 147018993
829 896 320183305
896 754 530451193
754 863 223629925
863 713 966575404
713 562 974593730
562 692 448332025
692 710 721394635
710 548 496781962
548 569 41720376
569 519 322293194
519 482 410588257
482 84 345910588
84 4 841776063
4 922 481527254
922 267 66802330
267 221 749413355
221 542 414288450
542 513 35274225
513 266 163845923
266 830 214375133
830 695 996205699
695 340 548781895
340 318 323993543
318 997 655422213
997 613 973953089
613 190 739085077
190 589 588442860
589 916 938415678
916 509 715705938
509 936 936914935
936 733 792502287
733 610 382837023
610 959 92027449
959 495 104516411
495 387 484183025
387 369 633486207
369 444 252067621
444 900 566826617
900 921 703533052
921 365 397855775
365 206 611347667
206 348 332504300
348 918 595036400
918 546 222870566
546 632 584108835
632 808 998759099
808 791 590449371
791 170 496396612
170 59 140311604
59 682 142125374
682 455 687273581
455 623 768933551
623 128 350272583
128 147 250149501
147 264 900152742
264 13 934612423
13 249 589019701
249 380 454073412
380 235 447600301
235 230 17436159
230 346 540381974
346 926 423929408
926 778 995979998
778 212 780434110
212 885 40041160
885 322 88290315
322 441 651183878
441 260 174990077
260 300 879582490
300 94 652425696
94 78 841639045
78 702 572997966
702 862 362527388
862 210 889327700
210 956 981565334
956 152 110873293
152 82 971883981
82 243 962148396
243 353 260580079
353 287 640714854
287 459 18024136
459 358 296781895
358 605 766758353
605 978 543996132
978 827 679958274
827 741 383118087
741 194 589628264
194 794 271808740
794 730 534598212
730 856 687998364
856 345 966301981
345 105 95808088
105 834 314169205
834 637 677351932
637 676 634026038
676 480 546886330
480 74 120333314
74 915 456559376
915 62 57753699
62 61 41378411
61 202 215227811
202 639 296156211
639 176 397580452
176 33 377438689
33 971 280746437
971 205 630405405
205 737 959136073
737 699 38493252
699 667 557758113
667 179 156348207
179 564 256960023
564 577 978133280
577 315 816933180
315 107 433536176
107 295 359843789
295 538 573461046
538 798 644771380
798 983 914437264
983 824 182370643
824 901 825921819
901 662 380148496
662 499 899994403
499 373 831819201
373 111 470735486
111 334 522181565
334 982 520578005
982 943 322967142
943 930 657093914
930 504 154865581
504 227 488790790
227 821 869409440
821 820 348297723
820 584 732886008
584 164 295466881
164 770 578775565
770 833 499040861
833 762 933268437
762 675 35307449
675 109 941660726
109 742 982919653
742 253 421219265
253 92 724688516
92 709 820065259
709 680 740953814
680 254 286833384
254 156 342343672
156 947 739836140
947 649 800848630
649 440 925310516
440 290 607669152
290 859 563555915
859 517 809060191
517 855 421569706
855 807 254308242
807 1 740624063
1 944 518177500
944 184 933816255
184 963 839639377
963 507 107055782
507 73 995680729
73 428 555414452
428 511 493762850
511 15 342792998
15 920 264615615
920 183 810992309
183 498 219116513
498 328 399210869
328 765 846637684
765 66 836726522
66 849 759595229
849 487 779970837
487 445 263578707
445 933 787244326
933 351 834797081
351 100 190267080
100 141 284041224
141 113 882506212
113 528 29722256
528 63 388055132
63 939 671718406
939 527 946893024
527 995 152174935
995 467 476739092
467 490 411430643
490 449 736347926
449 787 317238807
787 759 861697264
759 803 533808802
803 150 163581302
150 629 656980858
629 439 610284385
439 811 575336337
811 961 203130320
961 207 972772282
207 647 182813850
647 188 684197760
188 828 300909929
828 363 375564846
363 265 233015125
265 521 128631479
521 892 85691088
892 374 700364326
374 316 303085275
316 951 168139546
951 819 212178261
819 108 345773979
108 72 586593236
72 381 632378454
381 245 393479710
245 165 648290693
165 185 982201518
185 42 161807482
42 838 945253656
838 881 76225778
881 654 997941928
654 488 654878328
488 904 683199206
904 143 895694732
143 611 51913038
611 985 877775147
985 599 779023618
599 169 959923504
169 551 440619070
551 27 283253695
27 690 123662681
690 38 368056862
38 136 625539231
136 743 188160815
743 636 960705440
636 382 611792534
382 335 407582594
335 802 862110756
802 777 212565749
777 500 384337133
500 29 713109594
29 886 72759614
886 379 10482734
379 25 640148834
25 979 661897808
979 758 745260092
758 139 723128805
139 137 585195326
137 714 901799887
714 421 471450779
421 757 938646283
757 516 534373288
516 311 505662245
311 616 796232473
616 2 436244285
2 314 821879103
314 539 565957840
539 928 569274135
928 775 935877892
775 157 852706641
157 356 147179952
356 399 171118127
399 283 39007122
283 889 758895806
889 83 356561478
83 910 534249964
910 126 124399921
126 117 946189795
117 471 670869493
471 750 26658430
750 321 482442325
321 671 840760451
671 420 699197625
420 932 39082289
932 97 187318512
97 337 171579903
337 968 786715848
968 261 720505641
261 14 905967880
14 186 223510761
186 233 145490815
233 734 52666060
734 602 263905451
602 422 125090755
422 26 581682325
26 103 272146770
103 891 274256114
891 970 890192855
970 677 725642226
677 848 980649043
848 706 203251205
706 306 151110555
306 846 649527015
846 182 568871078
182 818 564636514
818 744 137193860
744 195 723540338
195 155 461530691
155 154 719226227
154 463 854760308
463 53 187209268
53 135 821022501
135 852 603816389
852 89 99079603
89 520 770041989
520 822 960545658
822 81 423021689
81 653 215734781
653 130 852719887
130 273 448943338
273 552 887647411
552 90 246938955
90 323 613006606
323 927 175541118
927 604 706635761
604 874 252251998
874 912 798922821
912 34 191626294
34 767 117658103
767 354 818586602
354 372 79165482
372 789 878290074
789 925 165569549
925 285 521145204
285 95 53229286
95 795 352897690
795 409 109488130
409 274 235325859
274 895 954259450
895 867 633181411
867 815 964805275
815 389 381238636
389 486 22328367
486 897 179840553
897 748 316047412
748 339 111383298
339 782 998636633
782 547 892483077
547 656 138149910
656 390 556698003
390 826 385445200
826 414 645956587
414 660 768086582
660 522 540357457
522 86 954108572
86 472 422181822
472 426 922061501
426 923 71009937
923 694 392495956
694 361 720404290
361 556 241287690
556 622 939509741
622 911 173397071
911 625 595549525
625 37 418518736
37 840 25315898
840 785 332811630
785 246 120097454
246 297 182088911
297 216 606943883
216 641 336792142
641 524 916169050
524 946 687223945
946 386 777061663
386 761 739649615
761 588 113331934
588 558 490701853
558 326 869154849
326 451 573491856
451 177 356319729
177 329 259891569
329 917 451831266
917 116 929222866
116 514 233825556
514 268 990062245
268 972 548923602
972 218 732443770
218 60 367171897
60 858 807848732
858 847 346732593
847 650 763391999
650 755 607987159
755 532 836981790
532 949 52327802
949 924 336385878
924 161 743925135
161 153 149029607
153 669 344712899
669 894 868359521
894 572 865109660
572 543 461926805
543 484 629961377
484 425 975841225
425 981 416708440
981 166 111364679
166 65 805291618
65 419 281016938
419 196 553130199
196 208 433739973
208 220 663060807
220 223 867815827
223 544 740146705
544 347 557195393
347 23 376414571
23 427 74991589
427 578 840720590
578 49 147868421
49 474 630942639
474 200 717086065
200 10 522137473
10 601 867472955
601 118 823201145
118 727 86601413
727 19 915073243
19 327 627932872
327 783 6496975
783 893 712571205
893 851 531385334
851 149 545818987
149 752 883935791
752 512 154043866
512 717 561543880
717 448 271846054
448 394 721787507
394 252 39650635
252 935 884810000
935 342 566040731
342 396 86945629
396 257 325061396
257 591 716152912
591 746 805278016
746 909 511281095
909 906 968568711
906 842 675078710
842 211 656019024
211 469 9846585
469 349 709211552
349 608 398539188
608 54 551185230
54 698 82841393
698 341 273033665
341 967 675474728
967 884 172847628
884 357 670281485
357 258 125586041
258 236 898790598
236 541 379246884
541 805 618717653
805 271 615458564
271 612 109905033
612 181 631996821
181 525 613180001
525 964 721344364
964 110 756974305
110 151 290146360
151 705 352577194
705 458 95162115
458 989 952776675
989 976 6577158
976 213 763779780
213 397 475495364
397 557 745824784
557 668 100544316
668 282 694437605
282 296 83308640
296 99 526225380
99 549 271366731
549 529 262259672
529 570 619792205
570 683 136976502
683 724 154551883
