1000
0 1 212518236
1 2 998191246
2 3 852421484
3 4 657687583
4 5 493943253
5 6 21544118
6 7 458869183
7 8 643878177
8 9 55906103
9 10 808458924
10 11 409440287
11 12 180007249
12 13 425398455
13 14 969046627
14 15 669194205
15 16 364292992
16 17 191466141
17 18 420238604
18 19 498647903
19 20 299588115
20 21 212048226
21 22 677262606
22 23 454474810
23 24 790496031
24 25 872364596
25 26 372853674
26 27 466964344
27 28 745116932
28 29 196169776
29 30 975171643
30 31 246823599
31 32 94443013
32 33 443404731
33 34 674757822
34 35 682599634
35 36 363332388
36 37 500402034
37 38 469632603
38 39 601808108
39 40 618469266
40 41 452718217
41 42 759103396
42 43 156493099
43 44 714592921
44 45 593127941
45 46 321682354
46 47 9630621
47 48 751044546
48 49 988675914
49 50 387713274
50 51 26913478
51 52 734235499
52 53 172055393
53 54 624729826
54 55 455991774
55 56 595683178
56 57 844584147
57 58 172524028
58 59 119251991
59 60 201294481
60 61 256939691
61 62 671644816
62 63 709740210
63 64 973427385
64 65 523837341
65 66 633549101
66 67 863631528
67 68 593652090
68 69 74845248
69 70 223090519
70 71 467078587
71 72 86569450
72 73 256917748
73 74 571583929
74 75 480867803
75 76 456700838
76 77 432466679
77 78 397775777
78 79 903025329
79 80 884642271
80 81 297458340
81 82 703500497
82 83 588765065
83 84 171203454
84 85 542645607
85 86 869294585
86 87 259336194
87 88 476692388
88 89 555989861
89 90 462969891
90 91 108806540
91 92 234947439
92 93 395744026
93 94 493795975
94 95 781127726
95 96 432634038
96 97 712175667
97 98 942067072
98 99 80256063
99 100 347057745
100 101 30979894
101 102 141446854
102 103 973457285
103 104 295062399
104 105 177115489
105 106 183683773
106 107 936570326
107 108 34081637
108 109 219090967
109 110 356239591
110 111 800959559
111 112 981321245
112 113 377175312
113 114 410813030
114 115 443711252
115 116 971856623
116 117 431569792
117 118 104002082
118 119 796415206
119 120 405287310
120 121 971329634
121 122 403124831
122 123 201137674
123 124 867169328
124 125 569662503
125 126 152838679
126 127 402874733
127 128 843313190
128 129 961537257
129 130 609488919
130 131 785356016
131 132 823811439
132 133 399582339
133 134 302462871
134 135 525677771
135 136 998027612
136 137 291459618
137 138 637031078
138 139 130722571
139 140 342262393
140 141 64027282
141 142 626213724
142 143 764673097
143 144 222244014
144 145 8899296
145 146 537806327
146 147 444447715
147 148 925615475
148 149 210826816
149 150 694357989
150 151 406336248
151 152 965782629
152 153 748262411
153 154 906743630
154 155 23298371
155 156 60902204
156 157 77194034
157 158 807794527
158 159 212904467
159 160 393026077
160 161 179648499
161 162 319917099
162 163 363102726
163 164 653454251
164 165 112649127
165 166 144698786
166 167 752085452
167 168 345685820
168 169 978927813
169 170 540012115
170 171 587363588
171 172 518472075
172 173 148267296
173 174 642258836
174 175 659310274
175 176 375342596
176 177 948705976
177 178 449252089
178 179 604670617
179 180 408642282
180 181 710069473
181 182 821077552
182 183 346671370
183 184 231618721
184 185 833131722
185 186 823578606
186 187 248480357
187 188 770761843
188 189 179762593
189 190 949427169
190 191 654447923
191 192 397233928
192 193 211777888
193 194 880322308
194 195 856947591
195 196 742412971
196 197 192998676
197 198 444683425
198 199 286796847
199 200 601608053
200 201 308147458
201 202 146782207
202 203 180614768
203 204 627460093
204 205 544923592
205 206 939565820
206 207 575709226
207 208 434461883
208 209 718507136
209 210 45717431
210 211 596378207
211 212 521165311
212 213 769690529
213 214 777073464
214 215 512081003
215 216 566835490
216 217 866797215
217 218 756211088
218 219 905950245
219 220 9582012
220 221 669689826
221 222 952110625
222 223 923841010
223 224 925476628
224 225 61939227
225 226 615113001
226 227 380551686
227 228 934583478
228 229 725374462
229 230 650656037
230 231 299314582
231 232 986321487
232 233 255430662
233 234 700026664
234 235 239906721
235 236 700733726
236 237 201871698
237 238 803240742
238 239 472537318
239 240 456679597
240 241 706919576
241 242 195738925
242 243 410988570
243 244 834074486
244 245 429873331
245 246 688301734
246 247 986603503
247 248 691887321
248 249 6360232
249 250 451553952
250 251 329512279
251 252 527899728
252 253 717994295
253 254 190481235
254 255 840634710
255 256 674028608
256 257 203353719
257 258 48909957
258 259 989506967
259 260 422322338
260 261 785681262
261 262 895359291
262 263 844309328
263 264 902382491
264 265 853666106
265 266 987939150
266 267 730162911
267 268 498816523
268 269 499379114
269 270 628125174
270 271 870944757
271 272 67591680
272 273 274019640
273 274 440889586
274 275 747129499
275 276 406657904
276 277 178035035
277 278 778931860
278 279 738319435
279 280 655806047
280 281 424822928
281 282 822050945
282 283 88576833
283 284 345551805
284 285 226684396
285 286 924767734
286 287 653430311
287 288 796026993
288 289 400226854
289 290 53087472
290 291 684474294
291 292 919023614
292 293 40016414
293 294 953975008
294 295 148068896
295 296 267419109
296 297 110508389
297 298 459273417
298 299 251588391
299 300 136152065
300 301 936667258
301 302 327519062
302 303 960093073
303 304 549908382
304 305 189244778
305 306 825481898
306 307 676058068
307 308 734167445
308 309 531086074
309 310 134096380
310 311 947512618
311 312 753040736
312 313 138105143
313 314 27856916
314 315 676688615
315 316 624671490
316 317 189705559
317 318 543100927
318 319 62037687
319 320 476224390
320 321 246517794
321 322 177639380
322 323 610041477
323 324 529272866
324 325 686675434
325 326 823420453
326 327 297452669
327 328 543004467
328 329 112733438
329 330 888713485
330 331 707762730
331 332 751804570
332 333 853643218
333 334 503466150
334 335 437818830
335 336 19471747
336 337 916018290
337 338 754555336
338 339 148584727
339 340 194847312
340 341 891509225
341 342 993204511
342 343 450632174
343 344 28752739
344 345 10249253
345 346 40563440
346 347 743470927
347 348 32945248
348 349 230721075
349 350 850370249
350 351 129535268
351 352 139067717
352 353 27334982
353 354 610095067
354 355 830250116
355 356 381631817
356 357 29840318
357 358 486940152
358 359 270101938
359 360 59553807
360 361 621022864
361 362 600439132
362 363 271701449
363 364 648761943
364 365 458654229
365 366 634474475
366 367 778802048
367 368 714091543
368 369 724094192
369 370 109342757
370 371 106355146
371 372 52491430
372 373 797975673
373 374 459887728
374 375 465801375
375 376 624240372
376 377 88441269
377 378 747928381
378 379 332184328
379 380 127101970
380 381 570029956
381 382 811035703
382 383 53334139
383 384 404866343
384 385 516138219
385 386 972518947
386 387 508882268
387 388 786041953
388 389 534311008
389 390 13197520
390 391 173121017
391 392 798561099
392 393 392468292
393 394 398300737
394 395 373548092
395 396 697799576
396 397 282887286
397 398 236303097
398 399 456956203
399 400 729161360
400 401 420967316
401 402 578494862
402 403 790457897
403 404 161110617
404 405 620219042
405 406 23775291
406 407 589878045
407 408 87266930
408 409 775279434
409 410 48668653
410 411 351413250
411 412 469387369
412 413 405206981
413 414 886224187
414 415 924926820
415 416 717185825
416 417 302816003
417 418 18323282
418 419 407797006
419 420 859465543
420 421 776827057
421 422 840486973
422 423 560600307
423 424 54607629
424 425 832950704
425 426 331166794
426 427 978826443
427 428 416702723
428 429 629651806
429 430 132582258
430 431 943877652
431 432 820500907
432 433 147550984
433 434 909837496
434 435 531905582
435 436 967022105
436 437 86734014
437 438 734608506
438 439 784237127
439 440 819917015
440 441 638119611
441 442 999725975
442 443 969767217
443 444 149759581
444 445 944745298
445 446 406426290
446 447 850632254
447 448 120816451
448 449 499581296
449 450 818705012
450 451 625647185
451 452 115953614
452 453 322268626
453 454 284695923
454 455 674508583
455 456 912636466
456 457 13008602
457 458 180089321
458 459 95255748
459 460 320105389
460 461 172496538
461 462 339107196
462 463 579533914
463 464 106670867
464 465 294749513
465 466 503804201
466 467 264984959
467 468 250994737
468 469 195883667
469 470 828451210
470 471 489684042
471 472 477618935
472 473 536445766
473 474 883595088
474 475 395733229
475 476 886871534
476 477 746531508
477 478 478531098
478 479 630788302
479 480 526024295
480 481 501856891
481 482 314953919
482 483 84324572
483 484 368834056
484 485 643987872
485 486 365065296
486 487 436321108
487 488 714177761
488 489 986920417
489 490 45804184
490 491 962071790
491 492 333523518
492 493 520645386
493 494 236043175
494 495 436440931
495 496 301971035
496 497 700891886
497 498 549576012
498 499 197568665
499 500 108746355
500 501 555507654
501 502 195072924
502 503 563048146
503 504 522325526
504 505 554816852
505 506 414901269
506 507 579723236
507 508 371003364
508 509 124317450
509 510 470128270
510 511 606060210
511 512 126744029
512 513 148309866
513 514 622814700
514 515 128044183
515 516 579053816
516 517 450484892
517 518 445775372
518 519 18276172
519 520 419282087
520 521 349723183
521 522 588474396
522 523 923247663
523 524 140977083
524 525 493892143
525 526 659255370
526 527 787716287
527 528 161261220
528 529 712176534
529 530 291291789
530 531 892824656
531 532 102443455
532 533 261973935
533 534 732640637
534 535 6471355
535 536 371551050
536 537 492747213
537 538 705479934
538 539 822210813
539 540 296361895
540 541 193657345
541 542 936652394
542 543 679581681
543 544 902837944
544 545 323845924
545 546 379926571
546 547 841172843
547 548 208231618
548 549 185948882
549 550 182329524
550 551 848998932
551 552 738550008
552 553 627295120
553 554 856923512
554 555 235559097
555 556 388053334
556 557 769014615
557 558 534929902
558 559 258711324
559 560 241273946
560 561 671381119
561 562 554483116
562 563 969755076
563 564 771030057
564 565 813473418
565 566 963720534
566 567 62505283
567 568 73673234
568 569 95813863
569 570 452256295
570 571 569470533
571 572 115860804
572 573 914582433
573 574 831691997
574 575 678453433
575 576 379196377
576 577 445801439
577 578 101861354
578 579 933620466
579 580 709053688
580 581 729600481
581 582 232398496
582 583 202043097
583 584 271129834
584 585 361001432
585 586 251329843
586 587 753679729
587 588 578040640
588 589 657787962
589 590 516814812
590 591 220548403
591 592 989748495
592 593 187857019
593 594 702281735
594 595 981336936
595 596 289978338
596 597 131977283
597 598 882287258
598 599 508529162
599 600 224156613
600 601 950772473
601 602 271848111
602 603 331543021
603 604 63752696
604 605 490923137
605 606 208309615
606 607 601857551
607 608 472680126
608 609 504047550
609 610 190087988
610 611 292948240
611 612 981345651
612 613 284886313
613 614 443751066
614 615 799074150
615 616 848966735
616 617 705067190
617 618 804467431
618 619 929197177
619 620 63938145
620 621 289544398
621 622 254041741
622 623 465395809
623 624 762111096
624 625 567382590
625 626 645142060
626 627 424066804
627 628 235251903
628 629 762692972
629 630 347274850
630 631 228168023
631 632 565187012
632 633 417779231
633 634 781218074
634 635 965415516
635 636 361286264
636 637 52125824
637 638 416925683
638 639 434391112
639 640 848470307
640 641 886803052
641 642 605230741
642 643 45465164
643 644 525417989
644 645 650437019
645 646 797792371
646 647 28521554
647 648 450118888
648 649 183159114
649 650 531260080
650 651 624241932
651 652 288463642
652 653 645844697
653 654 785912529
654 655 330710469
655 656 402065382
656 657 372523299
657 658 265266907
658 659 734753349
659 660 115448553
660 661 472045639
661 662 674148371
662 663 180189839
663 664 516829193
664 665 441189812
665 666 837400144
666 667 496542365
667 668 914800035
668 669 108604135
669 670 963023253
670 671 311781942
671 672 645476644
672 673 998233428
673 674 259155827
674 675 263900927
675 676 653438661
676 677 61180758
677 678 710503497
678 679 998694760
679 680 643220895
680 681 469609512
681 682 70928450
682 683 189831007
683 684 442664765
684 685 218855462
685 686 533321076
686 687 626940472
687 688 132026166
688 689 516442974
689 690 478419212
690 691 34156029
691 692 631514778
692 693 444052430
693 694 101203248
694 695 492578619
695 696 42719895
696 697 29997069
697 698 26325416
698 699 998576242
699 700 39305355
700 701 728472465
701 702 137495589
702 703 452214698
703 704 31426797
704 705 183001728
705 706 62607623
706 707 927455221
707 708 544260003
708 709 306523601
709 710 878170646
710 711 390669409
711 712 117229283
712 713 235648498
713 714 594630283
714 715 393805907
715 716 807599989
716 717 467986169
717 718 851379269
718 719 876010716
719 720 216262819
720 721 720873006
721 722 657766483
722 723 931069890
723 724 669481922
724 725 79884885
725 726 264661644
726 727 190685176
727 728 463621283
728 729 312270935
729 730 835026353
730 731 727468039
731 732 247505655
732 733 826099077
733 734 472915421
734 735 108384398
735 736 4197187
736 737 505069267
737 738 378763774
738 739 540705427
739 740 61233162
740 741 500863314
741 742 761170395
742 743 892303946
743 744 737517883
744 745 438913109
745 746 774245545
746 747 748921617
747 748 880540470
748 749 392099648
749 750 481123698
750 751 131118951
751 752 71978907
752 753 685244300
753 754 807593918
754 755 182315421
755 756 483929061
756 757 477339477
757 758 296376116
758 759 402033848
759 760 387430048
760 761 927087800
761 762 567806536
762 763 256269539
763 764 129429667
764 765 805637019
765 766 878111122
766 767 333758084
767 768 660063489
768 769 19344239
769 770 629430323
770 771 38524338
771 772 876957460
772 773 185976319
773 774 679497156
774 775 129016577
775 776 375565383
776 777 501629767
777 778 215922838
778 779 481930021
779 780 783382188
780 781 281266257
781 782 525097924
782 783 9508257
783 784 487729493
784 785 587236759
785 786 691897478
786 787 949539504
787 788 10215797
788 789 56192875
789 790 72684610
790 791 944089559
791 792 179386984
792 793 611646202
793 794 133784520
794 795 891064881
795 796 210940075
796 797 804498520
797 798 213664228
798 799 442186540
799 800 794927233
800 801 309713256
801 802 589617372
802 803 204449429
803 804 33800476
804 805 408752483
805 806 191363023
806 807 375043933
807 808 687219331
808 809 338691466
809 810 478757519
810 811 954700486
811 812 847473122
812 813 120643533
813 814 985269629
814 815 912285109
815 816 406533147
816 817 907886285
817 818 245555159
818 819 889212956
819 820 159837075
820 821 831626716
821 822 718039138
822 823 970669171
823 824 894816873
824 825 832872358
825 826 460471134
826 827 309550888
827 828 34647959
828 829 173389315
829 830 730454950
830 831 366742096
831 832 572350241
832 833 954076340
833 834 640792732
834 835 651166661
835 836 569831045
836 837 78912719
837 838 2056342
838 839 120041303
839 840 734151559
840 841 424561920
841 842 19401580
842 843 595723323
843 844 429454215
844 845 864925439
845 846 992929913
846 847 625012221
847 848 425032903
848 849 353311622
849 850 92882600
850 851 32488763
851 852 579106661
852 853 648626624
853 854 748892422
854 855 321435533
855 856 1071757
856 857 718743897
857 858 626930066
858 859 391262404
859 860 219037770
860 861 75018381
861 862 968652650
862 863 133453066
863 864 246794320
864 865 7390118
865 866 610099448
866 867 59758050
867 868 785249764
868 869 557088323
869 870 154101531
870 871 4455239
871 872 272939437
872 873 506208750
873 874 398063687
874 875 405611035
875 876 840280701
876 877 898874823
877 878 304165973
878 879 446335403
879 880 129688118
880 881 975975328
881 882 960080660
882 883 331076988
883 884 171173719
884 885 596184519
885 886 999671621
886 887 89633799
887 888 63209030
888 889 225511455
889 890 611539714
890 891 971826570
891 892 24718471
892 893 41808550
893 894 534895158
894 895 488753584
895 896 555013281
896 897 318517919
897 898 795567765
898 899 972649443
899 900 548096017
900 901 202435304
901 902 599734939
902 903 733582449
903 904 996420530
904 905 887728688
905 906 890025553
906 907 746271709
907 908 182721553
908 909 398387186
909 910 796774088
910 911 479665087
911 912 971386568
912 913 149027098
913 914 235360086
914 915 437015764
915 916 479539005
916 917 229883501
917 918 114771774
918 919 831031759
919 920 358247173
920 921 261228897
921 922 795087785
922 923 388849544
923 924 496085432
924 925 799691321
925 926 209580315
926 927 465788680
927 928 27513516
928 929 57836846
929 930 532905439
930 931 730458997
931 932 246414893
932 933 531312138
933 934 185909740
934 935 655803782
935 936 547176100
936 937 491870388
937 938 730124728
938 939 35209745
939 940 684890428
940 941 834916610
941 942 215395093
942 943 186319288
943 944 878766298
944 945 877147416
945 946 199806722
946 947 461162419
947 948 960283068
948 949 996374928
949 950 786833092
950 951 53172985
951 952 76444146
952 953 519615350
953 954 705865922
954 955 960715300
955 956 527285322
956 957 907079573
957 958 275632729
958 959 668750379
959 960 15451457
960 961 140311735
961 962 927100759
962 963 542162896
963 964 15092554
964 965 401514862
965 966 332250557
966 967 513480530
967 968 672618648
968 969 147603246
969 970 923539458
970 971 566133981
971 972 423985052
972 973 899088220
973 974 102040901
974 975 371407460
975 976 687381438
976 977 363839339
977 978 533541155
978 979 585552353
979 980 660446451
980 981 285151862
981 982 506843299
982 983 902217455
983 984 623643820
984 985 625600487
985 986 199286496
986 987 512747030
987 988 154045613
988 989 999627923
989 990 273675582
990 991 811361580
991 992 336049813
992 993 873706921
993 994 28109775
994 995 675533094
995 996 37857986
996 997 65333528
997 998 25068515
998 999 835940451
