350
139 325 0
325 118 0
118 201 0
201 57 0
57 261 0
261 116 0
116 333 0
333 236 0
236 334 0
334 149 0
149 98 0
98 245 0
245 135 0
135 121 0
121 124 0
124 181 0
181 35 0
35 161 0
161 53 0
53 208 0
208 111 0
111 92 0
92 321 0
321 22 0
22 127 0
127 119 0
119 259 0
259 177 0
177 165 0
165 176 0
176 14 0
14 323 0
323 298 0
298 13 0
13 158 0
158 317 0
317 178 0
178 223 0
223 342 0
342 23 0
23 78 0
78 299 0
299 262 0
262 243 0
243 202 0
202 99 0
99 305 0
305 214 0
214 65 0
65 12 0
12 285 0
285 191 0
191 131 0
131 144 0
144 48 0
48 60 0
60 286 0
286 180 0
180 221 0
221 64 0
64 348 0
348 28 0
28 74 0
74 45 0
45 322 0
322 166 0
166 283 0
283 340 0
340 62 0
62 338 0
338 155 0
155 318 0
318 320 0
320 199 0
199 114 0
114 235 0
235 32 0
32 264 0
264 279 0
279 52 0
52 330 0
330 220 0
220 211 0
211 169 0
169 137 0
137 129 0
129 56 0
56 349 0
349 219 0
219 150 0
150 297 0
297 27 0
27 296 0
296 241 0
241 301 0
301 209 0
209 263 0
263 335 0
335 47 0
47 228 0
228 83 0
83 146 0
146 216 0
216 70 0
70 3 0
3 205 0
205 302 0
302 84 0
84 72 0
72 327 0
327 273 0
273 15 0
15 234 0
234 29 0
29 101 0
101 336 0
336 343 0
343 213 0
213 43 0
43 132 0
132 37 0
37 193 0
193 133 0
133 143 0
143 303 0
303 182 0
182 312 0
312 185 0
185 73 0
73 188 0
188 51 0
51 77 0
77 11 0
11 347 0
347 268 0
268 21 0
21 69 0
69 33 0
33 194 0
194 63 0
63 255 0
255 36 0
36 140 0
140 229 0
229 244 0
244 328 0
328 168 0
168 147 0
147 89 0
89 316 0
316 19 0
19 157 0
157 159 0
159 94 0
94 18 0
18 125 0
125 1 0
1 7 0
7 237 0
237 304 0
304 172 0
172 58 0
58 200 0
200 153 0
153 238 0
238 142 0
142 87 0
87 108 0
108 250 0
250 265 0
265 50 0
50 345 0
345 123 0
123 138 0
138 145 0
145 104 0
104 151 0
151 227 0
227 96 0
96 8 0
8 257 0
257 183 0
183 206 0
206 331 0
331 270 0
270 310 0
310 105 0
105 225 0
225 75 0
75 41 0
41 46 0
46 315 0
315 88 0
88 247 0
247 204 0
204 294 0
294 277 0
277 39 0
39 210 0
210 42 0
42 274 0
274 25 0
25 260 0
260 281 0
281 109 0
109 0 0
0 174 0
174 130 0
130 226 0
226 288 0
288 175 0
175 212 0
212 232 0
232 207 0
207 276 0
276 282 0
282 251 0
251 324 0
324 290 0
290 100 0
100 295 0
295 291 0
291 240 0
240 54 0
54 31 0
31 6 0
6 258 0
258 55 0
55 4 0
4 112 0
112 339 0
339 68 0
68 128 0
128 271 0
271 308 0
308 254 0
254 93 0
93 71 0
71 171 0
171 30 0
30 239 0
239 197 0
197 2 0
2 59 0
59 272 0
272 224 0
224 20 0
20 266 0
266 269 0
269 314 0
314 275 0
275 280 0
280 289 0
289 332 0
332 17 0
17 167 0
167 256 0
256 293 0
293 196 0
196 187 0
187 319 0
319 115 0
115 156 0
156 16 0
16 24 0
24 152 0
152 81 0
81 122 0
122 233 0
233 91 0
91 85 0
85 186 0
186 49 0
49 141 0
141 173 0
173 126 0
126 344 0
344 76 0
76 10 0
10 313 0
313 215 0
215 107 0
107 218 0
218 230 0
230 44 0
44 222 0
222 341 0
341 97 0
97 164 0
164 134 0
134 198 0
198 5 0
5 120 0
120 82 0
82 246 0
246 154 0
154 337 0
337 346 0
346 267 0
267 203 0
203 38 0
38 113 0
113 66 0
66 184 0
184 190 0
190 110 0
110 309 0
309 148 0
148 162 0
162 34 0
34 163 0
163 284 0
284 307 0
307 26 0
26 61 0
61 326 0
326 90 0
90 170 0
170 306 0
306 160 0
160 287 0
287 80 0
80 252 0
252 253 0
253 9 0
9 103 0
103 136 0
136 292 0
292 311 0
311 217 0
217 79 0
79 192 0
192 106 0
106 329 0
329 102 0
102 278 0
278 86 0
86 195 0
195 40 0
40 248 0
248 189 0
189 249 0
249 67 0
67 179 0
179 300 0
300 242 0
242 117 0
117 231 0
231 95 0
