350
321 291 0
33 321 0
348 33 0
200 348 0
201 200 0
0 201 0
90 0 0
150 90 0
308 150 0
10 308 0
89 10 0
316 89 0
79 316 0
105 79 0
60 105 0
292 60 0
173 292 0
110 173 0
213 110 0
335 213 0
176 335 0
15 176 0
35 15 0
57 35 0
28 57 0
45 28 0
283 45 0
214 283 0
93 214 0
281 93 0
256 281 0
109 256 0
20 109 0
253 20 0
118 253 0
206 118 0
141 206 0
9 141 0
190 9 0
136 190 0
152 136 0
165 152 0
171 165 0
182 171 0
220 182 0
17 220 0
250 17 0
40 250 0
99 40 0
226 99 0
38 226 0
337 38 0
37 337 0
149 37 0
139 149 0
11 139 0
303 11 0
202 303 0
27 202 0
251 27 0
244 251 0
327 244 0
266 327 0
260 266 0
302 260 0
239 302 0
221 239 0
189 221 0
204 189 0
31 204 0
121 31 0
274 121 0
197 274 0
73 197 0
269 73 0
138 269 0
46 138 0
62 46 0
88 62 0
295 88 0
241 295 0
155 241 0
228 155 0
287 228 0
107 287 0
2 107 0
234 2 0
168 234 0
232 168 0
271 232 0
212 271 0
143 212 0
326 143 0
300 326 0
191 300 0
181 191 0
265 181 0
175 265 0
297 175 0
74 297 0
51 74 0
268 51 0
103 268 0
237 103 0
230 237 0
346 230 0
185 346 0
66 185 0
179 66 0
345 179 0
231 345 0
285 231 0
94 285 0
180 94 0
72 180 0
261 72 0
215 261 0
343 215 0
131 343 0
43 131 0
236 43 0
288 236 0
349 288 0
240 349 0
5 240 0
166 5 0
14 166 0
263 14 0
59 263 0
142 59 0
279 142 0
85 279 0
106 85 0
114 106 0
148 114 0
216 148 0
196 216 0
177 196 0
1 177 0
224 1 0
347 224 0
145 347 0
159 145 0
298 159 0
151 298 0
262 151 0
332 262 0
296 332 0
329 296 0
247 329 0
248 247 0
328 248 0
18 328 0
84 18 0
217 84 0
102 217 0
126 102 0
193 126 0
331 193 0
278 331 0
218 278 0
23 218 0
129 23 0
194 129 0
282 194 0
19 282 0
95 19 0
132 95 0
144 132 0
284 144 0
309 284 0
162 309 0
41 162 0
76 41 0
100 76 0
205 100 0
219 205 0
124 219 0
211 124 0
7 211 0
312 7 0
311 312 0
325 311 0
135 325 0
330 135 0
178 330 0
156 178 0
87 156 0
341 87 0
198 341 0
174 198 0
154 174 0
75 154 0
314 75 0
86 314 0
29 86 0
235 29 0
80 235 0
306 80 0
12 306 0
275 12 0
55 275 0
243 55 0
334 243 0
77 334 0
305 77 0
238 305 0
242 238 0
246 242 0
134 246 0
280 134 0
203 280 0
147 203 0
112 147 0
54 112 0
313 54 0
81 313 0
97 81 0
184 97 0
25 184 0
317 25 0
56 317 0
338 56 0
82 338 0
264 82 0
47 264 0
133 47 0
108 133 0
30 108 0
340 30 0
128 340 0
276 128 0
78 276 0
257 78 0
192 257 0
186 192 0
225 186 0
119 225 0
270 119 0
272 270 0
249 272 0
68 249 0
70 68 0
21 70 0
32 21 0
67 32 0
187 67 0
286 187 0
92 286 0
319 92 0
127 319 0
183 127 0
172 183 0
42 172 0
322 42 0
344 322 0
245 344 0
289 245 0
153 289 0
222 153 0
113 222 0
8 113 0
199 8 0
318 199 0
116 318 0
64 116 0
209 64 0
324 209 0
167 324 0
98 167 0
34 98 0
254 34 0
130 254 0
323 130 0
111 323 0
157 111 0
299 157 0
293 299 0
169 293 0
310 169 0
207 310 0
16 207 0
170 16 0
258 170 0
140 258 0
48 140 0
267 48 0
96 267 0
290 96 0
277 290 0
13 277 0
117 13 0
137 117 0
339 137 0
36 339 0
24 36 0
4 24 0
342 4 0
50 342 0
307 50 0
252 307 0
255 252 0
71 255 0
120 71 0
210 120 0
91 210 0
123 91 0
83 123 0
63 83 0
52 63 0
58 52 0
65 58 0
333 65 0
104 333 0
273 104 0
6 273 0
301 6 0
320 301 0
163 320 0
188 163 0
195 188 0
304 195 0
146 304 0
164 146 0
223 164 0
315 223 0
233 315 0
44 233 0
26 44 0
115 26 0
53 115 0
69 53 0
61 69 0
125 61 0
294 125 0
229 294 0
208 229 0
3 208 0
227 3 0
122 227 0
160 122 0
49 160 0
22 49 0
101 22 0
161 101 0
158 161 0
39 158 0
336 39 0
259 336 0
