350
114 76 0
104 68 0
159 314 0
317 182 0
313 161 0
343 30 0
328 14 0
245 244 0
349 34 0
75 308 0
183 0 0
42 267 0
59 346 0
332 295 0
49 169 0
8 205 0
305 253 0
72 202 0
237 285 0
62 335 0
162 16 0
184 100 0
267 137 0
39 129 0
263 228 0
6 190 0
153 48 0
168 275 0
194 341 0
112 255 0
17 336 0
4 56 0
312 256 0
240 254 0
165 5 0
65 301 0
269 74 0
330 170 0
23 132 0
308 120 0
57 264 0
43 151 0
322 117 0
64 315 0
139 176 0
82 339 0
169 144 0
297 187 0
236 86 0
56 25 0
157 274 0
30 168 0
121 18 0
45 166 0
278 10 0
100 310 0
138 93 0
227 216 0
106 66 0
220 332 0
232 250 0
327 227 0
314 15 0
189 230 0
68 96 0
55 11 0
7 70 0
21 35 0
103 111 0
166 207 0
339 67 0
212 19 0
215 349 0
304 101 0
309 184 0
249 134 0
214 33 0
182 85 0
83 135 0
13 98 0
316 71 0
110 209 0
199 279 0
120 185 0
88 3 0
276 109 0
291 9 0
209 290 0
260 28 0
14 171 0
230 90 0
200 127 0
144 83 0
190 297 0
164 140 0
158 92 0
298 104 0
26 150 0
54 82 0
243 198 0
19 260 0
319 189 0
134 124 0
179 259 0
161 53 0
90 107 0
154 272 0
33 318 0
50 323 0
223 4 0
248 269 0
145 20 0
201 42 0
242 313 0
300 283 0
247 128 0
132 217 0
234 325 0
116 43 0
296 276 0
323 116 0
225 252 0
254 210 0
282 307 0
252 2 0
148 172 0
289 142 0
61 340 0
207 249 0
89 270 0
31 326 0
53 159 0
156 221 0
1 343 0
67 31 0
130 160 0
299 206 0
261 65 0
205 130 0
348 32 0
80 333 0
239 299 0
113 81 0
91 106 0
24 246 0
196 271 0
46 22 0
233 40 0
172 24 0
268 235 0
9 143 0
125 288 0
69 155 0
163 309 0
318 47 0
85 141 0
191 321 0
216 242 0
40 196 0
264 94 0
128 251 0
281 105 0
178 344 0
270 278 0
12 133 0
174 108 0
341 8 0
36 334 0
79 338 0
321 177 0
122 306 0
274 123 0
293 44 0
202 238 0
310 199 0
71 304 0
105 236 0
2 248 0
336 89 0
119 348 0
185 317 0
197 146 0
288 54 0
286 102 0
277 1 0
150 58 0
302 149 0
255 282 0
193 298 0
203 293 0
123 223 0
250 289 0
92 342 0
97 179 0
228 311 0
74 245 0
86 139 0
77 64 0
222 163 0
126 41 0
142 258 0
238 330 0
265 78 0
99 305 0
11 60 0
135 23 0
213 69 0
324 241 0
186 173 0
48 291 0
27 174 0
224 157 0
25 114 0
66 51 0
337 233 0
5 39 0
253 55 0
32 195 0
266 79 0
272 327 0
34 156 0
143 103 0
176 219 0
229 26 0
246 61 0
241 345 0
346 194 0
284 222 0
331 17 0
37 154 0
285 36 0
290 138 0
344 119 0
303 80 0
107 152 0
283 243 0
63 97 0
93 21 0
292 203 0
338 316 0
334 178 0
3 224 0
38 145 0
295 319 0
188 118 0
15 148 0
60 167 0
333 29 0
0 265 0
210 180 0
81 232 0
256 268 0
280 99 0
279 229 0
101 6 0
345 193 0
244 37 0
70 113 0
315 7 0
325 84 0
226 213 0
187 165 0
160 72 0
41 45 0
170 50 0
102 200 0
10 46 0
217 257 0
52 277 0
96 239 0
173 215 0
124 329 0
29 183 0
221 52 0
258 331 0
177 125 0
306 38 0
58 59 0
115 204 0
117 27 0
140 225 0
257 197 0
109 49 0
155 175 0
273 220 0
275 115 0
175 13 0
204 263 0
108 280 0
219 153 0
18 201 0
218 273 0
198 294 0
180 181 0
129 75 0
137 158 0
259 284 0
340 337 0
47 126 0
287 191 0
94 234 0
20 286 0
195 287 0
262 312 0
326 186 0
76 262 0
95 266 0
271 188 0
335 110 0
147 247 0
84 302 0
118 237 0
320 192 0
51 112 0
342 292 0
311 261 0
211 88 0
136 122 0
131 73 0
208 12 0
127 87 0
294 136 0
231 131 0
98 322 0
206 162 0
141 296 0
44 320 0
171 63 0
329 303 0
181 231 0
149 121 0
35 95 0
28 226 0
152 328 0
192 77 0
347 324 0
251 62 0
87 214 0
111 164 0
307 347 0
133 57 0
78 211 0
22 147 0
301 300 0
151 208 0
73 281 0
167 240 0
146 91 0
16 212 0
