350
76 331 692570464
331 188 511979602
188 230 704495180
230 211 187733613
211 150 12676559
150 243 911030758
243 237 771611420
237 168 987614292
168 164 581690699
164 315 367798038
315 341 572423401
341 335 867229180
335 318 101683008
318 275 992006088
275 143 509066702
143 267 197688552
267 173 782106647
173 182 974929593
182 172 267319429
172 43 539064070
43 73 768600313
73 22 634062198
22 42 335743415
42 19 22397432
19 125 788565615
125 176 528986668
176 135 698806963
135 194 654000910
194 319 698271191
319 120 603796087
120 333 105464426
333 329 106308400
329 36 615374559
36 128 34647602
128 293 469293693
293 132 876696529
132 58 863893175
58 231 853915913
231 234 868738048
234 49 22942885
49 251 988074601
251 183 125896554
183 160 797665412
160 41 369605018
41 210 251859914
210 163 223828650
163 298 821124848
298 214 79560961
214 139 154072948
139 308 440901220
308 109 324471251
109 103 373512285
103 216 839601653
216 209 393508966
209 276 297300111
276 345 74447848
345 99 230541345
99 161 702583181
161 284 458294382
284 1 11606375
1 223 153347857
223 321 410360120
321 236 188016848
236 4 594552392
4 152 554857850
152 167 167077173
167 151 736321387
151 140 448321765
140 138 580749333
138 328 724071949
328 186 951561058
186 64 216183629
64 111 887604957
111 149 239389447
149 261 821229638
261 196 907987852
196 63 284648909
63 145 749290450
145 253 923594870
253 247 883449544
247 285 482904475
285 326 250790551
326 220 814844794
220 250 566862828
250 235 868668353
235 228 445979031
228 51 730181066
51 70 261483783
70 141 902162133
141 37 888971255
37 304 42551290
304 332 318076459
332 177 370999328
177 265 421589770
265 246 185519075
246 52 376862359
52 17 464853112
17 45 268144237
45 219 791581921
219 254 704837742
254 159 211910435
159 200 223746509
200 270 750086571
270 203 763030900
203 118 964958148
118 123 213933424
123 148 364546886
148 205 993833500
205 21 32272515
21 10 480557670
10 278 934963594
278 48 686412847
48 31 988254624
31 324 150039517
324 227 571149372
227 65 620164650
65 7 382141938
7 162 38177694
162 340 707593345
340 11 715166695
11 344 690555846
344 274 945816217
274 166 342058725
166 14 419264874
14 215 545687651
215 117 949784765
117 342 706112819
342 72 595166262
72 80 564363007
80 312 30633642
312 290 945379858
290 294 785285590
294 12 494175822
12 296 684647014
296 288 883557073
288 113 652778081
113 303 452465386
303 82 617125498
82 323 545999883
323 241 77110967
241 259 258722616
259 88 550906401
88 255 919566229
255 330 649185998
330 325 908740049
325 238 115082800
238 179 226232095
179 155 41881532
155 180 88021634
180 268 658975371
268 106 168659422
106 272 992532998
272 322 264210733
322 89 830458740
89 66 311929685
66 24 172097674
24 85 732538062
85 229 87238968
229 240 119721719
240 92 311974559
92 102 339261732
102 221 834387086
221 34 933884686
34 25 745246158
25 198 323462654
198 349 934046774
349 26 419854707
26 60 364756457
60 178 260808608
178 171 996299639
171 108 687429381
108 107 752331788
107 119 382330869
119 27 182679948
27 309 718414906
309 299 959877947
299 187 765446802
187 338 941448932
338 262 959218669
262 84 305766871
84 232 159456445
232 169 57797387
169 69 341460856
69 67 852687320
67 248 272070652
248 142 195902646
142 287 962354315
287 174 890949588
174 165 526116047
165 2 581917405
2 74 401701519
74 136 873322753
136 260 863460337
260 343 884149318
343 131 64780021
131 257 764724170
257 339 766396608
339 170 541346528
170 226 997326014
226 185 649457297
185 208 660540236
208 256 357741021
256 204 988583682
204 218 905971653
218 197 305520294
197 281 990180405
281 206 100538881
206 101 528977990
101 54 485775223
54 98 451726396
98 8 881429380
8 71 3486072
71 280 67356147
280 90 975889567
90 316 390766037
316 28 809174434
28 100 328157389
100 97 708232801
97 307 567673559
307 5 694694612
5 13 791670884
13 277 252922574
277 53 963033624
53 225 955477354
225 126 147923988
126 6 484667271
6 116 538508918
116 29 843702996
29 114 616890059
114 282 498641603
282 283 150442916
283 239 709430410
239 224 817775274
224 242 592829280
242 346 718776855
346 258 457089046
258 40 213558503
40 175 99329382
175 252 634446529
252 195 461979699
195 217 579275115
217 301 531297522
301 44 313529189
44 300 889302389
300 38 981680754
38 15 138881789
15 112 573863254
112 244 927185415
244 266 153742729
266 75 255603942
75 146 516268819
146 33 62222913
33 222 542550785
222 336 892385109
336 93 822570661
93 56 108450377
56 124 274722382
124 50 948534253
50 110 348185982
110 57 383251785
57 0 629158648
0 137 271939697
137 30 468929486
30 95 200397473
95 59 170772374
59 156 68698411
156 16 916509335
16 91 977334462
91 245 685378986
245 202 345270565
202 94 976801962
94 32 695252904
32 233 216230729
233 297 834495704
297 18 414214415
18 334 245880514
334 61 575023226
61 263 514819003
263 181 419601847
181 79 752796606
79 81 71380981
81 147 186955929
147 347 396361637
347 105 507363981
105 269 483557194
269 302 201596386
302 134 325705653
134 153 821285503
153 249 190698515
249 87 863921279
87 121 138352150
121 279 786515480
279 286 255055847
286 127 894536987
127 115 154687433
115 35 499191126
35 199 184692413
199 320 121707932
320 310 169577837
310 207 882115361
207 306 917089488
306 289 40971551
289 20 982790552
20 314 231658589
314 295 22081940
295 193 1694300
193 78 448500823
78 213 603528537
213 144 112871687
144 189 936766804
189 122 629506981
122 192 381459633
192 86 860748959
86 273 638329043
273 154 247227029
154 133 700034928
133 47 293138064
47 317 695978491
317 23 203036396
23 311 671663831
311 96 955775919
96 348 211855057
348 327 322808667
327 3 606140532
3 190 875312443
190 292 536933502
292 77 348099170
77 201 223187240
201 291 348890006
291 212 170143283
212 305 924465551
305 104 719521462
104 83 410233189
83 264 250855201
264 62 525746128
62 9 936908862
9 184 453162727
184 157 220773180
157 39 987451860
39 337 535688238
337 313 527003124
313 130 23885299
130 129 911264154
129 158 628506069
158 55 480094942
55 191 306548476
191 46 677261132
46 68 32402898
68 271 39991592
