350
0 1 515571175
1 2 493487347
2 3 474928736
3 4 791630043
4 5 527385936
5 6 544184717
6 7 6363071
7 8 108145508
8 9 381293408
9 10 106495167
10 11 554690693
11 12 584490999
12 13 660367687
13 14 687638162
14 15 168987537
15 16 586246572
16 17 382476987
17 18 462894703
18 19 301687114
19 20 60637622
20 21 133635616
21 22 494111177
22 23 686020792
23 24 520650065
24 25 991205298
25 26 608465401
26 27 327522593
27 28 353393504
28 29 202207778
29 30 638249718
30 31 205754059
31 32 837139944
32 33 47311458
33 34 331666421
34 35 325539469
35 36 640033024
36 37 258745587
37 38 128806143
38 39 370571260
39 40 669266162
40 41 853830216
41 42 947648405
42 43 706126771
43 44 557318741
44 45 96643677
45 46 132129703
46 47 252459345
47 48 508001188
48 49 713866992
49 50 451644135
50 51 522187137
51 52 533905537
52 53 10387983
53 54 425579833
54 55 263141208
55 56 715745532
56 57 575577068
57 58 66342494
58 59 641592854
59 60 55396603
60 61 771643024
61 62 843899987
62 63 434912392
63 64 715947455
64 65 489837973
65 66 886268675
66 67 62101183
67 68 761727093
68 69 951055980
69 70 323524188
70 71 906184009
71 72 235197321
72 73 971723430
73 74 637169227
74 75 676320142
75 76 296306672
76 77 54091866
77 78 684031617
78 79 805442449
79 80 760138063
80 81 981665385
81 82 54262126
82 83 678119752
83 84 540359259
84 85 940185364
85 86 750713739
86 87 745703613
87 88 419714425
88 89 699288246
89 90 718421319
90 91 132109500
91 92 863160791
92 93 141875242
93 94 949290358
94 95 906882497
95 96 526628159
96 97 986778058
97 98 721722484
98 99 225165095
99 100 543631142
100 101 56445584
101 102 887378082
102 103 624459753
103 104 496019761
104 105 235752444
105 106 136227184
106 107 606470921
107 108 929851015
108 109 485463652
109 110 780806723
110 111 105338530
111 112 791747634
112 113 240825281
113 114 458704099
114 115 105836524
115 116 524798043
116 117 76047619
117 118 347787139
118 119 1116643
119 120 818926446
120 121 474855169
121 122 398052157
122 123 939460576
123 124 772375394
124 125 339657976
125 126 575577614
126 127 899686819
127 128 686820210
128 129 18644092
129 130 969477001
130 131 852200108
131 132 761491554
132 133 558759799
133 134 314132249
134 135 980089529
135 136 212154607
136 137 511685036
137 138 635548612
138 139 759563382
139 140 373301010
140 141 647506515
141 142 578877821
142 143 333891739
143 144 682046305
144 145 632224970
145 146 125138939
146 147 422209160
147 148 159209160
148 149 898564586
149 150 372267047
150 151 659060844
151 152 988721283
152 153 712401800
153 154 753213596
154 155 486796996
155 156 920449254
156 157 884225095
157 158 193241051
158 159 541334930
159 160 251313810
160 161 820176
161 162 682548994
162 163 831422785
163 164 14108077
164 165 208456009
165 166 688982958
166 167 155024963
167 168 755863612
168 169 529836907
169 170 456890535
170 171 994230908
171 172 240380455
172 173 666251730
173 174 163004754
174 175 579794335
175 176 712772027
176 177 4332652
177 178 884602057
178 179 240178221
179 180 672135978
180 181 751612697
181 182 887203634
182 183 407410734
183 184 338729387
184 185 406048708
185 186 708246170
186 187 671723170
187 188 769670386
188 189 605080025
189 190 201636511
190 191 867079380
191 192 213138272
192 193 322148577
193 194 545967449
194 195 667255579
195 196 803251739
196 197 332134874
197 198 919757222
198 199 801728861
199 200 860935786
200 201 191883210
201 202 637765678
202 203 955877723
203 204 846383285
204 205 76976893
205 206 950146340
206 207 129752791
207 208 241171669
208 209 723549440
209 210 715280004
210 211 374912235
211 212 181152255
212 213 332424663
213 214 884243396
214 215 535994166
215 216 255677845
216 217 846722348
217 218 173278373
218 219 339859491
219 220 900716557
220 221 771139259
221 222 585310566
222 223 487782552
223 224 470453447
224 225 31639195
225 226 273388476
226 227 153149916
227 228 456082712
228 229 735494298
229 230 213412634
230 231 470771429
231 232 125056650
232 233 689332106
233 234 760271867
234 235 118365724
235 236 587357150
236 237 431636502
237 238 631781994
238 239 756412656
239 240 664786593
240 241 219641852
241 242 204060744
242 243 703963905
243 244 803964165
244 245 953296276
245 246 235628789
246 247 532333747
247 248 978746575
248 249 99429806
249 250 735031150
250 251 983978843
251 252 299204114
252 253 175476567
253 254 549636012
254 255 823430829
255 256 256691574
256 257 924828910
257 258 650161860
258 259 987193110
259 260 164915535
260 261 863261424
261 262 437428301
262 263 957883098
263 264 22210931
264 265 203933358
265 266 826369971
266 267 169964285
267 268 622799688
268 269 901762029
269 270 39622702
270 271 808216928
271 272 264197355
272 273 766649099
273 274 867943643
274 275 328397223
275 276 228294355
276 277 726238931
277 278 162171509
278 279 936916613
279 280 983157961
280 281 905704655
281 282 526394644
282 283 741428408
283 284 563414992
284 285 750142212
285 286 333106314
286 287 627519640
287 288 890162426
288 289 727337837
289 290 594302680
290 291 271555160
291 292 405408998
292 293 398195034
293 294 542436232
294 295 842929798
295 296 443127698
296 297 697158777
297 298 25480577
298 299 366731107
299 300 105629187
300 301 588813238
301 302 586451810
302 303 179860548
303 304 60848504
304 305 538461051
305 306 99131748
306 307 187454702
307 308 475399019
308 309 741025982
309 310 478166071
310 311 522451901
311 312 244775856
312 313 735796487
313 314 950272783
314 315 789087680
315 316 558200220
316 317 627357577
317 318 368772637
318 319 655808933
319 320 386419829
320 321 517041613
321 322 274939885
322 323 572516289
323 324 721572972
324 325 683232218
325 326 814351057
326 327 718063855
327 328 791928243
328 329 221499611
329 330 124357576
330 331 908927766
331 332 477355246
332 333 275076529
333 334 303846624
334 335 265724352
335 336 350231788
336 337 188584427
337 338 29424206
338 339 314227899
339 340 586661134
340 341 402179140
341 342 534495765
342 343 238606594
343 344 512054110
344 345 364194550
345 346 385854063
346 347 6507893
347 348 915448265
348 349 434997377
