350
138 264 0
50 47 0
261 163 0
290 322 0
119 122 0
12 184 0
151 215 0
27 54 0
127 165 0
203 73 0
241 86 0
99 314 0
318 84 0
186 254 0
309 244 0
107 325 0
269 273 0
13 153 0
168 238 0
241 278 0
94 49 0
46 164 0
267 36 0
111 171 0
64 104 0
137 110 0
81 125 0
27 263 0
221 160 0
97 20 0
155 296 0
19 42 0
140 210 0
295 192 0
346 142 0
203 113 0
124 98 0
9 242 0
189 8 0
200 281 0
146 120 0
140 260 0
83 152 0
283 311 0
300 342 0
99 89 0
46 32 0
346 118 0
67 25 0
289 175 0
50 349 0
302 306 0
75 123 0
201 314 0
225 262 0
202 264 0
246 342 0
181 333 0
83 92 0
248 240 0
156 31 0
332 190 0
319 209 0
185 341 0
39 348 0
334 143 0
30 219 0
166 182 0
207 237 0
45 329 0
286 247 0
201 347 0
193 49 0
201 44 0
111 5 0
168 165 0
283 56 0
187 263 0
39 73 0
141 112 0
298 134 0
81 179 0
293 66 0
173 217 0
96 145 0
93 72 0
60 95 0
202 123 0
151 51 0
60 148 0
289 17 0
33 116 0
185 115 0
216 184 0
282 98 0
146 121 0
154 231 0
100 296 0
71 262 0
195 15 0
339 41 0
298 252 0
159 259 0
332 167 0
249 76 0
146 3 0
227 250 0
230 304 0
174 275 0
173 17 0
139 24 0
339 0 0
290 234 0
63 6 0
22 323 0
46 255 0
155 310 0
332 326 0
309 104 0
119 280 0
29 245 0
13 321 0
22 14 0
108 301 0
225 311 0
161 82 0
181 330 0
7 35 0
291 243 0
291 231 0
186 4 0
216 66 0
50 308 0
130 126 0
257 176 0
137 188 0
191 204 0
230 76 0
23 110 0
93 117 0
63 88 0
166 91 0
138 144 0
294 256 0
33 132 0
191 340 0
227 192 0
48 211 0
13 133 0
19 277 0
320 143 0
67 284 0
285 251 0
75 208 0
108 52 0
246 275 0
29 116 0
221 58 0
239 233 0
83 74 0
97 214 0
94 0 0
96 172 0
189 299 0
241 150 0
23 327 0
269 35 0
178 20 0
12 102 0
18 52 0
309 312 0
318 205 0
127 344 0
124 317 0
294 205 0
307 345 0
187 228 0
183 1 0
141 162 0
69 105 0
257 88 0
168 120 0
30 36 0
7 333 0
294 28 0
230 68 0
218 74 0
140 153 0
158 10 0
22 292 0
267 237 0
67 233 0
246 167 0
249 5 0
48 37 0
137 321 0
285 91 0
39 258 0
293 21 0
267 172 0
139 297 0
173 325 0
191 212 0
156 268 0
7 8 0
161 101 0
274 78 0
96 226 0
155 65 0
198 279 0
130 79 0
27 109 0
239 37 0
235 310 0
318 277 0
282 312 0
300 324 0
100 304 0
198 55 0
285 14 0
183 51 0
18 223 0
198 271 0
319 256 0
94 292 0
225 87 0
174 229 0
236 95 0
293 26 0
18 322 0
319 61 0
200 199 0
220 179 0
193 128 0
298 136 0
216 268 0
154 2 0
320 313 0
107 180 0
69 343 0
131 2 0
130 133 0
45 148 0
111 336 0
159 253 0
154 180 0
75 238 0
300 327 0
9 106 0
129 16 0
236 149 0
307 196 0
286 251 0
295 317 0
69 85 0
189 16 0
166 157 0
100 25 0
48 197 0
174 53 0
156 135 0
108 287 0
239 150 0
236 328 0
186 42 0
235 222 0
12 56 0
249 169 0
19 117 0
339 80 0
206 40 0
129 338 0
29 62 0
257 223 0
138 113 0
346 303 0
248 335 0
203 32 0
320 136 0
291 1 0
289 38 0
286 276 0
161 337 0
158 254 0
206 34 0
274 118 0
107 77 0
158 80 0
81 28 0
129 115 0
64 114 0
131 266 0
334 6 0
93 78 0
261 11 0
63 82 0
57 217 0
206 10 0
194 301 0
235 47 0
195 85 0
71 219 0
218 232 0
295 213 0
221 90 0
33 134 0
302 54 0
274 212 0
200 103 0
60 288 0
194 58 0
159 331 0
193 222 0
181 224 0
183 271 0
45 313 0
185 89 0
227 232 0
334 177 0
202 328 0
261 214 0
269 43 0
248 288 0
30 59 0
141 169 0
187 316 0
194 103 0
195 234 0
64 126 0
178 315 0
124 70 0
218 26 0
283 147 0
131 132 0
119 147 0
139 15 0
151 114 0
97 31 0
57 272 0
282 331 0
178 338 0
290 270 0
307 109 0
9 265 0
302 213 0
127 305 0
23 247 0
99 265 0
57 170 0
