350
231 102 26893166
231 88 755534317
231 280 782762871
69 102 439035277
255 328 650694340
255 318 880709277
255 200 249528941
69 328 925971532
214 62 224313292
214 197 193320982
214 278 531588753
69 62 656135997
115 88 42690616
311 114 497816242
311 99 365968239
311 234 354411293
343 114 22400070
307 52 743496599
307 202 368296875
307 108 980043512
343 52 577196025
132 236 36305654
132 254 198827730
132 57 281782807
343 236 380068832
115 99 8415179
310 335 471448826
310 303 695247960
310 186 142502989
134 335 261846113
322 277 525186293
322 299 820523214
322 323 542432098
134 277 613227071
46 136 622892131
46 258 507551497
46 249 138556169
134 136 390476664
115 303 555060836
23 318 701055172
42 127 922000249
42 342 401492896
42 35 478998670
37 127 26596378
157 184 429989227
157 261 892996916
157 48 927530520
37 184 331744038
204 182 927729042
204 96 536448105
204 140 874561444
37 182 670281554
195 342 408806752
345 305 796361382
345 241 659873328
345 283 618816656
72 305 128282438
301 92 472089489
301 161 105737431
301 103 810477346
72 92 465129310
309 276 324282150
309 331 559446132
309 281 537090198
72 276 788334369
195 241 323016572
150 77 457387189
150 216 730091132
150 141 69195201
13 77 745736336
160 94 221393121
160 90 436685873
160 65 801313293
13 94 545934531
221 82 911845064
221 116 829828161
221 5 767940443
13 82 458393225
195 216 536478758
23 261 318607474
19 217 184851822
19 111 838341984
19 49 377645158
308 217 665309596
148 173 820002190
148 30 799495193
148 274 664665900
308 173 200974421
271 41 254784460
271 97 293960182
271 289 660189751
308 41 372759294
3 111 455849347
177 44 817470869
177 133 924948918
177 215 991489118
290 44 873850396
83 11 827097760
83 259 954951816
83 240 254588841
290 11 902269522
314 38 421241996
314 154 100801678
314 84 481629201
290 38 704598244
3 133 241642463
138 238 824376213
138 34 748090627
138 107 885245950
93 238 328292735
17 212 157066914
17 131 635951291
17 266 180955017
93 212 616210217
285 201 19661268
285 324 940085184
285 213 303075572
93 201 205253289
3 34 404525552
23 30 627505738
91 202 155351475
43 40 804218542
43 288 629151257
43 66 458166526
51 40 738535291
101 206 352029641
101 24 887250722
101 176 222597280
51 206 198399044
235 86 575444957
235 125 996417657
235 74 730806510
51 86 200491161
209 288 778903289
137 191 755234111
137 319 902032985
137 298 939998735
334 191 640969076
36 193 47505290
36 245 499676525
36 327 97963660
334 193 555477716
210 205 952221288
210 123 320165107
210 287 201793289
334 205 666692172
209 319 565770831
219 75 150521116
219 7 351272384
219 26 220360260
264 75 730254825
55 179 5252931
55 81 832167004
55 147 365354941
264 179 166107241
272 32 2366041
272 199 624737031
272 33 568971145
264 32 508810218
209 7 683308507
1 24 602931759
162 87 820598393
162 50 855938802
162 22 409339570
25 87 458573009
54 158 431836605
54 237 182359272
54 304 697727141
25 158 805902283
242 73 109974987
242 338 859655207
242 178 765025037
25 73 2778615
286 50 89910905
312 159 539607298
312 194 818713234
312 250 859313879
63 159 482140376
113 53 973245644
113 225 917959009
113 294 835679560
63 53 212059063
18 329 679204802
18 223 105511022
18 230 53556201
63 329 169032534
286 194 442306141
2 344 559189018
2 120 640187083
2 222 570331885
244 344 189864680
110 153 501499859
110 325 875305615
110 333 320108792
244 153 323520718
104 6 103034802
104 45 129066433
104 28 552619449
244 6 856216937
286 120 883138952
1 237 997296012
29 146 638186903
29 248 711770530
29 56 947858008
208 146 500298783
129 12 467281848
129 156 888810387
129 166 844126443
208 12 480608087
64 203 534406066
64 340 895506546
64 76 887942023
208 203 286218540
118 248 873918447
339 337 445430301
339 180 69908021
339 31 434221652
168 337 710612270
39 190 904498676
39 315 288249848
39 330 303978271
168 190 332132933
267 16 414494835
267 348 226978112
267 143 93229502
168 16 74475901
118 180 600352692
253 15 553938730
253 247 499334657
253 300 203978247
10 15 433126466
198 295 882493973
198 80 814235307
198 302 900330838
10 295 781713962
135 227 716851949
135 233 637880177
135 326 300648749
10 227 594824151
118 247 753301842
1 156 806651876
91 245 386928512
211 262 92707181
211 181 914456044
211 149 554028644
317 262 837874416
265 109 640680074
265 60 837006960
265 349 709244389
317 109 409343614
167 270 517380408
167 252 233004509
167 128 774496672
317 270 697681730
61 181 111707210
256 70 103245627
256 185 861991697
256 164 357505676
218 70 367470497
220 20 648210543
220 263 831660053
220 98 181369085
218 20 951039134
269 229 885710560
269 188 513435729
269 175 787978263
218 229 854903662
61 185 161089946
279 232 436122709
279 47 454475299
279 100 521737546
117 232 821051591
282 207 891049804
282 320 892671900
282 0 544139897
117 207 180793653
106 78 620992539
106 296 773348666
106 165 483765164
117 78 624489263
61 47 725729597
169 60 296595856
145 226 947193672
145 243 330962434
145 196 469973568
151 226 903425315
183 293 456814433
183 257 839786788
183 122 772781566
151 293 985657154
27 189 108147828
27 316 843189040
27 273 533363152
151 189 523785230
8 243 343701768
4 246 739995852
4 239 958585349
4 170 917103000
126 246 130041190
71 187 520767002
71 14 745613112
71 260 563078873
126 187 323893690
155 21 943974852
155 121 904546031
155 321 644241009
126 21 626085510
8 239 508585694
171 346 102367132
171 251 942472484
171 306 707724223
112 346 116397357
163 291 355784760
163 297 737161311
163 313 947402278
112 291 570316801
228 89 99482874
228 85 960385048
228 130 164532187
112 89 511664725
8 251 924021451
169 257 293255371
224 119 361501426
224 268 515528356
224 284 613889858
95 119 578811670
292 142 741770665
292 9 335444692
292 105 443254779
95 142 10704805
192 152 857679597
192 68 741707181
192 144 232327500
95 152 640415347
58 268 628922399
174 59 578407809
174 275 925322823
174 347 183658966
79 59 906563043
139 67 605831800
139 172 374351804
139 341 664999879
79 67 133055594
332 336 485697453
79 336 939931377
58 275 186828914
169 9 450832117
91 263 278257179
124 161 235221811
