349
253 31 0
164 136 0
205 290 0
265 270 0
182 176 0
340 11 0
243 203 0
283 194 0
195 328 0
205 101 0
105 187 0
164 280 0
30 34 0
106 212 0
247 131 0
331 25 0
321 97 0
91 304 0
199 220 0
69 83 0
219 38 0
66 121 0
280 215 0
134 257 0
194 42 0
241 33 0
13 19 0
85 20 0
32 143 0
86 302 0
102 249 0
201 8 0
153 67 0
141 63 0
156 177 0
145 333 0
175 74 0
11 79 0
231 184 0
245 146 0
149 173 0
50 321 0
267 1 0
131 260 0
117 44 0
177 40 0
178 234 0
162 332 0
223 150 0
187 279 0
76 293 0
296 311 0
122 65 0
65 185 0
132 193 0
142 5 0
106 64 0
129 309 0
100 183 0
341 326 0
19 276 0
149 305 0
12 128 0
45 149 0
238 224 0
152 247 0
15 138 0
28 49 0
107 307 0
46 141 0
110 9 0
161 246 0
191 300 0
111 313 0
344 180 0
242 330 0
234 288 0
268 231 0
180 91 0
30 120 0
327 28 0
153 132 0
121 29 0
95 171 0
111 125 0
46 148 0
316 84 0
16 208 0
327 114 0
235 245 0
93 72 0
316 228 0
267 26 0
262 210 0
310 24 0
91 94 0
50 41 0
227 124 0
296 336 0
307 236 0
210 18 0
116 266 0
37 98 0
261 52 0
114 253 0
261 267 0
121 188 0
284 51 0
266 278 0
269 242 0
308 135 0
155 37 0
306 283 0
319 216 0
114 123 0
182 292 0
198 92 0
55 102 0
340 61 0
148 122 0
179 115 0
58 196 0
88 295 0
1 275 0
120 219 0
203 50 0
314 134 0
148 223 0
275 232 0
90 202 0
306 310 0
109 151 0
13 109 0
197 319 0
229 13 0
102 277 0
256 317 0
203 161 0
21 254 0
58 229 0
54 337 0
14 225 0
116 306 0
338 140 0
209 15 0
165 119 0
52 252 0
317 57 0
332 341 0
122 170 0
141 104 0
152 256 0
134 213 0
84 241 0
90 133 0
194 179 0
26 282 0
175 287 0
265 274 0
329 21 0
260 145 0
323 112 0
329 204 0
211 127 0
326 259 0
195 226 0
300 239 0
143 70 0
42 46 0
9 95 0
259 90 0
252 117 0
227 66 0
131 284 0
295 174 0
314 80 0
59 211 0
115 334 0
179 243 0
257 12 0
36 139 0
173 69 0
289 201 0
204 39 0
332 205 0
338 60 0
229 48 0
25 327 0
346 130 0
221 237 0
132 166 0
252 289 0
268 315 0
23 298 0
9 56 0
51 335 0
341 178 0
264 250 0
178 4 0
116 197 0
199 190 0
282 147 0
292 137 0
190 36 0
290 168 0
214 53 0
80 144 0
202 68 0
344 55 0
230 199 0
31 175 0
34 59 0
331 152 0
224 82 0
347 342 0
339 271 0
25 22 0
147 269 0
85 167 0
308 230 0
27 281 0
142 338 0
256 320 0
100 113 0
200 255 0
24 30 0
66 297 0
76 165 0
230 85 0
231 3 0
207 340 0
245 88 0
247 314 0
31 325 0
22 258 0
109 200 0
10 251 0
310 331 0
260 77 0
45 347 0
120 27 0
183 189 0
16 153 0
162 261 0
298 126 0
328 2 0
183 71 0
253 107 0
315 78 0
307 23 0
317 272 0
32 76 0
87 195 0
318 158 0
135 129 0
274 99 0
208 6 0
334 54 0
180 47 0
110 262 0
163 100 0
136 221 0
86 96 0
319 316 0
228 248 0
290 346 0
209 291 0
146 222 0
107 45 0
293 157 0
191 301 0
103 32 0
118 105 0
168 303 0
204 111 0
202 345 0
74 264 0
339 209 0
303 268 0
275 218 0
94 312 0
172 308 0
289 206 0
283 58 0
42 235 0
293 192 0
117 323 0
123 296 0
259 163 0
303 35 0
304 16 0
94 217 0
172 329 0
262 238 0
84 93 0
326 118 0
103 73 0
36 186 0
26 142 0
266 86 0
146 198 0
54 89 0
328 160 0
37 87 0
77 322 0
75 182 0
51 339 0
115 265 0
337 181 0
343 318 0
254 81 0
216 244 0
47 159 0
113 75 0
81 214 0
284 156 0
118 106 0
207 191 0
93 263 0
197 164 0
216 110 0
10 14 0
136 172 0
174 43 0
41 108 0
95 154 0
139 286 0
88 273 0
123 324 0
244 233 0
295 240 0
52 0 0
347 343 0
186 348 0
21 299 0
75 344 0
320 155 0
241 17 0
235 162 0
125 7 0
74 285 0
73 169 0
190 207 0
292 62 0
143 227 0
24 103 0
280 294 0
240 10 0
