350
27 337 0
321 292 0
314 304 0
174 57 0
0 346 0
103 348 0
262 326 0
51 156 0
72 86 0
297 96 0
71 133 0
11 241 0
130 339 0
202 66 0
211 237 0
327 139 0
188 311 0
294 0 0
49 8 0
211 246 0
293 281 0
83 44 0
4 254 0
245 308 0
186 27 0
75 32 0
215 71 0
109 282 0
257 102 0
297 262 0
111 215 0
245 118 0
169 280 0
185 115 0
136 253 0
284 328 0
325 150 0
188 185 0
78 34 0
163 103 0
210 255 0
16 7 0
257 330 0
190 129 0
285 74 0
99 138 0
187 211 0
319 224 0
294 69 0
172 314 0
121 309 0
275 278 0
154 264 0
67 315 0
205 160 0
79 93 0
97 50 0
260 324 0
56 124 0
213 84 0
343 40 0
43 112 0
158 301 0
256 161 0
116 89 0
342 266 0
222 175 0
131 275 0
233 204 0
47 100 0
12 146 0
11 183 0
144 85 0
163 61 0
238 142 0
313 223 0
95 327 0
155 174 0
195 95 0
325 68 0
214 107 0
148 77 0
302 144 0
296 78 0
101 17 0
340 244 0
234 305 0
302 217 0
134 300 0
228 65 0
165 125 0
162 154 0
25 140 0
104 75 0
143 123 0
173 136 0
317 54 0
148 270 0
317 296 0
49 131 0
130 268 0
134 81 0
242 134 0
132 317 0
165 41 0
10 190 0
152 221 0
340 334 0
137 20 0
167 325 0
316 205 0
243 111 0
121 9 0
169 209 0
323 42 0
265 56 0
16 165 0
226 338 0
256 231 0
2 122 0
141 287 0
233 222 0
2 323 0
59 225 0
290 340 0
248 163 0
70 153 0
228 169 0
152 127 0
39 188 0
335 39 0
145 108 0
53 168 0
170 199 0
170 121 0
181 141 0
26 99 0
193 260 0
178 148 0
158 228 0
197 151 0
26 110 0
213 230 0
273 191 0
216 207 0
226 104 0
242 250 0
198 46 0
35 179 0
267 132 0
236 310 0
232 58 0
252 130 0
186 4 0
5 184 0
167 195 0
329 343 0
229 137 0
157 164 0
31 167 0
13 73 0
271 312 0
3 294 0
106 11 0
234 36 0
232 321 0
313 2 0
94 298 0
63 194 0
196 186 0
285 105 0
30 181 0
25 67 0
62 26 0
62 265 0
193 159 0
318 63 0
203 97 0
333 242 0
276 3 0
87 216 0
162 35 0
236 257 0
31 158 0
147 47 0
279 297 0
6 171 0
271 279 0
319 236 0
88 79 0
258 235 0
12 5 0
113 347 0
196 243 0
1 285 0
177 72 0
276 258 0
15 101 0
212 152 0
51 344 0
349 12 0
286 238 0
249 302 0
13 25 0
172 170 0
28 313 0
220 13 0
192 6 0
87 233 0
261 316 0
182 208 0
30 45 0
349 271 0
320 319 0
333 15 0
318 33 0
143 51 0
187 52 0
64 55 0
198 333 0
252 172 0
24 232 0
219 49 0
267 252 0
145 135 0
249 76 0
219 143 0
64 214 0
157 261 0
113 248 0
149 342 0
119 272 0
82 62 0
273 31 0
19 16 0
192 90 0
128 212 0
114 273 0
284 198 0
290 284 0
82 219 0
1 116 0
147 82 0
109 349 0
229 113 0
24 87 0
83 293 0
106 48 0
80 290 0
251 109 0
220 267 0
91 202 0
149 218 0
119 245 0
263 286 0
53 83 0
289 24 0
43 226 0
80 192 0
329 166 0
178 119 0
155 157 0
274 229 0
92 106 0
128 43 0
23 197 0
200 64 0
288 249 0
19 147 0
283 114 0
91 306 0
341 1 0
10 80 0
283 220 0
22 318 0
18 177 0
28 19 0
345 196 0
173 59 0
70 10 0
227 213 0
176 276 0
203 269 0
263 234 0
341 203 0
345 91 0
251 193 0
120 92 0
332 210 0
88 145 0
288 21 0
332 70 0
23 30 0
335 128 0
320 345 0
126 320 0
291 341 0
29 251 0
126 263 0
336 256 0
29 88 0
239 289 0
240 29 0
117 283 0
120 176 0
322 332 0
239 28 0
227 23 0
322 227 0
247 322 0
38 120 0
336 126 0
180 335 0
274 178 0
117 187 0
247 149 0
307 336 0
259 162 0
200 182 0
259 189 0
14 94 0
307 329 0
180 288 0
291 307 0
295 180 0
38 155 0
98 173 0
60 274 0
22 259 0
60 247 0
201 18 0
14 291 0
240 200 0
98 240 0
331 117 0
303 98 0
206 22 0
277 239 0
303 53 0
201 38 0
331 14 0
277 201 0
299 303 0
299 277 0
37 299 0
37 60 0
206 331 0
295 206 0
295 37 0
