350
146 113 0
146 220 0
113 176 0
220 347 0
220 268 0
268 101 0
176 60 0
101 263 0
113 196 0
196 288 0
196 227 0
268 289 0
176 202 0
347 209 0
347 46 0
202 117 0
60 2 0
117 11 0
209 320 0
320 107 0
101 125 0
125 234 0
234 327 0
227 321 0
234 246 0
227 212 0
263 340 0
212 106 0
246 333 0
333 178 0
288 6 0
125 17 0
11 324 0
324 140 0
246 82 0
340 147 0
327 241 0
241 175 0
288 304 0
289 53 0
2 185 0
117 167 0
333 96 0
140 144 0
17 165 0
175 311 0
107 250 0
250 118 0
82 291 0
185 294 0
178 103 0
311 77 0
320 341 0
178 256 0
167 99 0
144 70 0
60 22 0
291 104 0
241 31 0
202 259 0
175 23 0
2 15 0
146 275 0
140 74 0
294 26 0
74 172 0
294 127 0
147 264 0
70 267 0
209 124 0
96 224 0
340 315 0
250 248 0
324 126 0
264 92 0
82 141 0
96 58 0
147 50 0
15 134 0
264 258 0
15 206 0
99 152 0
258 299 0
107 221 0
165 56 0
167 121 0
99 174 0
185 308 0
291 181 0
311 87 0
181 24 0
212 40 0
87 45 0
22 197 0
267 42 0
165 273 0
259 161 0
118 339 0
24 89 0
267 226 0
256 215 0
215 348 0
87 62 0
17 285 0
23 190 0
197 283 0
22 279 0
263 0 0
45 94 0
11 155 0
103 328 0
77 329 0
94 139 0
94 75 0
106 272 0
315 80 0
304 153 0
58 337 0
248 233 0
221 14 0
299 116 0
304 72 0
50 93 0
283 98 0
6 210 0
279 100 0
172 342 0
116 343 0
273 189 0
77 194 0
116 317 0
190 33 0
121 166 0
174 313 0
26 158 0
259 319 0
308 310 0
341 163 0
40 323 0
80 255 0
127 90 0
206 68 0
53 91 0
285 111 0
172 52 0
313 54 0
45 296 0
6 287 0
341 231 0
127 8 0
53 218 0
296 239 0
70 12 0
33 260 0
121 219 0
8 128 0
33 261 0
275 18 0
174 303 0
106 4 0
299 142 0
342 334 0
139 148 0
329 180 0
233 211 0
272 55 0
4 143 0
4 229 0
272 38 0
128 81 0
144 298 0
348 28 0
317 284 0
323 120 0
190 216 0
327 29 0
80 67 0
52 240 0
303 257 0
81 199 0
52 138 0
40 225 0
92 203 0
206 349 0
166 236 0
273 122 0
315 306 0
8 43 0
343 254 0
93 198 0
14 79 0
180 115 0
334 251 0
180 109 0
211 63 0
303 69 0
38 119 0
236 270 0
104 192 0
56 184 0
93 102 0
158 149 0
56 171 0
100 182 0
226 237 0
100 208 0
236 170 0
349 292 0
46 154 0
287 76 0
215 222 0
313 242 0
69 262 0
328 177 0
248 88 0
292 65 0
275 84 0
102 34 0
109 244 0
88 300 0
69 5 0
308 312 0
161 162 0
239 230 0
230 223 0
152 86 0
28 344 0
342 157 0
219 71 0
26 193 0
155 217 0
67 110 0
171 188 0
323 123 0
181 295 0
343 214 0
58 78 0
296 271 0
158 204 0
162 130 0
239 48 0
261 168 0
171 164 0
28 95 0
62 36 0
138 97 0
86 187 0
270 307 0
279 232 0
92 3 0
170 150 0
149 7 0
150 16 0
251 105 0
300 322 0
306 201 0
24 135 0
188 330 0
319 338 0
285 49 0
128 302 0
161 25 0
240 112 0
120 151 0
122 297 0
217 335 0
256 207 0
189 318 0
193 145 0
48 195 0
240 131 0
7 290 0
292 336 0
262 228 0
221 9 0
145 245 0
348 137 0
25 39 0
194 278 0
251 35 0
74 269 0
126 282 0
271 21 0
278 274 0
338 73 0
274 59 0
254 85 0
330 37 0
29 301 0
306 345 0
164 41 0
224 235 0
164 47 0
278 281 0
21 252 0
152 179 0
193 160 0
338 19 0
321 247 0
230 114 0
335 51 0
130 61 0
25 213 0
204 183 0
297 173 0
46 305 0
210 1 0
50 325 0
283 20 0
162 32 0
0 314 0
89 133 0
335 265 0
112 27 0
269 205 0
34 200 0
135 277 0
119 136 0
75 10 0
21 280 0
91 186 0
260 286 0
244 238 0
88 253 0
81 44 0
157 57 0
160 159 0
32 346 0
3 332 0
188 276 0
7 108 0
298 83 0
38 64 0
182 293 0
301 132 0
37 326 0
168 66 0
177 169 0
109 13 0
224 331 0
47 191 0
177 30 0
277 129 0
126 309 0
133 266 0
326 156 0
16 316 0
66 243 0
112 249 0
