350
67 304 415638183
67 228 760445357
67 280 532163087
304 316 508335818
280 254 577276643
316 255 331598167
316 54 912293041
228 170 231711272
170 207 666841702
228 200 680802385
304 129 175341606
207 166 619305082
129 168 645516890
207 265 403195888
255 197 949066005
197 115 234255207
54 339 484887555
170 240 548679636
197 257 930391533
280 63 880431474
166 57 140655073
255 160 119087044
115 322 848146755
339 86 500561024
63 349 390140661
322 269 936441031
265 203 493378882
166 81 467139293
160 244 826203213
54 285 716232594
63 95 594439124
57 66 266562710
265 340 653595942
160 90 787239783
115 77 742382880
285 97 40126776
95 186 556701230
66 310 79744712
340 306 860227276
310 173 989508606
340 8 876093525
77 19 710963702
349 239 292608835
240 309 483545079
200 211 578044668
19 123 350168872
257 88 629750767
8 184 243222722
129 278 904632920
200 187 127692046
173 180 298463285
240 5 216477203
322 177 472313879
177 337 648093278
57 92 970666676
239 56 518005397
337 208 592242173
187 185 456363379
208 345 385570596
310 182 507171326
339 286 323956269
177 100 239569510
337 267 478497548
5 53 835616187
97 151 528335555
309 330 470939797
173 113 634896998
90 213 243825433
349 137 160678905
208 15 784433060
306 47 31498415
211 314 156329063
184 172 541508331
8 36 594698368
184 234 703752111
86 35 655605229
5 34 215328663
90 144 95373561
151 42 277284147
244 20 717543882
137 219 491870403
254 323 873556190
213 324 210946708
144 89 105821323
137 68 88969235
113 320 83792812
113 273 398026278
186 91 936844105
320 338 670412166
211 342 85404612
42 46 62624833
86 220 878879737
68 13 225075362
185 242 569785454
19 14 35601243
234 131 734121699
330 112 51881186
36 178 601602501
182 39 134554786
14 130 497335689
14 149 702515076
269 252 81478134
324 348 112301333
91 106 377617904
123 18 968722251
273 222 880704927
100 145 361078243
47 192 334530440
267 346 297013044
244 146 660575243
219 305 391266085
220 70 221236069
70 293 979980934
286 114 197056112
293 341 468076739
278 235 370159721
88 109 822600474
346 205 856501699
205 116 905638101
89 193 710953403
254 125 485413226
286 111 156154737
257 108 523523877
205 159 287844099
97 335 882447865
131 281 961409229
13 282 821384345
151 317 619563659
278 141 502619265
220 64 195203297
203 21 536242803
125 117 157045920
42 48 675126099
320 251 370789563
314 250 180744197
323 270 145452580
270 266 841481625
270 261 331899125
324 128 304431631
267 174 243799757
36 246 106857923
251 334 153357430
174 78 462410244
251 41 560422536
285 24 452828378
88 104 49154624
182 279 687146066
123 6 349478704
222 60 742041700
114 76 412493878
21 199 575621929
235 82 483819916
317 230 23772147
35 236 876877981
131 183 544022869
330 50 84351299
146 241 425673534
222 245 231914839
116 120 103130717
306 148 940364802
174 327 300608146
20 25 647086869
92 30 727017918
95 319 197220040
252 248 371552218
323 243 535372962
293 283 188016248
39 188 670422245
47 99 656924533
148 27 973455663
279 262 18496378
250 256 367715220
30 84 764609213
335 156 935650735
146 224 690272828
346 284 173884616
178 315 270361761
100 139 592159518
77 263 548202244
149 155 758415547
199 127 451422011
314 126 164377356
66 196 774100244
130 154 721350718
234 79 298880115
108 121 156985759
230 210 676376446
284 1 109961261
111 37 305792027
139 332 476031792
230 175 809446274
183 162 410650384
241 31 237379482
305 333 428946870
99 3 282268365
168 142 430671901
126 247 523941677
266 328 271205617
175 223 481815526
248 49 18729126
91 216 370318492
196 136 500054750
106 51 394462516
168 140 76863007
126 38 172836428
155 231 352554362
120 83 646891155
269 225 973646430
262 150 749179195
335 331 193302674
178 290 579135133
266 85 129411329
136 158 768808606
284 94 787812832
239 264 824513828
41 59 859426278
188 297 673509228
34 61 311593349
158 302 154453149
262 119 747934652
245 23 734079422
245 233 420833944
106 161 695588444
108 12 559111803
25 26 482089657
246 344 200332544
186 321 124499750
64 62 459034222
121 22 568209313
328 298 49297217
49 44 752014998
282 275 39602517
89 167 778100023
3 201 926037419
188 132 222057868
27 202 988292075
242 308 699594913
156 75 201623821
225 55 226427912
213 313 715539379
219 52 967047781
183 287 893837109
315 311 66165155
246 163 160715541
196 107 331933969
192 9 142714708
82 312 199755754
64 16 169676613
155 189 877915779
53 101 534764327
119 118 486379725
120 260 8855240
341 143 922379751
44 153 577800615
192 218 897298063
247 32 386984277
50 277 91345623
273 96 785351628
38 169 934319405
154 103 212482960
203 165 936614372
49 204 572404353
35 157 293508326
38 71 982167262
79 258 678791136
118 226 895397381
345 43 920232663
53 93 852970884
84 238 817414762
39 87 954700744
158 217 133444630
156 209 921965927
334 152 368512603
241 2 604544037
23 74 228765813
297 291 570815364
26 229 762696709
119 147 469434067
127 237 256016530
328 33 956655310
342 40 667221949
101 301 359962002
40 318 457396433
25 221 110292118
264 195 864126058
78 329 87379055
264 300 347581675
6 303 51582087
107 336 557703076
277 135 118688530
344 232 740051414
79 307 171030126
224 11 421754398
195 299 435930697
261 198 695402550
32 253 321937213
345 194 57422277
302 179 607975327
81 259 195961924
62 7 104814711
56 10 999441224
279 80 103719322
52 215 489861425
52 227 971331714
56 164 830154059
300 105 843374413
41 326 628206474
301 272 362532262
179 288 756020199
167 268 618336207
348 191 921841701
136 325 917725581
225 65 233397345
236 138 754745168
7 347 829715008
287 17 778113058
48 343 189615658
112 0 792934423
22 98 100137480
258 133 715966679
256 295 805278771
199 102 57062045
261 276 808008634
283 28 49134533
250 171 126291322
195 110 838043993
105 72 196141576
226 294 41810325
145 45 790552330
81 73 691086001
65 249 460298354
223 122 774740923
12 296 48792449
85 271 949233490
325 29 62994104
46 214 895593433
92 69 784314809
210 124 838694831
313 206 852148204
237 212 611839560
159 274 723542126
99 4 389585864
147 181 883773769
312 176 590807166
202 292 7807945
105 190 682743175
217 289 699812100
217 58 867583875
334 134 563725302
