350
211 153 0
211 39 0
39 86 0
39 160 0
211 57 0
153 126 0
126 21 0
153 306 0
57 218 0
57 342 0
218 100 0
160 284 0
342 137 0
126 8 0
218 193 0
100 246 0
246 248 0
8 221 0
284 200 0
248 256 0
200 59 0
160 102 0
306 121 0
8 0 0
100 261 0
256 223 0
0 144 0
121 108 0
200 171 0
342 47 0
193 4 0
193 6 0
108 179 0
221 339 0
261 7 0
144 15 0
0 251 0
7 134 0
246 163 0
6 81 0
261 138 0
339 112 0
108 54 0
138 152 0
102 285 0
306 187 0
121 190 0
134 346 0
134 92 0
223 33 0
144 2 0
251 132 0
2 42 0
137 231 0
223 303 0
47 96 0
7 105 0
303 259 0
47 28 0
138 345 0
179 217 0
284 10 0
15 139 0
231 101 0
152 55 0
59 97 0
285 63 0
21 274 0
97 332 0
187 61 0
10 323 0
137 338 0
338 26 0
303 214 0
101 14 0
187 178 0
214 16 0
171 130 0
2 191 0
251 297 0
102 58 0
15 300 0
101 65 0
105 27 0
221 204 0
81 336 0
55 341 0
297 135 0
132 82 0
297 226 0
163 51 0
285 334 0
4 166 0
92 293 0
26 230 0
323 88 0
86 183 0
54 185 0
96 326 0
346 35 0
54 254 0
226 119 0
132 198 0
61 212 0
6 192 0
10 258 0
88 309 0
55 20 0
214 147 0
14 180 0
179 331 0
59 307 0
163 269 0
166 156 0
65 260 0
323 78 0
16 240 0
139 294 0
339 84 0
259 70 0
231 1 0
293 67 0
92 12 0
230 5 0
82 111 0
300 215 0
171 194 0
51 41 0
185 315 0
112 149 0
334 181 0
336 302 0
81 265 0
105 43 0
217 286 0
152 18 0
248 283 0
28 13 0
341 308 0
191 299 0
58 319 0
204 162 0
42 288 0
332 281 0
135 36 0
4 154 0
190 224 0
27 142 0
21 335 0
63 169 0
256 64 0
86 316 0
178 104 0
274 89 0
183 93 0
33 22 0
338 146 0
97 337 0
130 184 0
345 131 0
26 46 0
326 287 0
35 140 0
254 266 0
119 62 0
198 24 0
212 80 0
192 177 0
258 71 0
309 344 0
20 72 0
147 127 0
180 69 0
331 239 0
307 87 0
269 148 0
156 322 0
260 208 0
78 188 0
240 343 0
294 195 0
84 267 0
70 328 0
1 206 0
67 249 0
12 253 0
5 118 0
111 312 0
215 250 0
194 213 0
41 175 0
315 232 0
149 52 0
181 196 0
302 291 0
265 209 0
43 123 0
286 279 0
18 282 0
283 268 0
13 304 0
308 48 0
299 129 0
319 168 0
162 272 0
288 83 0
281 34 0
36 95 0
154 98 0
224 330 0
142 53 0
335 205 0
169 289 0
64 301 0
316 107 0
104 313 0
89 320 0
93 85 0
22 143 0
146 314 0
337 252 0
184 29 0
131 245 0
46 109 0
287 317 0
140 310 0
266 157 0
62 207 0
24 201 0
80 174 0
177 117 0
71 150 0
344 296 0
72 290 0
127 235 0
69 278 0
239 17 0
87 76 0
148 23 0
322 116 0
208 170 0
188 44 0
343 11 0
195 318 0
267 176 0
328 321 0
206 66 0
249 311 0
253 229 0
118 124 0
312 186 0
250 79 0
213 276 0
175 167 0
232 227 0
52 161 0
196 203 0
291 56 0
209 242 0
123 49 0
279 75 0
282 40 0
268 271 0
304 210 0
48 228 0
129 262 0
168 158 0
272 340 0
83 136 0
34 128 0
95 233 0
98 216 0
330 103 0
53 273 0
205 172 0
289 151 0
301 90 0
107 280 0
313 94 0
320 113 0
85 225 0
143 197 0
314 159 0
252 114 0
29 247 0
245 145 0
109 155 0
317 257 0
310 241 0
157 73 0
207 120 0
201 45 0
174 199 0
117 30 0
150 68 0
296 236 0
290 19 0
235 292 0
278 347 0
17 133 0
76 189 0
23 125 0
116 220 0
170 237 0
44 329 0
11 263 0
318 275 0
176 37 0
321 327 0
66 234 0
311 122 0
229 349 0
124 106 0
186 325 0
79 164 0
276 270 0
167 74 0
227 115 0
161 222 0
203 91 0
56 99 0
242 141 0
49 9 0
75 255 0
40 202 0
271 32 0
210 244 0
228 50 0
262 348 0
158 25 0
340 182 0
136 305 0
128 324 0
233 60 0
216 295 0
103 219 0
273 3 0
172 277 0
151 264 0
90 333 0
280 165 0
94 173 0
113 77 0
225 243 0
197 110 0
159 298 0
114 31 0
247 238 0
145 38 0
