349
253 185 0
334 262 0
19 341 0
264 7 0
276 52 0
163 27 0
179 92 0
13 189 0
104 89 0
27 75 0
251 300 0
107 329 0
286 169 0
9 156 0
242 151 0
5 274 0
14 210 0
100 63 0
333 65 0
39 233 0
104 287 0
192 204 0
18 96 0
226 286 0
67 252 0
211 292 0
160 115 0
192 184 0
130 249 0
13 4 0
231 313 0
211 283 0
309 18 0
337 72 0
10 269 0
64 193 0
149 163 0
175 83 0
88 182 0
177 320 0
272 107 0
157 316 0
4 192 0
94 146 0
102 58 0
135 136 0
271 121 0
169 162 0
319 55 0
85 218 0
78 314 0
269 60 0
200 321 0
152 148 0
53 37 0
69 161 0
152 42 0
327 228 0
67 152 0
301 297 0
129 77 0
124 17 0
258 345 0
61 302 0
15 219 0
312 76 0
302 5 0
291 125 0
80 289 0
44 131 0
174 157 0
183 24 0
65 90 0
92 31 0
85 57 0
333 54 0
312 183 0
183 15 0
49 190 0
4 168 0
90 198 0
241 109 0
3 340 0
277 336 0
189 267 0
70 235 0
200 257 0
288 226 0
7 248 0
123 46 0
214 40 0
60 79 0
39 167 0
165 158 0
6 203 0
142 238 0
87 318 0
219 174 0
236 197 0
162 180 0
298 38 0
116 114 0
73 221 0
324 188 0
220 91 0
252 142 0
150 229 0
156 36 0
107 102 0
218 153 0
10 98 0
96 272 0
98 13 0
123 261 0
188 236 0
323 112 0
343 116 0
256 277 0
172 41 0
16 111 0
219 258 0
335 129 0
188 120 0
133 309 0
300 119 0
132 175 0
76 335 0
266 348 0
17 339 0
253 20 0
73 317 0
144 270 0
279 165 0
141 70 0
262 103 0
82 100 0
290 296 0
321 220 0
241 294 0
138 241 0
344 331 0
231 26 0
309 310 0
91 126 0
134 196 0
143 88 0
108 48 0
326 93 0
37 155 0
191 273 0
287 19 0
61 178 0
232 214 0
140 191 0
247 202 0
335 127 0
232 304 0
330 230 0
217 33 0
218 330 0
127 74 0
182 117 0
125 211 0
254 278 0
271 343 0
221 35 0
98 149 0
312 85 0
287 303 0
131 50 0
310 208 0
236 150 0
114 143 0
330 61 0
321 271 0
189 177 0
315 256 0
0 264 0
90 56 0
144 139 0
163 298 0
136 242 0
146 64 0
265 49 0
263 319 0
60 333 0
308 201 0
140 306 0
132 21 0
247 73 0
331 23 0
216 276 0
295 299 0
93 265 0
233 250 0
193 25 0
0 133 0
21 123 0
169 176 0
292 84 0
36 224 0
170 280 0
66 97 0
318 135 0
79 290 0
77 334 0
256 138 0
266 141 0
244 12 0
254 332 0
3 62 0
215 338 0
94 67 0
259 322 0
181 231 0
252 246 0
346 194 0
186 39 0
96 251 0
291 172 0
120 216 0
245 51 0
294 243 0
53 234 0
22 268 0
229 328 0
342 8 0
121 281 0
83 34 0
80 244 0
205 82 0
69 222 0
307 0 0
257 240 0
299 154 0
116 253 0
318 186 0
272 315 0
174 173 0
45 28 0
24 232 0
106 110 0
70 43 0
259 147 0
24 288 0
221 113 0
293 206 0
115 105 0
246 308 0
18 247 0
306 81 0
278 122 0
255 130 0
258 95 0
29 212 0
153 30 0
157 213 0
91 134 0
346 45 0
275 140 0
32 159 0
143 263 0
251 347 0
79 6 0
326 10 0
267 29 0
206 282 0
14 217 0
141 305 0
224 259 0
215 47 0
89 80 0
29 209 0
250 78 0
129 144 0
269 205 0
133 279 0
197 179 0
82 239 0
275 324 0
304 16 0
95 128 0
303 71 0
315 94 0
282 195 0
288 293 0
328 160 0
348 124 0
206 86 0
345 223 0
83 207 0
168 171 0
205 170 0
16 342 0
195 199 0
7 295 0
327 323 0
342 187 0
334 166 0
294 325 0
41 227 0
95 311 0
102 237 0
216 337 0
345 255 0
127 118 0
286 181 0
93 266 0
323 275 0
138 22 0
37 245 0
305 108 0
197 301 0
125 44 0
224 14 0
304 285 0
295 291 0
344 59 0
41 106 0
338 284 0
268 11 0
324 132 0
261 101 0
15 344 0
279 104 0
343 3 0
204 260 0
228 200 0
173 137 0
179 9 0
149 254 0
250 68 0
146 69 0
307 346 0
223 2 0
136 145 0
264 215 0
228 307 0
89 53 0
84 1 0
126 164 0
338 99 0
267 225 0
172 87 0
76 327 0
293 326 0
171 32 0
193 66 0
