350
66 102 0
336 83 0
247 150 0
339 271 0
258 349 0
130 19 0
121 212 0
298 244 0
125 91 0
304 303 0
50 143 0
320 206 0
89 51 0
332 317 0
184 32 0
276 116 0
293 323 0
104 232 0
198 231 0
349 261 0
304 115 0
318 140 0
159 269 0
99 347 0
35 270 0
40 9 0
52 180 0
16 129 0
45 92 0
143 1 0
51 204 0
315 139 0
161 55 0
219 208 0
159 228 0
98 198 0
333 302 0
39 226 0
56 291 0
218 122 0
180 239 0
140 149 0
82 21 0
254 346 0
308 328 0
180 319 0
293 236 0
205 123 0
31 290 0
223 197 0
341 306 0
172 229 0
339 207 0
62 238 0
17 240 0
203 133 0
142 276 0
114 154 0
199 49 0
281 304 0
348 324 0
171 89 0
225 144 0
105 258 0
187 194 0
82 305 0
25 78 0
19 77 0
15 119 0
167 333 0
212 4 0
95 338 0
348 159 0
51 53 0
93 225 0
15 10 0
291 299 0
284 126 0
64 254 0
114 309 0
279 179 0
7 316 0
239 210 0
247 329 0
241 311 0
213 313 0
118 295 0
90 114 0
130 127 0
278 218 0
187 166 0
278 187 0
205 184 0
292 256 0
37 169 0
227 274 0
305 161 0
44 106 0
127 43 0
225 124 0
347 105 0
218 287 0
322 312 0
84 125 0
303 71 0
20 170 0
110 185 0
67 289 0
232 69 0
189 7 0
21 62 0
56 37 0
316 59 0
64 87 0
326 136 0
276 95 0
25 292 0
18 243 0
200 322 0
217 157 0
347 337 0
315 120 0
183 320 0
242 56 0
21 341 0
258 45 0
296 336 0
41 264 0
9 147 0
305 332 0
219 257 0
85 29 0
149 222 0
29 216 0
284 47 0
337 348 0
303 288 0
5 183 0
100 57 0
244 196 0
245 40 0
123 297 0
244 142 0
245 41 0
100 70 0
152 318 0
142 195 0
230 30 0
321 160 0
33 42 0
49 241 0
193 298 0
85 242 0
222 94 0
332 101 0
53 248 0
195 213 0
109 246 0
20 268 0
257 255 0
199 152 0
28 237 0
98 109 0
69 88 0
210 192 0
153 137 0
222 76 0
115 36 0
42 199 0
67 262 0
161 156 0
16 181 0
227 13 0
200 293 0
105 48 0
179 335 0
31 191 0
115 283 0
341 6 0
99 130 0
311 273 0
203 163 0
17 331 0
298 85 0
282 315 0
158 285 0
209 108 0
8 201 0
121 189 0
110 215 0
84 252 0
335 34 0
316 224 0
108 86 0
48 8 0
14 177 0
61 80 0
118 263 0
198 345 0
158 65 0
279 90 0
152 230 0
210 3 0
49 234 0
33 219 0
234 93 0
30 64 0
282 28 0
81 134 0
131 265 0
128 250 0
281 117 0
321 12 0
77 100 0
311 17 0
22 74 0
230 281 0
217 39 0
209 15 0
318 245 0
62 0 0
270 300 0
35 284 0
77 158 0
212 167 0
7 164 0
273 314 0
179 203 0
140 209 0
44 178 0
69 46 0
4 61 0
29 217 0
164 344 0
123 168 0
42 193 0
167 118 0
223 11 0
128 272 0
320 107 0
188 275 0
157 325 0
208 52 0
39 79 0
78 73 0
267 155 0
324 174 0
234 50 0
327 253 0
204 68 0
183 20 0
50 81 0
241 296 0
265 60 0
208 121 0
216 44 0
164 135 0
45 113 0
41 326 0
2 111 0
109 340 0
337 84 0
172 251 0
239 153 0
153 72 0
81 146 0
189 97 0
4 22 0
335 235 0
30 278 0
93 247 0
87 173 0
326 260 0
89 98 0
143 162 0
252 310 0
22 233 0
265 141 0
204 330 0
257 171 0
28 277 0
87 334 0
53 103 0
196 205 0
8 75 0
275 249 0
349 138 0
78 294 0
188 211 0
232 308 0
264 27 0
95 24 0
116 63 0
157 38 0
2 26 0
254 221 0
127 131 0
195 227 0
336 190 0
117 267 0
333 307 0
97 16 0
275 182 0
308 151 0
252 186 0
52 5 0
322 112 0
264 23 0
184 280 0
270 202 0
116 148 0
242 282 0
211 96 0
324 54 0
61 214 0
211 266 0
213 259 0
125 132 0
255 82 0
18 342 0
37 58 0
90 2 0
267 175 0
48 321 0
319 172 0
43 110 0
104 25 0
9 301 0
149 223 0
255 104 0
43 339 0
327 220 0
273 343 0
196 35 0
296 14 0
319 128 0
193 99 0
14 176 0
19 200 0
216 31 0
66 286 0
97 66 0
171 279 0
131 67 0
5 188 0
40 327 0
117 18 0
291 145 0
292 165 0
