350
231 278 0
256 241 0
256 20 0
271 124 0
271 311 0
24 75 0
24 301 0
200 109 0
200 323 0
181 85 0
181 127 0
165 208 0
165 264 0
151 71 0
151 194 0
59 47 0
59 63 0
199 345 0
199 49 0
275 97 0
275 180 0
132 308 0
132 293 0
328 146 0
328 112 0
213 289 0
213 54 0
60 81 0
60 92 0
330 236 0
330 149 0
238 86 0
238 261 0
110 34 0
110 5 0
190 102 0
190 144 0
152 262 0
152 333 0
266 251 0
266 156 0
232 18 0
232 336 0
115 143 0
115 192 0
26 178 0
26 237 0
316 111 0
316 235 0
291 226 0
291 244 0
242 343 0
242 202 0
306 234 0
306 42 0
13 6 0
13 331 0
304 32 0
304 243 0
141 338 0
141 145 0
122 171 0
122 302 0
191 341 0
191 39 0
73 153 0
73 82 0
339 177 0
339 129 0
209 283 0
209 205 0
77 305 0
77 108 0
28 104 0
28 224 0
260 157 0
260 114 0
267 70 0
267 154 0
15 257 0
15 41 0
204 189 0
204 182 0
79 272 0
79 48 0
130 150 0
130 69 0
53 288 0
53 334 0
148 160 0
148 193 0
67 252 0
67 147 0
284 282 0
284 255 0
36 16 0
36 58 0
134 250 0
134 72 0
74 179 0
74 240 0
89 211 0
89 8 0
99 135 0
99 140 0
80 93 0
80 298 0
155 342 0
155 285 0
220 96 0
220 166 0
223 340 0
223 168 0
310 197 0
310 195 0
84 346 0
84 203 0
12 198 0
12 116 0
123 247 0
123 161 0
347 66 0
347 38 0
348 174 0
348 22 0
317 319 0
317 117 0
312 14 0
312 46 0
167 52 0
167 196 0
324 276 0
324 248 0
61 176 0
61 35 0
233 318 0
233 131 0
121 218 0
121 10 0
87 274 0
87 269 0
105 286 0
105 332 0
299 138 0
299 344 0
254 325 0
254 50 0
219 94 0
219 103 0
19 263 0
19 187 0
229 118 0
229 44 0
25 329 0
25 277 0
225 206 0
225 65 0
107 98 0
107 9 0
126 169 0
126 207 0
51 314 0
51 17 0
280 210 0
280 258 0
175 64 0
175 313 0
337 295 0
337 88 0
57 128 0
57 185 0
287 259 0
287 230 0
170 163 0
170 290 0
188 231 0
188 256 0
297 271 0
297 24 0
300 200 0
300 181 0
215 165 0
215 151 0
273 59 0
273 199 0
228 275 0
228 132 0
136 328 0
136 213 0
320 60 0
320 330 0
27 238 0
27 110 0
294 190 0
294 152 0
76 266 0
76 232 0
139 115 0
139 26 0
137 316 0
137 291 0
68 242 0
68 306 0
90 13 0
90 304 0
30 141 0
30 122 0
120 191 0
120 73 0
201 339 0
201 209 0
113 77 0
113 28 0
296 260 0
296 267 0
309 15 0
309 204 0
322 79 0
322 130 0
2 53 0
2 148 0
349 67 0
349 284 0
321 36 0
321 134 0
21 74 0
21 89 0
29 99 0
29 80 0
326 155 0
326 220 0
245 223 0
245 310 0
45 84 0
45 12 0
172 123 0
172 347 0
31 348 0
31 317 0
173 312 0
173 167 0
95 324 0
95 61 0
101 233 0
101 121 0
162 87 0
162 105 0
100 299 0
100 254 0
158 219 0
158 19 0
7 229 0
7 25 0
0 225 0
0 107 0
184 126 0
184 51 0
227 280 0
227 175 0
303 337 0
303 57 0
292 287 0
292 170 0
11 188 0
11 297 0
37 300 0
37 215 0
62 273 0
62 228 0
249 136 0
249 320 0
23 27 0
23 294 0
164 76 0
164 139 0
4 137 0
4 68 0
265 90 0
265 30 0
212 120 0
212 201 0
281 113 0
281 296 0
221 309 0
221 322 0
125 2 0
125 349 0
159 321 0
159 21 0
268 29 0
268 326 0
106 245 0
106 45 0
327 172 0
327 31 0
239 173 0
239 95 0
307 101 0
307 162 0
222 100 0
222 158 0
214 7 0
214 0 0
216 184 0
216 227 0
1 303 0
1 292 0
55 11 0
55 37 0
33 62 0
33 249 0
270 23 0
270 164 0
78 4 0
78 265 0
133 212 0
133 281 0
279 221 0
279 125 0
217 159 0
217 268 0
183 106 0
183 327 0
83 239 0
83 307 0
56 222 0
56 214 0
253 216 0
253 1 0
91 55 0
91 33 0
335 270 0
335 78 0
3 133 0
3 279 0
142 217 0
142 183 0
43 83 0
43 56 0
246 253 0
246 91 0
186 335 0
186 3 0
119 142 0
119 43 0
40 246 0
40 186 0
315 119 0
315 40 0
