350
11 240 0
11 341 0
240 66 0
240 115 0
341 314 0
341 102 0
66 215 0
66 347 0
115 172 0
115 318 0
314 330 0
314 21 0
102 211 0
102 83 0
215 263 0
215 43 0
347 260 0
347 63 0
172 173 0
172 319 0
318 3 0
318 55 0
330 108 0
330 296 0
21 204 0
21 290 0
211 7 0
211 94 0
83 342 0
83 178 0
263 68 0
263 181 0
43 302 0
43 273 0
260 114 0
260 130 0
63 37 0
63 142 0
173 271 0
173 117 0
319 95 0
319 305 0
3 125 0
3 322 0
55 348 0
55 1 0
108 82 0
108 176 0
296 8 0
296 76 0
204 203 0
204 272 0
290 283 0
290 146 0
7 19 0
7 58 0
94 111 0
94 338 0
342 120 0
342 287 0
178 275 0
178 136 0
68 44 0
68 262 0
181 208 0
181 337 0
302 149 0
302 47 0
273 225 0
273 334 0
114 164 0
114 138 0
130 139 0
130 270 0
37 255 0
37 193 0
142 216 0
142 70 0
271 80 0
271 202 0
117 278 0
117 86 0
95 97 0
95 241 0
305 65 0
305 46 0
125 194 0
125 15 0
322 34 0
322 167 0
348 339 0
348 222 0
1 74 0
1 289 0
82 24 0
82 306 0
176 75 0
176 299 0
8 31 0
8 103 0
76 329 0
76 90 0
203 54 0
203 346 0
272 254 0
272 60 0
283 133 0
283 190 0
146 340 0
146 162 0
19 214 0
19 219 0
58 325 0
58 304 0
111 131 0
111 100 0
338 6 0
338 234 0
120 16 0
120 186 0
287 169 0
287 109 0
275 161 0
275 166 0
136 79 0
136 12 0
44 264 0
44 85 0
262 153 0
262 151 0
208 274 0
208 267 0
337 23 0
337 158 0
149 335 0
149 77 0
47 231 0
47 258 0
225 25 0
225 137 0
334 99 0
334 205 0
164 0 0
164 256 0
138 293 0
138 232 0
139 187 0
139 280 0
270 175 0
270 233 0
255 265 0
255 93 0
193 224 0
193 91 0
216 239 0
216 327 0
70 315 0
70 191 0
80 252 0
80 321 0
202 84 0
202 51 0
278 311 0
278 141 0
86 13 0
86 235 0
97 105 0
97 336 0
241 140 0
241 333 0
65 210 0
65 226 0
46 257 0
46 163 0
194 124 0
194 22 0
15 132 0
15 104 0
34 135 0
34 223 0
167 33 0
167 165 0
339 30 0
339 301 0
222 49 0
222 18 0
74 309 0
74 143 0
289 310 0
289 182 0
24 38 0
24 17 0
306 69 0
306 48 0
75 200 0
75 122 0
299 269 0
299 88 0
31 128 0
31 36 0
103 303 0
103 292 0
329 20 0
329 35 0
90 281 0
90 129 0
54 343 0
54 134 0
346 286 0
346 253 0
254 217 0
254 110 0
60 170 0
60 184 0
133 73 0
133 230 0
190 113 0
190 227 0
340 59 0
340 268 0
162 145 0
162 10 0
214 179 0
214 9 0
219 320 0
219 45 0
325 56 0
325 221 0
304 52 0
304 174 0
131 40 0
131 14 0
100 157 0
100 345 0
6 81 0
6 185 0
234 123 0
234 197 0
16 236 0
16 312 0
186 126 0
186 212 0
169 209 0
169 331 0
109 251 0
109 112 0
161 316 0
161 349 0
166 199 0
166 98 0
79 261 0
79 28 0
12 244 0
12 119 0
264 291 0
264 238 0
85 195 0
85 26 0
153 300 0
153 180 0
151 177 0
151 192 0
274 107 0
274 57 0
267 106 0
267 277 0
23 116 0
23 294 0
158 237 0
158 127 0
335 67 0
335 71 0
77 284 0
77 196 0
231 87 0
231 2 0
258 246 0
258 247 0
25 243 0
25 118 0
137 32 0
137 213 0
99 78 0
99 159 0
205 5 0
205 324 0
0 220 0
0 328 0
256 250 0
256 171 0
293 279 0
293 326 0
232 152 0
232 64 0
187 61 0
187 50 0
280 297 0
280 92 0
175 29 0
175 313 0
233 276 0
233 160 0
265 155 0
265 147 0
93 288 0
93 168 0
224 248 0
224 156 0
91 27 0
91 266 0
239 323 0
239 228 0
327 245 0
327 206 0
315 317 0
315 42 0
191 218 0
191 207 0
252 150 0
252 154 0
321 101 0
321 41 0
84 62 0
84 259 0
51 344 0
51 121 0
311 295 0
311 89 0
141 148 0
141 282 0
13 308 0
13 53 0
235 72 0
235 198 0
105 4 0
105 201 0
336 96 0
336 183 0
140 285 0
140 242 0
333 188 0
333 189 0
210 249 0
210 144 0
226 229 0
226 39 0
257 307 0
257 298 0
163 332 0
