350
74 344 0
74 22 0
22 207 0
22 234 0
344 223 0
344 299 0
223 310 0
223 267 0
299 146 0
207 25 0
234 111 0
207 192 0
299 94 0
234 264 0
264 279 0
25 54 0
192 107 0
264 215 0
25 53 0
267 160 0
146 198 0
111 72 0
94 206 0
310 318 0
111 294 0
267 34 0
146 231 0
94 177 0
192 123 0
310 243 0
54 43 0
54 7 0
294 97 0
107 180 0
72 30 0
231 75 0
177 245 0
198 73 0
243 258 0
294 32 0
34 64 0
123 240 0
318 341 0
206 342 0
318 33 0
53 56 0
215 6 0
279 17 0
198 162 0
123 349 0
206 295 0
279 261 0
243 2 0
72 140 0
107 126 0
177 220 0
160 92 0
53 173 0
231 325 0
215 147 0
160 20 0
34 224 0
17 106 0
30 181 0
240 269 0
17 322 0
32 81 0
349 306 0
7 185 0
126 83 0
20 78 0
92 270 0
43 118 0
43 187 0
258 80 0
162 131 0
2 91 0
325 317 0
173 291 0
341 153 0
180 117 0
30 170 0
97 135 0
64 121 0
349 26 0
2 100 0
180 5 0
92 196 0
140 330 0
245 24 0
6 333 0
341 217 0
261 13 0
56 296 0
32 260 0
20 156 0
295 320 0
7 174 0
240 247 0
258 103 0
147 35 0
147 163 0
342 178 0
220 218 0
75 236 0
342 105 0
224 151 0
173 51 0
75 88 0
97 66 0
73 148 0
261 225 0
220 242 0
162 89 0
245 277 0
325 165 0
140 132 0
295 104 0
33 303 0
73 226 0
224 271 0
64 29 0
56 266 0
33 230 0
6 290 0
126 116 0
5 175 0
151 77 0
132 0 0
320 119 0
260 10 0
104 274 0
163 124 0
236 272 0
271 45 0
103 229 0
225 283 0
290 262 0
132 298 0
156 149 0
270 202 0
13 112 0
277 108 0
320 62 0
317 312 0
317 93 0
81 253 0
51 210 0
151 328 0
135 19 0
148 265 0
13 348 0
226 164 0
121 343 0
165 284 0
156 172 0
106 38 0
290 161 0
270 157 0
88 305 0
153 145 0
105 300 0
116 139 0
174 143 0
116 301 0
196 216 0
66 15 0
104 142 0
5 211 0
230 109 0
296 193 0
187 101 0
333 129 0
181 188 0
277 292 0
83 154 0
88 244 0
89 334 0
35 286 0
118 339 0
153 212 0
100 241 0
26 338 0
187 228 0
165 289 0
296 183 0
330 239 0
181 251 0
217 263 0
306 40 0
185 302 0
266 61 0
83 18 0
291 179 0
217 127 0
89 27 0
260 209 0
196 288 0
218 85 0
135 176 0
91 76 0
174 221 0
291 114 0
230 275 0
78 329 0
131 257 0
51 69 0
80 248 0
178 297 0
226 130 0
271 42 0
236 115 0
105 98 0
103 276 0
269 315 0
303 195 0
218 219 0
24 41 0
121 278 0
78 31 0
29 36 0
322 304 0
29 152 0
178 11 0
66 133 0
247 340 0
269 28 0
91 95 0
330 327 0
225 137 0
322 150 0
118 235 0
24 189 0
185 144 0
117 4 0
35 49 0
26 39 0
106 250 0
242 233 0
80 65 0
242 190 0
117 331 0
303 346 0
100 249 0
131 67 0
266 159 0
170 125 0
306 96 0
163 307 0
247 313 0
81 335 0
148 256 0
170 232 0
333 122 0
239 237 0
114 213 0
69 128 0
335 323 0
188 199 0
307 47 0
253 12 0
188 1 0
304 332 0
15 171 0
19 227 0
150 316 0
286 23 0
125 158 0
327 347 0
348 90 0
235 3 0
129 16 0
137 255 0
183 293 0
10 68 0
250 52 0
161 186 0
221 169 0
0 203 0
176 184 0
49 194 0
228 337 0
143 48 0
69 113 0
133 46 0
0 70 0
125 222 0
232 191 0
122 86 0
112 63 0
239 254 0
235 204 0
262 50 0
283 84 0
298 345 0
307 99 0
61 57 0
124 21 0
129 182 0
327 281 0
193 168 0
253 214 0
112 82 0
161 238 0
114 314 0
15 155 0
339 8 0
210 44 0
101 120 0
221 326 0
209 285 0
101 287 0
38 309 0
183 319 0
19 259 0
228 280 0
143 58 0
150 138 0
193 9 0
159 79 0
283 166 0
262 200 0
49 246 0
176 311 0
124 201 0
159 14 0
179 321 0
210 273 0
122 59 0
302 102 0
335 71 0
209 134 0
179 136 0
348 268 0
144 60 0
251 252 0
137 197 0
304 37 0
250 87 0
144 208 0
251 324 0
302 282 0
38 141 0
286 205 0
298 308 0
61 55 0
133 110 0
232 336 0
10 167 0
