350
168 34 785923724
168 88 405456248
34 172 773183132
34 33 692627884
88 176 896849265
88 173 427262258
172 160 128158332
172 204 646182958
33 328 955403086
33 236 871333253
176 57 976789949
176 242 690936368
173 29 684679532
173 185 533166137
160 322 814404744
160 73 318145921
204 318 142076048
204 321 687889290
328 181 463617907
328 202 935431832
236 265 347641760
236 201 459465836
57 21 896556898
57 232 908821283
242 20 146475074
242 71 942876176
29 13 258579194
29 197 90090797
185 126 644918923
185 139 991585624
322 228 206622883
322 304 998776054
73 211 160365677
73 114 499227772
318 9 958928200
318 24 513441605
321 157 286418623
321 37 332462457
181 118 7359014
181 84 919203984
202 106 508814220
202 124 367951642
265 261 800183471
265 137 918721772
201 167 97201907
201 79 534507132
21 219 655117502
21 344 913085955
232 256 304320446
232 98 316625083
20 333 186688419
20 64 497597263
71 55 275256168
71 179 189005350
13 299 416438660
13 282 875166616
197 41 175829740
197 56 313354700
126 293 108051672
126 81 253978337
139 74 253167076
139 148 668960792
228 47 363144212
228 327 285451420
304 103 249538966
304 206 693834726
211 237 408937330
211 218 128693607
114 245 936254072
114 158 281722292
9 332 310173956
9 330 699877926
24 149 456759066
24 199 310819697
157 233 244316625
157 251 84356938
37 334 372438814
37 268 547612285
118 22 542001236
118 5 765510135
84 225 658283158
84 155 412645970
106 62 78462349
106 105 21136658
124 99 970437774
124 154 684618006
261 166 37413896
261 52 607059106
137 324 710566341
137 133 988488740
167 262 468022736
167 60 653946697
79 92 843448638
79 195 915312950
219 257 753922982
219 348 94999076
344 65 802218380
344 292 900773002
256 306 12228189
256 305 408388562
98 164 263574951
98 286 570665603
333 248 401052036
333 68 854206014
64 316 404481395
64 110 323645519
55 238 457536631
55 112 132622401
179 61 437125814
179 295 651228865
299 3 269715144
299 274 579750639
282 208 774059101
282 156 505654436
41 270 870831629
41 253 296944817
56 203 485159700
56 290 24230864
293 207 507356026
293 178 552491931
81 212 981744864
81 143 184701820
74 235 711134264
74 10 842718998
148 129 181008943
148 223 200572828
47 273 1317389
47 144 112365039
327 17 528485934
327 4 636042661
103 187 154218355
103 315 18588887
206 313 648303486
206 94 572481126
237 289 855111555
237 16 564437270
218 215 220506280
218 58 757791448
245 247 609866346
245 287 889129008
158 174 711143282
158 279 13999455
332 255 494577050
332 2 156138521
330 254 384270351
330 87 866940094
149 146 317324739
149 329 330475120
199 25 357266898
199 40 34334481
233 171 210090501
233 26 975815417
251 222 475714669
251 163 730475694
334 80 149536599
334 28 308062255
268 93 256404267
268 23 580327330
22 336 971552052
22 189 50508619
5 85 976464264
5 83 826086282
225 134 468114421
225 51 816363330
155 263 348870056
155 214 935365666
62 307 803631222
62 67 936430512
105 95 506802898
105 182 789556667
99 288 231088690
99 191 224066030
154 91 368024936
154 258 508425170
166 177 906655421
166 97 527378209
52 250 252225628
52 260 528927732
324 224 333794907
324 346 556976947
133 36 457832326
133 132 893987046
262 303 138528355
262 120 189589337
60 217 860400074
60 281 636338346
92 15 852679900
92 11 141319943
195 310 228391295
195 7 837477121
257 240 386326225
257 8 217537750
348 116 463375891
348 280 888965339
65 345 280128144
65 259 5019624
292 1 225939803
292 220 690735511
306 216 624549827
306 122 415990937
305 308 153891824
305 331 351405097
164 153 883894753
164 285 942570306
286 234 99178493
286 72 411222125
248 192 758767765
248 271 677162946
68 283 949819445
68 340 821332467
316 317 256363430
316 113 16201369
110 294 888655566
110 229 964189786
238 210 852565932
238 175 262506317
112 213 558534952
112 246 383857652
61 320 279106766
61 342 674029998
295 347 244660827
295 108 898446574
3 39 938082890
3 161 732648630
274 104 572331395
274 323 985640194
208 231 930735237
208 6 494528445
156 275 757510747
156 243 471246027
270 349 483933150
270 128 190569341
253 135 403072590
253 78 639384585
203 42 689807660
203 48 879425524
290 309 537665848
290 184 915801959
207 50 826726652
207 226 98515161
178 147 776700214
178 19 183161081
212 205 545683824
212 70 326472383
143 35 837690639
143 138 869299741
235 46 488514753
235 337 618971373
10 335 297572222
10 31 263425475
129 198 247177411
129 63 277446997
223 102 802969723
223 141 246925654
273 284 633844600
273 75 825709993
144 196 338438362
144 267 602089753
17 109 246454594
17 130 235110687
4 136 264681826
4 145 345205188
187 86 176690942
187 314 898178382
315 186 30191849
315 117 721610163
313 190 876544368
313 27 843529097
94 151 72310390
94 276 52322738
289 338 718851175
289 311 783649965
16 44 967225015
16 252 678577025
215 343 288977501
215 115 837920405
58 59 526481504
58 169 654596373
247 142 359850395
247 100 242566217
287 121 137581891
287 125 544256722
174 272 995623906
174 150 301632010
279 90 317497985
279 119 741424851
255 111 711530015
255 38 698631584
2 66 177596214
2 297 429326621
254 278 642397811
254 14 689856925
87 0 736369318
87 107 938590380
146 170 667459733
146 325 352520441
329 18 820607098
329 298 431166559
25 180 21814484
25 300 306146595
40 43 602779478
40 277 870508277
171 341 301114783
171 193 261716482
26 209 706790103
26 264 430681198
222 244 907121726
222 49 312591759
163 131 783850289
163 319 977796992
80 296 49326593
80 241 447892193
28 32 487988497
28 159 83180832
93 194 550967871
93 183 45532287
23 269 495148373
23 69 334217874
336 326 977147366
336 239 276576244
189 82 587700922
189 45 929404635
85 96 8981471
85 152 243446794
83 53 33632711
83 76 497906241
134 227 209402626
134 266 889552957
51 101 753305781
51 89 131769854
263 339 460882077
263 249 267043925
214 127 878415503
214 221 322195429
307 165 656946016
307 162 915054968
67 200 876942474
67 77 401339169
95 12 852733926
95 123 356663484
182 188 117206612
182 302 699218634
288 301 787765134
288 30 817669919
191 54 100469099
191 230 263972630
91 140 790745893
91 291 243367485
258 312 329949895
