350
82 58 0
82 89 0
58 311 0
58 81 0
89 206 0
89 9 0
311 296 0
311 52 0
81 128 0
81 78 0
206 113 0
206 319 0
9 177 0
9 126 0
296 253 0
296 300 0
52 236 0
52 194 0
128 347 0
128 340 0
78 92 0
78 284 0
113 117 0
113 93 0
319 87 0
319 346 0
177 304 0
177 276 0
126 341 0
126 220 0
253 88 0
253 326 0
300 297 0
300 207 0
236 160 0
236 18 0
194 159 0
194 259 0
347 125 0
347 110 0
340 35 0
340 21 0
92 36 0
92 219 0
284 45 0
284 114 0
117 41 0
117 66 0
93 109 0
93 218 0
87 247 0
87 143 0
346 61 0
346 216 0
304 213 0
304 53 0
276 2 0
276 190 0
341 13 0
341 137 0
220 166 0
220 25 0
88 191 0
88 90 0
326 344 0
326 244 0
297 223 0
297 328 0
207 196 0
207 333 0
160 251 0
160 294 0
18 28 0
18 271 0
159 260 0
159 29 0
259 173 0
259 167 0
125 254 0
125 246 0
110 158 0
110 44 0
35 115 0
35 178 0
21 151 0
21 108 0
36 179 0
36 59 0
219 209 0
219 1 0
45 129 0
45 133 0
114 154 0
114 214 0
41 313 0
41 76 0
66 123 0
66 86 0
109 15 0
109 310 0
218 107 0
218 189 0
247 135 0
247 146 0
143 202 0
143 112 0
61 161 0
61 3 0
216 12 0
216 321 0
213 282 0
213 43 0
53 106 0
12 73 0
214 288 0
76 165 0
154 70 0
43 31 0
202 170 0
246 20 0
70 286 0
286 233 0
170 17 0
86 69 0
251 290 0
254 164 0
178 316 0
288 116 0
90 240 0
223 195 0
146 349 0
166 148 0
196 141 0
112 80 0
115 147 0
321 144 0
3 291 0
116 309 0
17 278 0
31 308 0
291 14 0
147 330 0
330 265 0
179 199 0
80 131 0
271 228 0
161 22 0
282 299 0
233 262 0
167 245 0
59 256 0
256 85 0
22 289 0
245 257 0
313 224 0
265 23 0
195 74 0
141 19 0
106 136 0
135 11 0
2 183 0
191 124 0
69 325 0
25 111 0
189 127 0
228 263 0
19 197 0
290 315 0
124 266 0
209 168 0
129 188 0
299 314 0
1 49 0
53 99 0
123 100 0
73 268 0
315 331 0
168 306 0
164 322 0
266 217 0
224 249 0
306 48 0
15 318 0
331 336 0
85 320 0
199 215 0
133 225 0
100 54 0
278 26 0
262 142 0
107 163 0
23 40 0
310 339 0
336 238 0
11 275 0
131 184 0
339 34 0
225 122 0
322 242 0
26 84 0
108 155 0
40 7 0
349 162 0
244 192 0
144 38 0
318 270 0
289 332 0
20 33 0
82 250 0
137 241 0
215 102 0
333 95 0
260 171 0
148 6 0
49 56 0
122 208 0
102 180 0
190 172 0
309 0 0
7 302 0
263 232 0
183 203 0
165 303 0
238 295 0
295 47 0
180 279 0
151 37 0
257 101 0
232 317 0
302 185 0
314 198 0
162 57 0
6 152 0
242 132 0
38 335 0
84 193 0
152 27 0
136 324 0
172 285 0
328 345 0
335 327 0
163 62 0
250 55 0
285 283 0
240 60 0
57 281 0
74 79 0
99 212 0
62 150 0
95 96 0
270 201 0
185 105 0
249 134 0
127 51 0
37 274 0
203 103 0
14 138 0
132 104 0
320 39 0
79 91 0
188 97 0
97 293 0
281 239 0
275 46 0
274 205 0
198 258 0
104 50 0
101 243 0
91 139 0
239 169 0
268 120 0
48 230 0
316 65 0
138 98 0
294 4 0
332 264 0
184 292 0
212 210 0
158 252 0
34 83 0
50 226 0
111 63 0
51 72 0
39 272 0
303 337 0
193 157 0
150 204 0
96 145 0
72 42 0
272 273 0
157 261 0
98 255 0
255 221 0
29 176 0
325 94 0
173 130 0
63 267 0
210 32 0
337 305 0
176 343 0
267 200 0
33 186 0
169 287 0
197 16 0
139 323 0
105 211 0
171 64 0
261 248 0
345 307 0
205 187 0
307 237 0
130 140 0
28 175 0
46 8 0
264 277 0
55 5 0
0 156 0
211 301 0
94 338 0
317 119 0
308 234 0
217 67 0
323 30 0
221 68 0
27 182 0
293 77 0
44 10 0
237 348 0
30 269 0
156 121 0
344 312 0
65 181 0
142 118 0
145 334 0
16 153 0
292 75 0
226 231 0
187 229 0
75 24 0
155 298 0
77 342 0
258 235 0
119 149 0
230 222 0
204 329 0
32 280 0
338 71 0
208 227 0
329 174 0
