350
52 233 0
52 58 0
233 46 0
233 69 0
58 190 0
58 49 0
46 200 0
46 82 0
69 238 0
69 279 0
190 218 0
190 140 0
49 301 0
49 244 0
200 71 0
200 176 0
82 336 0
82 156 0
238 247 0
238 174 0
279 346 0
279 324 0
218 343 0
218 293 0
140 182 0
140 105 0
301 164 0
301 33 0
244 151 0
244 305 0
71 266 0
71 192 0
176 128 0
176 269 0
336 291 0
336 259 0
156 302 0
156 31 0
247 56 0
247 137 0
174 103 0
174 262 0
346 228 0
346 309 0
324 338 0
324 8 0
343 340 0
343 135 0
293 131 0
293 93 0
182 235 0
182 308 0
105 253 0
105 132 0
164 195 0
164 65 0
33 298 0
33 117 0
151 204 0
151 21 0
305 289 0
305 330 0
266 130 0
266 216 0
192 349 0
192 48 0
128 317 0
128 22 0
269 341 0
269 145 0
291 285 0
291 246 0
259 163 0
259 170 0
302 54 0
302 245 0
31 70 0
31 124 0
56 280 0
56 142 0
137 287 0
137 282 0
103 13 0
103 134 0
262 201 0
245 98 0
98 47 0
47 239 0
239 198 0
198 231 0
231 261 0
282 263 0
263 315 0
315 300 0
300 189 0
189 9 0
9 92 0
117 264 0
264 15 0
15 327 0
327 226 0
226 25 0
25 175 0
124 304 0
304 252 0
252 7 0
7 191 0
191 123 0
123 108 0
22 121 0
121 232 0
232 183 0
183 160 0
160 250 0
250 150 0
228 180 0
180 57 0
57 241 0
241 322 0
322 292 0
292 193 0
285 274 0
274 102 0
102 157 0
157 258 0
258 28 0
28 149 0
21 210 0
210 162 0
162 19 0
19 320 0
320 273 0
273 63 0
246 138 0
138 152 0
152 139 0
139 187 0
187 270 0
270 111 0
13 42 0
42 214 0
214 179 0
179 110 0
110 12 0
12 38 0
134 316 0
316 267 0
267 333 0
333 272 0
272 4 0
4 20 0
93 119 0
119 126 0
126 169 0
169 68 0
68 177 0
177 306 0
70 167 0
167 144 0
144 41 0
41 84 0
84 288 0
288 83 0
308 73 0
73 205 0
205 78 0
78 203 0
203 30 0
30 342 0
54 314 0
314 240 0
240 50 0
50 196 0
196 284 0
284 89 0
317 34 0
34 153 0
153 127 0
127 35 0
35 223 0
223 64 0
135 158 0
158 101 0
101 90 0
90 283 0
283 39 0
39 286 0
330 271 0
271 310 0
310 26 0
26 331 0
331 202 0
202 337 0
52 243 0
243 181 0
181 120 0
120 221 0
221 44 0
44 88 0
48 104 0
104 207 0
207 27 0
27 113 0
113 209 0
209 184 0
309 197 0
197 165 0
165 295 0
295 5 0
5 85 0
85 155 0
145 251 0
251 307 0
307 154 0
154 257 0
257 81 0
81 325 0
262 321 0
321 166 0
166 91 0
91 118 0
118 199 0
199 43 0
253 344 0
344 313 0
313 171 0
171 347 0
347 6 0
6 72 0
341 112 0
112 122 0
122 237 0
237 334 0
334 3 0
3 66 0
132 186 0
186 303 0
303 255 0
255 335 0
335 67 0
67 36 0
235 129 0
129 194 0
194 265 0
265 45 0
45 248 0
248 276 0
131 141 0
141 219 0
219 208 0
208 109 0
109 11 0
11 318 0
204 254 0
254 75 0
75 59 0
59 0 0
0 172 0
172 147 0
340 14 0
14 297 0
297 323 0
323 225 0
225 299 0
299 290 0
170 106 0
106 86 0
86 234 0
234 328 0
328 143 0
143 173 0
142 345 0
345 125 0
125 227 0
227 275 0
275 96 0
96 16 0
201 146 0
146 17 0
17 326 0
326 185 0
185 188 0
188 236 0
8 62 0
62 256 0
256 74 0
74 76 0
76 339 0
339 277 0
280 294 0
294 281 0
281 206 0
206 215 0
215 213 0
213 332 0
298 116 0
116 55 0
55 222 0
222 37 0
37 133 0
133 94 0
163 268 0
268 60 0
60 100 0
100 87 0
87 107 0
107 178 0
130 95 0
95 53 0
53 40 0
40 29 0
29 136 0
136 159 0
65 114 0
114 18 0
18 32 0
32 2 0
2 242 0
242 212 0
216 168 0
168 329 0
329 115 0
115 220 0
220 249 0
249 51 0
349 97 0
97 161 0
161 211 0
211 79 0
79 23 0
23 217 0
195 229 0
229 319 0
319 99 0
99 61 0
61 24 0
24 148 0
289 10 0
10 312 0
312 296 0
296 80 0
80 311 0
311 77 0
338 224 0
224 230 0
230 260 0
260 348 0
348 1 0
1 278 0
