350
218 344 460574753
218 340 818687354
344 151 950303860
344 60 298832149
340 320 796266178
340 206 880048995
151 175 226517887
151 249 976679774
60 188 842505056
60 341 148597310
320 140 852278834
320 117 533430662
206 79 577885761
206 217 710359149
175 58 152047221
175 98 145499160
249 54 670889506
249 253 413944019
188 166 41445169
188 167 370973738
341 106 956563784
341 126 144213835
140 68 134955181
140 65 98355241
117 136 678989253
117 327 617714675
79 123 125346828
79 289 273422806
217 220 42455067
217 251 819634201
58 14 35704194
58 294 766515903
98 23 811126846
98 135 766870010
54 265 844658764
54 290 884844495
253 246 375165224
253 82 532072478
166 70 182503755
166 267 821413415
167 121 820060445
167 59 924731807
106 134 487499456
106 88 287981090
126 45 786650029
126 212 17317260
68 149 183823022
68 291 281404601
65 8 812995745
65 84 632756851
136 259 37564444
136 145 779680793
327 109 389970830
327 314 485606621
123 213 865204084
123 170 621535533
289 195 76248080
289 178 781458351
220 25 770115700
220 47 497451245
251 306 373018180
251 302 549952317
14 214 21381785
14 288 341168440
294 174 820511500
294 51 505025167
23 161 281016942
23 171 746674067
135 192 741160826
135 229 885322949
265 97 250567480
265 120 736213342
290 285 23746015
290 17 43524057
246 31 187269330
246 287 407808588
82 0 977466479
82 295 716609583
70 81 646926786
70 24 793495365
267 271 308075059
267 245 780000888
121 279 440534607
121 331 736070358
59 349 624591509
59 318 297899204
134 38 353901755
134 3 196989412
88 28 927250399
88 228 205550818
45 125 273492976
45 73 402113405
212 309 482711853
212 263 130535945
149 131 933276008
149 336 738485011
291 144 279528091
291 133 776386235
8 95 88691763
8 276 992530680
84 186 937488277
84 44 313870068
259 173 486700415
259 324 286556572
145 321 196035079
145 39 926932891
109 197 278986090
109 347 185630119
314 130 548124407
314 46 682599085
213 15 789320248
213 223 811708644
170 105 410298199
131 13 241076970
318 308 576668697
349 67 336089289
173 238 231541446
228 157 160877616
73 9 463628332
271 255 282471374
279 187 957260582
306 185 319901385
347 231 105973361
46 19 885727565
105 273 55692181
95 211 789006655
174 160 919016961
51 234 293998961
245 137 167751378
44 40 181082400
47 112 986187581
125 183 28434620
223 138 92651203
321 2 181200328
133 216 943336875
39 272 245064895
192 33 25189772
144 284 199719070
24 222 922202753
295 99 317146940
214 225 226984331
302 16 797354408
3 283 92661120
81 317 764694422
287 93 564183595
218 268 883788188
170 101 165168458
229 62 551383312
288 256 863111062
28 152 551206346
0 4 545856435
186 346 183112777
276 293 141626728
197 209 664015378
120 180 889198750
336 278 868619222
285 77 73735240
161 322 985567164
309 100 502602899
263 312 713379159
38 150 890625764
178 111 328725911
25 78 283420161
130 203 427094653
324 335 482213440
31 190 24284661
15 148 479267470
195 305 244528740
171 311 540046222
17 5 99261514
97 333 597532241
331 280 691307454
13 204 363898114
308 11 811469291
67 57 602040743
238 30 196653516
157 10 721334955
9 176 355029408
255 143 70562920
187 52 970742745
185 169 762798522
231 114 293310047
19 119 116946336
273 250 13231047
211 1 542787542
160 281 800971527
234 20 156972433
137 177 567702891
40 142 500961871
112 53 548908523
183 200 588046223
138 69 674010110
2 159 87700076
216 210 844061858
272 329 714767304
33 26 949976325
284 75 821308385
222 147 54171759
99 86 5242237
225 42 722986306
16 242 912841681
283 102 126980317
317 34 331410327
93 122 961345430
268 189 389105115
101 300 871205851
62 296 242859756
256 261 945063058
152 139 277061191
4 313 47451526
346 323 594665886
293 221 579702750
209 337 920677885
180 334 586864252
278 345 787747362
77 179 258606754
322 48 435297808
100 339 600995305
312 237 19002315
150 330 996879051
111 35 676078662
78 146 676645167
203 156 345537865
335 201 348612757
190 252 23961607
148 153 393016919
305 172 181713084
311 233 119192776
5 184 630128278
333 61 78402171
280 124 704227404
204 270 817474288
11 208 922078783
57 168 866410099
30 154 691562273
10 129 474549349
176 49 414100006
143 37 832723200
52 43 108014115
169 87 108387980
114 72 840959085
119 348 296447069
250 165 768156444
1 66 975570423
281 236 222491881
20 155 419551151
177 226 375802684
142 342 924625943
53 235 789997617
200 128 77845186
69 115 604866279
159 103 337948162
210 64 191154743
329 297 626693690
26 83 336707473
75 21 997854401
147 328 565364508
86 80 69574784
42 198 568745291
242 110 402029557
102 182 787569321
34 29 80970259
122 227 551402095
189 163 765946949
300 315 565056171
296 141 487261723
261 207 739487280
139 319 39277811
313 162 156418373
323 326 682826879
221 22 768726314
337 282 399097322
334 50 598438305
345 292 243793641
179 258 137037715
48 343 898868702
339 6 397378202
237 108 477954415
330 205 419383636
35 274 193425141
146 113 760151461
156 107 210718125
201 248 574723348
252 36 989524313
153 262 312419013
172 7 644863370
233 301 37663404
184 232 110243418
61 264 470549943
124 307 907903070
270 63 885022173
208 74 138304112
168 76 14370530
154 89 751129700
129 55 506403303
49 132 51697085
37 199 100942532
43 116 831428018
87 94 958061802
72 219 393794091
348 303 207723120
165 332 900759751
66 338 720940077
236 32 753065468
155 254 885407883
226 91 881877426
342 247 907564567
235 18 898804417
128 243 193671445
115 158 421862047
103 240 47862820
64 230 333738737
297 27 284992314
83 12 390363965
21 299 611950151
328 118 584349108
80 71 478894246
198 164 879509341
110 215 485126748
182 257 746846139
29 260 48399804
227 96 693459897
163 85 493168124
315 202 381243859
141 239 703644501
207 92 307463240
319 244 35064946
162 310 467234235
326 196 942603778
22 191 226005824
282 241 909120847
50 275 565108792
292 90 38410544
258 298 859870386
343 194 350244149
6 127 281927599
108 224 24757574
205 104 346771321
274 325 174757901
113 277 39848089
107 193 924927947
248 269 92500143
36 56 530908401
262 266 113840581
7 286 396947142
301 316 930015699
232 304 415712877
264 41 702631667
307 181 553018273
