350
49 300 381916507
49 152 884934299
300 264 892173529
300 110 444008792
152 164 178206917
152 349 847846413
264 137 653223566
264 43 939034431
110 206 750011040
110 232 91211633
164 214 899964349
164 141 891943095
349 139 818488723
349 30 829726651
137 270 128108934
137 90 308914755
43 176 301245817
43 135 942118385
206 44 368201056
206 46 328178392
232 281 246266001
232 340 234360569
214 24 312111509
214 185 755556409
141 291 29729478
141 28 489635775
139 259 535380309
139 122 12651121
30 311 833466478
30 114 193141081
270 272 603405902
270 267 668117483
90 113 441545214
90 277 619100433
176 280 592880919
176 233 319893698
135 175 808336467
135 332 814829547
44 188 370813004
44 216 655599488
46 335 592917143
46 151 687752522
281 228 179366218
281 0 246434526
340 295 435381324
340 10 988336169
24 196 168465478
24 41 173679007
185 287 963047930
185 218 989761736
291 101 770584271
291 261 514415815
28 166 747030074
28 303 913904041
259 33 616473567
259 247 338744326
122 42 892164804
122 143 586335068
311 23 956557006
311 243 539550493
114 313 149245773
114 50 683635785
272 36 39141205
272 131 944027561
267 182 6697749
267 230 483887727
113 307 301652282
113 145 562875808
277 47 80503421
277 203 175853107
280 290 470077768
280 294 72376442
233 296 675361179
233 234 660173040
175 250 978147621
175 191 350061629
332 73 600358306
332 173 744230257
188 316 888459998
188 154 954626449
216 98 147728758
216 245 294406689
335 29 585409439
335 211 78804248
151 160 400212006
151 130 447268563
228 1 164980531
228 148 862515841
0 2 947112754
0 96 579735261
295 293 799833409
295 327 14754249
10 85 75359802
10 7 998826543
196 37 907907549
196 186 899654930
41 278 753833791
41 63 158482454
287 227 189416920
287 308 93336022
218 39 141508952
218 344 317073475
101 346 983260201
101 195 413001823
261 225 280051176
261 99 576658319
166 27 784553065
166 66 425806628
303 190 221253622
303 337 862517795
33 20 54986633
33 236 943051916
247 138 989257149
247 109 317897524
42 238 557098556
42 314 352315265
143 208 223728889
143 40 204219796
23 179 27973874
23 45 995856075
243 170 265561566
243 258 339252106
313 62 375742110
313 4 300162383
50 11 740732687
50 231 36509023
36 217 252411020
36 115 354923434
131 302 854466413
131 157 462775382
182 163 743255200
182 177 988554763
230 88 932128123
230 315 765535645
307 79 396090613
307 219 755163351
145 127 95385451
145 334 494019409
47 320 285447129
47 333 270148266
203 13 501080504
203 124 559179040
290 161 204736754
290 159 909268496
294 184 260427659
294 15 197435734
296 326 587344948
296 253 243694751
234 106 633366883
234 199 710340816
250 284 111171620
250 165 635780742
191 121 370922168
191 328 373857126
73 192 508106854
73 246 515169250
173 132 219355118
173 18 714366932
316 48 791742314
316 35 703445876
154 147 911314125
154 86 685418853
98 150 62578140
98 67 859955608
245 299 783332286
245 240 318108021
29 95 791327740
29 53 300941502
211 129 504103838
211 12 205557785
160 21 82875777
160 8 387123536
130 120 463436291
130 168 26131477
1 87 633802325
1 339 920684251
148 149 130859530
148 193 187861674
2 71 526342572
2 271 364121509
96 142 582531336
96 103 924235973
293 288 781371585
293 78 902061294
327 323 988565783
327 65 392441954
85 128 189981244
85 215 42720528
7 310 622193131
7 347 124421269
37 123 808836130
37 265 454774989
186 14 726462971
186 331 111592679
278 3 856547262
278 61 29685230
63 119 983650052
63 17 695471080
227 162 166464850
227 263 908622024
308 279 574512161
308 268 929858617
39 38 671150395
39 183 54117241
344 92 301720164
344 32 966310338
346 318 65358409
346 273 582045830
195 54 98427619
195 266 292659325
225 118 293325131
225 304 354229269
99 69 242260139
99 72 393736823
27 34 524565179
27 58 811802109
66 207 807060015
66 343 201884311
190 172 54246304
190 94 288966196
337 25 203911094
337 60 880335103
20 285 438171585
20 83 592061863
236 97 406521712
236 224 478315013
138 205 413145267
138 198 357372537
109 275 392511626
109 342 455011810
238 108 673818429
238 126 212268576
314 239 877986500
314 70 935581776
208 133 307913534
208 89 536868805
40 55 628214558
40 292 336215970
179 329 79539200
179 257 52373348
45 197 844070666
45 274 728931757
170 82 94519776
170 306 270278437
258 286 268679453
258 64 31679797
62 57 936731211
62 153 157148910
4 289 846158154
4 201 267516006
11 282 875147431
11 16 15559293
231 169 80515148
231 77 60912078
217 102 288270661
217 140 848175833
115 144 242321554
115 178 729870886
302 209 337761090
302 9 454770692
157 117 422211179
157 189 459177132
163 254 177229013
163 260 141268237
177 93 810049765
177 298 461955666
88 248 1906051
88 324 305329764
315 309 904871079
315 171 981110782
79 317 331500229
79 200 174405612
219 226 353191685
219 31 977786524
127 59 34958695
127 330 719560058
334 221 863834651
334 125 259933960
320 81 182838341
320 167 180161369
333 220 627455677
333 237 843001571
13 174 925790542
13 321 912582088
124 56 993248175
124 52 575166569
161 262 806721266
161 213 385443261
159 241 439314871
159 74 7570291
184 202 279071916
184 104 372222356
15 345 831995228
15 305 369318227
326 187 869008580
326 341 785120275
253 194 864493445
253 76 214774290
106 312 652321023
106 116 482064490
199 242 687509498
199 75 684772251
284 91 381361828
284 136 975816410
165 244 540272855
165 180 571132452
121 155 28408409
121 146 740711759
328 276 771270493
328 336 478999059
192 256 911484603
192 210 839089737
246 26 191179631
246 301 333496932
132 222 430517402
132 84 728314653
18 134 643799737
18 111 196834994
48 68 901011085
48 158 557162591
35 338 828081483
35 100 814426665
147 348 316065385
147 249 134709916
86 251 936056740
86 181 936312781
150 319 634844550
150 229 145693795
67 223 972069445
67 325 586595685
299 283 831873515
299 80 908748553
240 252 797459639
240 112 399346726
95 255 949467195
95 19 825275899
53 297 920714179
53 235 940381624
129 204 674686025
129 105 384646652
12 269 346886133
12 6 594713157
21 212 606811787
21 322 817633906
8 107 627467723
8 51 474790205
120 22 585367937
120 5 642875093
168 156 891828379
