350
236 68 919563015
236 222 269051949
68 287 652535737
68 176 651126479
222 257 409966983
222 337 396236224
287 286 827029176
287 145 452481703
176 95 249640932
176 142 461583920
257 92 85073675
257 330 186486115
337 291 983163715
337 33 607374139
286 328 215718112
286 66 83944459
145 15 733703968
145 96 173780206
95 83 967779069
95 122 101772106
142 164 951261993
142 184 258799816
92 151 773145429
92 218 502025770
330 154 151295761
330 126 383154807
291 219 467028335
291 239 913287526
33 90 210293449
33 46 373413422
328 255 110360457
328 123 636704805
66 169 342218404
66 220 6765854
15 233 922230604
15 223 463552499
96 111 516886722
96 186 658509087
83 144 274220348
83 316 73602924
122 74 350913778
122 343 627330194
164 152 265079078
164 42 621755915
184 85 97777764
184 108 622261882
151 187 225305004
151 143 186304587
218 199 909334876
218 118 589024304
154 251 450099028
154 114 535363210
126 310 865471209
126 210 132413595
219 237 666135205
219 315 410376676
239 270 927593410
239 273 946828891
90 116 394696258
90 104 897133795
46 8 27335380
46 157 464278802
255 244 127122898
255 73 980388557
123 300 354374303
123 9 351734427
169 302 279613770
169 348 328574095
220 185 720341586
220 191 453117446
233 70 541199282
233 136 27542504
223 234 651314636
223 146 653355759
111 93 304364404
111 18 426898690
186 193 324080579
186 329 75555556
144 87 363018486
144 258 213192848
316 318 316482006
316 149 862370222
74 79 295532828
74 290 379828439
343 59 510593461
343 340 80763317
152 341 224618534
152 325 533753324
42 56 94176315
42 22 682662232
85 297 656157429
85 289 268172779
108 103 372708290
108 173 798450620
187 147 835999437
187 110 393340943
143 153 866576619
143 195 74704268
199 37 368737243
199 333 705765460
118 201 177338589
118 67 620717711
251 200 88196762
251 321 192537104
114 275 564831625
114 294 886606468
310 306 558849654
310 181 634782344
210 64 101307092
210 148 626460433
237 0 733895627
237 26 996354599
315 276 285521578
315 29 90246599
270 61 466445629
270 313 109306086
273 344 411606397
273 101 987485045
116 247 461101535
116 98 76011449
104 280 183321331
104 208 593580615
8 167 464880729
8 155 428030482
157 183 443664737
157 292 30545191
244 27 716541653
244 293 187856191
73 241 752584644
73 125 403324398
300 31 197990711
300 55 294709906
9 88 81481422
9 43 185536525
302 197 476809672
302 274 812111178
348 283 878146546
348 51 314072940
185 150 228430228
185 253 56312710
191 102 519812137
191 107 723739655
70 130 843962640
70 4 420308645
136 137 413968165
136 331 857026197
234 32 658024522
234 203 619348075
146 261 97125372
146 7 763096215
93 242 514942933
93 182 747740021
18 196 523445896
18 204 463365770
193 323 441847683
193 349 595638524
329 91 317563739
329 311 923046064
87 89 224103135
87 262 451294549
258 250 354522264
258 124 333917558
318 1 911752447
318 202 172801312
149 138 248676026
149 100 187221023
79 271 814964425
79 44 354901538
290 24 357375691
290 168 874463421
59 209 646826261
59 65 109681839
340 62 528777856
340 221 700484754
341 53 995398870
341 324 696832981
325 158 37748223
325 263 87257002
56 161 67620936
56 71 53209760
22 269 840147737
22 224 120922338
297 17 221110364
297 112 726666538
289 272 543988735
289 69 22771968
103 170 406323367
103 327 209243679
173 235 337466389
173 342 740417290
147 285 156496337
147 335 668887584
110 281 613356420
110 322 853497361
153 162 685985077
153 206 878666698
195 140 236514872
195 194 682064185
37 307 14616123
37 198 897226279
333 314 625902557
333 213 675740625
201 5 202439290
201 214 315038909
67 105 48203411
67 163 874656118
200 86 418917583
200 312 740287891
321 20 145643621
321 106 758544450
275 174 477698824
275 205 76419178
294 243 239698316
294 211 497387837
306 172 119732589
306 6 227566900
181 99 337021544
181 326 952722394
64 338 862911983
64 119 496665686
148 246 89421534
148 192 8464195
0 303 164380419
0 16 901654989
26 134 656793561
26 296 493570268
276 45 191114708
276 230 193690355
29 308 372166914
29 30 620083235
61 179 995234812
61 14 844939655
313 304 117948135
313 81 500704642
344 54 574901528
344 278 401029699
101 21 155139008
101 180 513556897
247 121 48583035
247 277 919929016
98 159 897018039
98 49 794329043
280 25 953568520
280 336 895594868
208 238 810521169
208 339 703255458
167 259 152208855
167 113 89537072
155 232 727527070
155 267 318778100
183 2 539550341
183 19 450540549
292 82 106712368
292 78 66898373
27 317 172934987
27 227 316875440
293 254 885970961
293 188 347486631
241 288 80933633
241 295 262749183
125 12 243908008
125 334 359838389
31 38 738434390
31 215 329907592
55 139 853950635
55 260 800582139
88 48 569944365
88 84 699035064
43 256 639738313
43 240 811360690
197 115 591717073
197 268 239583714
274 299 153592253
274 165 307094521
283 284 900748761
283 177 629518786
51 39 354531076
51 35 465026906
150 97 343908425
150 178 914447689
253 109 649176739
253 249 650460890
102 3 510688549
102 156 647618934
107 77 866130647
107 217 987650168
130 160 982424640
130 229 623762149
4 264 452555998
4 34 605178343
137 52 216054291
137 190 128597774
331 301 300143506
331 133 163906450
32 131 846414034
32 298 287647098
203 28 598224672
203 50 644822093
261 231 42237964
261 10 495174605
7 309 212700102
7 60 666497872
242 132 621010236
242 320 163826872
182 41 25373475
182 189 777415531
196 245 980130992
196 47 682665431
204 58 503177028
204 57 289975665
323 212 289532558
323 117 456742584
349 141 396826788
349 332 511511650
91 23 137148516
91 128 501313964
311 11 759261377
311 63 220266677
89 305 687607130
89 345 934814824
262 166 661737931
262 252 863008868
250 76 117749720
250 171 577405999
124 319 535794301
124 127 418394128
1 279 462947393
1 120 582969621
202 207 317525053
202 248 333151189
138 175 18146302
138 75 462205258
100 282 936371665
100 72 150574071
271 225 887043082
271 135 640559339
44 226 598972438
44 347 570896091
24 266 516303092
24 40 445344307
168 94 497142523
168 129 861402852
209 80 699980223
209 13 193843714
65 346 87898268
65 265 875376440
62 36 860805176
62 216 955395264
221 228 208692102
