350
80 89 0
89 67 0
80 205 0
205 14 0
14 176 0
176 177 0
177 45 0
45 273 0
273 217 0
217 10 0
10 60 0
60 159 0
159 146 0
146 97 0
97 152 0
152 328 0
328 286 0
286 199 0
199 4 0
4 12 0
286 20 0
20 272 0
272 343 0
343 92 0
92 142 0
142 320 0
320 134 0
134 111 0
111 137 0
137 163 0
163 193 0
193 316 0
316 5 0
5 211 0
211 109 0
109 124 0
211 165 0
165 95 0
95 180 0
180 331 0
331 291 0
291 230 0
230 70 0
70 349 0
349 229 0
229 257 0
257 83 0
83 103 0
257 37 0
37 243 0
243 187 0
187 100 0
187 186 0
186 241 0
241 210 0
210 344 0
344 170 0
170 145 0
145 346 0
346 101 0
346 342 0
186 105 0
105 44 0
44 138 0
138 225 0
225 59 0
59 256 0
256 169 0
169 64 0
169 68 0
68 188 0
188 41 0
41 303 0
303 51 0
51 322 0
322 90 0
322 120 0
120 133 0
133 139 0
90 200 0
200 78 0
78 7 0
7 26 0
26 264 0
264 247 0
247 156 0
156 198 0
198 237 0
237 136 0
136 201 0
201 43 0
43 306 0
306 154 0
154 194 0
194 33 0
33 117 0
117 73 0
73 23 0
23 106 0
33 98 0
98 75 0
75 71 0
71 288 0
288 300 0
300 87 0
87 34 0
34 149 0
149 172 0
172 216 0
216 292 0
292 318 0
292 151 0
151 278 0
278 18 0
18 55 0
55 3 0
3 86 0
86 148 0
148 277 0
277 153 0
153 61 0
61 0 0
0 189 0
189 130 0
130 118 0
118 113 0
113 255 0
255 323 0
323 310 0
310 334 0
310 36 0
36 325 0
325 50 0
50 249 0
249 239 0
239 274 0
274 125 0
125 141 0
141 13 0
13 308 0
308 30 0
30 231 0
231 158 0
158 345 0
345 183 0
183 330 0
330 296 0
296 317 0
317 327 0
327 108 0
108 276 0
276 76 0
76 299 0
299 341 0
341 279 0
279 157 0
157 309 0
309 242 0
309 35 0
35 267 0
267 116 0
116 11 0
11 265 0
116 175 0
175 197 0
197 72 0
72 2 0
2 38 0
38 107 0
107 110 0
110 85 0
110 287 0
287 84 0
84 81 0
85 238 0
238 282 0
282 184 0
81 62 0
62 19 0
19 150 0
19 66 0
66 220 0
220 147 0
147 207 0
207 293 0
293 315 0
315 171 0
171 79 0
79 46 0
46 307 0
307 27 0
27 227 0
27 128 0
128 69 0
69 314 0
314 162 0
162 219 0
219 54 0
54 234 0
162 140 0
140 53 0
53 289 0
289 126 0
126 132 0
132 31 0
31 129 0
129 209 0
209 335 0
335 58 0
58 112 0
219 326 0
326 270 0
270 285 0
285 99 0
99 245 0
245 16 0
16 9 0
9 208 0
208 240 0
240 332 0
332 182 0
332 65 0
65 102 0
102 268 0
268 235 0
235 49 0
49 104 0
104 196 0
104 127 0
127 48 0
127 218 0
218 173 0
173 195 0
195 88 0
88 212 0
212 114 0
114 295 0
295 63 0
212 8 0
8 262 0
262 185 0
185 77 0
77 179 0
77 269 0
269 57 0
57 91 0
91 324 0
324 228 0
228 82 0
82 263 0
263 275 0
275 339 0
339 93 0
93 311 0
311 348 0
348 115 0
93 313 0
313 236 0
236 252 0
252 22 0
22 21 0
21 168 0
168 206 0
206 28 0
28 222 0
222 290 0
290 39 0
39 284 0
284 191 0
191 319 0
319 340 0
340 174 0
174 260 0
260 144 0
144 40 0
40 283 0
283 226 0
226 333 0
333 96 0
96 224 0
224 15 0
15 204 0
204 213 0
213 301 0
301 56 0
301 164 0
164 181 0
181 223 0
223 329 0
329 160 0
160 258 0
258 25 0
25 246 0
246 304 0
246 305 0
305 123 0
123 336 0
336 259 0
259 190 0
190 155 0
155 166 0
166 271 0
271 253 0
253 297 0
297 135 0
135 167 0
167 281 0
281 280 0
280 143 0
143 248 0
248 42 0
143 214 0
214 24 0
24 266 0
266 192 0
192 298 0
298 94 0
94 29 0
29 203 0
203 131 0
131 1 0
1 121 0
121 254 0
254 232 0
254 119 0
119 261 0
261 302 0
302 321 0
302 244 0
321 74 0
74 52 0
52 47 0
244 250 0
250 215 0
215 202 0
202 17 0
17 161 0
161 347 0
347 32 0
32 251 0
251 312 0
312 178 0
178 294 0
294 221 0
221 338 0
338 337 0
337 6 0
6 233 0
233 122 0
