350
16 215 355472502
215 299 188711396
215 73 654740701
73 141 85069437
141 335 582046313
335 275 80535374
275 285 233243139
285 189 650353226
189 36 957088665
36 271 253779200
271 45 509284121
45 89 711475039
89 149 804143516
149 38 922196870
38 256 835380994
256 242 607381393
242 305 837098741
305 95 763177527
95 231 793085816
231 192 648436837
192 62 343947280
62 306 25775152
306 135 987878813
135 52 183173718
52 213 730875249
213 204 801910138
204 288 13616215
288 68 176781561
68 206 306261781
206 314 936007958
314 343 370356201
343 223 961108240
223 86 491753542
86 218 703388342
218 165 18564302
86 221 495443273
221 274 519578443
274 167 893149962
167 150 311671282
167 301 483901957
301 277 32379406
277 325 983573754
325 321 50291803
325 347 166540968
347 232 73460033
232 180 344764974
180 249 546392703
249 175 858508504
175 179 904293587
179 159 577101253
159 241 821084370
241 66 758164024
66 234 810596745
234 195 646853116
195 71 275196860
71 7 787938515
7 75 887219579
75 54 471810286
54 290 303680837
290 344 855817185
344 190 360137434
190 2 347696080
344 212 61961313
212 125 170365853
125 27 6556151
27 227 152918150
212 248 164597790
248 168 114918476
168 160 415996734
160 121 902951391
121 122 408731376
122 6 225786103
6 77 42748764
77 98 866180475
98 330 893929344
330 262 14358169
262 156 895683427
156 176 991660288
176 118 360995722
118 303 822155522
303 48 682748433
48 119 873692457
119 240 378296811
240 293 113602309
119 90 861669461
90 333 173310077
333 319 264733801
333 287 475121901
287 143 41031847
143 92 266850503
92 304 635573722
304 183 114583657
183 120 301928404
120 337 538622434
337 345 923221277
345 112 798755331
112 181 813159958
181 329 777851366
329 80 785217417
80 21 100267772
21 327 444141307
327 312 233846484
312 123 629030404
123 129 993311258
129 340 534576794
129 56 559025398
340 79 611521317
79 267 291663641
267 137 482457524
137 202 882803136
202 224 252510308
224 322 598514183
322 102 525959642
102 87 745800548
87 1 123346046
1 113 134589050
322 238 681215730
238 39 230397351
39 252 54052566
252 348 587305242
348 67 678826485
67 64 813473764
64 193 892823455
193 20 748314777
20 243 595356238
243 173 326756273
173 144 566777005
144 166 991451773
39 338 133417541
338 178 368454224
178 163 37953222
178 0 306518398
163 63 319663005
63 261 984947967
261 264 823492067
264 110 125695668
264 315 730389785
315 164 761204833
164 247 160314615
247 339 425968979
339 226 766175583
226 265 154866850
265 281 847104515
281 42 310785814
281 278 540729996
278 18 798309732
18 229 977944424
229 61 29863120
61 124 137991065
124 182 989490491
182 258 756966630
258 177 586356707
177 23 296518452
23 17 386536966
17 211 214031230
211 199 263958575
199 320 287386785
320 186 115590436
186 341 537774095
186 284 148472288
284 188 587035263
284 111 950293948
111 13 358519744
13 197 311510176
197 170 806404503
170 300 982361405
300 191 502175524
191 115 352594191
115 254 614906066
254 4 595069541
4 114 542478193
114 209 578026799
209 37 803861769
37 133 74603510
133 126 227204681
126 251 589912653
251 142 55998511
142 294 192479252
294 200 975941847
200 41 635153984
41 225 182436853
225 283 977295346
283 136 449497382
136 31 446379833
31 342 161629498
342 323 995975456
323 25 280627108
225 214 472467200
214 94 17190686
94 108 160741721
108 88 842890390
88 259 945754629
259 324 579572696
324 53 478766630
53 250 856842243
250 5 576278131
214 60 139353323
60 282 985842915
282 270 250876440
270 291 301885513
291 289 828062704
289 263 127961551
263 65 347762903
65 253 187993211
253 302 183513591
302 145 419500961
253 146 845320075
146 43 800039832
43 132 482177495
132 30 764573957
30 169 482206969
169 104 604399169
104 40 820622633
40 318 677805152
318 220 891316529
220 55 31241860
55 8 966331946
8 35 37766848
220 99 425002267
99 155 1791528
155 127 822133139
127 246 635681666
246 162 415294282
162 78 335685505
78 297 60459874
297 128 237493985
128 203 562098163
128 233 779947983
233 15 450404736
15 70 901827289
70 33 458207805
33 280 806053519
33 207 49919413
207 24 542369436
24 134 96930897
169 272 14659555
272 157 633413085
157 158 333707189
157 219 807113473
219 10 712373690
10 152 853980624
10 28 254044709
28 228 40498446
228 244 418167193
244 235 447424841
235 201 809295546
201 147 916344951
147 46 225862998
46 100 970150591
100 292 323278118
292 138 407770374
138 85 512679006
85 49 595842577
49 217 165194470
217 116 815730269
116 313 583352136
313 266 648559339
266 298 451536314
298 26 597026404
26 91 805771052
91 72 726284800
72 184 209779748
184 296 180477599
296 239 874539593
239 12 268997608
12 96 33113414
96 346 26475311
346 236 799676309
236 174 218326048
174 171 81771549
171 316 894900002
316 208 654591642
208 139 886990134
139 332 370255310
332 311 210487706
311 349 822027753
349 3 272104282
3 130 803533134
130 59 483219475
349 326 333031557
326 331 826780108
331 106 196547405
106 97 839701134
97 161 671267641
161 308 712511159
308 334 318523260
334 47 977675600
47 172 801614976
172 286 297823076
286 82 721468090
82 154 420638688
154 295 849408984
295 50 151138533
50 216 862079452
216 81 702286282
81 58 396839
58 131 699399923
131 101 741463460
101 117 648976821
117 185 425221650
185 93 110644390
93 328 513832245
93 109 366982267
328 260 414265471
260 148 765920767
148 84 323008003
84 205 785336321
205 194 996029294
194 269 485985006
269 57 418458665
57 9 211335419
9 257 206379193
257 309 406205796
309 44 21821349
309 32 792792796
32 29 213287628
29 317 611836572
29 22 172173097
22 310 171072279
310 105 468452648
105 210 923412638
210 11 768713778
11 276 425618506
276 14 394271965
14 103 175729682
97 237 542549421
237 74 470100605
74 187 955190678
187 198 438618951
198 279 416476584
279 245 641159356
245 153 997735071
153 51 352190114
51 83 999121266
83 273 758238440
59 34 695399830
34 222 395901093
222 230 475092183
230 76 50532440
76 19 616476713
19 69 443633439
69 107 41532365
107 268 772745799
268 336 187900561
336 140 661261645
140 255 378383963
255 196 702072542
196 151 679123313
151 307 329347831
