350
316 136 0
316 245 0
136 306 0
316 161 0
245 81 0
306 328 0
161 244 0
81 78 0
328 236 0
244 344 0
78 196 0
236 219 0
344 138 0
196 209 0
219 210 0
138 280 0
209 262 0
210 221 0
280 165 0
262 74 0
221 317 0
165 261 0
74 63 0
317 181 0
261 325 0
63 186 0
181 130 0
325 23 0
186 223 0
130 116 0
23 184 0
223 33 0
116 293 0
184 96 0
33 112 0
293 9 0
96 225 0
112 106 0
9 251 0
225 304 0
106 300 0
251 259 0
304 75 0
300 230 0
259 315 0
75 85 0
230 289 0
315 153 0
85 250 0
289 243 0
153 226 0
250 279 0
243 295 0
226 203 0
279 124 0
295 309 0
203 312 0
124 255 0
309 91 0
312 323 0
255 120 0
91 162 0
323 349 0
120 21 0
162 133 0
349 213 0
21 146 0
133 84 0
213 332 0
146 32 0
84 129 0
332 132 0
32 20 0
129 318 0
132 147 0
20 298 0
318 42 0
147 342 0
298 90 0
42 89 0
342 249 0
90 155 0
89 51 0
249 126 0
155 0 0
51 45 0
126 27 0
0 122 0
45 283 0
27 331 0
122 95 0
283 139 0
331 171 0
95 281 0
139 195 0
171 101 0
281 110 0
195 38 0
101 134 0
110 285 0
38 216 0
134 229 0
285 271 0
216 305 0
229 53 0
271 268 0
305 258 0
53 11 0
268 154 0
258 201 0
11 231 0
154 308 0
201 170 0
231 55 0
308 242 0
170 348 0
55 145 0
242 176 0
348 71 0
145 187 0
176 52 0
71 140 0
187 39 0
52 144 0
140 72 0
39 204 0
144 4 0
72 177 0
204 175 0
4 157 0
177 247 0
175 164 0
157 108 0
247 36 0
164 345 0
108 241 0
36 14 0
345 185 0
241 311 0
14 310 0
185 296 0
311 299 0
310 100 0
296 324 0
299 40 0
100 82 0
324 192 0
40 319 0
82 200 0
192 302 0
319 233 0
200 17 0
302 206 0
233 113 0
17 167 0
206 235 0
113 333 0
167 207 0
235 329 0
333 24 0
207 123 0
329 5 0
24 266 0
123 303 0
5 291 0
266 284 0
303 183 0
291 80 0
284 339 0
183 35 0
80 18 0
339 238 0
35 265 0
18 320 0
238 88 0
265 50 0
320 127 0
88 25 0
50 62 0
127 174 0
25 102 0
62 3 0
174 257 0
102 19 0
3 191 0
257 105 0
19 179 0
191 158 0
105 115 0
179 34 0
158 253 0
115 69 0
34 217 0
253 97 0
69 222 0
217 83 0
97 341 0
222 49 0
83 190 0
341 30 0
49 227 0
190 234 0
30 180 0
227 65 0
234 15 0
180 173 0
65 292 0
15 214 0
173 76 0
292 172 0
214 212 0
76 193 0
172 13 0
212 149 0
193 335 0
13 347 0
149 118 0
335 103 0
347 182 0
118 277 0
103 267 0
182 340 0
277 337 0
267 57 0
340 67 0
337 240 0
57 272 0
67 142 0
240 119 0
272 270 0
142 166 0
119 87 0
270 254 0
166 16 0
87 197 0
254 111 0
16 239 0
197 114 0
111 59 0
239 128 0
114 10 0
59 28 0
128 151 0
10 297 0
28 125 0
151 322 0
297 278 0
125 326 0
322 334 0
278 131 0
326 188 0
334 194 0
131 56 0
188 287 0
194 224 0
56 264 0
287 159 0
224 263 0
264 228 0
159 248 0
263 198 0
228 121 0
248 7 0
198 290 0
121 189 0
7 2 0
290 313 0
189 48 0
2 237 0
313 1 0
48 99 0
237 29 0
1 61 0
99 44 0
29 169 0
61 37 0
44 107 0
169 58 0
37 109 0
107 137 0
58 156 0
109 8 0
137 286 0
156 274 0
8 346 0
286 148 0
274 330 0
346 94 0
148 150 0
330 321 0
94 288 0
150 93 0
321 117 0
288 141 0
93 54 0
117 282 0
141 86 0
54 273 0
282 160 0
86 336 0
273 246 0
160 64 0
336 168 0
246 41 0
64 343 0
168 46 0
41 208 0
343 73 0
46 60 0
208 256 0
73 66 0
60 276 0
256 47 0
66 135 0
276 260 0
47 205 0
135 104 0
260 301 0
205 218 0
104 12 0
301 68 0
218 220 0
12 70 0
68 327 0
220 215 0
70 269 0
327 98 0
215 199 0
269 314 0
98 6 0
199 26 0
314 338 0
6 307 0
26 252 0
338 143 0
307 152 0
252 178 0
143 31 0
152 163 0
178 211 0
31 275 0
163 43 0
211 92 0
275 232 0
43 22 0
92 294 0
232 79 0
22 202 0
294 77 0
