350
225 324 0
225 87 0
225 113 0
113 124 0
124 145 0
145 322 0
322 65 0
65 90 0
90 331 0
331 149 0
149 74 0
74 346 0
346 53 0
53 292 0
292 255 0
255 345 0
345 180 0
180 291 0
291 304 0
304 213 0
213 155 0
155 1 0
1 233 0
233 259 0
259 218 0
218 244 0
244 185 0
185 234 0
234 177 0
177 31 0
31 78 0
78 266 0
266 121 0
121 308 0
308 222 0
222 321 0
321 175 0
175 289 0
289 114 0
114 92 0
92 164 0
164 172 0
172 281 0
281 96 0
96 28 0
28 342 0
342 204 0
204 189 0
189 128 0
128 311 0
311 64 0
64 268 0
268 93 0
93 302 0
302 335 0
335 320 0
320 126 0
126 110 0
110 84 0
84 339 0
339 227 0
227 326 0
326 73 0
73 67 0
67 60 0
60 251 0
251 132 0
132 2 0
2 265 0
265 167 0
167 82 0
82 47 0
47 109 0
109 94 0
94 328 0
328 153 0
153 140 0
140 310 0
310 341 0
341 275 0
275 26 0
26 32 0
32 272 0
272 242 0
242 174 0
174 101 0
101 208 0
208 95 0
95 211 0
211 143 0
143 200 0
200 232 0
232 40 0
40 29 0
29 220 0
220 51 0
51 199 0
199 252 0
252 171 0
171 86 0
86 37 0
37 317 0
317 3 0
3 201 0
201 278 0
278 72 0
72 134 0
134 307 0
307 77 0
77 230 0
230 100 0
100 190 0
190 184 0
184 301 0
301 45 0
45 348 0
348 76 0
76 166 0
166 270 0
270 239 0
239 286 0
286 27 0
27 163 0
163 245 0
245 112 0
112 35 0
35 152 0
152 284 0
284 193 0
193 240 0
240 120 0
120 249 0
87 0 0
0 183 0
183 179 0
179 243 0
243 63 0
63 215 0
215 196 0
196 221 0
221 125 0
125 7 0
7 347 0
347 262 0
262 299 0
299 188 0
188 111 0
111 329 0
329 223 0
223 130 0
130 10 0
10 217 0
217 306 0
306 318 0
318 300 0
300 34 0
34 80 0
80 205 0
205 195 0
195 136 0
136 182 0
182 105 0
105 212 0
212 287 0
287 8 0
8 312 0
312 343 0
343 139 0
139 231 0
231 276 0
276 68 0
68 214 0
214 327 0
327 62 0
62 30 0
30 5 0
5 229 0
229 290 0
290 338 0
338 38 0
38 36 0
36 39 0
39 89 0
89 157 0
157 280 0
280 263 0
263 97 0
97 247 0
247 33 0
33 297 0
297 6 0
6 135 0
135 235 0
235 55 0
55 56 0
56 340 0
340 117 0
117 349 0
349 253 0
253 123 0
123 241 0
241 273 0
273 194 0
194 133 0
133 43 0
43 332 0
332 295 0
295 261 0
261 169 0
169 267 0
267 138 0
138 209 0
209 25 0
25 118 0
118 181 0
181 61 0
61 168 0
168 129 0
129 282 0
282 66 0
66 108 0
108 88 0
88 146 0
146 70 0
70 269 0
269 313 0
313 274 0
274 137 0
137 57 0
57 127 0
127 165 0
165 142 0
142 59 0
59 187 0
187 18 0
18 293 0
293 257 0
257 98 0
98 283 0
283 250 0
250 148 0
148 314 0
314 298 0
298 20 0
20 85 0
85 316 0
316 54 0
54 206 0
206 131 0
131 216 0
216 115 0
115 325 0
325 17 0
17 147 0
147 237 0
237 337 0
337 176 0
176 159 0
159 50 0
50 296 0
296 288 0
288 106 0
324 203 0
203 14 0
14 186 0
186 15 0
15 238 0
238 49 0
49 83 0
83 336 0
336 161 0
161 192 0
192 279 0
279 4 0
4 69 0
69 16 0
16 99 0
99 119 0
119 236 0
236 144 0
144 42 0
42 12 0
12 58 0
58 52 0
52 154 0
154 170 0
170 102 0
102 309 0
309 11 0
11 202 0
202 285 0
285 210 0
210 22 0
22 103 0
103 48 0
48 116 0
116 228 0
228 19 0
19 277 0
277 173 0
173 178 0
178 315 0
315 303 0
303 79 0
79 264 0
264 330 0
330 156 0
156 334 0
334 226 0
226 41 0
41 207 0
207 104 0
104 44 0
44 319 0
319 91 0
91 81 0
81 122 0
122 260 0
260 323 0
323 46 0
46 219 0
219 305 0
305 158 0
158 258 0
258 197 0
197 23 0
23 162 0
162 21 0
21 13 0
13 75 0
75 141 0
141 160 0
160 198 0
198 254 0
254 344 0
344 271 0
271 9 0
9 24 0
24 107 0
107 150 0
150 256 0
256 333 0
333 294 0
294 248 0
248 71 0
71 191 0
191 246 0
246 224 0
224 151 0
