6
800
429708 481130
490268 771703
111209 714048
889858 596433
586467 114022
754609 594299
654095 472032
825457 379094
582324 796359
797509 508884
153544 194528
898250 578200
744074 853644
586851 579472
193531 851844
343669 586423
962552 966457
760764 838110
663462 105835
446848 215674
85309 304665
710004 193676
733542 512586
998402 522198
407109 342871
898823 877504
355910 221994
560018 478860
352744 192514
933826 45534
525257 365381
468454 295070
300261 944052
738955 463075
67287 853535
843103 298763
928882 556816
164266 505620
519191 838359
372986 570233
259876 294140
587976 147544
333078 110021
868646 729873
106319 209575
790784 171114
788569 219445
409987 838874
237351 785030
801678 955660
968754 353213
883141 531126
101223 628579
368142 983241
206724 441699
470742 97563
458810 246522
991004 905996
837387 441243
576399 427384
565857 747080
525156 765809
956211 722964
115841 355862
509790 706870
393542 595056
809163 134163
705311 210087
561869 946501
411292 577821
188124 143557
590252 596414
14337 116749
359275 109542
552248 772889
558597 117422
241997 801186
2063 758013
294862 557793
865464 954293
475272 625889
517354 417388
794989 454765
222568 560487
350497 199168
537270 563123
454807 720978
295600 548099
494692 513829
896447 272746
220557 279973
642458 161708
974841 333451
181906 110738
400118 506066
498596 128723
819240 378403
54963 489091
583482 636434
600706 903254
432594 355246
355075 386157
170134 359467
265899 254493
436237 299305
612441 16302
28806 42441
188688 785579
448851 33282
296595 812108
296289 967100
696441 924464
217390 108512
296103 251545
971210 723687
312229 43307
947508 883310
50045 470973
160828 211483
588075 472676
799481 918213
884344 70159
633686 635952
902207 117516
826234 796210
985376 851341
241311 16760
88118 156997
380708 937808
864398 697036
457661 447525
730027 146240
380617 109317
634350 594631
769192 601780
496168 587254
943961 73762
110330 620665
940561 109769
781582 892878
307804 61592
270153 547300
171092 786070
519495 647528
832747 542442
358798 22058
650178 344066
839887 67821
63221 122476
260149 733385
345201 467752
745316 538717
675528 443406
495446 852183
382699 629161
535113 355857
877596 277885
992582 63368
461606 784385
976822 110512
302628 770336
138276 432421
680428 829381
82901 128267
488423 783411
117760 852253
164859 498685
2352 886125
493382 698861
454281 904964
470277 823723
51517 958448
695751 734052
543818 968059
726178 329166
689875 37596
186274 665461
866406 239574
789536 297638
970044 39993
906349 239858
786567 946713
563530 47556
594714 263754
151331 722149
586750 574391
976572 346665
225880 307918
958770 749043
897382 81569
759072 599503
388891 695286
807224 432301
501332 343668
6133 785763
425032 5049
833641 231047
913162 317736
156531 102869
124846 212621
578198 895419
587535 452900
520203 376283
138756 482138
793818 622647
627500 614574
48170 344508
557457 108583
388273 488705
620484 458962
515664 779475
8305 194489
255442 138181
117555 198007
133190 697240
785314 210389
486188 648040
410820 968498
315817 680047
550486 247293
408160 142333
342970 58916
204208 156794
993203 326272
795809 849586
658310 818009
257073 727982
329582 927328
421869 57789
730379 283065
628277 650298
521859 703009
70959 672676
594885 666945
250801 742505
495889 175234
138792 580632
560799 406737
75408 873630
530879 120403
552917 112791
826939 218908
380626 306372
481947 510656
542632 443972
25860 84493
555188 387305
906433 199234
892520 979875
940502 257248
90916 24882
65502 690949
147445 995629
261744 270146
24666 954543
520051 943147
662205 956427
7741 226138
618553 414356
328512 822481
287359 860735
628293 1110
755698 407035
120883 634857
341164 378754
496396 352395
39546 243822
570311 245658
985821 908755
592923 388146
47474 522856
468222 830368
404347 395214
212820 834568
547874 24479
260183 887559
688459 454381
631049 22007
567711 708311
184952 337958
528879 236127
483507 836490
863401 32449
248856 93466
112349 148817
926914 727921
113307 491862
56859 587586
906203 164043
19858 202908
243334 600311
617117 473106
30955 964364
316709 52097
606802 257080
682417 225398
133333 118042
585563 899280
387916 819657
291110 67704
337495 679575
275 413484
53410 916260
492288 292632
990584 447616
914077 910641
379499 432913
966476 556383
446517 79628
156193 871070
420741 981273
136327 846041
670479 245582
747033 714797
370118 314519
25198 767253
219022 378496
45755 924115
227391 764052
646341 230496
109696 442926
934172 20543
437165 131938
884345 31467
94672 751404
488673 732634
158666 446839
422611 477534
290316 117434
87815 607983
256042 424750
323 69609
112789 733192
477769 964355
297175 948204
172272 867547
241618 997932
849538 969086
643833 350316
348313 309427
299357 897007
534566 133061
180220 789807
152770 931607
724609 532780
283014 604818
445907 546729
846599 547681
387987 149816
449118 313249
409263 378342
741572 98894
11759 693551
28471 535676
593295 900584
217188 784205
940258 119873
783199 716277
902725 417252
535613 220852
994784 655220
6858 424281
122865 741981
701394 796847
87773 668426
92532 415522
881195 164519
606145 800554
914037 555016
592674 534902
414095 42817
25725 374641
324085 396206
167806 371382
52869 263936
184542 855859
469659 609477
392038 981084
139231 267177
767243 522129
32979 382666
282209 477463
777015 708319
203318 644302
842929 850058
919172 946162
106197 467776
465871 405079
772206 556228
857110 624189
695705 233372
884003 543309
304685 230643
289112 830829
428169 821755
461542 670826
58871 466874
445992 670204
660760 425479
451981 985463
181834 785235
153182 898797
989077 955702
883168 467521
151936 732524
140598 303875
152592 326508
217825 561098
899909 509967
65313 502596
695249 619934
968158 826575
174061 741568
225563 717594
941966 710084
164278 366392
25785 435630
643792 246691
220647 152017
882633 59265
927182 795166
889646 277808
358465 936177
847263 871917
467273 531317
242034 871996
134058 924217
244034 89991
955123 827375
45008 508092
317376 436879
814556 853525
115792 649188
752955 402395
280945 477679
189899 608265
669468 680948
745628 584776
652484 982690
707515 18594
236507 857126
52741 191241
685047 204913
924845 859107
205318 487344
526424 167007
562385 124486
441557 681329
823102 810898
345807 179524
477900 941064
474971 301561
916978 214739
966752 791406
479033 100225
128183 124158
157540 488126
220101 262097
242753 563234
465199 56642
287538 616083
33160 521775
584945 947540
361458 595367
778432 51910
301584 898959
922371 926829
41345 119747
296754 700220
302908 408707
213433 361494
38322 389370
314182 741159
363467 926519
314046 420160
814407 180471
552539 324955
211214 391885
173070 524922
525058 458336
272472 992773
860878 28182
51986 229882
172272 704479
833876 683011
621789 500539
692957 418415
407594 566129
799048 714789
193921 858132
839136 440325
247799 813201
347495 172242
937052 740331
84358 451080
698081 657222
33945 401821
830131 828317
654663 472158
570194 465483
30384 705461
58503 904552
197089 781
248866 269116
423030 510285
872645 659515
158474 20004
488739 596096
15663 905147
989820 539155
976206 939824
657173 430253
407587 205312
994525 864127
862672 410206
317666 510907
529454 154141
957256 969673
584087 733068
845222 755941
794088 14287
635840 209462
718955 844547
430533 71803
248643 379744
4683 293174
523282 605362
566059 999584
219983 474009
900790 358083
755304 204309
797144 866619
623073 847635
758059 979282
295208 919250
236312 293125
85431 271537
132368 577712
965096 976799
415207 671519
766903 944160
407159 949020
189708 117592
272169 944472
142397 410172
742974 297727
70967 94605
153723 525105
394358 916928
273509 700788
246920 760210
370951 817367
332830 154231
98175 48421
103571 22556
429454 316077
344775 798989
882323 414085
350596 271001
266933 92152
464042 701687
302574 233623
731330 189773
648062 412040
615129 211030
996975 144172
162414 579000
683957 868096
39498 190186
824184 557148
46212 531442
609624 485128
836627 814745
742293 937398
151330 543263
170680 36779
417765 228930
955317 150092
958269 4809
580247 342992
798608 462592
985022 989902
71754 587430
50038 91717
62834 505802
331079 166187
42828 587468
875123 428325
329130 375753
679829 773386
37456 457867
90634 895372
444860 43649
505004 947999
258248 796177
913730 751123
77194 388415
713020 545347
6674 876399
419325 661833
260798 509566
823583 76877
575336 328032
249696 984465
530848 410423
766278 480276
650312 266901
83231 34098
543542 926009
264350 886397
863849 899193
560016 56769
58793 316840
718522 522290
668776 908309
446240 937883
563652 970199
981574 691682
382121 97416
902064 537420
951205 819081
367988 218534
321504 422862
418504 642853
413084 858725
336021 681347
268760 526321
283192 289682
474864 662319
148245 634283
51564 586105
361746 69556
976049 449862
115199 58020
612764 506194
321635 466216
983417 149968
860452 724653
206569 282393
773715 512488
372466 41091
282005 57862
461799 589459
124684 753490
150698 184094
399829 761926
383119 92862
412572 186227
603624 192366
748666 323975
860914 428268
129432 466049
108997 788418
829214 62594
593116 842099
295059 373256
852084 794519
491089 202109
2562 623618
298518 559809
986771 830269
195839 274774
522149 274018
431772 940790
158881 407786
243427 653059
18374 173509
307020 820005
206876 293138
986360 921905
242995 85248
201883 901814
769971 850546
603502 384837
736452 411512
124770 749055
528078 167516
595836 267223
736712 341879
310658 385830
658214 250750
14975 434389
509248 204964
646233 810593
681035 224601
500107 641393
553294 328262
390869 518271
992232 961471
852320 987074
217449 600638
423808 762485
624079 518291
316953 229378
545442 601924
497301 37512
837718 590110
712721 416135
734192 219057
805577 34149
959467 944696
395011 595254
601387 197068
127275 222746
38005 383927
926673 766487
130171 311201
133930 925963
37424 545795
529415 414823
269612 703389
559611 252879
614597 720772
966749 141021
555352 265498
49499 728634
961363 387539
584692 156772
13720 192798
664577 74329
462685 38746
595186 430997
581205 25104
54567 278695
314237 314608
627068 416062
337818 643968
358480 368879
909573 478919
211363 181234
415391 182955
10296 228117
474550 530557
367734 90665
689926 249751
400673 264852
825605 700845
922124 247713
553511 724377
332463 684181
869572 471146
152243 82013
31047 748510
618762 703593
425155 346273
754006 220962
161269 536775
647926 498797
267719 891383
103217 928357
90009 486403
375056 712001
539831 255560
435840 497414
666516 984457
537589 621100
101378 968805
169539 635756
756428 838152
411154 52400
661289 875627
309814 843213
160417 971261
700149 281415
184877 919293
159165 405065
61295 125578
188919 881462
60035 573421
519106 346785
296474 681304
11393 138170
495766 722340
7938 378496
301971 416355
296687 278334
576937 625972
781905 917380
587071 959533
852201 476492
960548 48897
495748 869110
382860 680382
936728 384710
782177 701131
64037 322679
859795 832262
279435 822019
556774 118023
671558 879382
804696 878542
314325 163315
544156 992675
479254 875841
382892 183550
731084 732715
576308 570517
325550 726639
57897 794805
736959 351154
