100 10 500
>v><vv<>vv
><>>^v^^^^
^v<v<^<v<<
^^>>><>v^^
>^<<>>v<><
^v>^<^v>vv
^>>v<^^vv^
vvv^v^><><
v>>^^vvv<<
><v<<<v^v<
>v<<v><v<v
><>^v>^>v<
v>^^^<^>><
^v><^v<<<^
^<<^^v>v<<
v<>^^<><>v
^^^^v>v^v^
v<<>^^><v^
><<^vv<<^<
>>^>>^^vvv
>^vv<>^<>^
v>vvv^v><^
^v<>^<v<>^
^>v^^>vv>v
vv>>v^^><<
vv<v^v<v<^
><vv<^vvvv
><v<v^v<<<
v<v^>>>>^^
^<>v<>v<^v
>v^<<^>v<<
v>v>^>>vvv
>>^^><<^v^
><<<^^^<<<
v<^><><v><
>^<^^><>v^
>v^v<<>v><
^>v<^<v^<^
^v>^^vv<<^
v<<>v><>vv
>^>v>^<>>^
>>>^<v>v>v
><v>><v<<<
^v^>^>^>^<
v<<^v^<><<
^^<^>^>vv^
v<v>><^v<<
^v^<^>v^^v
^<<<^>^>^^
><v^>v<<<^
^>^vvv<>>^
>^vv^^<v>v
v^><^vv>>v
v<^<^>^><v
><<<v<vv^<
><^<^^vvv<
^^^><<vv^^
v>^^v<vv^v
^v<v>>><v<
^<<v>>><<^
v><<<^>><^
>>^vv^vv<v
>v>><>>^vv
><vv^<v>v<
v<<<v^vv<v
v><^>><>v<
>><^^<^vv<
v<><><^<>v
^<^<>^<^vv
v<<v^v<>^^
^vv^>^^<^^
>vvv<^<<^v
v>>^>v^<v<
>^><v>>>^v
>v<^vvv>^v
^^^^vv><^^
>v<^>^<^>v
^vv<^<<<<v
><<^>^>>vv
^^<>v^^>^v
>vv>^><v^^
^><<vv<v^v
v^v^^>v>>^
^>^<v<v<<^
><v>^^<>><
^^^v^><^>v
v<^^^v^>v<
^<v^^v<v<<
^<^<v^>v><
^v>><vv<<^
^><^>^v^<v
>>^><vv^<v
^v<<^>v>><
v<^>>^>>>^
^vvv<^v<<<
>v<v>v^vv^
v^>^^v<><^
^<<>v<^<<<
>v^>>^<<<^
><>^><>^>^
30 2
61 8
47 1
67 6
46 2
9 5
99 1
34 7
90 1
50 0
79 8
72 5
34 9
17 4
15 1
95 6
90 4
91 2
70 3
26 8
7 1
24 3
77 3
78 4
7 3
71 5
4 1
18 0
10 7
84 4
90 3
45 8
33 3
11 9
95 4
15 0
3 9
56 0
8 4
17 0
0 6
46 5
25 4
66 9
93 6
91 8
3 5
83 3
88 3
51 2
64 2
28 3
13 8
44 9
36 3
83 7
53 2
10 1
58 1
76 9
78 3
29 5
53 7
59 8
30 3
12 9
55 9
47 9
79 6
38 6
57 0
42 7
83 6
85 8
42 1
89 8
46 9
94 0
59 6
9 6
89 2
29 6
28 9
77 1
56 1
74 3
91 1
40 8
12 8
74 0
52 1
97 4
47 5
81 3
43 3
32 4
5 0
50 4
93 9
29 7
27 9
83 5
96 0
58 3
69 6
47 8
29 9
28 8
23 0
20 1
44 3
61 9
78 6
61 3
73 1
41 7
22 8
65 4
97 3
16 6
77 0
3 2
48 5
36 4
60 1
4 6
54 7
12 3
40 3
7 2
2 7
76 6
20 6
98 0
3 6
90 5
39 4
54 8
39 7
95 2
61 1
39 3
21 1
79 1
83 1
67 8
16 3
82 5
13 2
98 5
92 6
22 7
64 0
27 7
34 3
3 7
94 9
19 5
68 3
44 7
92 2
8 0
0 0
5 8
72 6
90 6
20 4
64 7
32 7
8 5
79 5
68 0
67 3
85 0
37 1
89 3
73 9
46 3
13 3
11 4
19 8
37 8
84 6
68 7
42 6
17 3
67 0
1 9
72 2
65 2
60 3
26 5
11 3
49 2
99 8
71 2
29 1
70 5
5 2
84 5
40 5
32 2
68 6
76 3
93 0
19 9
93 8
92 7
90 7
90 0
62 4
26 4
22 9
55 8
0 4
12 5
66 6
49 0
38 8
18 5
81 9
12 2
42 8
60 8
13 4
91 9
77 7
42 5
24 1
63 3
0 2
10 2
69 8
35 4
97 5
87 8
77 9
60 0
56 4
80 9
6 8
4 4
9 0
45 3
2 9
48 8
18 7
80 5
74 7
29 4
43 7
75 0
65 6
11 2
41 8
93 5
83 0
89 6
16 0
23 5
19 4
87 5
73 8
67 1
33 6
56 6
26 3
81 8
56 3
83 2
25 3
96 9
87 6
3 0
53 0
76 8
46 0
80 0
18 3
60 2
8 3
15 5
87 9
84 8
96 6
95 0
55 2
7 6
54 2
79 3
80 4
36 1
33 0
38 0
87 0
36 7
51 0
27 1
86 3
84 7
63 0
96 5
29 3
92 5
78 5
77 4
42 3
89 0
6 7
39 6
71 1
37 4
24 5
10 8
18 8
19 6
27 8
18 1
2 1
42 0
93 7
59 5
75 2
42 9
71 4
11 1
69 4
4 0
11 8
98 2
91 6
19 0
85 6
68 8
61 4
49 7
16 1
77 5
13 6
47 3
10 3
96 2
9 4
53 1
16 5
0 3
57 9
68 9
5 5
76 1
85 5
31 9
34 0
12 1
15 3
41 2
81 4
98 3
73 4
15 6
44 2
69 7
42 2
30 8
87 3
87 2
94 1
55 4
18 4
98 1
97 8
20 9
41 9
9 1
37 6
89 9
2 3
49 4
45 0
73 5
9 7
33 7
98 4
70 6
52 9
88 0
33 4
55 5
92 1
2 0
82 7
86 6
76 7
4 8
97 7
26 9
70 0
33 9
69 3
32 3
41 6
96 4
52 6
20 8
77 6
92 8
6 3
32 6
59 7
49 9
39 5
67 2
53 9
25 8
20 0
46 7
68 1
97 0
66 7
2 6
28 4
69 2
85 1
24 4
57 5
7 8
68 5
56 9
52 5
70 4
6 2
86 1
32 5
35 3
34 5
99 2
40 0
89 4
92 3
14 9
5 1
72 9
22 6
37 3
21 5
62 6
88 8
81 6
45 2
23 6
45 6
53 3
78 8
70 2
27 6
74 1
56 8
92 4
28 7
55 3
95 3
71 0
59 9
0 8
55 7
98 6
7 4
43 6
82 8
6 5
99 9
15 2
99 6
94 4
11 7
64 6
32 0
54 6
11 5
86 8
63 9
84 9
62 9
71 3
76 4
74 9
4 9
86 2
50 9
71 7
37 5
26 2
89 5
73 6
80 8
85 7
54 4
73 2
75 7
59 4
