200 5 500
v<<<<
^v>^^
^^vvv
v<vvv
><^^v
>v>v<
><^v^
vv<><
v^<>^
><v<v
^<vvv
>^vv^
vv<^^
v<vv^
vv^<^
v>^^v
v<><<
>>v<<
>>>^v
v<>^^
^^<>v
v<^v^
v^<>v
>^^<<
>v<>^
vv<<<
>^^^v
^v^v<
^<>>^
^<>^v
^>^^^
^><vv
>v>v<
>>^>^
^>>v^
^vv><
^><vv
^<<>^
^<<<<
^<^>^
vv^v^
v<v<v
>vv^^
vv>><
vvv>^
><>><
^<<<v
^^<^^
v<v>v
^v<vv
v^<>v
^>><<
^v<<<
><<^^
>^v^<
^^>v<
v^v^v
v<>^<
^<v><
v^^<v
v><v^
^>^^v
v><<v
^^<><
v<^>^
>^>^<
^vv<^
^<^^^
v^^^<
^v<^v
><>><
^<^><
>><vv
v^^vv
>^>v<
>^vv^
><^v^
vvv><
>v<<v
><vv^
^v^^^
vvv^<
>><<<
^<<<v
^<v<v
vvv^^
^vv^^
^v^^<
^v>v^
><<v^
^<>^^
^<>><
>^<<<
^vv^v
^>v^<
vv^^<
><^<v
^><><
v<>^^
>>^vv
v>><^
v<^<v
v<<<<
vv><<
vv<^v
>^>vv
>v^v^
v<^><
^v><^
^vv>v
>^v<v
^vvvv
^v<v^
^>^><
><v>v
^vv<v
v^^>v
^^^>v
^>v><
^^^<v
><^vv
vv>^<
><v^v
><^^<
vv>><
>v>>v
^v>^^
>^^^^
v^><^
^>>>v
>^^<^
vvv>v
vv>^<
vv>>^
^>v^<
>^^<v
^v<<v
v^<><
>^<<<
>v>vv
vv><^
>^v<<
v>v><
^^>v<
^>v>v
^>>^v
^>><<
vv<<<
v>>>^
v<<^^
v<>>v
^<>>^
>>>vv
^v<<^
>v^v^
v><^v
^<^v^
v<^>^
><v<^
>>v><
><^v^
>v^^<
v<^<v
>>v<<
v>^^^
v>v>v
^>^>^
^^^<^
^v^<^
v>>>v
^>>^v
><vvv
^^<vv
^^>^^
><v^^
v><<<
^<^vv
>^v^^
>^><^
v^^v<
^<v<^
>^v<^
v>>v^
>>^<v
>v<<v
>v<v<
>^><<
><^<v
><vv<
^<v<<
>^vv^
v>v<^
v<v><
^><vv
^^^<^
vv<><
^vv><
vv>^^
vv>^<
>^<>^
170 0
106 3
119 1
75 4
150 3
4 4
142 4
62 1
176 3
44 1
103 0
36 2
66 3
36 3
34 2
187 0
91 4
186 0
160 3
64 3
104 3
85 2
33 4
96 2
179 0
121 4
41 3
166 1
65 2
34 4
66 4
171 3
159 2
120 2
190 2
31 1
188 0
161 0
8 0
173 4
116 3
78 1
9 1
25 2
148 1
177 1
20 0
186 3
14 3
1 3
18 0
27 1
147 4
83 4
148 0
139 4
3 0
87 1
77 4
52 2
176 0
152 2
119 4
90 4
156 1
9 0
70 1
7 0
46 3
67 0
89 3
92 4
98 4
65 0
77 1
127 2
55 4
60 0
90 1
56 4
135 2
121 2
124 0
73 1
169 4
28 4
152 1
68 0
51 2
188 2
116 4
120 4
40 2
88 2
96 0
185 2
36 1
23 0
112 3
23 2
157 0
192 2
140 2
137 2
195 0
197 0
146 0
25 1
76 3
199 0
0 3
144 2
93 3
165 4
45 3
99 0
47 1
96 1
150 2
185 3
11 3
84 0
176 2
52 1
149 0
74 0
67 2
118 2
154 4
175 4
34 1
149 3
131 2
18 3
103 3
158 0
73 3
172 4
173 2
115 4
96 4
52 3
157 3
182 4
193 1
153 1
197 4
104 0
184 3
101 0
47 2
166 3
31 3
107 4
79 1
59 3
17 2
15 3
55 2
112 0
66 1
8 2
100 3
170 1
2 0
123 1
52 0
90 0
26 0
115 3
144 3
102 0
3 1
30 3
162 0
127 4
69 2
162 4
29 0
93 4
183 0
131 0
123 0
133 4
49 3
158 1
8 1
168 3
67 4
0 4
6 0
85 3
127 0
15 2
81 4
134 4
118 4
118 1
146 4
39 2
87 0
192 1
123 4
99 3
132 0
91 1
130 3
13 2
148 3
145 2
138 2
112 1
54 0
174 4
130 2
135 4
184 1
61 4
110 0
43 2
44 3
126 1
15 4
2 4
57 1
34 3
189 3
89 1
166 0
160 0
178 0
188 3
13 4
140 1
198 0
136 4
149 4
60 3
58 4
180 1
190 1
104 4
100 0
44 2
129 0
28 0
144 1
182 0
161 1
21 2
123 2
89 4
44 0
133 1
89 2
57 0
147 0
199 1
108 3
9 3
59 1
169 1
120 0
139 0
12 0
2 2
143 3
17 1
198 2
92 1
197 2
151 2
22 4
131 1
170 3
84 4
135 3
180 3
37 4
64 0
32 4
113 3
173 1
108 1
85 0
70 0
116 0
154 2
106 1
21 3
150 0
73 2
169 0
20 2
154 3
82 3
7 2
48 2
0 0
125 3
145 1
16 3
155 2
76 2
98 3
122 2
165 0
74 2
103 4
64 2
140 0
189 2
191 0
38 0
159 4
96 3
134 0
47 4
137 3
161 2
129 3
187 2
21 4
102 2
189 0
132 1
132 3
95 0
51 4
163 1
68 2
162 3
126 3
151 0
41 1
56 3
191 3
197 3
110 2
70 4
22 0
139 2
80 2
6 4
19 0
102 3
152 0
146 3
97 0
86 4
4 2
26 4
166 4
1 2
150 1
184 4
197 1
54 2
173 0
152 4
140 3
156 4
87 3
77 0
138 3
165 3
193 3
23 3
55 0
84 3
71 4
26 1
29 1
194 1
150 4
168 4
57 2
66 0
3 4
86 1
31 2
113 4
184 0
172 0
80 1
31 0
40 0
196 4
186 1
79 0
91 0
199 4
156 2
40 4
25 4
75 3
49 4
121 3
62 4
194 0
45 1
52 4
102 4
9 2
86 3
65 4
95 1
5 2
178 4
78 4
10 4
0 2
181 2
69 0
56 1
63 2
124 1
60 4
48 0
156 3
90 2
168 2
181 0
33 3
79 2
81 3
196 1
198 1
58 2
73 0
133 2
58 1
10 0
128 0
72 2
180 2
19 4
129 1
122 0
195 1
35 2
98 0
102 1
94 0
155 4
97 3
178 3
105 2
5 3
175 1
100 2
106 4
100 1
101 4
35 3
27 0
152 3
154 0
178 1
113 2
24 0
40 3
84 2
159 3
111 0
147 1
21 1
48 4
62 0
18 4
81 0
25 3
124 2
183 1
153 3
160 2
22 1
125 0
142 2
64 4
115 0
117 1
113 0
11 4
72 4
132 4
124 4
164 0
67 1
28 3
38 3
42 1
10 2
190 4
50 1
3 2
27 4
189 4
126 0
160 1
