400 2 500
vv
v^
^^
><
v^
v^
>v
>^
v^
v<
v^
v^
^v
^<
>v
^<
^v
v<
><
v^
^^
v^
^^
^v
^^
vv
v<
>v
><
v^
>v
v<
v^
v<
>^
>v
v^
><
^^
v<
>^
v<
^<
>^
><
vv
>^
v^
vv
^<
>^
>^
v^
^<
>v
^^
^^
vv
vv
^<
>v
^^
vv
v^
^<
v^
^<
>v
vv
vv
v^
v^
v^
v<
^<
>^
^^
>v
>^
v<
v^
vv
^^
^^
><
>v
vv
v<
v<
vv
>^
>^
v^
v^
^<
v<
><
^^
v<
v^
>v
vv
><
>v
^v
vv
><
^^
vv
^^
v<
>v
^v
><
^<
v^
vv
^v
>v
^v
^v
>^
^v
v<
><
^^
v^
vv
^<
vv
vv
><
v^
>v
><
>^
v^
><
>v
v<
v<
v^
>^
>^
><
><
v^
vv
^<
><
vv
>v
v^
>v
v^
^<
>^
vv
>v
^v
><
>v
><
vv
v<
v<
^^
vv
><
><
vv
>^
v<
>^
v<
^^
^v
^^
^v
^^
>^
>^
>v
v<
v<
v^
^v
>^
><
^v
><
^^
>v
>v
^^
><
><
>v
vv
><
vv
>v
v<
><
^<
^<
>v
^v
v^
^v
^v
vv
><
vv
>v
v<
v^
vv
^^
vv
vv
v<
>^
>v
>v
vv
>v
v<
><
vv
>^
^^
>v
v<
v<
^^
>^
^v
><
v<
v^
vv
>v
^v
>^
><
vv
>v
><
v^
^v
^v
>^
>v
><
><
vv
vv
><
^v
^v
>^
^v
v<
v^
v^
^^
v^
^<
^v
vv
v<
v<
><
>v
v<
v<
>^
vv
vv
vv
^^
v^
^v
vv
vv
^^
><
>v
^v
>v
vv
><
^<
^<
^^
><
vv
vv
^<
>^
><
>^
>v
^<
^v
v<
v^
^^
v<
>^
>v
>v
>v
^^
vv
v<
>^
^^
>v
><
v^
v^
>v
^^
^^
>^
>^
>^
v<
>^
^^
><
^^
^v
v^
^^
v<
><
^<
>v
>^
>^
^<
v^
v^
v^
^^
v^
vv
v<
>v
><
v<
>^
v<
^v
><
^^
^^
><
>v
vv
^v
v<
><
vv
><
v^
^^
vv
^<
v<
><
>^
><
><
><
^v
>v
^v
^<
^v
v^
v<
>v
^<
><
^^
^^
vv
^<
^<
>^
v^
^^
>v
>v
vv
>^
60 0
126 0
118 1
351 1
333 0
32 1
327 0
13 1
44 1
41 0
287 0
210 0
251 0
180 0
136 0
229 1
98 1
244 0
180 1
181 0
340 0
330 0
83 1
317 1
216 0
243 1
365 1
19 1
209 0
276 1
348 0
1 1
53 0
1 0
122 0
309 1
284 0
28 0
395 1
282 0
322 1
16 0
259 1
124 0
295 1
390 0
208 0
256 1
159 1
232 1
78 0
182 1
68 0
375 1
146 1
174 0
304 0
257 1
219 1
110 1
87 1
382 0
392 0
25 0
288 1
183 0
9 1
30 1
245 1
380 1
394 1
117 1
363 1
272 0
165 0
298 0
312 1
343 0
67 0
335 0
301 1
254 0
297 0
41 1
165 1
265 0
189 1
300 1
371 1
55 0
306 1
205 1
214 1
263 0
50 0
174 1
96 1
27 0
280 1
351 0
224 1
251 1
166 0
362 0
23 0
14 0
340 1
320 1
397 1
110 0
395 0
113 0
374 1
276 0
249 1
383 1
264 0
172 1
222 0
282 1
242 1
3 0
182 0
370 0
195 0
315 0
378 1
90 0
217 0
117 0
111 0
33 1
86 0
223 0
297 1
265 1
105 0
270 1
324 0
243 0
220 0
368 0
135 0
179 1
331 0
357 1
84 1
225 1
234 1
99 0
302 0
31 1
67 1
36 0
228 1
58 1
230 0
197 1
252 0
48 1
259 0
175 1
323 1
391 0
236 1
52 0
239 0
319 0
197 0
71 1
275 1
277 0
173 1
218 1
220 1
346 1
94 1
381 0
134 0
382 1
196 0
101 0
246 1
370 1
387 1
145 0
29 1
285 1
122 1
35 0
40 1
42 0
232 0
141 0
356 1
154 0
211 0
9 0
256 0
322 0
372 1
131 0
388 0
22 0
246 0
175 0
198 1
300 0
298 1
88 1
49 1
218 0
129 1
126 1
207 1
51 1
17 1
373 1
47 0
348 1
93 0
69 1
120 1
318 0
148 0
375 0
341 1
121 1
134 1
169 1
329 1
191 1
290 0
139 0
143 1
102 0
90 1
273 1
73 0
305 1
39 0
376 0
77 1
284 1
336 1
206 0
294 1
398 1
217 1
7 0
273 0
204 0
87 0
307 1
81 0
278 0
373 0
294 0
262 0
203 0
36 1
326 0
360 0
142 0
368 1
261 0
24 0
253 1
393 1
283 1
0 0
107 0
210 1
20 1
145 1
399 0
18 0
91 0
89 0
200 0
156 0
78 1
314 1
74 1
386 1
244 1
302 1
164 0
171 1
194 1
77 0
184 1
212 1
195 1
69 0
137 0
240 0
291 1
112 0
363 0
98 0
248 0
12 0
193 0
264 1
101 1
39 1
47 1
2 1
32 0
326 1
20 0
159 0
318 1
192 1
162 0
202 0
369 0
45 1
231 0
150 0
79 0
228 0
26 1
238 0
372 0
82 0
6 0
207 0
188 0
85 0
127 0
215 0
199 0
66 0
215 1
338 0
30 0
337 1
158 1
203 1
86 1
386 0
186 1
153 0
62 1
61 0
341 0
328 1
52 1
279 0
155 1
199 1
3 1
245 0
388 1
0 1
63 1
384 1
213 1
27 1
146 0
286 0
79 1
124 1
95 1
168 0
258 1
271 1
190 1
347 1
156 1
61 1
193 1
59 1
293 1
307 0
162 1
192 0
261 1
155 0
154 1
57 0
22 1
376 1
304 1
123 1
23 1
250 1
355 1
11 0
57 1
379 1
178 0
343 1
267 0
247 1
389 0
306 0
241 0
31 0
109 0
160 1
17 0
385 1
34 1
366 1
133 0
330 1
19 0
163 1
299 0
173 0
253 0
54 0
10 1
100 0
266 1
317 0
358 1
151 1
272 1
296 1
130 1
83 0
312 0
226 1
334 0
219 0
71 0
119 1
43 0
167 1
237 0
160 0
212 0
227 0
169 0
360 1
296 0
301 0
214 0
129 0
292 1
157 1
70 1
114 0
118 0
51 0
75 1
268 0
349 0
350 0
315 1
286 1
42 1
179 0
64 0
128 1
103 0
163 0
131 1
305 0
170 0
106 1
327 1
185 0
187 0
54 1
37 1
339 0
128 0
137 1
5 0
38 1
338 1
116 0
89 1
268 1
321 1
21 0
279 1
309 0
152 1
152 0
206 1
8 0
33 0
8 1
319 1
103 1
37 0
95 0
133 1
281 1
200 1
334 1
138 0
139 1
80 0
