10 100 500
v<<v>vvvvvvv<v<v<><v<v>>vvv<v>v<><>v>v>v<<><<v<><<<<v<>><vvvv>vv<>v>>>><v>v<<<vv>><><><><>vvv><<<v<<
>v<^>>>^<<<>^vv><v^v><v<>>^v<v^>v^>v<>v^^<>^^^^^v><<v<^<^<v<v>^>^>v<<><v^<>^<>^^v>>v><vv>^><^<v^^^>v
><^^<^vvv<^>>^<><<v<^>^^>v<v<vv^v<v^><>>>>>>v<<^^<^><<><<^<vvv<v<^^^v^<vv<<>^>^>>v<v^v>^><>^<><v><<<
>v<>><v>^v^<^<^>^^>^v><<>v<v>><vvvv><><<v^^^>vv<<v<<>v<>^^^^<<v<^<<>^^>v^>vv^v><>>^<<>>>^v>>>>vvvv><
^<<^v^v^<v^<^>^^v<>><v>>>^^<^<^v^v><<<v>v<v^^v<v^><>vv<^v^><v><v<v^^><^>vv^v^v<v^^><vv^^<<<^^vv^v<^^
^^<><>^<<^>vv<^vvv<<v>>><^^><>v<<^<>>^vv^^v^<^<<<<^v>^v^>><^vv<^<<v<vvv^<>v^>v><<^>v>>>><v><>^><<^>^
v<^^<^^<v><^^><v>v>^^^^v<^^<^v^>>v<<^vvv<<^<v>^<<>v>^><v<^<<><<^<>v^><^<^>v>^^<<<v^>vvv^^^v>><^vv^>v
^v<>^>v<<><^>v<vv<>^<><>vvv<v<v>v^<>^>v<<<<>>vv^<>v>vvv^<v^>v<v^<v><^^vvv<<^>>v^^v^^<>v>v<^^v^>>vv<^
v^v>^v<v^^v<<>vvv<^^v>^vv^^^>v^<^<^<>^><<<v>^v^^^<<><><v>^vvvv<>>vv>>^><<>vv>v>>v<v<v>^^^<^^^>>v^^v<
^^^><>^><^>><<^>>^<><<>>^<^<^^<<>^^<><^^<><^^>^<<>>^^^>><<^<^<>^><<<>>><^<>^<^<<<^^<<^<<><^<^<^><^<^
4 78
5 39
4 94
1 36
6 94
7 50
8 45
4 83
7 84
7 87
3 64
4 49
2 43
1 53
3 10
7 52
8 67
8 37
3 5
4 56
5 80
8 2
9 58
6 56
8 60
8 82
4 5
9 97
8 58
1 66
6 8
7 37
3 97
5 71
8 52
0 28
0 43
1 52
3 14
4 39
6 76
8 53
3 34
7 15
9 74
4 7
0 99
6 68
8 17
5 75
9 9
1 68
1 98
4 36
0 89
5 19
1 32
4 96
3 85
6 36
1 15
1 96
7 61
0 3
6 77
6 28
6 55
6 32
9 5
5 99
0 29
7 54
8 12
3 1
1 21
1 6
4 98
1 92
0 80
1 86
7 3
6 16
3 55
5 82
9 33
7 71
3 74
5 70
5 62
3 36
9 50
1 10
2 30
4 44
1 84
1 78
3 68
0 49
8 7
1 33
0 0
0 21
2 26
5 21
5 28
2 5
9 20
4 41
1 1
6 65
9 95
4 12
3 12
1 87
2 51
7 21
9 24
3 38
4 63
4 13
9 25
5 64
5 49
4 47
6 17
7 56
2 58
4 38
8 36
5 13
0 86
0 61
4 0
3 96
4 99
7 80
8 11
1 47
9 19
7 69
7 38
2 82
1 54
9 59
7 97
4 75
7 9
4 88
1 61
0 84
5 69
3 30
6 23
3 23
5 25
2 93
4 89
5 58
0 70
5 12
6 53
7 30
3 39
6 96
8 3
7 28
4 52
7 98
4 68
4 33
7 55
4 71
7 22
0 8
1 23
1 69
8 4
8 35
4 10
0 30
5 40
0 50
3 93
3 15
6 99
8 19
6 51
9 52
3 21
0 56
1 75
5 2
3 16
0 23
0 24
8 56
5 93
1 39
6 71
7 36
7 35
6 64
8 54
0 35
8 25
5 5
7 11
6 98
4 25
3 58
1 25
9 13
1 74
9 90
1 76
7 25
7 53
3 47
5 6
3 41
3 0
8 95
7 79
5 73
2 94
2 52
4 22
7 42
5 56
3 82
2 19
6 22
0 47
9 47
9 70
2 1
4 64
8 72
1 5
5 86
6 43
6 79
0 59
0 75
0 46
2 56
1 58
1 99
0 54
9 89
2 79
2 72
8 41
2 66
2 84
6 35
9 3
1 94
6 4
2 99
4 82
1 3
2 60
0 39
3 46
3 43
8 65
2 27
7 70
5 60
0 55
5 29
7 29
5 3
7 64
2 46
2 86
6 29
3 49
9 43
4 55
9 80
2 8
7 82
6 41
0 90
0 85
2 6
9 57
2 47
4 62
2 92
0 32
9 64
0 26
9 26
0 65
6 50
0 15
4 40
4 46
0 48
9 63
7 0
3 32
8 85
6 30
1 45
6 85
3 76
5 34
5 74
5 0
2 42
9 15
7 13
1 18
3 27
3 2
2 95
4 59
6 21
3 52
7 49
4 19
1 71
4 17
9 86
8 84
1 43
7 44
7 40
4 85
8 66
4 60
8 62
1 26
6 52
1 35
0 63
9 48
2 36
3 51
6 46
3 22
4 45
1 88
9 85
0 4
4 15
6 75
6 87
8 21
9 1
4 67
1 41
2 34
9 92
2 45
7 19
4 93
0 77
8 90
7 51
1 95
3 11
4 16
2 68
2 23
4 92
6 13
0 91
6 47
2 76
8 68
9 41
0 69
4 18
1 49
4 24
3 54
9 23
0 68
8 76
1 59
1 83
8 18
6 0
8 15
9 10
0 19
9 38
3 79
0 31
5 94
0 81
5 57
6 49
2 16
8 24
9 71
4 69
4 79
3 67
8 42
5 72
8 96
3 77
2 59
1 42
4 43
1 22
6 38
8 70
9 60
5 68
6 14
5 23
9 55
8 14
9 78
6 63
5 26
9 44
1 27
5 27
9 22
8 79
0 36
5 32
0 73
2 65
5 90
5 24
9 32
0 94
4 23
9 16
9 93
8 87
0 14
0 11
7 27
9 4
9 68
8 22
8 86
5 8
8 49
6 82
1 29
3 24
9 98
6 86
1 34
3 50
6 92
3 71
2 12
6 91
5 46
8 51
3 40
7 74
9 7
1 14
2 71
4 29
6 27
7 24
4 90
8 92
6 84
4 30
2 41
2 18
5 76
6 57
1 70
8 16
4 14
1 65
8 38
9 77
2 67
7 65
5 61
1 48
6 18
2 11
7 91
0 58
7 46
6 44
9 88
6 70
0 76
2 37
7 7
1 63
