100 10 500
vv<v<>v<<v
^<v^^>v>><
v<><><vvv<
vvv>vvv>><
^<<>^^^<^v
^v^v<><^v<
v<>>^<<^>v
>^^^>^vv><
^>^>>^v><<
^<>^v><>^v
^v^><<v<<<
v^>^v<>v<v
vvv>>>^>^^
>>vv<v>v<^
vv>^^v^v><
><<^v^>>^<
^v^^v>^>><
><^<<v<^<^
v>v^^^<>v^
>>><<^^v^v
v><<><^<>v
v^v>>><<><
^<^<<v^<<<
v>>v^>>v><
^><^<>^^<^
^^<^^v>v><
v<^<v>>^^v
^<>>^^>^<^
v<^>^>>vvv
v^><>^^^<^
vv><<v<^^^
v<<<>v>^><
^<><<vvvvv
v<v<<>>>><
><^v>vv>^^
>v<>^>v<>^
>>vv<<><v^
v<>v><<vvv
v>>^<^v>^v
v^v^<<>v^<
v^^^>^<<><
>^<><<^>>v
vv^<^v>^v<
>vv>>v<v><
vv><<^<v^<
vv>v^vvv^<
^<^><<>>v^
>^^v>>vv<^
^^<vv><<^v
>^v^<>>vv<
>vv^v>v<^^
^v<>^^>v<^
vv<><<<<vv
^^><vv<<<^
^<v<^>v^>^
v^^<v<<v^^
^vv<v<<^^^
>v^v^v<<v^
v>^>v^v^v<
><<<v<<<^^
>v><<v>^>v
v<<v<v^>>v
v<^v>>^v>^
^v>vv^><v<
>vv>><v<<^
v^vv<<><<^
>>>v><>^vv
^><>^v^vvv
>vv>><<<v^
^<>^>><^^v
^>>><<v><<
>vv>v>^>v^
v^<<v>^<^<
^><>>^<^>^
^<^>v<^<v<
v>^>v^>>vv
^v^^<>>>><
v^v^vv^^^v
^^vvv^><^v
^>v>^^<><v
v^<<v>><v<
^>^v<<<^^^
>>^><v>^>v
v<v>v>><<<
vvvvvv<^v<
^<<v<<>v^<
v^v^>>><<v
>>><v>v<><
><<v>v^vv<
^v<^^<><vv
vv^v>v>^vv
v<v<<^vvv^
v^<>vv><^v
><v<v^^>v^
>><>^<vv<v
^vvv<vv^>v
^<^<><^^<<
v^^v^^<>vv
>^v>^v<>v<
^><>^<<<<^
21 9
50 9
55 6
59 6
8 5
15 1
44 1
70 4
96 9
15 4
98 8
48 8
85 6
88 9
71 7
69 0
47 8
24 3
21 2
42 3
3 0
38 6
58 2
40 6
41 2
91 6
48 1
73 4
91 8
74 1
16 5
27 2
76 9
14 6
5 3
54 3
85 9
62 9
61 1
2 7
34 5
83 8
29 1
75 7
21 7
92 9
0 1
79 4
22 8
94 6
14 3
5 6
18 4
92 0
89 5
28 3
56 2
6 2
83 3
9 8
1 1
56 6
97 5
20 6
66 3
62 4
26 7
71 0
57 7
59 0
49 8
95 1
51 6
40 0
18 8
79 3
60 0
15 0
87 2
57 5
52 8
28 9
33 1
3 8
43 9
59 8
57 2
63 6
95 0
58 5
36 3
41 3
94 1
33 0
62 0
84 3
37 2
0 5
18 2
88 5
54 7
85 4
42 0
29 8
47 0
93 5
76 4
66 1
81 2
77 7
92 6
35 5
45 4
89 1
2 4
26 5
7 3
60 4
64 8
62 3
61 3
43 6
31 9
95 3
90 3
51 4
25 6
74 3
7 8
1 3
63 2
67 1
19 1
10 1
61 5
56 7
35 3
99 1
79 1
45 5
28 4
93 4
25 7
83 9
88 7
68 0
55 1
72 1
80 5
40 5
95 5
34 4
78 6
77 1
32 3
97 6
80 8
76 2
58 6
51 2
73 0
58 7
39 2
63 0
28 8
65 5
71 9
23 0
91 7
4 4
49 7
70 7
17 6
51 1
96 2
95 9
66 8
68 2
71 6
79 7
86 5
69 1
27 1
75 5
0 7
99 7
48 2
6 1
84 5
41 1
89 4
68 7
71 5
83 5
96 1
68 4
77 2
54 5
74 8
87 5
50 6
95 6
52 4
34 3
98 4
43 0
73 8
97 0
1 8
70 5
81 8
32 7
63 9
57 1
55 3
94 3
67 0
59 9
83 4
89 7
64 0
72 0
84 1
84 2
11 9
95 2
86 1
23 1
19 7
68 1
72 8
99 0
12 8
28 2
9 7
70 9
35 0
32 5
74 7
94 7
22 9
60 5
0 8
57 3
53 3
33 4
19 4
60 7
63 8
92 1
56 0
2 9
12 4
22 3
23 8
10 2
0 6
78 9
89 9
24 1
27 6
49 6
70 2
12 6
31 0
33 9
48 7
74 6
49 0
85 0
80 1
52 0
19 6
68 9
85 3
8 6
52 5
93 3
73 2
45 0
17 2
23 7
1 4
58 1
10 3
84 0
43 4
61 7
98 9
97 9
46 8
37 5
51 3
99 9
6 3
83 7
67 6
47 4
74 5
40 9
14 8
98 5
69 3
17 9
56 9
85 5
49 9
4 2
10 7
86 0
78 8
5 2
52 2
64 4
48 6
94 5
76 7
51 5
66 5
91 9
76 1
42 6
13 7
3 6
11 7
26 6
93 2
11 0
46 7
51 9
21 6
4 3
73 3
37 0
32 6
92 5
73 9
14 9
36 8
75 0
77 5
60 2
87 9
37 8
14 4
62 2
59 2
23 5
97 1
86 6
9 1
79 6
81 7
42 9
13 9
24 7
29 2
99 6
56 5
87 0
53 0
39 3
38 3
34 1
86 8
42 2
24 6
45 1
38 5
3 3
78 7
98 3
16 7
76 5
48 9
22 7
52 3
54 8
95 4
48 4
37 9
2 8
4 8
67 3
65 3
88 2
25 3
19 3
72 7
94 9
98 2
6 9
17 7
48 0
31 1
60 6
8 8
24 0
35 6
98 0
91 2
21 8
28 5
10 6
11 5
11 4
13 5
70 8
74 2
25 1
97 7
71 3
2 0
35 9
81 4
50 2
6 8
46 3
47 7
77 6
94 8
84 6
88 0
0 0
57 0
95 8
87 3
36 7
46 2
96 5
31 7
33 8
90 7
13 0
80 0
99 4
55 8
57 6
8 0
72 4
90 4
8 2
83 2
44 3
54 1
23 2
78 5
88 1
7 6
26 1
30 3
18 3
78 1
91 4
45 6
43 8
19 5
73 6
87 4
31 6
58 3
61 2
82 6
76 8
99 3
33 7
65 6
8 9
31 2
69 8
31 3
16 1
7 7
90 0
99 5
50 4
24 8
4 9
46 5
21 0
65 7
68 8
64 5
79 2
25 5
11 2
66 2
9 4
3 4
32 8
82 7
31 8
83 1
30 8
52 7
54 4
40 2
55 4
89 2
89 3
