30 33 500
vvvvvvvvvvvvvvvvvvvvvvvvvvvvvvvvv
vvvvv<vvv<vvvvvvvvvvvvvvvvvvvvvvv
v<vvvvv>vvvvvvvvvvvv>vvvvv^vvvvvv
vvvvvv>vv>>vvvvvvvvvvvvvvvv>vv<vv
vvvvvvvvvvvvvv<vvvvvvv>v^vvvvvvvv
vvvvvvv<vvvvvvvvvvv^v>vvv>vvvvvvv
vv^vvvvv>vvv^>vvvvvvvvvvvvvvvvvvv
vvvvvvvvvvvvvvvvvvvvvv>vvvvvvvvvv
vvvvvvvvvvvvvvvvvv<vv^vv<>vvvv^vv
vvvvvvvvvvvvvvvvvvvvvvvvvvvvvvvvv
vvvvv<vvvvvvvvvvvvv<vvvvvv>vvvvvv
vvvvvvvvvv>vvv>vvvvvvvvvvvvvvvvvv
vvvvvvvvvvvvvvv^vvv^vvvvv>vvvvvvv
vvvvvvvvvvvvvvvvvvvvvvvv^vvvvvvvv
vvvvvvvvvv^vv>v>vvv>vvvvvvvvvvv>v
vvvv>vvvvvvvv>vvvvvvvvvv>vvv<v>vv
>>>>>>>>>>>>>>>>>>>>>>>>>>>>>>>>v
^v<<<<<<<<<<<<<<<<<<<<<<<<<<<<<<<
^>>>>>>>>>>>>>>>>>>>>>>>>>>>>>>>v
^v<<<<<<<<<<<<<<<<<<<<<<<<<<<<<<<
^>>>>>>>>>>>>>>>>>>>>>>>>>>>>>>>v
^v<<<<<<<<<<<<<<<<<<<<<<<<<<<<<<<
^>>>>>>>>>>>>>>>>>>>>>>>>>>>>>>>v
^v<<<<<<<<<<<<<<<<<<<<<<<<<<<<<<<
^>>>>>>>>>>>>>>>>>>>>>>>>>>>>>>>v
^v<<<<<<<<<<<<<<<<<<<<<<<<<<<<<<<
^>>>>>>>>>>>>>>>>>>>>>>>>>>>>>>>v
^v<<<<<<<<<<<<<<<<<<<<<<<<<<<<<<<
^>>>>>>>>>>>>>>>>>>>>>>>>>>>>>>>v
^<<<<<<<<<<<<<<<<<<<<<<<<<<<<<<<<
19 16
8 23
9 9
21 25
13 20
9 16
0 28
12 28
3 24
11 12
7 23
19 4
19 21
11 9
3 10
6 18
1 21
25 17
6 8
24 2
0 22
8 20
8 31
7 17
5 28
8 22
11 7
9 7
14 7
14 12
11 21
3 15
25 25
10 2
22 23
18 13
8 18
2 29
4 16
4 30
14 27
0 21
10 19
0 30
17 5
4 17
9 8
0 3
26 10
10 10
0 1
9 20
26 8
23 16
8 13
9 31
10 17
24 22
7 1
5 2
0 6
6 11
0 8
11 1
7 7
7 0
14 28
19 17
12 1
0 31
8 28
0 12
12 14
14 26
2 26
8 16
22 30
2 0
13 9
23 20
14 17
11 14
6 29
8 3
8 0
1 17
1 31
26 5
11 15
1 30
24 12
27 25
18 28
5 17
7 19
13 25
21 19
14 9
11 4
8 12
3 19
6 0
3 30
5 8
11 25
14 13
0 13
10 20
19 27
9 23
12 26
5 3
7 3
13 16
9 5
12 16
5 16
13 21
14 30
14 15
4 2
1 28
19 23
2 3
11 22
5 4
6 15
7 14
28 1
3 7
6 1
1 2
21 23
8 9
12 12
0 7
23 29
25 26
11 23
2 23
5 18
22 8
0 0
2 8
6 20
3 18
12 15
13 4
8 5
22 28
24 24
0 19
11 0
7 31
28 18
10 14
3 13
4 0
6 13
28 30
8 10
4 11
8 17
0 20
14 2
6 5
1 19
10 24
5 9
2 19
15 29
1 8
19 22
21 18
27 27
3 14
10 9
11 31
0 15
1 29
3 29
12 20
13 17
21 7
4 5
21 15
1 26
3 26
14 20
11 10
14 16
10 3
14 10
12 24
3 32
1 13
1 5
6 2
1 27
26 19
13 29
22 32
0 2
7 25
26 13
3 20
1 16
8 15
26 1
0 32
20 4
22 16
29 6
11 24
23 0
10 5
4 25
13 11
9 1
13 14
26 15
4 20
2 22
3 23
3 9
4 13
7 30
8 1
15 4
20 11
2 24
9 2
2 7
13 19
4 15
6 7
6 25
28 17
6 12
0 14
7 20
1 0
24 28
14 21
16 20
8 25
6 6
2 31
1 6
12 18
23 15
6 16
2 2
10 30
14 31
12 8
12 31
18 7
1 25
2 25
6 10
11 16
4 23
7 21
8 14
16 9
27 7
3 25
24 25
10 23
8 32
7 11
4 31
3 11
17 23
4 19
13 10
15 22
7 32
10 28
10 4
17 25
5 25
23 19
14 24
6 9
27 20
15 25
1 32
2 16
1 24
13 27
12 7
19 8
8 8
7 5
26 12
12 32
9 24
3 21
10 26
8 19
29 28
26 21
8 11
9 32
27 11
6 3
3 1
28 31
20 6
4 12
4 26
24 13
18 19
3 27
13 0
1 18
2 11
0 10
11 20
15 0
23 17
0 29
6 30
11 18
18 21
16 15
5 7
9 28
1 3
1 12
11 26
14 8
15 15
13 1
3 2
28 15
12 13
25 18
26 9
7 4
10 0
14 3
27 6
18 22
2 9
12 9
12 30
16 1
6 14
29 29
10 29
0 9
25 29
21 31
2 32
29 25
17 28
9 14
5 26
3 28
29 22
29 12
11 27
7 28
10 6
23 18
0 4
19 24
24 18
17 12
0 23
25 16
0 5
7 27
13 32
14 5
13 26
7 15
1 7
22 9
4 32
11 13
0 17
1 11
5 1
5 32
4 24
2 10
3 4
13 8
0 25
5 31
7 13
8 21
10 16
18 3
12 0
22 10
6 31
9 11
2 13
21 2
3 16
26 28
9 21
5 13
11 8
0 27
4 10
28 5
5 29
24 27
4 7
14 19
12 22
2 1
6 24
28 10
8 7
1 23
2 30
3 22
2 15
23 8
26 25
3 0
18 16
13 15
1 1
11 32
17 8
22 15
19 28
0 16
12 23
4 1
7 24
2 28
11 5
6 22
18 2
21 0
24 5
21 32
14 25
14 0
9 18
14 14
5 14
7 16
3 3
13 5
6 19
15 13
17 17
25 15
4 21
6 32
22 20
23 31
7 26
3 6
7 9
15 32
0 11
19 15
2 20
17 30
8 24
22 2
14 4
28 25
20 18
17 32
24 11
29 19
10 21
6 26
12 21
4 18
4 22
7 8
21 11
14 18
24 32
9 10
25 5
20 7
11 2
5 11
16 18
8 6
16 16
12 4
17 4
10 11
23 14
12 27
