30 33 500
vvvvvvvvvvvvvvvvvvvvvvvvvvvvvvvvv
vvvvvvvvvvvv>vvvvvvvvv<vvvvvvvvvv
v^vvv^vv>vvvvvvvvvvvvvvvvvv<vvvvv
vvvvvvvvvvvvvvvvv^vvvvvvvvvvvvvvv
vv^vvvvvvvvvvvvvvvvvvvvvvvvvvvv<v
vvvvv^vvvvvv<vvvvvvvvvvvvvvvvvvvv
vv>vvvvvv<vv<vvvvvvv>vv>vvvvvvvvv
vvvvvvvvvvvvvvvvv^vvvvvvvvv^^vvvv
vvvvvvvvvvvvvvvvvvv>vvvvvvv^vvvvv
vvvvv^<vvvvvvvvvvvvv<vvvvvvvvvvvv
vvvvvvvvv^vvvvvvvvvvv^vvvvvvvvvvv
vvvvvvvvvvvv^vvvvv<vvv>vvvvvvvvvv
vvvvvvvvvvv^vvvvv^^vvvvv>vv>vvv<v
vvvv^vvvvvvvvvvvv<vvvvvvvvvvvvvvv
vvvvvvvvvvvvvvvvv>vvvvvvvvvvvvvvv
vvvvvvvvvvv<v>^vv<vvvvvvvvvvvvvvv
>>>>>>>>>>>>>>>>>>>>>>>>>>>>>>>>v
^v<<<<<<<<<<<<<<<<<<<<<<<<<<<<<<<
^>>>>>>>>>>>>>>>>>>>>>>>>>>>>>>>v
^v<<<<<<<<<<<<<<<<<<<<<<<<<<<<<<<
^>>>>>>>>>>>>>>>>>>>>>>>>>>>>>>>v
^v<<<<<<<<<<<<<<<<<<<<<<<<<<<<<<<
^>>>>>>>>>>>>>>>>>>>>>>>>>>>>>>>v
^v<<<<<<<<<<<<<<<<<<<<<<<<<<<<<<<
^>>>>>>>>>>>>>>>>>>>>>>>>>>>>>>>v
^v<<<<<<<<<<<<<<<<<<<<<<<<<<<<<<<
^>>>>>>>>>>>>>>>>>>>>>>>>>>>>>>>v
^v<<<<<<<<<<<<<<<<<<<<<<<<<<<<<<<
^>>>>>>>>>>>>>>>>>>>>>>>>>>>>>>>v
^<<<<<<<<<<<<<<<<<<<<<<<<<<<<<<<<
13 0
5 8
1 3
0 29
25 15
10 17
1 18
13 11
21 9
14 20
14 2
0 27
7 28
0 25
1 6
4 10
9 8
21 23
0 28
4 4
11 6
8 28
3 32
7 20
20 22
25 1
19 27
8 12
1 11
0 19
9 4
8 26
0 4
3 17
6 19
0 32
4 24
3 30
1 24
12 12
8 3
6 21
7 7
5 29
13 27
4 2
11 30
2 25
5 5
0 15
8 31
22 12
14 32
11 28
7 25
8 29
5 21
16 18
1 1
7 13
2 7
13 3
28 0
12 10
14 15
7 5
29 16
11 14
12 16
1 25
11 31
18 21
15 16
20 21
2 27
13 31
13 24
2 14
13 16
3 26
0 16
10 32
20 0
11 19
13 1
24 2
1 28
0 21
14 31
14 4
20 4
12 6
13 5
0 20
7 4
7 29
26 0
9 2
11 7
14 21
8 8
5 7
19 15
3 12
14 22
22 24
13 2
29 14
9 12
28 21
1 29
6 16
23 31
1 5
28 31
19 0
14 3
12 17
10 12
11 27
1 0
24 9
9 32
23 28
1 2
15 32
14 19
8 1
26 21
5 15
9 20
19 19
9 11
10 18
2 22
17 23
22 22
14 27
13 4
12 9
23 24
14 17
8 16
5 20
14 7
3 4
4 18
4 26
4 13
3 27
6 30
5 19
19 7
4 9
5 2
4 29
3 19
5 26
13 30
26 27
12 14
19 18
0 17
5 28
11 8
29 27
10 25
14 18
18 17
9 22
2 12
4 11
14 13
7 27
3 3
9 18
14 6
6 12
2 28
17 8
9 6
21 7
1 14
1 27
7 26
10 13
22 25
7 31
6 13
3 20
2 11
19 2
29 9
13 23
14 9
15 14
0 31
14 1
4 17
10 15
25 2
12 4
0 22
4 28
28 24
15 27
11 17
7 16
12 0
10 23
2 1
8 14
3 28
5 18
18 23
10 1
3 6
9 24
1 21
3 29
13 25
6 6
14 23
10 31
5 23
4 15
9 27
13 7
14 24
14 26
0 7
0 14
2 23
23 6
7 11
9 23
6 15
13 29
2 19
1 12
10 16
2 5
17 28
25 6
3 14
9 30
4 12
19 8
17 32
4 20
1 13
19 16
29 18
9 1
11 18
12 13
11 25
10 5
15 21
15 12
2 13
1 8
4 22
0 30
6 14
10 27
12 25
12 31
5 1
2 26
18 3
6 3
0 24
10 6
9 10
14 10
3 11
13 19
10 11
3 25
6 24
7 0
25 20
22 21
14 5
12 7
10 0
6 26
8 18
3 21
9 14
12 2
5 13
25 19
28 11
14 8
7 32
15 8
29 24
4 31
11 1
15 18
27 28
20 14
2 0
9 16
6 18
4 32
17 14
25 14
20 23
4 16
6 22
1 15
5 10
13 8
11 4
28 19
5 32
22 32
2 32
8 11
0 6
12 8
11 13
14 28
11 11
6 10
12 26
14 11
8 10
1 19
3 23
21 25
10 28
29 6
14 0
8 2
1 23
8 17
8 13
2 2
20 28
0 26
1 31
13 13
7 15
5 25
13 32
11 23
10 19
4 8
4 21
8 19
15 1
2 17
26 18
10 21
10 10
12 18
16 25
9 17
9 19
12 28
1 4
3 8
19 13
7 17
2 15
17 25
22 29
6 29
10 22
20 18
5 16
20 9
4 14
18 26
4 5
29 28
27 30
9 0
26 8
1 10
10 2
0 9
17 18
17 22
2 4
5 4
2 6
7 12
18 9
4 23
12 24
21 4
22 2
12 22
12 30
7 6
14 14
2 20
0 3
3 31
3 13
7 3
18 30
7 19
15 26
15 2
26 6
2 9
11 2
1 26
7 1
8 15
6 9
8 7
6 5
26 12
20 11
23 25
10 9
6 8
9 9
22 31
9 25
12 27
10 29
9 15
6 4
26 26
29 30
13 10
5 17
5 9
7 9
6 32
14 12
24 13
12 29
15 3
18 5
13 9
22 17
24 6
6 0
2 31
3 5
3 22
7 14
26 17
25 8
9 13
2 16
27 20
10 14
29 2
15 10
28 23
18 13
18 0
0 1
1 20
29 5
11 20
22 11
28 13
8 6
17 9
13 14
9 5
19 3
10 3
10 4
23 13
29 21
9 26
3 1
10 30
0 8
22 26
11 3
8 24
0 0
12 1
26 3
26 1
4 30
19 24
20 13
29 25
29 1
5 6
5 24
2 10
20 6
10 26
18 20
11 21
