cycle
26 2
cycle
26 2
26 2
24 3
24 3
25 3
25 3
24 3
24 3
24 3
24 2
26 2
24 2
26 2
26 2
cycle
15 22
16 18
16 19
16 19
16 19
16 18
14 18
14 18
14 16
14 16
14 16
14 16
14 18
14 18
15 22
cycle
cycle
cycle
27 22
27 21
27 21
27 20
27 20
27 21
27 22
28 22
28 22
27 21
27 21
22 2
22 2
cycle
21 1
21 1
21 1
21 1
17 14
17 14
18 14
18 14
19 14
21 14
21 14
20 14
19 15
20 14
19 14
19 15
20 17
20 17
19 17
19 15
19 17
19 15
19 15
19 15
19 15
11 6
10 4
10 3
10 3
10 4
cycle
11 7
11 6
9 8
9 8
cycle
10 6
10 6
11 6
11 7
10 6
10 6
11 6
11 7
cycle
15 6
15 5
15 5
15 5
15 5
15 6
13 6
13 6
cycle
13 6
13 6
11 7
9 27
9 27
8 27
8 29
8 27
8 28
cycle
8 28
8 29
9 29
9 29
9 30
8 29
9 30
8 30
6 30
6 30
7 30
7 30
7 30
8 30
8 29
7 30
7 30
cycle
1 9
1 9
1 9
2 7
2 7
2 7
1 9
1 9
1 9
1 9
1 9
17 29
17 29
18 29
19 29
18 29
19 29
21 29
21 29
20 29
19 29
20 29
19 29
19 30
21 30
21 30
21 30
21 30
18 30
19 30
18 30
15 31
15 31
cycle
18 30
17 30
18 30
17 30
6 6
6 6
7 6
7 7
7 7
7 6
7 4
7 6
cycle
7 4
6 4
6 4
7 3
7 3
8 2
8 2
7 3
7 3
7 4
cycle
7 4
23 18
23 18
24 18
24 19
24 19
24 18
24 16
24 16
cycle
22 16
22 16
24 16
24 16
25 16
26 17
26 17
26 17
26 17
26 17
26 17
26 16
26 16
cycle
26 16
26 16
25 16
26 16
13 10
12 11
11 11
11 11
12 11
13 11
14 12
14 12
14 12
13 10
13 11
13 10
15 9
15 9
13 10
13 11
13 10
cycle
13 11
6 18
6 18
5 20
5 20
5 20
4 18
4 18
5 20
5 20
5 20
5 20
5 20
10 22
10 22
10 21
10 20
10 20
10 21
11 19
11 18
11 19
10 16
10 16
10 16
11 18
10 18
9 18
11 18
9 18
8 18
8 18
9 18
10 18
11 18
11 18
11 18
11 19
11 18
11 18
11 19
11 18
13 10
16 8
16 8
cycle
16 8
19 7
19 7
18 7
18 6
18 6
18 7
18 8
18 10
18 10
18 10
16 8
18 8
17 8
16 8
17 8
16 8
cycle
19 20
19 20
19 20
19 20
19 20
19 22
19 22
19 21
20 21
20 21
19 21
18 21
17 21
17 22
17 22
17 21
18 21
18 20
18 20
19 20
18 20
28 25
27 25
27 26
27 26
28 27
28 27
28 27
28 27
27 26
27 26
27 25
24 24
24 24
24 24
27 25
28 25
28 25
27 25
28 25
25 31
25 31
cycle
27 30
27 30
27 30
27 30
25 29
25 29
26 29
26 29
27 30
27 30
27 29
27 29
27 30
15 27
15 26
14 26
14 26
15 26
15 27
15 27
15 28
15 28
15 27
16 27
16 27
cycle
cycle
6 27
6 27
6 27
6 27
6 27
6 27
5 28
5 28
cycle
cycle
cycle
5 28
5 28
cycle
5 1
5 1
4 1
3 1
3 1
4 1
4 4
cycle
4 4
2 3
2 4
2 3
2 4
2 4
3 4
2 4
3 4
7 4
3 4
4 4
3 4
4 4
7 4
3 23
3 23
1 25
2 25
1 25
1 25
4 26
4 26
4 25
2 25
4 25
2 25
2 25
2 27
2 27
2 27
2 27
2 25
2 25
1 25
2 25
17 12
17 12
cycle
17 12
17 12
16 12
15 14
15 14
15 14
15 14
13 11
16 13
16 13
16 12
13 11
12 28
11 28
12 29
11 28
12 28
12 29
12 31
12 31
12 29
12 29
13 29
cycle
13 29
12 29
26 9
26 9
26 10
25 10
25 10
26 10
27 10
26 10
27 10
27 10
28 10
27 10
28 10
28 11
28 11
28 10
28 11
28 10
28 11
28 10
23 11
23 11
23 11
23 11
cycle
23 12
23 12
23 12
23 12
28 10
23 21
23 21
23 21
23 21
25 22
25 22
25 22
25 22
25 22
25 22
cycle
7 20
7 20
