30 33 500
vvvvvvvvvvvvvvvvvvvvvvvvvvvvvvvvv
>v>vv<>v>><v>v<<><v<<v<v>v>v>>v><
>v^>v^>>^^<<^v<<<^<>>>^<^^<<^^>v<
>v<^v<<^>^v>><^^v>v^^<>>^^v^<><<<
>>>>v>^v^<>^v<vv^>>>v^^^>^<v<v<<<
>^<vvvvv>>^>>v<<^<v><^^<^v^v^<^<<
>^vv<<v<^<^vv>vv^>>>^>>^<>>>^>v<<
><v>v<<<<vv<v^<v^<v>><^^<<v>v>v<<
>v>^>>^^vv>v<>v>^>vv^^^^>^>>>^<^<
>v^v^vv<<>^>>v>^v>v<v^^<v^>^>>^<<
>>v>v<v<^>^v>vv>>>v>>v<<v<v^v^>^<
>^<^>>>^v^<v<>v<^>><<<^>v<<vv<<v<
>>^<<>v^v>>v<^>^v^^^>>vv>^>^>v<<<
>v>>>^>^v^<<<^^>v^<>v<v>^<<^^^<^<
>>^<>v^vv>^>^<v<>>>^vvv>^>v<v<^v<
>>vv>>^<v^<^^vv<^v^v>>^<<<>v<<v<<
>^v<^><v>^>v^<<^^>^<<^v^<>^v<vv^<
>v<^^vv>^<v>^>v<v<<^>v<<^v^<>vvv<
>^<<<>>>^<<<^<v<>vv>v<v^>>v>>v^><
>>>^^<>^<v^><>>v<<v>^^<<>vv<v>^v<
>v<^><v<v^v<>>^^>^>^>^<>v^<^>^^^<
><^^^^<v^^<vvv^<^^>>^<<^>^^^>^^<<
>>^<^>^>>^vvv>^>v<v>^<v>^v^<<^^^<
>^>v><^^^<>v>vv^v>v>>v<^v>v^v<^v<
>>v<<<>vv<v>^>v<v<<<<>v>>vv<<vvv<
>^v^<>v>^vv<<<<vvv<^^vv<^vv^>v>v<
>v<^^>vv>>v<<^vv^<^>^v>^vvvv>>vv<
>v^>>v<<>vv<<<v>^^<>>>v<<v<vv><<<
>>^>^>><<<><<<<>^^<v^^<<><^<<^^<<
><<<<<<<<<<<<<<<<<<<<<<<<<<<<<<<<
26 1
27 1
28 1
28 2
27 2
23 2
23 3
25 4
26 3
25 3
24 5
24 4
24 3
25 1
24 1
24 2
25 2
26 2
15 17
16 17
15 19
17 19
16 20
16 19
16 18
15 18
16 16
15 16
13 15
13 16
14 16
14 17
14 18
14 19
26 24
27 24
27 23
25 21
26 21
28 20
27 19
27 20
27 21
27 22
28 23
28 22
28 21
22 3
22 1
22 2
21 2
20 2
20 1
21 1
17 13
17 15
17 14
18 15
18 14
21 15
22 14
21 14
20 12
20 13
20 14
19 14
21 17
20 16
20 17
18 16
18 17
19 17
19 16
19 15
20 15
9 5
10 5
9 3
11 3
10 3
10 4
11 4
11 5
10 8
8 8
9 8
9 7
9 6
13 7
12 7
11 7
10 7
10 6
11 6
14 7
15 7
14 4
14 5
16 4
15 4
15 5
15 6
14 6
13 5
12 5
12 6
13 6
10 27
9 26
9 27
7 26
8 26
8 27
7 27
7 28
8 28
9 28
10 29
9 29
10 31
9 31
9 30
6 29
6 31
6 30
8 31
7 31
7 30
8 30
8 29
7 29
1 11
2 11
2 10
2 9
3 7
2 6
1 7
2 7
2 8
1 8
1 9
1 10
16 29
17 28
17 29
18 27
18 28
18 29
21 28
22 29
21 29
19 28
20 28
20 29
19 29
22 31
21 31
23 30
22 30
21 30
20 30
19 30
16 31
14 31
15 31
15 30
16 30
17 30
18 30
6 7
5 6
6 6
7 8
8 7
7 7
8 5
8 6
7 6
7 5
5 4
6 5
6 4
6 3
7 2
9 2
8 2
8 3
7 3
7 4
8 4
22 18
23 17
23 18
24 20
25 19
24 19
24 18
24 17
23 15
22 15
22 17
22 16
23 16
24 16
28 18
28 17
27 17
26 18
25 18
25 17
26 17
25 15
26 15
27 15
27 16
26 16
25 16
12 9
12 10
10 11
11 12
11 11
12 11
14 13
14 11
15 12
14 12
13 12
13 11
15 10
16 9
15 9
14 9
14 10
13 10
13 9
5 18
6 17
6 18
6 19
6 20
4 17
3 18
4 18
4 19
4 20
5 20
5 19
11 22
10 23
10 22
9 20
10 19
10 20
10 21
11 21
11 20
9 16
10 15
11 16
10 16
10 17
9 17
8 19
9 19
8 17
7 18
8 18
9 18
10 18
13 18
13 17
12 17
11 17
12 18
11 18
11 19
11 8
12 8
13 8
14 8
15 8
19 6
19 8
19 7
17 6
18 5
18 6
18 7
18 11
17 10
19 10
18 10
18 9
18 8
16 7
17 7
17 8
16 8
18 18
19 18
20 18
20 19
19 19
18 22
19 23
19 22
20 22
20 20
20 21
19 21
17 20
17 23
16 22
17 22
17 21
18 21
18 19
18 20
19 20
23 26
24 26
25 26
26 26
26 27
27 27
27 28
28 28
28 27
28 26
27 26
24 23
23 24
25 24
24 24
24 25
25 25
26 25
27 25
25 30
24 31
25 31
26 31
27 31
28 31
28 30
25 28
24 29
25 29
26 28
26 29
26 30
27 30
28 29
27 29
16 25
16 26
14 27
14 25
14 26
15 26
14 29
14 28
15 29
15 28
15 27
16 28
16 27
17 27
5 25
6 25
6 26
4 28
4 27
5 27
6 27
6 28
5 31
5 30
4 30
4 29
5 29
5 28
6 1
5 2
5 1
3 2
2 1
3 1
4 1
4 2
4 3
3 3
1 2
1 3
2 3
2 5
1 5
1 4
2 4
4 5
4 6
3 6
3 5
3 4
4 4
3 22
4 23
3 23
3 24
2 24
1 24
3 26
5 26
4 26
5 24
4 24
4 25
3 25
1 26
1 27
3 28
3 27
2 27
2 26
2 25
1 25
18 13
18 12
16 10
16 11
17 11
17 12
14 15
14 14
16 15
15 15
15 14
16 14
15 13
16 13
16 12
13 28
10 28
11 30
11 29
11 28
12 28
13 31
11 31
12 31
12 30
12 29
14 30
13 30
13 29
25 9
26 8
26 9
24 10
25 11
25 10
26 12
26 11
26 10
27 13
27 12
27 11
27 10
28 10
26 14
27 14
28 14
28 13
28 12
28 11
22 10
23 10
21 11
22 11
23 11
24 11
24 12
21 12
22 12
23 12
23 19
23 20
22 22
23 22
23 21
24 21
24 22
26 22
26 23
25 23
25 22
8 20
7 19
