2 29
2 29
6 29
6 29
4 30
4 30
5 29
5 29
5 26
5 26
5 26
5 26
5 26
5 26
6 29
5 29
5 29
6 29
7 32
7 32
6 29
6 29
6 29
6 29
9 29
6 29
6 28
9 28
6 29
9 28
9 28
10 28
10 28
9 28
6 29
6 29
6 28
6 29
cycle
9 28
9 29
14 33
14 33
13 33
13 34
13 34
13 33
13 32
13 31
11 31
13 32
13 31
13 31
14 30
14 29
14 29
14 30
11 31
13 31
12 31
11 31
12 31
11 31
11 31
11 31
11 31
9 31
11 31
9 31
9 31
9 36
9 36
8 34
8 34
8 34
cycle
8 34
8 34
8 34
9 31
9 29
9 31
9 31
9 30
8 30
8 30
9 30
9 29
9 28
cycle
16 24
16 24
16 26
16 26
16 24
16 24
17 22
17 22
17 22
17 22
17 22
18 22
17 22
14 18
14 18
15 18
18 22
15 18
18 22
16 19
16 19
16 20
12 20
12 20
13 20
14 20
13 20
14 20
13 21
13 21
14 21
14 20
14 21
14 21
14 20
17 22
16 20
17 22
18 22
17 22
18 22
17 22
18 22
4 23
4 23
cycle
3 25
3 25
2 27
2 27
2 26
cycle
2 26
3 25
3 25
4 27
4 27
4 27
cycle
4 27
4 27
4 27
14 13
14 13
14 14
15 14
14 14
15 14
15 14
16 14
16 15
16 15
16 14
15 14
15 16
15 16
17 17
17 17
17 17
17 17
cycle
15 16
15 16
13 11
cycle
cycle
cycle
12 14
12 14
cycle
16 10
16 10
16 10
16 10
16 10
16 10
17 10
18 12
18 12
18 10
18 10
13 11
18 10
18 10
17 10
cycle
16 11
16 11
15 11
15 11
cycle
15 14
cycle
15 14
18 27
18 27
cycle
15 25
15 25
12 23
cycle
12 25
cycle
12 23
12 23
12 23
10 21
10 22
12 23
10 22
10 21
10 22
10 22
10 25
11 25
11 25
10 25
10 22
10 23
10 23
10 22
12 23
12 23
12 23
12 25
12 25
14 27
14 27
12 27
12 27
12 25
12 27
12 27
cycle
cycle
12 25
12 25
11 25
17 35
17 35
17 35
17 35
17 35
17 35
17 36
17 39
17 36
17 39
17 39
17 39
17 39
17 39
16 44
16 44
16 43
15 42
16 43
15 43
13 43
13 43
14 43
14 42
14 42
14 43
15 43
15 42
15 42
16 41
16 41
15 42
16 41
16 41
18 41
17 39
16 41
16 41
18 41
16 41
16 41
17 39
17 39
17 39
16 39
13 37
13 37
13 38
13 39
13 39
13 38
17 39
cycle
17 39
15 36
15 36
17 39
17 39
17 39
16 39
17 39
2 9
1 6
2 6
2 6
1 6
cycle
1 8
1 8
4 8
2 9
6 10
6 10
5 10
2 9
5 10
5 11
5 11
5 10
2 10
2 10
2 10
2 12
2 12
2 12
4 8
2 10
2 10
2 10
2 9
4 8
4 8
4 8
4 7
4 3
4 3
4 3
4 3
4 3
4 3
5 5
4 5
4 5
5 5
8 4
8 4
7 4
5 6
7 4
5 5
5 6
5 5
5 6
8 8
8 8
7 8
7 8
7 7
5 6
4 8
7 7
5 6
4 8
5 6
4 8
4 7
4 8
4 8
4 8
4 38
4 38
5 38
5 38
6 38
7 39
7 39
6 34
6 38
6 34
7 36
7 36
7 36
7 36
6 34
5 34
6 34
5 34
2 36
2 36
2 36
2 36
2 36
2 36
2 35
cycle
cycle
5 34
2 35
3 34
3 34
3 34
3 34
5 34
5 34
6 34
5 34
6 34
cycle
5 41
4 41
6 41
6 41
5 41
5 41
5 41
cycle
5 41
2 42
2 42
5 41
3 40
3 40
1 39
1 39
1 40
1 40
3 40
3 40
5 41
5 41
5 41
5 40
5 40
5 41
4 41
4 41
4 41
8 16
8 16
8 17
9 17
9 17
9 17
8 17
5 17
6 19
5 17
3 15
3 15
3 16
3 17
3 16
3 17
3 17
4 17
3 17
4 17
cycle
4 17
5 17
4 17
5 17
6 19
cycle
6 19
6 19
7 19
6 19
7 19
6 19
7 19
7 18
7 18
7 19
15 14
17 14
17 14
15 14
10 42
10 38
11 38
11 38
10 38
10 42
cycle
10 42
10 42
10 42
8 47
8 47
8 47
10 42
