20 50 500
vvvvvvvvvvvvvvvvvvvvvvvvvvvvvvvvvvvvvvvvvvvvvvvvvv
>v<v<>>>>vv<<>>>>>>>vvv<<>vv<v>v>>>vv<>>v<vv<vv<^<
>v^v>^^<^v<>^<^vvv<^v<v>^<v<<v<v<>vv<^>^v>vv^>v^v<
>vvv<v^vv<^<^v<>>v^^<^<v>v<v<vv>^v<<^^vv<<<>v<<<<<
>v>>>v>>><^vvv<^^v<<<^>>^>>>^>v>^>v>^>v>v><>v^>^^<
>>v^>>^v>>^<v>>v^>>v^^v<<>>>>v<v<vv>v>v>>^<<v>v^v<
>^>^^v^<v>^^v<v<<^v<v^<v<^^>>v<<^v^<<v<v>>>^vv<><<
>^>>^>>^<^^v>^<<v^>^>>^<<^^<^vv>^v>>^<^<<^<<v>vv^<
>^<>^vv>^<>>^^^>>^^^v<>>^v>v^vv<^>v<><v>>^<^<v<<<<
>>^^^v>>vv<v^v^<>^<^v>^^<v>>^<<<<<<^<<v>>>v<<<v^<<
>>>v<<>^>v>v^v<><^v^>>v<<<^>^<<^>vvv^^>^>>vv^^<<<<
>^<>v^<v<<v>^<>^<<<^v^v^>^<v<^>^^>^>>>^>^^<>^^<<v<
>^>^v^>>>^vv<<<<<>^>vv>>>^v<^>^^<<v<>v^v^v<v>^<>><
>>>>v<>^v<v>vv^v^^>>vv<^<^<^>^<^<<<<>>v<^<vv<>>v<<
>>v>v^^v<v<^>>v<^>v<v<<>^v>^>>>^^^<^vv<^^>>v>^<^^<
>>v^<^^v>>v^<v>>^<>vv^^^<<<^v^^>^^>^v<>>>>v<v>^^v<
>v<^<^^<>>v^<>^<<^^>v>>>v<<<^v^<<>>v>>>vv<<^<<^<<<
><>v^v>^^v>^v>>^>^^^>vv<>v^v>v>^^<v>>>v^<^>^vv<<<<
>><>^>^>>>^<<<^<^^<<<>^^<<>v>>>>^^>^^<>^>^<<<><>^<
><<<<<<<<<<<<<<<<<<<<<<<<<<<<<<<<<<<<<<<<<<<<<<<<<
2 30
1 29
2 29
3 29
4 29
3 30
4 30
5 30
7 25
6 25
5 25
7 27
7 26
6 26
5 26
5 27
5 28
5 29
7 31
8 32
7 32
6 32
5 32
5 31
6 31
6 30
6 27
10 26
9 26
9 27
11 29
10 29
10 27
10 28
9 28
8 28
7 28
6 28
6 29
7 29
8 29
14 34
15 33
14 33
13 35
12 34
13 34
13 33
15 31
15 32
14 32
13 32
16 30
15 30
15 29
14 28
14 29
14 30
14 31
13 31
12 33
12 32
12 31
13 30
13 29
12 29
12 30
11 30
11 31
10 31
10 36
9 37
9 36
9 35
8 35
5 33
6 33
7 33
8 33
8 34
9 34
9 33
9 32
9 31
7 30
8 31
8 30
9 30
9 29
16 21
16 22
16 23
17 26
16 27
16 26
16 25
16 24
17 24
17 25
18 25
18 24
18 23
17 23
14 19
14 17
14 18
17 18
16 18
15 18
15 19
17 19
16 19
12 19
11 20
12 20
13 18
13 19
13 20
12 21
13 22
13 21
15 22
14 22
15 21
14 21
14 20
15 20
16 20
17 20
17 21
18 21
18 22
17 22
3 23
4 22
4 23
4 24
3 24
2 28
1 27
2 27
1 25
1 26
2 26
3 26
3 25
4 25
4 26
4 27
4 28
3 28
3 27
14 12
13 13
14 13
13 15
14 15
14 14
15 13
16 13
16 16
17 15
16 15
16 14
15 14
15 15
18 16
17 16
18 18
18 17
17 17
16 17
15 17
15 16
14 16
13 16
12 16
12 15
13 14
12 14
15 8
15 9
15 10
17 8
16 8
16 9
16 10
18 13
17 12
18 12
18 11
18 7
18 8
18 9
18 10
17 10
17 11
16 12
16 11
15 12
15 11
14 11
13 11
13 12
17 27
18 26
18 27
14 25
15 26
15 25
15 24
15 23
14 23
14 24
13 24
13 23
11 21
8 21
8 20
9 20
10 20
10 21
8 25
9 25
11 24
11 26
11 25
10 25
10 24
11 23
10 23
10 22
11 22
12 22
12 23
12 24
14 26
15 27
14 27
13 27
12 28
11 28
11 27
12 27
12 26
13 26
13 25
12 25
17 34
18 34
18 35
16 33
16 34
16 35
17 35
18 37
18 36
17 36
17 37
17 38
18 38
18 39
16 45
15 44
16 44
17 42
17 43
16 43
12 43
13 44
13 43
13 42
14 41
14 42
14 43
15 43
15 38
15 39
15 40
15 41
15 42
16 42
18 40
17 44
18 44
18 43
18 42
18 41
17 41
16 41
16 40
17 40
17 39
12 37
13 36
13 37
12 39
14 39
13 39
13 38
14 38
14 37
15 37
14 36
15 36
16 36
16 37
16 38
16 39
2 5
1 5
3 6
2 7
2 6
1 6
1 7
2 8
1 8
1 9
7 10
6 9
6 10
5 8
5 9
6 11
4 11
5 11
5 10
4 10
3 10
2 11
2 13
3 12
2 12
1 12
1 11
1 10
2 10
2 9
3 9
3 8
3 7
6 3
5 3
3 2
4 2
3 4
3 3
4 3
4 4
3 5
4 5
9 4
8 3
8 4
7 2
7 3
7 4
6 4
5 4
5 5
8 7
8 9
8 8
6 8
7 8
6 5
7 5
7 6
7 7
6 7
6 6
5 6
4 6
4 7
4 8
4 9
4 37
3 38
4 38
5 37
5 38
7 40
6 39
7 39
7 38
6 38
6 37
7 37
7 34
7 35
7 36
6 36
6 35
6 34
4 35
4 36
3 36
2 37
1 37
1 36
2 36
1 32
1 33
1 34
1 35
2 35
3 35
2 33
2 34
3 34
3 33
4 33
4 34
5 34
8 43
7 43
7 42
7 41
6 40
6 41
6 42
6 43
5 43
5 42
1 42
2 41
2 42
3 42
3 41
2 39
1 38
1 39
1 41
1 40
2 40
3 40
3 39
4 39
4 40
5 39
5 40
5 41
4 42
4 41
8 15
7 16
8 16
9 16
10 17
9 18
9 17
8 17
7 17
6 17
4 15
2 15
3 15
5 16
4 16
3 16
3 18
2 18
2 17
3 17
5 20
4 20
4 19
4 18
4 17
5 17
5 18
5 19
11 19
10 19
9 19
8 19
7 19
6 19
6 18
8 18
7 18
18 15
18 14
17 13
17 14
8 38
9 38
11 37
12 38
11 38
10 38
10 39
9 39
9 40
9 41
7 47
8 48
9 47
8 47
