10 100 500
vvvvvvvvvvvvvvvvvvvvvvvvvvvvvvvvvvvvvvvvvvvvvvvvvvvvvvvvvvvvvvvvvvvvvvvvvvvvvvvvvvvvvvvvvvvvvvvvvvvv
>v^^<<<>v>>v<v<>^>v>>>v><>>><<<<<>v>vv<<v>v>>v<<>v<v>>>v>v>v>>v<v>v<<^v<<<<>v>>>v^v<>vv<>v<<<<<<>>v<
>>>>>>>^v^v<^v^>v^>^^<>>>v<vv<^v^v>v^v>^>^>^^v^^<>>v^v<>^>^v^<v^<^>v^>v>vv^v<^<<>^<^v<v>v<>vv<^>^v<<
>^v<>>v<>^>v^v^^>^^>v<<<v<>>v<<>v<v<<<^>>>>^v<^>v<^>^<^<<<v>^v>v>^vv>^v<>v^<^<>>>v>^v<>^>>v>v>^^vv^<
>^<^>v<^<v<<^v^<<<<^vv<^<^>>>>v<<v>>>v^^>^>v<^v^>vv^<^>v<^<<<<^v^<<>^v<>^>v^>^^>vv^>v^^<v<<>>^^^<v^<
>vv^<<<>^v>>^>>v>>^v<v^<>^^>v<<^^<<>>>v^^^^v<vv^v<v^<>v<v>vv>v^>^v<<v>v^vv>>>>^^v>^v<<<^>>v^<<>v<<^<
>vv^<<<^>v^v<<<<^>v<>>>v^<<^>v>^^<v^>v>^^<<v>>>vv^<^^^>v<<<<<>^v>vv^vv<^v>v>>^<<>v<<>v^<^<v<v^v<v>^<
>v<^v<^^<<^>>>v>^>v>^>^v<>^>v<^^^vv^<<v<>v^<v<<v>>v>^>v<<v<<<^>v<vv^<>>^<^v^<v<<<<v>v<v^<v<^>^vv>^<<
>>>^>>^<>>^<<<<^<<<^<>>>>^^<<v>^^>>^>^<^^>^<<>^>^<>^<<<^^<^^^^<<^<>^^<<>^<<^<<>>>^>^>>>>^<>^^<<>^><<
><<<<<<<<<<<<<<<<<<<<<<<<<<<<<<<<<<<<<<<<<<<<<<<<<<<<<<<<<<<<<<<<<<<<<<<<<<<<<<<<<<<<<<<<<<<<<<<<<<<
2 79
2 78
2 77
1 77
1 78
1 79
1 80
2 80
8 78
8 79
8 80
8 81
5 79
4 79
4 80
5 80
6 80
6 89
6 88
1 88
6 92
5 94
3 96
4 96
4 95
3 95
2 95
2 96
1 96
1 97
1 98
7 98
7 95
8 95
8 96
6 96
7 96
7 97
6 97
6 98
5 98
4 98
3 98
2 98
2 97
3 97
4 97
5 97
5 96
5 95
6 95
6 94
7 94
8 94
8 93
8 92
7 92
7 93
6 93
5 93
5 92
5 91
4 91
2 90
2 91
3 91
2 93
2 92
3 92
4 92
4 93
3 93
4 94
3 94
2 94
1 95
1 94
1 93
1 92
1 91
1 90
1 89
2 89
1 87
1 86
2 86
5 87
4 87
4 86
3 86
3 87
2 87
2 88
3 88
3 89
3 90
4 90
4 89
4 88
5 88
5 89
5 90
6 90
7 90
7 89
8 89
6 84
6 85
7 85
7 82
8 82
8 83
7 83
7 84
8 84
8 85
8 86
8 87
8 88
7 88
7 87
6 87
6 86
5 86
5 85
1 84
1 85
2 85
2 84
4 85
3 85
3 84
4 83
4 84
5 84
5 83
6 83
6 82
6 81
7 81
7 80
7 79
7 78
7 77
8 77
8 76
8 75
7 76
7 75
6 75
6 76
6 79
6 78
6 77
2 68
1 68
1 67
1 50
1 49
2 49
2 50
1 51
2 51
7 53
4 56
4 54
4 55
5 55
6 53
5 53
5 54
6 54
5 59
6 60
6 59
5 57
5 58
6 58
6 57
5 56
6 56
6 55
8 55
7 55
7 54
8 54
8 53
8 52
4 50
5 50
6 50
6 49
3 47
3 48
4 48
4 49
5 49
5 48
6 48
8 49
6 44
5 45
6 45
4 46
5 46
6 46
6 47
7 47
8 47
8 48
7 48
7 49
7 50
8 50
8 51
7 51
7 52
6 52
5 52
6 51
5 51
4 51
3 51
3 58
4 58
4 57
3 57
3 56
3 55
3 54
2 54
2 53
3 53
3 52
2 52
1 52
1 53
1 54
1 55
2 55
2 56
1 56
1 57
2 57
2 58
1 58
1 59
2 59
3 59
3 60
2 61
2 60
1 60
1 61
1 64
2 64
2 63
1 63
1 62
2 62
6 64
5 68
6 68
8 70
8 69
8 68
7 68
6 66
7 66
8 66
8 67
7 67
6 67
5 67
5 66
5 65
6 65
7 65
8 65
8 64
7 64
7 62
6 63
7 63
8 63
8 62
8 61
7 61
5 60
5 61
6 61
6 62
5 62
4 62
3 62
3 63
4 63
5 63
5 64
3 66
4 66
4 65
4 64
3 64
3 65
2 65
1 65
1 66
2 66
2 67
3 67
4 67
4 68
3 68
3 69
2 69
4 75
4 76
4 77
3 77
3 76
1 75
1 76
2 76
2 75
3 75
3 74
2 74
1 74
1 73
1 72
1 71
1 70
2 70
3 70
4 70
4 69
5 69
5 70
6 70
6 69
7 69
7 70
5 72
6 72
5 73
7 73
6 73
6 74
7 74
8 74
8 73
8 71
8 72
7 72
7 71
6 71
5 71
4 71
4 72
2 71
2 72
3 72
2 73
3 73
4 73
4 74
5 74
5 75
5 76
5 77
5 78
4 78
3 78
3 79
3 80
3 81
4 81
5 81
5 82
4 82
3 82
3 83
2 83
1 83
1 82
2 82
2 81
1 81
8 7
7 5
7 4
8 4
8 5
8 6
7 6
6 6
6 5
6 4
5 2
6 2
7 2
5 1
6 1
7 1
8 1
8 2
8 3
7 3
6 3
4 4
4 8
4 7
3 7
3 5
3 6
4 6
4 5
5 6
5 5
5 4
5 3
4 3
3 3
3 2
4 2
4 1
3 1
2 1
2 2
2 3
2 4
2 5
2 6
2 7
1 7
1 8
2 8
3 8
3 9
2 9
1 9
1 10
4 19
3 19
3 18
3 15
2 15
2 16
3 16
3 17
2 17
1 17
1 18
2 18
2 19
1 19
2 21
2 20
1 20
1 21
1 22
2 22
2 23
2 24
2 25
7 24
5 23
5 22
4 22
4 21
5 21
8 20
8 19
7 19
7 20
6 20
6 21
7 21
7 22
6 22
6 23
7 23
8 22
8 23
8 24
8 25
7 25
7 27
2 27
3 26
3 27
2 29
2 28
3 30
3 29
3 28
5 26
4 26
4 27
