2 81
2 81
2 81
2 81
2 81
2 81
2 81
2 81
1 81
1 81
5 77
7 81
1 81
6 81
6 81
6 81
6 81
5 88
5 88
1 89
7 92
5 95
2 98
1 81
5 77
2 98
2 98
2 98
2 98
2 98
2 98
7 97
cycle
2 98
7 96
7 96
7 97
2 98
2 98
2 98
2 98
2 98
2 98
1 81
5 77
5 77
1 81
1 81
5 95
1 81
1 81
1 81
5 77
1 81
1 81
7 92
1 81
5 77
1 81
4 92
1 81
1 81
4 92
4 92
3 92
3 92
3 92
3 92
4 92
1 81
1 81
3 94
3 94
5 77
1 94
1 94
5 77
5 77
1 81
1 81
1 89
2 88
2 88
3 86
3 86
3 86
3 86
3 86
3 86
5 77
2 88
2 88
1 81
1 81
1 81
1 81
1 81
5 88
5 88
5 77
1 81
8 88
8 88
8 88
8 88
8 88
7 84
7 84
7 84
1 81
7 84
7 84
7 84
8 88
8 88
8 88
8 88
8 88
1 81
5 84
5 84
5 77
5 77
1 81
5 84
5 84
5 84
3 84
3 84
3 84
3 84
4 84
4 84
5 84
6 81
6 81
6 81
6 81
7 81
5 77
5 77
5 77
1 81
1 81
1 81
5 77
7 75
7 75
5 77
6 77
6 77
6 77
6 77
5 77
1 66
1 66
1 66
3 51
3 51
3 52
2 51
2 51
3 51
7 54
4 55
4 55
5 54
5 54
5 54
5 54
8 51
6 55
6 59
6 59
6 58
8 51
6 58
8 51
6 56
6 56
6 55
7 55
7 55
7 54
8 51
8 51
8 51
8 51
5 49
5 49
5 49
5 49
5 49
5 49
5 49
5 49
7 48
5 77
7 48
8 48
6 45
6 45
6 46
8 51
6 46
8 51
8 51
7 48
8 48
7 48
8 51
8 51
8 51
8 51
3 52
3 52
3 51
3 51
5 51
5 51
3 52
3 51
3 52
cycle
1 81
3 52
3 52
5 77
5 77
3 52
3 52
1 81
3 52
3 62
3 62
5 77
3 62
3 62
3 62
3 62
5 77
3 62
3 62
3 62
3 62
1 81
3 62
3 62
3 62
2 60
2 60
1 62
1 62
1 62
5 77
1 62
1 62
1 62
3 62
3 62
6 65
7 68
7 68
7 67
7 68
7 68
7 67
7 67
3 62
3 62
7 67
3 62
3 62
3 62
3 62
6 65
3 62
3 62
3 62
3 62
7 63
7 63
7 63
3 62
3 62
3 62
6 61
6 61
6 61
6 61
5 77
5 77
3 62
3 62
5 77
1 81
4 64
4 64
4 64
4 64
4 64
4 64
2 70
2 70
1 66
1 66
1 66
5 77
2 70
2 70
2 70
2 70
2 70
2 70
2 70
2 70
3 75
2 70
2 70
2 76
2 76
2 76
2 76
1 81
3 75
2 70
2 70
2 70
2 70
2 70
2 70
2 70
2 70
1 81
5 77
5 77
7 71
7 71
7 71
7 71
7 71
5 77
7 71
7 71
7 72
6 73
6 73
7 71
7 71
7 71
7 71
8 72
8 72
7 72
7 71
5 77
5 77
5 77
3 72
3 72
3 72
3 72
3 73
3 73
5 77
1 81
5 77
1 81
1 81
5 77
1 81
1 81
1 81
1 81
1 81
1 81
1 81
1 81
1 81
2 81
2 81
2 81
2 81
2 81
2 81
2 81
2 81
1 81
1 81
8 6
cycle
6 3
5 3
8 6
6 3
6 3
6 3
6 3
6 3
6 3
7 1
7 1
7 1
7 1
6 3
6 3
6 3
6 3
6 3
5 3
4 5
5 3
1 11
3 6
3 6
1 11
4 5
5 5
5 5
1 11
5 3
1 11
1 11
1 11
1 11
1 11
1 11
cycle
cycle
cycle
cycle
cycle
1 11
1 11
cycle
cycle
cycle
cycle
cycle
cycle
cycle
cycle
cycle
1 11
1 11
2 18
cycle
cycle
3 25
cycle
3 25
1 11
3 25
2 18
3 25
1 20
1 20
1 20
1 20
cycle
1 11
1 11
1 11
1 11
1 11
1 11
7 23
6 21
6 21
6 21
6 21
6 21
6 21
6 21
6 21
6 21
6 21
6 22
3 25
6 22
3 25
7 23
8 23
8 23
1 11
3 25
cycle
1 11
3 25
3 27
3 27
3 28
3 28
3 28
3 28
3 28
4 28
cycle
cycle
4 28
