36 8
36 8
26 7
25 8
25 8
25 5
13 6
13 6
12 7
12 7
9 3
9 3
36 3
9 3
9 3
9 3
2 3
3 6
2 3
3 6
36 8
3 1
3 1
3 1
5 2
5 2
5 2
5 2
3 1
3 1
3 1
36 8
3 6
3 6
4 4
4 4
36 8
3 6
3 6
7 7
7 7
11 7
36 3
36 8
36 8
36 8
11 7
36 3
3 6
36 8
3 6
7 7
7 7
6 8
6 8
6 8
6 8
5 8
36 3
5 8
3 6
3 6
2 7
2 7
2 7
2 7
3 6
3 6
36 3
36 8
36 3
36 3
36 3
36 3
36 8
36 8
36 3
36 8
36 3
9 3
9 3
8 1
8 1
9 3
9 3
9 3
36 3
36 8
36 3
36 3
12 1
12 1
36 3
36 3
36 3
36 3
36 8
36 8
12 7
12 7
13 6
13 6
13 4
13 4
13 4
13 4
36 8
36 8
36 8
36 8
36 8
36 8
36 8
36 8
36 8
36 8
36 8
17 8
17 8
17 8
17 8
17 8
17 8
18 8
36 3
36 8
36 8
18 8
36 8
36 8
36 8
36 8
36 3
36 3
23 2
36 3
36 8
36 8
36 8
36 8
16 2
16 2
16 2
16 2
16 2
16 2
16 2
16 2
23 2
18 2
18 2
36 8
23 2
36 8
23 2
36 8
21 2
21 2
21 2
21 2
21 2
21 2
21 2
21 2
22 2
22 2
23 2
26 1
28 2
31 3
31 5
31 5
31 5
31 5
31 5
23 2
31 5
31 5
31 5
31 5
31 5
36 8
31 3
36 8
36 8
23 2
27 2
27 2
28 2
27 2
27 2
27 2
23 2
27 2
23 2
26 1
36 8
36 8
36 8
36 8
36 8
23 2
36 8
36 8
25 5
25 5
25 5
25 5
25 5
25 5
36 3
36 3
36 3
36 3
36 3
36 8
36 8
36 8
36 3
36 8
21 6
21 6
36 8
36 3
36 3
36 8
25 8
25 8
36 3
26 7
36 8
36 8
36 3
36 8
36 8
36 8
36 8
36 8
36 8
29 6
29 6
36 8
36 3
36 3
36 3
36 3
36 8
36 8
36 8
36 8
36 8
33 7
33 7
36 8
36 8
36 8
36 8
36 8
36 3
36 8
36 8
36 8
36 8
36 8
36 8
36 8
36 3
36 3
36 3
36 3
36 3
46 5
46 5
46 5
36 3
48 2
48 2
48 2
48 2
48 2
48 2
36 3
36 3
46 5
46 5
46 5
36 3
51 5
51 5
51 5
36 3
51 5
51 5
51 5
36 8
36 8
36 8
36 3
36 3
36 3
36 3
36 3
36 3
36 3
36 8
36 3
36 3
77 7
78 5
78 5
77 7
77 7
76 6
76 6
77 7
77 7
81 6
36 8
81 6
81 6
81 6
70 6
70 6
70 6
70 6
69 7
69 7
69 7
69 7
36 3
36 3
36 3
81 6
81 6
36 3
81 6
77 7
81 6
77 7
77 7
36 8
77 7
77 7
36 3
81 6
36 3
36 3
36 8
36 3
36 3
36 3
36 3
88 4
88 4
91 5
91 5
91 6
91 6
92 3
92 3
92 3
88 4
89 7
89 7
92 3
88 4
88 4
88 4
85 5
85 5
85 5
85 5
88 4
36 3
85 5
85 5
85 5
85 5
88 4
87 6
87 6
87 6
87 6
88 4
88 4
88 4
92 3
92 3
92 3
92 3
92 3
92 3
92 3
92 3
92 3
36 8
36 8
98 5
98 5
98 5
97 3
36 8
96 3
36 8
96 3
96 3
36 8
95 4
95 5
95 5
95 4
94 2
94 2
94 2
94 2
95 4
96 3
95 4
96 3
96 3
97 3
98 5
98 5
98 5
92 3
92 3
92 3
36 3
95 7
95 7
92 3
36 8
93 8
93 8
83 3
92 3
92 3
92 3
92 3
92 3
92 3
92 3
92 3
92 3
36 3
83 3
36 3
83 3
83 3
83 3
81 6
81 6
83 3
81 6
36 3
81 6
36 8
36 3
83 2
83 2
83 2
83 2
83 2
83 2
83 2
83 2
81 6
74 3
83 3
36 8
36 3
69 2
69 1
68 2
68 2
68 1
68 1
69 1
69 2
69 2
81 6
69 2
81 6
81 6
81 6
36 8
74 2
74 3
74 2
74 2
83 3
74 2
83 3
83 3
83 3
77 2
77 2
77 2
77 2
83 3
