100 10 500
vvvvvvvvvv
>>v<v^<<><
>v<^<>>v<<
>>v^>>v<^<
>^>>^<vv^<
>^<<v<<>^<
>>^^>vv>^<
>v<<v<>^^<
>>v^<>v^^<
>^>v<<v^<<
>v<<>^v>^<
>v>v^<>^<<
>>^>>>>v<<
>^>>v<<<^<
>v<<v>^>v<
>>v^v>v^v<
>>v^>^>^v<
>^v^<>>>v<
>^v<^<v<<<
>^>>v^<>^<
>v<<<>v^<<
>>v<<^>vv<
>>v>^^^>v<
>>>>v^<<v<
>^<v>v>^v<
>v^v>>^v<<
>>^v^^v<^<
>^<<^v<^^<
>>^<v<>>v<
>^>^v>^^v<
>v^v>^^v<<
>v^<<<<>v<
>^<>v^^v<<
>v<^>^^>v<
>v^v<>^^v<
>v^v^<v<<<
>v>>v^<><<
><>^>>vv^<
>v^<^v<<^<
>>>^>>>>^<
>^v<^>vv<<
>^<^v<<>v<
>^<<<>^<<<
>>>v^<v>^<
>^<>>^<^^<
>>^^<v<^<<
>^v<>v^^<<
>vv>^v>^^<
>v>^vv^^<<
>v^<<v^^^<
>v<<vv^^<<
>>>vv>^v^<
>>v<>^<>^<
>^v^<<^<<<
>v<v<>^>^<
>>>v>v^^<<
>^v<^v^>v<
>^>>^>^v<<
>v<v^<<>v<
>v^<>>^<<<
>>>v^<<<<<
>^<>v^^>^<
>>^^>^v<><
>>v^>vv^<<
>^>^^>v^<<
>^^<v<v^<<
>^<<v^v^<<
>vv^<^<>^<
>v<<>>>^<<
>>v<^>>>v<
>^v^^>>^v<
>^v^^^^<v<
>^>v^^<v<<
>^<v^<^>v<
>>v<<^^v<<
>^v>>^^>v<
>^>v^>>vv<
>>v<^>^v<<
>^>v^^<>v<
>v<<^^<v<<
>>>v^<<>v<
>>vv>>^<<<
>>vv^<>v<<
>^>>>^<<^<
>^^<>v>^<<
>^<^^v<v<<
>>^^^v^<^<
>^v<<>v<^<
>^v>^<<^^<
>^>v^<<<<<
>^<vvvv^<<
>>^v>>>>^<
>^<<v<v<<<
>>v^<^<>^<
>^v<<v<v^<
>v>>v<^>^<
>>>v<^>^v<
>^^>v>^>v<
>^<^>^<<<<
><<<<<<<<<
37 7
38 7
27 7
27 8
26 8
26 5
14 5
14 6
13 8
12 8
11 5
11 4
10 4
10 5
9 5
9 4
3 3
1 4
2 4
2 3
1 3
1 2
2 2
2 1
6 3
5 3
6 1
6 2
5 2
5 1
4 1
3 1
3 2
4 2
4 3
4 5
4 4
3 4
3 5
6 6
7 6
11 8
8 5
8 6
9 6
10 6
11 6
11 7
10 7
10 8
9 8
9 7
8 7
7 7
6 7
8 8
7 8
6 8
4 7
5 7
5 8
4 8
3 8
2 8
2 5
2 6
2 7
3 7
3 6
4 6
5 6
5 5
5 4
6 4
6 5
7 5
7 4
8 4
8 3
7 3
7 2
7 1
9 1
8 1
8 2
9 2
9 3
10 3
10 2
10 1
11 1
13 1
12 1
12 2
11 2
11 3
12 3
12 4
12 5
12 6
12 7
13 7
13 6
13 5
13 2
13 3
13 4
14 4
15 4
16 4
16 5
15 5
15 6
16 6
16 7
15 7
14 7
14 8
15 8
16 8
17 5
17 6
17 7
17 8
20 8
20 7
19 7
19 8
18 8
18 7
18 6
19 6
19 5
18 5
18 4
17 4
17 3
16 3
15 3
14 3
14 2
14 1
15 1
15 2
19 1
18 1
17 1
16 1
16 2
17 2
18 3
18 2
19 2
19 3
19 4
20 4
20 3
20 2
20 1
21 1
22 3
22 4
21 4
21 3
21 2
22 1
22 2
25 1
28 1
30 3
34 5
34 6
33 6
32 6
31 6
33 3
32 3
32 4
33 4
33 5
32 5
31 5
31 4
31 3
31 2
30 2
29 2
29 3
28 3
28 2
24 3
25 3
26 3
27 3
27 2
27 1
26 1
26 2
25 2
24 2
24 1
23 1
23 2
23 3
23 4
24 4
24 5
27 4
26 4
25 4
25 5
25 6
24 6
24 7
23 7
23 6
23 5
22 5
21 5
20 5
20 6
22 6
21 6
21 7
22 7
22 8
23 8
24 8
25 8
25 7
26 7
26 6
27 6
27 5
28 5
28 4
29 4
30 4
30 5
29 5
30 6
29 6
28 6
28 7
28 8
29 8
30 8
30 7
31 7
31 8
32 8
32 7
34 7
33 7
33 8
34 8
35 8
35 7
35 6
36 6
36 5
35 5
35 4
34 4
34 3
35 3
38 1
40 8
40 7
41 7
41 8
46 6
45 6
45 5
48 4
49 4
49 3
49 2
46 3
46 2
47 2
48 2
48 3
47 3
47 4
46 4
46 5
47 5
48 5
49 5
50 5
50 4
51 4
52 4
56 7
56 8
57 8
57 7
58 7
58 8
59 8
59 7
64 4
63 4
63 5
64 5
68 8
79 6
79 5
78 6
78 5
77 5
77 6
76 5
76 6
76 7
75 6
74 6
73 6
72 6
72 5
71 5
70 5
71 7
71 6
70 6
70 7
69 5
69 6
69 7
69 8
70 8
71 8
72 8
72 7
73 7
73 8
74 8
74 7
75 7
75 8
76 8
77 8
77 7
78 7
78 8
79 8
79 7
80 7
80 8
81 8
81 7
88 3
90 4
91 4
90 5
91 5
90 6
91 6
91 7
91 8
90 8
90 7
89 8
89 7
89 6
89 5
89 4
86 4
85 4
84 4
84 5
86 8
85 8
85 7
86 7
86 6
85 6
85 5
86 5
87 5
88 7
87 7
87 6
88 6
88 5
88 4
87 4
87 3
87 2
88 2
89 2
89 3
90 3
91 3
97 7
97 8
98 8
98 7
98 6
98 3
98 2
98 1
97 1
96 1
96 2
95 6
94 6
94 5
96 5
95 5
93 1
93 2
94 4
94 3
94 2
95 2
95 3
95 4
96 4
96 3
97 3
97 4
98 4
98 5
97 5
97 6
96 6
96 7
94 7
95 7
95 8
94 8
93 7
93 8
92 8
92 7
92 6
93 6
93 5
92 5
92 4
93 4
93 3
92 3
92 2
92 1
91 1
91 2
90 2
90 1
89 1
88 1
87 1
86 1
86 2
85 2
85 1
84 1
83 1
82 1
82 2
86 3
85 3
84 3
84 2
83 2
74 4
73 2
73 1
72 1
71 1
70 1
68 3
67 2
68 2
67 1
68 1
69 1
71 3
70 3
69 3
69 2
70 2
71 2
72 2
72 3
73 3
74 3
76 1
75 1
74 1
74 2
75 2
76 2
76 3
77 3
78 1
77 1
77 2
