30 33 500
vvvvvvvvvvvvvvvvvvvvvvvvvvvvvvvvv
>>vv<v>>>>><>>v<>>>vv<><<>>v^<^v<
>>^>vv^>vvv<<vv^<<>>>><>v^^<v^<<<
>^<<>vv<>v^^^<v^<^^<><<<v^^<>vv<<
>v<<^v>v^<<>v<<^^^^<<>>^><<<<<>^<
>v><>^v<^v^<<>>^^^v^<v<v<<v<><^<<
>v>>^v>><>>>v^^<<^<>^<^>>>v^<>>v<
>^^^>^^vv<>v<^v<^<<^v<v<<<>v^>^v<
><<v<^>^>^^<<<v^<>vv>^><>^>>v^vv<
>>^<>^vv>>v>>v<v<^^>^vv>^>v^v^<v<
>>v<vv^v^<<^>vv^>^v<^v>v<v<>v>><<
>v<^<<^<>v<<^>>^^<<^<>>v><v^^>><<
>v>>v><<^<>vv>>^>^<v^<<<>^^^>v^<<
>v^v>>>^v<>>>v>^>>v^>>>>^^^v^^v^<
>v>^vv>^v^^v<<^<<<<^>v><>>^^>vvv<
>>^<vv^^<^^>^v<>>vv<v<^><v<<^vv<<
>>v^<>^v<<<^>v>^^vv^v^^^<vvv<vv><
>^^^<<v><>vv<>>v^^vvv>^v^v<>vv>v<
>^<^v<<v<^<>^<vv^<v>>^>>^>v^v>>v<
>>^v<<<<v<<<v^^<^^v<>>>>vv>v<<vv<
>^<v<^<^<<<<v<<^<^v>^^<<v>>v<^v><
>v^v^<^<<>>^v>>v^v<^<><<>^v<<^<<<
>v^<><<>>>^>>^<<^<>v^<<^<v<v>>v^<
>v^>v>>^>>><>>vv^<v>>>>^<v^<<v>v<
>>>vv^v>^v<>>^>^^v<<>>vv^<<<>vv><
>^><>^^>>^^^<<>v^<v<^<^<v<<<^>^v<
>v<^<<^<<>>v>v^<vv><<>v^^^<<^v<^<
>v^<^<<<^v<>>>^<>vv<<^<^v<<<<<>v<
>^><>>v^^^v<<<<<<<>>v>^^<>>>v^<^<
><<<<<<<<<<<<<<<<<<<<<<<<<<<<<<<<
23 2
22 2
21 2
20 2
20 1
19 1
24 7
24 8
23 8
23 9
23 10
23 11
4 3
4 2
4 1
5 1
6 1
7 1
19 30
20 30
21 30
21 29
20 29
19 29
21 9
21 10
21 11
20 11
20 10
20 9
14 20
14 21
15 21
15 20
16 20
17 20
17 6
18 6
18 5
18 4
19 4
19 3
3 13
3 12
2 12
2 11
2 10
3 10
24 5
23 5
23 6
23 7
22 7
22 8
21 5
21 4
20 4
20 3
21 3
22 3
19 13
18 13
18 12
17 12
17 11
18 11
18 19
18 20
18 21
17 21
17 22
16 22
26 9
26 10
26 11
27 11
27 12
27 13
5 25
5 24
5 23
6 23
6 24
6 25
3 3
3 2
3 1
2 1
2 2
1 2
14 24
14 25
14 26
13 26
12 26
11 26
19 19
19 18
20 18
21 18
21 17
22 17
25 21
25 20
24 20
24 21
24 22
25 22
16 15
15 15
15 16
15 17
16 17
17 17
24 27
24 26
24 25
24 24
23 24
23 23
16 10
16 9
16 8
16 7
17 7
17 8
7 28
6 28
6 27
5 27
5 26
6 26
10 22
10 23
11 23
12 23
12 22
12 21
3 25
2 25
1 25
1 26
1 27
2 27
7 13
6 13
5 13
5 14
5 15
4 15
15 29
16 29
17 29
18 29
18 30
18 31
19 22
19 23
19 24
20 24
21 24
21 25
15 27
15 26
15 25
16 25
17 25
18 25
13 2
12 2
12 3
12 4
13 4
13 5
9 27
8 27
8 28
9 28
10 28
11 28
13 30
14 30
15 30
16 30
17 30
17 31
8 30
9 30
9 29
8 29
7 29
7 30
12 20
11 20
11 19
10 19
10 18
11 18
13 20
13 21
13 22
19 11
19 10
19 9
19 8
20 8
20 7
8 4
8 3
9 3
9 2
8 2
8 1
24 23
25 23
16 19
15 19
15 18
16 18
17 18
18 18
8 19
9 19
9 20
8 20
8 21
7 21
4 20
4 19
4 18
3 18
2 18
2 19
15 28
14 28
18 24
17 24
16 24
16 23
15 23
15 24
16 12
16 13
17 13
17 14
17 15
18 15
7 3
6 3
6 4
5 4
5 5
4 5
2 7
2 8
3 8
3 9
4 9
4 8
13 16
13 17
13 18
14 18
14 17
14 16
25 13
25 12
25 11
24 11
24 12
24 13
7 25
7 24
7 23
7 22
8 22
8 23
21 13
21 14
21 15
22 15
22 14
22 13
28 12
28 11
28 10
4 7
5 7
5 6
6 6
6 7
6 8
14 4
15 4
16 4
16 3
15 3
15 2
18 3
17 3
20 23
20 22
20 21
23 12
23 13
23 14
24 14
24 15
23 15
9 9
9 10
10 10
10 9
10 8
9 8
5 31
5 30
4 30
4 31
3 31
3 30
27 10
27 9
28 9
26 27
26 26
26 25
25 25
25 24
26 24
18 26
19 26
19 27
20 27
21 27
21 26
3 7
3 6
4 6
26 28
25 28
24 28
24 29
25 29
25 30
14 27
13 27
22 9
22 10
15 8
15 7
14 7
13 7
12 7
12 6
23 28
23 27
23 26
22 26
22 25
23 25
27 15
27 14
26 14
25 14
25 15
26 15
28 21
28 22
27 22
27 21
26 21
26 22
23 3
23 4
24 4
25 4
25 5
27 7
27 6
27 5
27 4
26 4
26 3
20 17
19 17
18 17
18 16
17 16
16 16
8 8
8 9
7 9
7 8
15 5
16 5
16 6
15 6
14 6
27 25
27 24
28 24
28 23
27 23
26 23
28 4
28 5
26 12
26 13
9 1
22 18
22 19
23 19
23 20
23 21
23 22
13 31
12 31
12 30
11 30
11 31
3 28
3 29
4 29
4 28
4 27
4 26
9 23
9 24
8 24
8 25
9 7
10 7
11 7
11 6
10 6
9 6
4 22
4 23
3 23
3 22
3 21
3 20
16 28
16 27
17 27
17 28
18 28
19 28
26 16
27 16
27 17
28 17
28 16
28 15
22 6
22 5
22 4
27 3
27 2
26 2
26 1
27 1
28 1
1 21
1 20
2 20
2 21
2 22
22 21
22 20
21 20
21 19
20 19
20 20
22 11
22 12
11 16
10 16
10 17
9 17
8 17
8 18
1 4
1 3
2 3
2 4
3 4
3 5
5 16
4 16
3 16
3 15
2 15
1 15
22 28
22 29
22 30
23 30
23 31
