22 2
16 2
16 2
16 2
16 2
16 2
cycle
cycle
23 10
23 10
23 10
23 10
cycle
cycle
6 1
6 1
6 1
6 1
19 27
19 28
19 28
19 28
19 28
19 28
21 10
16 2
20 8
20 8
20 8
20 8
14 22
14 22
14 22
14 22
14 22
18 20
19 4
16 2
16 2
20 3
20 3
20 3
cycle
cycle
2 10
2 10
2 10
2 10
16 2
16 2
16 2
16 2
16 2
16 2
20 3
20 3
20 3
16 2
16 2
22 2
18 12
18 12
cycle
cycle
18 12
18 12
18 20
14 22
14 22
14 22
14 22
14 22
26 14
26 14
cycle
27 13
27 13
27 14
cycle
6 26
6 26
6 26
6 26
6 26
cycle
cycle
2 2
2 2
2 2
2 2
cycle
cycle
12 26
12 26
12 26
12 26
19 18
19 14
19 14
19 14
19 15
19 15
25 22
25 22
25 22
24 22
25 22
24 22
15 16
15 16
16 17
16 17
16 17
16 17
24 25
24 25
23 23
23 23
23 23
21 22
cycle
cycle
17 7
17 7
17 7
17 7
6 26
6 26
6 26
6 26
6 26
10 28
cycle
cycle
8 18
8 18
8 18
8 18
1 26
1 26
cycle
cycle
1 26
1 26
4 9
4 9
cycle
3 15
3 15
3 15
18 31
18 31
18 31
18 31
18 31
20 31
21 22
20 27
20 27
20 27
20 27
20 27
21 22
19 27
20 27
20 27
20 27
20 27
12 6
13 7
13 7
13 7
12 6
cycle
10 28
cycle
10 28
10 28
10 28
10 28
20 31
18 31
18 31
18 31
18 31
18 31
cycle
cycle
10 31
10 31
10 31
10 31
8 18
8 18
8 18
8 18
8 18
8 18
11 25
cycle
11 25
20 8
20 8
20 8
20 8
16 2
19 4
8 1
cycle
9 2
8 1
8 1
8 1
25 23
25 22
cycle
cycle
19 14
19 14
19 14
19 18
8 20
8 20
cycle
cycle
8 20
8 20
2 21
cycle
2 21
2 21
2 20
2 20
cycle
cycle
cycle
cycle
15 23
15 23
15 23
15 23
19 15
19 15
19 14
19 14
19 14
19 14
4 5
5 5
4 5
5 5
4 5
5 5
3 8
3 8
4 9
4 9
3 8
3 8
cycle
cycle
10 15
10 15
10 15
10 15
24 15
24 15
24 15
24 15
24 15
23 13
8 22
8 22
8 22
8 22
8 22
8 22
cycle
cycle
cycle
22 13
22 13
cycle
29 1
29 1
29 1
6 7
6 7
6 7
6 7
6 7
6 7
14 3
16 3
16 3
14 3
14 3
14 3
16 3
16 3
19 21
19 21
21 22
23 13
24 15
24 15
24 15
24 15
24 15
cycle
cycle
cycle
cycle
cycle
cycle
4 30
4 30
cycle
cycle
4 30
4 30
27 9
cycle
27 9
cycle
cycle
25 24
25 24
25 24
25 24
20 27
19 27
21 22
22 26
22 26
22 26
cycle
6 7
6 7
cycle
cycle
25 30
25 30
25 30
25 30
cycle
cycle
16 2
21 10
14 7
14 7
12 6
12 6
12 6
12 6
22 26
22 26
22 26
23 23
24 25
24 25
27 14
26 14
cycle
26 14
26 14
26 14
27 22
27 22
cycle
cycle
27 22
27 22
16 2
cycle
16 2
16 2
16 2
cycle
cycle
25 3
25 3
25 3
25 3
16 17
16 17
16 17
16 17
15 16
15 16
cycle
cycle
cycle
cycle
13 7
13 7
13 7
14 7
14 7
cycle
cycle
25 22
25 22
25 22
25 23
29 1
29 1
27 13
27 13
9 2
23 23
21 22
21 22
23 23
23 23
23 23
cycle
11 30
11 30
11 30
11 30
cycle
cycle
4 25
4 25
4 25
4 25
cycle
cycle
8 22
8 22
cycle
cycle
10 6
10 6
10 6
10 6
cycle
cycle
3 21
3 21
3 21
3 21
19 28
19 28
19 28
19 28
19 28
19 27
29 1
cycle
29 1
29 1
29 1
29 1
22 5
cycle
22 5
cycle
cycle
27 1
27 1
27 1
27 1
2 20
2 20
2 21
2 21
2 21
cycle
21 22
21 22
21 22
19 21
19 21
22 13
22 13
8 18
8 18
8 18
8 18
8 18
8 18
4 5
4 5
4 5
4 5
5 5
4 5
3 15
3 15
3 15
4 9
cycle
4 9
cycle
24 31
24 31
24 31
24 31
