3 45
3 45
3 45
3 45
3 45
3 45
3 45
cycle
cycle
cycle
7 15
7 15
7 15
7 15
7 15
7 15
7 15
7 15
13 43
cycle
13 43
13 43
13 43
13 43
13 43
13 43
13 43
13 43
13 43
16 33
16 33
16 33
15 33
15 33
15 33
15 33
15 33
15 33
15 33
15 33
16 2
16 2
16 2
16 2
16 2
16 2
16 2
16 2
16 2
16 2
11 1
6 32
10 31
10 31
10 31
10 31
10 30
10 31
10 30
10 31
10 30
cycle
4 11
11 19
11 19
11 19
11 19
11 19
11 19
11 19
11 19
11 19
1 19
1 19
1 19
cycle
cycle
cycle
cycle
cycle
1 19
1 19
1 19
7 8
cycle
7 8
7 8
7 8
7 8
7 8
7 8
7 8
7 8
7 8
5 6
5 6
5 6
5 6
5 6
5 6
5 6
5 6
5 6
5 6
5 6
cycle
13 22
13 22
13 22
13 22
13 22
13 22
13 22
13 22
13 22
13 22
5 6
5 6
5 6
5 6
5 6
5 6
5 6
5 6
8 6
cycle
cycle
6 38
6 38
cycle
cycle
6 38
6 38
6 38
6 38
6 38
6 38
6 38
16 33
cycle
16 33
cycle
16 33
16 33
16 33
16 33
16 33
16 33
16 33
17 16
cycle
17 16
17 16
17 16
17 16
17 16
6 45
4 46
4 46
4 46
6 45
6 45
6 45
6 45
6 45
6 45
6 45
6 45
6 45
6 45
6 45
6 45
6 45
6 45
6 45
6 45
6 45
16 48
16 48
16 48
16 48
16 48
16 48
16 48
16 48
16 48
16 48
18 45
4 11
4 11
4 11
4 11
4 11
4 11
4 11
4 11
4 11
4 11
4 11
11 1
16 2
16 2
16 2
16 2
16 2
16 2
16 2
16 2
16 2
16 2
3 1
5 6
11 14
11 14
11 14
11 14
11 14
11 14
11 14
11 14
4 46
4 46
4 46
5 6
5 6
cycle
5 6
5 6
5 6
5 6
cycle
cycle
cycle
8 6
5 6
5 6
3 1
13 26
13 26
13 26
cycle
cycle
cycle
cycle
cycle
13 26
13 26
13 26
18 45
16 48
16 48
16 48
16 48
16 48
16 48
16 48
16 48
16 48
16 48
3 22
3 22
3 22
3 22
3 22
3 22
3 22
3 22
3 22
3 22
8 23
4 37
4 37
4 37
4 37
4 37
4 37
4 37
4 37
cycle
cycle
17 23
17 23
17 23
17 23
17 23
17 24
17 24
17 24
17 24
11 19
11 19
11 19
11 19
11 19
11 19
11 19
11 19
11 19
4 11
4 11
5 29
5 29
5 29
5 28
5 28
5 28
5 28
5 28
5 28
5 28
5 28
8 23
3 22
3 22
3 22
3 22
3 22
3 22
3 22
3 22
3 22
3 22
16 25
cycle
16 25
16 25
16 25
16 25
16 25
16 25
16 25
16 25
16 25
cycle
15 20
15 20
15 20
15 20
6 38
6 38
6 38
6 38
6 38
6 38
6 38
6 38
6 38
6 38
6 38
15 17
15 17
15 17
15 17
cycle
cycle
12 46
12 46
12 46
12 46
cycle
cycle
1 41
1 41
1 41
1 41
14 14
cycle
cycle
15 17
15 17
15 17
15 17
cycle
cycle
cycle
14 14
7 11
cycle
7 11
7 11
7 11
7 11
7 11
7 11
7 11
7 11
7 11
cycle
10 31
10 31
10 31
10 31
10 31
10 31
10 31
10 31
10 31
10 31
cycle
cycle
5 28
5 28
5 28
5 28
5 29
5 29
5 29
1 25
1 25
1 25
1 25
10 31
10 31
10 31
10 31
10 31
6 32
cycle
cycle
11 39
11 39
11 39
11 39
11 39
11 39
11 39
11 39
17 24
17 24
17 24
17 24
17 23
17 23
17 23
6 45
6 45
6 45
6 45
3 45
3 45
3 45
3 45
3 45
3 45
3 45
cycle
10 3
10 3
10 3
10 3
13 22
13 22
3 11
3 11
3 11
3 11
13 4
13 4
12 5
13 38
13 38
13 38
13 38
13 38
cycle
13 38
13 38
13 38
13 38
13 38
10 30
10 31
10 30
10 31
10 30
10 31
cycle
cycle
12 5
cycle
cycle
12 5
cycle
cycle
cycle
cycle
12 5
13 4
13 4
cycle
cycle
cycle
cycle
cycle
cycle
cycle
cycle
cycle
cycle
cycle
