20 50 500
vvvvvvvvvvvvvvvvvvvvvvvvvvvvvvvvvvvvvvvvvvvvvvvvvv
>v<<vv<v<<>>><<<<>>v<>>>>^>>v>>v<<>vvv<v><v>>>>>v<
>v>^<>^>>v>v>v>v^^v<^<v>vv<vv^v<>^v>^v<<^^<^vv<<v<
>>v<v<<<<<^v^^^v<^<vvv^^^vv<^v<v<<^v<v^v<>^<>>v^<<
>^v>>>v>>v<^<<<<^<^>^^^<v>v^vv^>v^<<^v<v^>v>^>>v^<
>^>v^>v^v<^v<<v<<^v<^^>^>>>v^<<<<v^<>>^v^v<^<^<v><
>v<>v^v^>v^v>^<v<^v^v^^<^<v<>>v>>>vvvv<<^>>^^><>v<
>><<>^v><<^v>v>>^^<^<><^<^>>^>>^^v<>v>^>^<>>^^<v<<
>v<v<vv<<>^^^>>^v<^<>^>^^^><<^vv<<v<vvv<>^^v>v^>v<
>v^<^<>v^^>>^<>vv^^<<v<^<<<<^v<vvv<^<v<^^vv<^v^<<<
>v><v<<>^>^^<v<vv<>v^<^<v<<^<<><v>vv<v^v^>>v^<<<<<
>v<^>v^^>>>v>>^<>>^>>v>^>v^v<>^v<>v>^>>^^<v<v^^<^<
>v>^^>^^v<<v^>>>>>v^v>^v<<v<^^vv^<v>>vv<>^>v^><^^<
>v>>>^>v>v^<>^<v<<>^v><v>v>>^^<v<^<^v>v^<<v><v^^v<
>>>v^<<>v^>>>>v<<^v<vv^<^<^>^vvv>v<v<^>^>^>v<>^^><
>vvv>>^v<^^^>^>>>^^><>>>vv^<v^v<>v^v<v<v<>^v^>v<v<
>v^<^>v<>^>^<<>>v^v<<^><v^<<v<>v^<^vv<<v^^v<^^v>^<
>>>v^vv>v><<v^^<v^^>>^^v<<<^v^v<<^^vvv^vv^<v^^>^^<
>^<<^<>^>>>^>^<<^^<^<>^^v>^^<>>>>^^<v>^>>>>>>^<>v<
><<<<<<<<<<<<<<<<<<<<<<<<<<<<<<<<<<<<<<<<<<<<<<<<<
5 42
5 41
6 41
6 42
6 43
5 43
4 43
10 9
10 10
9 10
9 11
9 12
8 12
7 12
7 13
8 13
8 14
8 15
8 43
9 43
9 42
10 42
10 43
11 43
11 42
12 42
12 43
13 43
13 44
15 36
15 35
16 35
17 35
18 35
18 34
17 34
16 34
15 34
14 34
14 33
8 5
9 5
9 4
8 4
8 3
9 3
9 2
8 2
8 1
9 1
10 1
7 32
6 32
6 33
6 34
7 34
7 33
8 33
8 32
8 31
9 31
13 12
13 13
12 13
12 14
12 15
12 16
12 17
12 18
13 18
13 19
12 19
2 21
2 20
1 20
1 19
2 19
2 18
3 18
3 17
2 17
1 17
1 18
5 7
4 7
4 8
4 9
5 9
5 8
6 8
6 9
7 9
7 8
7 7
3 3
3 2
4 2
5 2
5 3
6 3
6 4
7 4
7 5
6 5
5 5
11 26
10 26
10 25
10 24
11 24
11 25
12 25
12 24
12 23
13 23
14 23
3 8
3 7
3 6
3 5
3 4
4 4
4 5
4 6
5 6
6 6
7 6
12 40
12 41
11 41
11 40
10 40
9 40
8 40
8 41
7 41
7 40
6 40
6 35
7 35
7 36
8 36
9 36
9 35
8 35
8 34
9 34
9 33
10 33
17 15
17 14
16 14
16 15
16 16
17 16
18 16
4 44
3 44
3 45
3 46
4 46
4 47
5 47
6 47
6 48
7 48
7 47
8 47
8 48
9 48
9 47
9 46
8 46
7 46
7 45
6 45
6 46
16 40
15 40
15 39
16 39
17 39
18 39
18 40
18 41
18 42
18 43
18 44
11 21
12 21
12 22
11 22
11 23
10 23
10 22
9 22
9 21
10 21
10 20
11 2
11 1
12 1
13 1
14 1
14 2
14 3
15 3
16 3
16 2
15 2
5 1
4 1
9 14
9 15
10 15
11 15
11 14
10 14
10 13
11 13
5 46
5 45
4 45
1 9
1 8
1 7
2 7
2 8
2 9
3 9
15 1
16 1
2 2
2 3
1 3
1 2
1 1
15 27
15 26
14 26
13 26
13 27
13 28
12 28
11 28
11 27
12 27
12 26
18 46
18 45
17 45
16 45
15 45
15 46
16 46
17 46
17 47
16 47
16 48
8 30
9 30
9 29
10 29
10 28
10 27
9 27
9 26
9 25
9 24
9 23
3 38
2 38
2 37
3 37
4 37
5 37
5 38
4 38
18 20
18 19
17 19
17 20
17 21
16 21
15 21
15 22
15 23
15 24
16 24
8 17
8 16
9 16
10 16
11 16
11 17
11 18
10 18
10 19
11 19
11 20
1 33
1 32
1 31
2 31
2 30
3 30
3 29
4 29
5 29
5 28
4 28
8 22
8 23
7 23
6 23
6 22
5 22
5 23
4 23
4 22
3 22
2 22
17 29
16 29
16 28
17 28
18 28
18 27
17 27
16 27
16 26
16 25
15 25
12 20
13 20
14 20
15 20
15 19
5 40
4 40
3 40
3 39
4 39
5 39
6 39
6 38
6 37
7 37
7 38
18 18
18 17
17 17
16 17
13 45
14 45
14 46
13 46
12 46
12 45
3 41
3 42
2 42
2 41
1 41
1 40
15 12
15 13
14 13
14 14
15 14
15 15
15 16
15 17
14 17
13 17
13 16
5 16
5 15
5 14
6 14
6 13
5 13
5 12
5 11
6 11
7 11
8 11
2 27
3 27
3 26
4 26
5 26
5 27
6 27
6 26
7 26
7 27
7 28
4 36
3 36
3 35
4 35
4 34
4 33
3 33
3 32
3 31
1 22
1 23
1 24
1 25
6 28
6 29
6 30
7 30
7 31
6 31
9 39
8 39
8 38
9 38
9 37
10 37
11 37
11 38
11 39
10 39
18 25
18 26
17 26
17 25
17 24
17 23
18 23
2 43
1 43
1 44
1 45
1 46
1 47
1 48
2 48
3 48
3 47
2 47
12 2
12 3
11 3
10 3
10 2
13 22
13 21
3 10
2 10
2 11
3 11
13 2
13 3
13 4
13 35
12 35
12 36
12 37
13 37
13 38
14 38
14 39
13 39
12 39
12 38
12 30
13 30
13 29
12 29
11 29
11 30
9 28
8 28
17 5
18 5
18 4
17 4
16 4
15 4
15 5
15 6
14 6
14 5
14 4
6 1
7 1
13 42
14 42
14 43
15 43
16 43
16 42
17 42
17 41
16 41
