10 100 500
vvvvvvvvvvvvvvvvvvvvvvvvvvvvvvvvvvvvvvvvvvvvvvvvvvvvvvvvvvvvvvvvvvvvvvvvvvvvvvvvvvvvvvvvvvvvvvvvvvvv
>v<<^<>vv<v<v>v>>>>>>^<>vv<>v>vv<<>v<<<v^><<^<v<<<<v<>vv<v<v>>>v><><v<^<v^v<vv<<>>vv>v>>>vvv>>>>vv<<
>>v^>v^<<v<<>^>>v^<<>v^^vv^<>^vv>^v<>v^>v>>v>^>>>v^<^<vv^>v>^>v>>>v^>>v^^^v^v<v<<<<>^v^^^v^>^>^>v>^<
><v^^>>>v>v^<^v<v>>>^v^v<v<^<<<v^v<>^>^v<^<>>v>v^>>>v^vv^<>>vv<^v<<^<v<^<^>^vv>vv<>^v>^^^v>v^<^v>vv<
>v>v^<<>>v>v^^<<v^>>>v^vv><vv<v<^<>^><<<>v^<<>^>>>>v^^^v<<<<v>v<<>vvv<<>^<v<<v<<>^^>>v<^<<^<^^^<v<^<
>v<>>v^<<>v>^v^v>>^v<v^<vv>^v^>v<>^v<<v>^>v>^>v>>v^v^^v<<<>^vv<v>^^v>>>vv^<<<<>>v^^<<<^<>>v^^<v><v<<
>vv<<>^<^<>v^>^>v<^v^>v<v<<^v^v<^v<<^^<^<^>^>vvv<<v<^^<^v^<<<>vv^<^>v>vv>>v<<<<<<>v<>v>^><v^v^vv<<<<
>vvv>v>^<v<<>>vv>v^<^v<^<<^<<^vv^<>v<v<v^^>v^vv<<<<^v<^^>v>>vv>^>^^<<<<>^>v>>v^v<<<^<<^v^<v^v^v<>v^<
>>>v^>^<^<><^<>>>>^>v<>v>^>v<^<<>vv<^<^<^<<<^<>>>>>^>>^^<<^<^^<><^<<<<<<<<<<^<^>>>>>>>^>^^<^v^<v^<^<
><<<<<<<<<<<<<<<<<<<<<<<<<<<<<<<<<<<<<<<<<<<<<<<<<<<<<<<<<<<<<<<<<<<<<<<<<<<<<<<<<<<<<<<<<<<<<<<<<<<
1 58
1 57
2 57
2 58
3 58
3 59
3 60
4 60
5 60
6 60
6 59
6 58
6 57
5 57
5 56
1 80
1 81
1 82
2 82
2 81
2 80
2 79
2 78
3 78
3 79
4 79
4 78
4 77
5 77
5 76
5 75
5 74
5 73
4 73
4 72
3 72
3 71
2 71
1 71
5 78
5 79
5 80
6 80
6 79
6 78
6 77
6 76
6 75
1 69
1 68
2 68
2 69
2 70
3 70
3 69
4 69
4 68
5 68
5 69
5 70
5 71
6 71
7 71
7 72
6 72
6 73
6 74
7 74
8 74
8 73
8 72
8 71
8 70
8 69
8 68
8 67
8 66
8 65
6 84
6 85
7 85
7 84
7 83
6 83
6 82
7 82
7 81
7 80
7 79
8 79
8 80
8 81
8 82
8 83
8 84
8 85
8 86
7 86
6 86
6 87
5 87
5 86
4 86
4 85
5 85
5 84
5 83
5 82
4 82
3 82
3 83
2 83
2 84
1 84
1 85
2 85
3 85
3 86
2 86
1 86
1 87
3 88
2 88
1 88
1 89
2 89
3 89
4 89
4 88
4 87
3 87
2 87
1 67
1 66
8 36
7 36
7 35
8 35
8 34
6 69
6 70
7 70
7 69
8 4
7 4
7 5
8 5
8 6
7 6
7 7
6 7
6 6
5 6
4 6
4 5
4 4
3 4
2 4
2 5
3 5
3 6
3 7
3 8
4 8
4 9
5 9
5 10
6 10
6 11
7 11
7 10
7 9
1 27
1 28
2 28
2 29
1 29
1 30
2 30
3 30
3 29
3 28
3 27
2 27
2 26
1 26
1 25
2 25
3 25
4 25
4 26
2 23
1 23
1 24
2 24
3 24
3 23
4 23
5 23
5 22
4 22
3 22
2 22
1 22
1 59
2 59
2 60
1 60
1 61
1 62
1 63
2 63
2 64
2 65
2 66
3 66
3 65
3 64
4 64
4 63
4 62
5 62
5 61
6 61
6 62
7 62
7 63
6 56
7 56
7 57
8 57
8 56
8 55
7 55
6 55
5 55
5 54
8 98
7 98
6 98
7 42
7 43
8 43
8 42
8 41
8 40
7 40
6 40
6 39
5 39
5 40
4 40
4 41
5 41
5 42
6 42
6 43
5 43
5 44
4 44
4 43
4 42
3 42
3 41
2 41
2 42
2 43
3 43
3 44
3 45
4 45
4 46
3 46
3 47
4 47
4 48
4 49
4 50
4 51
5 51
6 51
6 50
7 50
7 49
7 48
7 47
7 46
8 46
8 47
8 48
8 49
8 50
8 51
7 51
5 58
5 59
4 59
5 98
5 97
6 97
6 96
6 95
7 95
7 94
8 94
8 93
7 93
6 93
5 93
5 92
4 92
3 92
2 92
1 92
1 93
1 94
1 95
1 96
2 96
3 96
3 97
4 97
4 96
5 96
5 95
6 36
5 36
5 35
6 35
6 34
6 33
7 33
7 32
6 32
5 32
8 54
7 54
6 54
6 53
5 53
4 53
3 53
2 53
2 52
1 52
1 51
2 51
2 50
1 50
1 49
1 48
1 47
1 46
2 46
2 47
2 48
2 49
3 49
3 50
3 51
3 52
4 52
1 12
2 12
2 13
1 13
1 14
2 14
2 15
2 16
3 16
4 16
5 16
5 17
1 11
1 10
2 10
2 9
3 9
3 10
4 10
4 11
5 11
5 12
4 12
3 12
3 11
2 11
7 64
7 65
6 65
6 64
5 64
5 65
4 65
5 38
6 38
6 37
5 37
5 88
5 89
5 90
6 90
7 90
8 90
4 58
4 57
4 56
3 3
2 3
1 3
1 2
1 1
2 1
2 2
3 2
4 2
4 3
5 3
5 4
5 5
6 5
8 7
7 44
6 44
6 45
7 45
8 45
8 44
8 59
8 58
7 58
7 59
7 60
8 60
4 83
4 84
5 33
5 34
4 34
4 35
3 35
3 36
2 36
2 37
3 37
3 38
2 38
1 38
1 37
1 36
1 35
2 35
2 34
3 34
3 33
4 33
4 32
3 32
2 32
2 33
1 33
1 32
1 31
2 31
3 31
4 31
4 30
5 30
5 31
6 31
6 30
7 30
8 30
8 29
7 29
6 29
5 29
4 29
4 28
5 28
6 28
7 28
7 27
7 26
6 26
6 25
6 24
7 24
7 23
6 23
8 13
8 12
7 12
7 13
7 14
8 14
8 15
8 16
8 17
