3 52
3 52
3 52
3 52
3 52
3 52
3 52
5 55
5 55
5 55
5 55
5 55
5 55
5 55
5 55
1 70
1 70
1 70
1 70
1 70
1 70
1 70
1 70
1 70
1 70
1 70
1 70
1 70
1 70
1 70
1 70
1 70
1 70
1 70
1 70
1 70
1 70
1 70
1 70
6 74
6 74
6 74
6 74
6 74
6 74
6 74
6 74
6 74
4 66
4 66
4 66
4 66
4 66
4 66
4 66
4 66
4 66
6 74
6 74
6 74
6 74
6 74
6 74
6 74
6 74
6 74
4 66
4 66
4 66
4 66
4 66
4 66
4 66
4 66
4 66
4 66
4 66
7 65
1 87
cycle
1 87
1 87
1 87
cycle
cycle
cycle
cycle
cycle
1 87
1 87
1 87
1 87
1 87
1 87
1 87
1 87
1 87
1 87
1 87
1 87
1 87
4 85
4 85
1 87
1 87
1 87
1 87
1 87
1 87
1 87
1 87
1 87
1 87
1 87
1 87
1 87
1 87
1 87
1 87
1 87
1 88
1 87
1 88
1 87
1 87
1 87
1 87
1 87
1 87
1 87
1 87
1 87
cycle
cycle
9 20
9 20
9 20
9 20
9 1
4 66
4 66
5 66
4 66
7 7
7 7
7 7
8 6
6 6
6 6
6 6
6 6
cycle
cycle
cycle
cycle
cycle
cycle
cycle
cycle
cycle
cycle
cycle
cycle
6 6
6 6
6 6
6 6
6 6
6 6
7 7
7 7
7 7
4 25
cycle
4 25
4 25
4 25
4 25
4 25
4 25
4 25
4 25
4 25
4 25
4 25
4 25
4 25
4 25
4 25
4 25
4 25
cycle
1 21
1 21
1 21
1 21
1 21
1 21
1 21
1 21
1 21
1 21
1 21
1 21
7 63
cycle
7 63
7 63
7 63
7 63
7 63
7 63
7 63
7 63
7 63
7 63
7 63
7 63
7 63
7 63
7 63
7 63
7 63
7 63
7 63
7 63
7 63
5 55
5 55
5 55
5 55
5 55
5 55
5 55
5 55
6 54
6 54
5 96
6 97
6 97
6 51
6 51
6 51
6 51
6 51
6 51
6 51
6 51
6 51
6 51
6 51
6 51
cycle
cycle
6 51
6 51
6 51
6 51
6 51
6 51
6 51
6 51
6 51
6 51
6 51
6 51
6 51
6 51
6 51
6 51
6 51
6 51
6 51
6 51
6 51
6 51
6 51
6 51
6 51
6 51
6 51
6 51
6 51
6 51
6 51
6 51
6 51
6 51
6 51
6 51
6 51
6 51
6 51
6 51
5 55
5 55
5 55
6 97
6 97
cycle
5 96
5 96
5 96
5 96
5 96
5 96
5 96
5 96
5 96
5 96
5 96
5 96
5 96
5 96
5 96
5 96
5 96
5 96
5 96
5 96
5 96
5 96
5 96
5 96
5 96
5 36
5 31
5 31
5 31
5 31
5 31
5 31
5 31
5 31
5 31
6 54
6 54
3 52
3 52
3 52
3 52
3 52
3 52
3 52
3 52
3 52
3 52
3 52
3 52
3 52
3 52
3 52
3 52
3 52
3 52
3 52
3 52
3 52
3 52
3 52
3 52
3 52
5 18
5 18
5 18
5 18
5 18
5 18
5 18
5 18
5 18
6 22
6 22
6 22
2 10
2 10
cycle
cycle
cycle
cycle
cycle
cycle
cycle
cycle
cycle
cycle
2 10
2 10
7 65
4 66
5 66
4 66
4 66
4 66
4 66
5 31
5 31
5 31
5 36
cycle
cycle
6 88
6 88
6 88
6 88
5 55
5 55
5 55
6 6
6 6
6 6
6 6
6 6
6 6
cycle
cycle
cycle
cycle
6 6
6 6
6 6
6 6
8 6
cycle
cycle
cycle
cycle
cycle
cycle
cycle
cycle
7 60
7 60
7 60
7 60
4 85
4 85
cycle
cycle
9 1
9 1
9 1
9 1
9 1
9 1
9 1
9 1
9 1
9 1
9 1
9 1
9 1
9 1
9 1
9 1
9 1
5 31
5 31
5 31
9 1
5 31
5 31
5 31
5 31
5 31
5 31
5 31
5 31
5 31
9 1
9 1
9 1
9 1
9 1
9 1
9 1
9 1
9 20
9 20
9 20
9 20
6 22
6 22
6 22
9 1
9 1
9 1
9 1
9 1
9 1
9 1
5 18
5 18
5 18
5 18
5 18
5 18
5 18
5 18
5 18
