100 10 500
vvvvvvvvvv
>v<<<>>^<<
>v<<<^>><<
>>>v^>^<<<
>v<v^^<>v<
>v^<>^v^v<
>v^^^>>^><
>>v^<<^<v<
><>v>^>^<<
>v<<>>^v^<
>>vv<<v^<<
>^v>v^<^v<
>v<<>>v^v<
>>^v<v<^<<
>v<v^>>>v<
>v^<v<>>v<
>>vv>>^^v<
>vv<>>v^<<
>>v^^v<>><
>v>>^>>^^<
>>><v^<>^<
>>vv<<<^<<
>^vvv^^><<
>^v<vv^^^<
>^<<>^^<^<
>v<^><>^^<
><<^<^<<^<
>>v<>>v^v<
><<^^v^^<<
>>v>^>>>^<
>^v^<^<<v<
>>v>^v<^v<
>^v^<<<^v<
>v<>^^>^v<
>>v^v^^><<
>v>^>^^<<<
>v<>^>>v^<
>><>v>vv^<
>>v^>>v<^<
>^>^>v>>^<
>^>>^v^v<<
>^<><>>>v<
>v^<<v<<<<
>>>v^<>>v<
>><v^>vv<<
>v<v^^vv^<
><^>^^<>v<
>><^>>^vv<
>>^^^<<^<<
>^<<v<<>><
>>>^>v^<<<
><<<<v<>^<
>>v^^<^^<<
>^>^>>>>v<
>^<<^>v^v<
>><^<<<>^<
>>^^v^v<v<
>>><v^<^<<
>^<<>v>v^<
>>>^v>^>^<
>^<<<v^v<<
><><v>^>v<
>>>^>>vv<<
>^><<<^vv<
>>^<>>>v<<
>^^<^<>v><
>>v^<^<>v<
>^vv^<^v<<
>^v^>^^v><
>v>>^^v<^<
>>vvv^>v^<
>v>^v^^<<<
>v>v>^>vv<
>v^>>>^vv<
>v^>v^<v<<
><^^v^v<^<
>v^<>^vv^<
>^>^><v>v<
>^^<^v<v><
><<^<<<^><
>v^<>>^^v<
>>>^>v>^^<
>^v^^v>v^<
><v^v<v<^<
>v<^<v>>^<
>^v>>^<<<<
>v>^v<<<<<
>>^vvv>v^<
>vv<<v^v^<
>><<v<v<^<
>vv<<v<>^<
>^v><>v>^<
>^>^v<v^<<
>v<<<>>^v<
>>v>v<<v<<
>v<^v>^vv<
>>>^v^v<<<
>>><>^vv^<
>v<<<<<>><
><<<<<<<<<
56 4
57 4
58 4
58 5
59 5
59 6
58 6
58 7
59 7
59 8
58 8
57 8
57 7
56 7
56 6
57 6
57 5
56 5
55 5
55 4
55 3
54 3
54 2
54 1
53 1
52 1
52 2
53 2
53 3
52 3
42 1
43 1
43 2
43 3
44 3
45 3
46 3
46 4
45 4
44 4
43 4
42 4
42 3
42 2
41 2
41 1
40 1
39 1
38 1
38 2
39 2
39 3
38 3
37 3
37 4
38 4
38 5
38 6
39 6
39 7
39 8
38 8
37 8
36 8
35 8
35 7
35 6
34 6
33 6
33 7
32 7
31 7
30 7
30 6
30 5
29 5
29 6
29 7
29 8
28 8
28 7
27 7
26 7
26 6
26 5
25 5
25 4
26 8
25 8
24 8
23 8
22 8
22 7
32 1
31 1
31 2
32 2
33 2
33 1
34 1
34 2
35 2
35 3
34 3
33 3
33 4
32 4
32 3
31 3
31 4
25 6
25 7
24 7
24 6
23 6
22 6
21 6
21 5
21 4
21 3
22 3
23 3
23 2
24 2
24 1
23 1
22 1
21 1
21 2
22 2
68 1
67 1
66 1
66 2
67 2
68 2
69 2
69 3
69 4
68 4
68 5
67 5
67 4
66 4
66 3
65 3
65 2
64 2
63 2
63 3
8 4
8 5
7 5
7 4
7 3
6 3
5 3
5 2
4 2
4 1
5 1
6 1
7 1
7 2
8 2
8 3
9 3
9 2
9 1
10 1
10 2
11 2
12 2
12 1
13 1
11 8
12 8
13 8
13 7
12 7
11 7
10 8
10 7
9 7
18 3
17 3
17 2
18 2
19 2
19 3
19 4
18 4
17 4
17 5
17 6
18 6
18 5
19 5
19 6
19 7
18 7
6 4
5 4
5 5
4 5
3 5
3 6
2 6
2 7
2 8
69 1
70 1
70 2
71 2
71 3
70 3
11 6
11 5
10 5
10 4
10 3
11 3
11 4
12 4
12 5
12 6
13 6
13 5
14 5
14 6
14 7
14 8
15 8
16 8
17 8
17 7
16 7
68 6
67 6
66 6
66 5
65 5
65 4
64 4
64 5
64 6
64 7
65 7
66 7
66 8
67 8
67 7
68 7
69 7
69 6
70 6
70 7
71 7
71 6
88 6
87 6
87 7
88 7
89 7
89 6
90 6
90 5
91 5
91 6
92 6
93 6
93 7
92 7
91 7
91 8
90 8
89 8
88 8
87 8
86 8
86 7
86 6
86 5
86 4
87 4
88 4
88 3
88 2
82 4
81 4
81 5
82 5
83 5
83 4
84 4
84 3
83 3
82 3
81 3
80 3
80 2
79 2
79 1
80 1
81 1
81 2
50 1
50 2
50 3
49 3
49 2
49 1
48 1
48 2
26 4
26 3
25 3
24 3
73 3
73 4
73 5
73 6
72 6
72 7
73 7
74 7
75 7
75 6
76 6
77 6
78 6
78 5
79 5
79 4
79 3
78 3
78 2
77 2
77 3
76 3
76 2
75 2
74 2
73 2
72 2
72 3
15 5
15 4
16 4
16 5
16 6
15 6
15 7
40 2
40 3
40 4
39 4
39 5
40 5
41 5
41 6
80 4
80 5
80 6
79 6
36 3
36 4
35 4
35 5
34 5
33 5
59 4
60 4
60 3
60 2
60 1
59 1
59 2
59 3
58 3
58 2
58 1
57 1
57 2
57 3
87 5
88 5
89 5
89 4
90 4
90 3
90 2
91 2
92 2
92 3
91 3
91 4
93 8
94 8
94 7
95 7
96 7
96 6
97 6
98 6
98 5
98 4
98 3
98 2
98 1
30 1
29 1
29 2
30 2
14 4
13 4
13 3
14 3
15 3
15 2
14 2
14 1
15 1
16 1
16 2
9 4
9 5
9 6
8 6
8 7
7 7
7 6
6 6
6 7
5 7
4 7
4 8
5 8
6 8
25 2
25 1
63 1
62 1
62 2
62 3
61 3
12 3
90 7
20 3
20 2
27 1
27 2
28 2
28 1
4 4
3 4
2 4
2 3
2 2
2 1
60 5
61 5
61 6
60 6
52 8
52 7
51 7
51 8
50 8
50 7
50 6
49 6
49 5
49 4
50 4
50 5
75 3
74 3
74 4
75 4
76 4
76 5
75 5
74 5
70 4
71 4
72 4
72 5
71 5
70 5
69 5
48 6
48 5
48 4
47 4
47 5
47 6
46 6
46 5
45 5
