cycle
59 6
59 6
59 6
59 6
cycle
51 1
51 1
51 1
51 1
51 1
51 1
51 1
51 1
51 3
51 3
51 3
51 3
51 3
51 3
51 3
51 3
51 3
51 3
51 3
51 3
51 1
51 1
51 1
51 1
43 4
43 4
43 4
25 5
25 5
25 5
25 5
25 5
25 5
25 5
25 5
25 5
25 5
25 5
25 5
25 5
25 5
25 5
25 5
25 5
25 5
25 5
25 5
25 5
25 5
25 5
25 5
25 5
25 5
25 5
25 5
25 5
25 5
25 5
25 5
25 5
25 5
25 5
25 5
25 5
25 5
25 5
25 5
25 5
25 5
25 5
25 5
25 5
25 5
25 5
25 5
25 5
25 5
25 5
25 5
25 5
25 5
cycle
cycle
22 8
22 8
22 8
22 8
31 2
31 2
27 6
27 6
27 6
27 6
32 4
32 4
32 4
32 4
32 4
32 4
27 6
27 6
27 6
27 6
27 6
cycle
23 2
23 2
23 2
cycle
23 2
23 2
23 2
23 2
23 2
23 2
23 2
24 2
23 2
23 2
23 2
23 2
23 2
23 2
23 2
cycle
63 2
63 2
68 5
68 5
68 5
68 5
68 5
68 5
68 5
63 2
63 2
63 2
63 2
63 2
63 2
63 2
63 2
63 2
63 2
5 3
5 3
12 2
12 2
12 2
12 2
12 2
12 2
12 2
12 2
12 2
12 2
12 2
12 2
12 2
12 2
12 2
12 2
12 2
12 2
12 2
12 2
12 2
12 2
12 2
10 7
10 7
10 7
10 7
10 7
10 7
10 7
10 7
10 7
17 2
17 2
18 8
18 8
18 8
18 8
18 8
18 8
18 8
18 8
18 8
18 8
18 8
18 8
18 8
18 8
18 8
cycle
2 7
2 7
2 7
2 7
2 7
2 7
2 7
2 7
cycle
cycle
71 3
71 3
71 3
71 3
cycle
cycle
cycle
cycle
15 8
15 8
15 8
15 8
15 8
15 8
15 8
15 8
15 8
15 8
15 8
15 8
15 7
15 7
15 7
15 7
15 7
70 6
70 6
cycle
cycle
70 6
70 6
70 6
70 6
70 6
70 6
70 6
70 6
70 6
70 6
70 6
70 6
70 6
70 6
70 6
70 6
70 6
70 6
cycle
cycle
89 2
89 2
89 2
89 2
89 2
89 2
89 2
89 2
89 2
89 2
89 2
89 2
89 2
90 8
89 2
89 2
89 2
89 2
89 2
89 2
89 2
89 2
89 2
89 2
89 2
89 2
89 2
cycle
cycle
79 1
79 1
79 1
79 1
79 1
81 3
81 3
81 3
79 1
79 1
79 1
79 1
79 1
81 3
81 3
81 3
47 2
47 2
47 2
47 2
47 2
47 2
47 2
47 2
23 2
23 2
23 2
24 2
73 5
73 5
cycle
cycle
cycle
cycle
cycle
cycle
cycle
cycle
79 5
79 5
79 5
79 5
cycle
cycle
cycle
cycle
cycle
cycle
cycle
cycle
73 5
73 5
73 5
73 5
73 5
73 5
15 8
15 7
15 7
15 7
15 7
15 7
15 8
25 5
cycle
25 5
25 5
25 5
43 4
43 4
43 4
79 5
79 5
79 5
79 5
32 4
32 4
32 4
32 4
32 4
32 4
cycle
cycle
57 2
57 2
57 2
57 2
57 2
57 2
57 2
57 2
57 2
57 2
57 2
57 2
91 3
91 3
91 3
91 3
91 3
91 3
91 3
91 3
91 3
91 3
91 3
91 3
cycle
99 1
99 1
99 1
99 1
99 1
99 1
99 1
99 1
99 1
99 1
99 1
99 1
27 6
cycle
31 2
31 2
18 8
18 8
18 8
18 8
18 8
18 8
18 8
18 8
18 8
17 2
17 2
cycle
cycle
6 8
6 8
6 8
6 8
6 8
6 8
6 8
6 8
6 8
6 8
6 8
6 8
cycle
cycle
cycle
61 3
61 3
61 3
61 3
12 2
90 8
cycle
cycle
28 1
28 1
28 1
28 1
cycle
cycle
cycle
cycle
5 3
5 3
59 6
59 6
59 6
59 6
51 3
51 3
51 3
51 3
51 3
51 3
51 3
51 3
51 3
51 3
51 3
51 3
73 5
73 5
73 5
73 5
73 5
73 5
73 5
73 5
68 5
68 5
68 5
68 5
68 5
68 5
68 5
46 6
46 6
46 6
cycle
cycle
cycle
46 6
46 6
46 6
