30 33 500
vvvvvvvvvvvvvvvvvvvvvvvvvvvvvvvvv
>v^<>>vvv<vv>>>vv<vv<><<<>>v<v<<<
>^^^>^>>>^<>>^^v>^<v>^<<>^<v<<^v<
>^v>^>>>v>v<>v^>^^^<^<<^v>>>^<>v<
>>vv^v^^vv<v<>>^v<<^<^^^v<^v>^^v<
>vv<>vv^^<^<^>>v<^>>>vv<<^v<v^^<<
>>>vv<<v>v<>>^^^^<<<v>^<vv<v>v^v<
>^><<v<<<<<<v^^<^^>^>^>^<<>vv><<<
>^^<>>>^^<^><<^v^v<>^<>^^^v<>>>^<
>v<^>v^^<<<v<^<>vv<vvvv^><<^<^>v<
>vv>v<>^<vv<<<^^>v^vv^>>^^^v>^<<<
>>v<<>>>vvv<v>v>^v<<vvv^<^^<<>vv<
>^<^^^v>>>v^v<^v^<v<vvv^>^<<<^<<<
>^<v^^>^<vv^>^>vv^>><v<>^>>^>^<^<
>v>>^<<<v>v^^v>vv<^v<v>v^>^<>>>^<
>>^>>^v^<v<<<vv<<>>>>>^<<<<<vv<v<
>>^<>^<^>v>>vv>>^>^v^v^>v<>v>>v<<
>v^v^v<<v^vv<>^<^<>>v<<v<v^<>>vv<
>v<<v<v<v<vv^>>^>^>>>>><v<<<^>v<<
>>v<<v<>>vvv<v^^<^^^v^^>v^^v<<><<
><<^^<^^^<<<^<>>>>v>>^<<<v>>>>v^<
>^^>>^<<^<<<<v^<^>v><<<v^v<><>>^<
>>>>>v<<<v^<>vv>^^^>v^^<^<>>^<<<<
>>^>>^><^v^<>vv>>^>v>^vv>^<>vv>><
>v<^>v<><<v<<v<vv>>>>v>v>>>v<>>v<
><^^<^>v<v<v>v^>>v<<v^^v<^>>^^v<<
>>v^^>>vv<^<^v<v<<^>v>v><v^<<>^v<
>^>v<v>vv>^^^v>^vv><vv>^>>>v<<<v<
>>^<^<<>v^^><>^^<<<^<>><v>^>><<<<
><<<<<<<<<<<<<<<<<<<<<<<<<<<<<<<<
10 8
10 6
10 7
9 9
9 8
9 7
8 4
7 5
8 5
8 6
8 7
6 8
6 10
6 9
8 10
7 11
7 10
7 9
8 9
8 8
7 8
7 7
7 6
4 26
3 25
3 26
3 27
4 28
5 29
4 29
3 29
3 28
2 30
1 31
1 30
1 29
2 29
2 28
2 24
2 26
2 25
1 25
1 26
1 28
1 27
2 27
21 29
20 30
21 30
21 31
20 31
19 31
16 28
15 29
16 29
15 31
16 31
16 30
18 28
17 28
17 29
17 30
17 31
18 31
18 30
19 30
14 17
13 16
14 16
16 15
17 16
16 16
15 16
13 14
12 15
13 15
14 14
14 15
15 15
15 14
14 13
15 13
16 13
17 13
19 14
18 13
18 14
19 16
19 15
18 15
17 15
17 14
16 14
10 5
10 3
10 4
13 4
12 4
11 4
12 3
11 3
9 2
9 1
10 1
13 2
13 1
12 1
11 1
11 2
12 2
20 23
20 22
20 19
19 20
20 20
20 21
19 21
17 18
16 19
17 19
17 22
16 21
17 21
17 20
19 18
18 18
18 19
18 20
18 21
16 23
16 25
16 24
17 24
17 23
18 23
18 22
2 31
6 30
5 31
5 30
4 30
3 30
3 31
4 31
5 11
5 10
3 9
3 11
3 10
4 10
4 9
5 9
3 5
4 6
3 6
5 7
4 7
3 7
3 8
4 8
5 8
5 6
6 6
4 5
5 4
5 5
6 5
6 4
7 4
4 3
5 3
3 2
4 1
4 2
5 2
5 1
8 1
7 1
6 1
6 2
6 3
7 3
8 14
7 15
7 14
6 14
6 12
7 13
6 13
5 13
5 14
5 17
4 18
4 17
4 16
7 17
6 18
6 17
8 16
7 16
6 16
5 16
5 15
6 15
6 24
8 24
7 24
8 22
9 23
8 23
7 23
6 23
6 20
8 20
7 20
7 21
5 19
5 20
5 21
6 21
6 22
3 24
5 25
4 25
4 24
5 24
5 23
5 22
26 31
27 31
28 31
28 30
28 29
28 25
28 26
26 25
27 24
27 25
27 26
27 30
27 29
27 28
27 27
28 27
28 28
23 29
25 29
24 29
24 30
24 31
25 31
26 29
26 30
25 30
27 13
28 13
28 14
27 14
27 17
28 18
28 17
27 16
28 16
28 15
27 15
24 16
25 15
25 16
25 19
26 18
25 18
25 17
26 17
26 16
26 15
19 12
18 11
19 11
20 11
17 10
18 10
19 10
20 10
20 7
19 7
17 8
18 9
18 8
19 8
19 9
20 9
21 12
21 11
23 10
22 10
21 10
21 9
21 8
20 8
1 4
2 5
1 5
1 6
2 6
1 7
2 7
1 10
2 10
2 9
1 9
1 8
2 8
8 18
8 17
10 18
9 18
9 17
9 16
11 15
12 16
11 16
10 16
10 17
9 19
10 19
11 19
11 18
11 17
13 17
12 17
9 12
9 11
10 13
10 12
10 11
10 10
14 11
13 11
12 11
11 11
11 10
11 6
11 7
11 8
13 8
13 6
13 7
12 7
12 8
11 9
12 9
12 10
12 23
11 24
11 23
9 22
10 22
10 23
10 24
9 24
9 28
9 27
7 26
6 27
7 27
8 27
8 26
10 27
11 28
11 27
11 26
10 26
9 26
9 25
9 3
8 3
8 2
7 2
25 20
26 19
26 20
27 20
28 20
28 19
27 18
27 19
17 2
16 3
16 2
14 1
15 1
15 2
14 2
13 3
14 3
15 6
16 6
17 4
16 4
16 5
15 3
15 4
15 5
15 8
15 7
14 7
14 6
14 5
14 4
21 26
20 25
21 25
23 26
23 24
23 25
22 25
22 24
21 24
19 26
18 27
18 26
17 25
18 25
18 24
19 23
19 24
20 24
18 6
20 6
19 6
19 5
21 3
21 4
21 7
21 6
21 5
20 5
20 4
17 7
17 6
17 5
18 5
18 4
19 4
23 27
23 28
24 28
25 25
24 24
24 25
24 26
24 27
25 27
25 28
22 26
22 27
1 12
2 13
1 13
3 14
2 14
1 14
1 15
2 15
3 12
3 13
4 13
4 14
4 15
3 15
13 23
14 24
13 24
12 24
12 28
12 27
12 26
12 25
11 25
10 25
27 9
28 10
27 10
25 11
27 11
26 11
26 10
24 12
24 11
24 10
25 10
25 9
26 9
22 12
21 13
22 13
23 12
23 13
25 14
22 14
