10 7
10 7
9 7
cycle
9 7
8 7
8 5
8 5
7 7
8 7
7 7
6 9
6 9
7 9
7 10
7 10
7 9
7 8
7 7
7 8
7 7
cycle
cycle
3 26
3 26
3 27
3 28
4 29
4 29
2 28
3 28
2 28
1 30
1 30
2 28
2 27
2 28
2 27
2 25
2 25
cycle
2 27
1 27
1 27
2 27
3 27
21 30
21 30
19 30
19 30
19 31
19 30
16 29
16 29
16 30
17 30
16 30
17 30
17 30
19 30
17 30
18 30
19 30
18 30
19 30
19 31
14 16
14 16
15 16
16 16
16 16
15 16
15 15
13 15
13 15
14 15
14 15
15 15
cycle
16 14
17 14
cycle
17 14
17 14
18 14
18 14
18 15
17 14
18 15
17 14
17 14
16 14
cycle
10 4
10 4
11 4
11 2
11 4
11 3
11 3
11 2
11 2
cycle
11 1
12 1
12 1
11 1
11 2
12 1
12 1
18 21
20 21
20 20
20 20
20 21
18 22
18 21
17 19
17 19
17 20
17 21
17 21
17 20
18 20
18 21
18 22
18 20
18 21
18 22
16 24
16 24
18 22
18 22
18 23
18 22
18 23
3 31
5 30
5 30
cycle
cycle
3 31
cycle
cycle
5 8
4 10
3 10
3 10
4 10
5 8
cycle
5 8
3 6
3 6
3 7
5 8
3 7
5 8
4 8
5 8
4 8
cycle
6 5
5 5
5 5
6 5
7 3
7 3
7 3
6 2
5 2
4 2
4 2
5 2
6 2
6 1
6 2
6 1
6 2
7 3
7 3
7 2
7 14
7 14
5 14
5 14
6 13
6 13
5 14
5 14
5 15
4 17
4 17
cycle
5 16
6 17
6 17
6 16
5 15
6 16
5 16
5 15
5 15
5 15
7 24
7 24
7 23
8 23
8 23
7 23
5 22
6 22
7 20
7 20
6 21
6 21
5 22
6 21
6 21
6 22
5 22
4 24
5 22
4 24
5 22
cycle
5 22
6 22
28 29
28 29
28 29
28 29
28 28
27 27
27 26
27 25
27 25
27 26
27 27
27 27
cycle
27 27
28 29
28 28
28 29
24 29
24 29
25 30
cycle
25 30
25 30
26 30
25 30
26 30
27 15
27 15
27 15
27 15
28 17
28 17
28 16
28 16
27 15
27 15
26 15
25 16
25 16
25 17
25 18
25 18
25 17
27 15
27 15
26 15
27 15
19 11
19 11
20 10
20 10
20 9
20 10
20 10
20 9
20 9
19 8
18 8
18 8
19 8
20 8
20 9
20 8
21 10
21 10
21 10
21 10
20 8
cycle
20 8
19 8
1 5
1 5
cycle
2 8
2 7
2 7
2 8
cycle
2 9
2 8
cycle
2 8
2 9
9 17
9 17
9 17
9 17
10 17
10 16
11 16
11 16
10 16
10 17
11 17
cycle
cycle
cycle
11 17
12 17
12 17
cycle
10 11
10 11
10 11
10 11
11 10
11 10
12 10
16 9
11 10
11 10
12 10
12 10
12 8
12 8
13 7
13 7
12 8
12 8
12 9
12 9
12 10
16 9
11 23
11 23
10 23
9 25
10 23
9 25
9 24
9 25
9 25
8 27
7 27
7 27
8 27
9 26
9 26
11 27
11 27
9 25
9 26
9 26
9 25
9 24
cycle
7 3
7 2
7 3
26 20
26 20
cycle
cycle
27 19
27 19
27 19
27 19
16 2
16 2
15 2
14 4
15 2
14 4
14 3
14 3
14 4
16 5
16 5
16 5
16 5
15 5
14 5
15 5
14 5
14 4
14 5
14 4
14 5
14 4
cycle
21 25
21 25
22 25
23 25
23 25
22 25
20 24
18 22
20 24
18 26
18 26
18 25
18 25
20 24
19 24
19 24
20 24
18 22
19 6
19 6
19 4
20 5
21 5
21 5
21 5
21 5
20 5
19 4
19 4
20 1
19 4
20 1
19 4
19 4
cycle
24 28
24 28
24 27
24 25
24 25
cycle
24 27
cycle
24 28
24 28
cycle
cycle
1 13
1 13
1 14
3 15
1 14
3 15
3 15
3 15
3 15
2 16
3 15
3 15
3 15
2 16
13 24
13 24
12 25
12 25
cycle
12 25
12 25
9 25
9 25
9 25
27 10
27 10
26 10
26 11
26 11
26 10
25 10
29 1
cycle
25 10
29 1
29 1
29 1
22 13
22 13
23 13
23 13
27 15
cycle
27 15
