13 12
13 12
13 12
13 12
13 12
13 12
11 13
11 13
11 13
10 11
9 15
9 16
9 16
9 15
9 14
8 13
8 13
10 14
9 14
11 13
11 13
11 13
10 11
10 11
10 11
10 12
10 12
10 11
11 17
11 17
10 17
10 17
10 19
10 19
12 20
12 20
12 19
8 20
12 19
10 19
10 19
8 20
8 20
8 20
6 18
6 18
6 19
8 20
6 19
10 21
cycle
8 20
8 20
8 20
10 21
11 21
10 21
7 25
7 25
7 24
6 24
6 24
7 24
9 24
9 24
9 23
9 23
9 24
9 24
9 23
9 23
9 23
10 21
11 21
9 23
11 21
11 21
10 21
11 21
10 21
11 21
1 22
1 22
2 22
3 19
2 22
3 19
2 19
2 19
2 20
2 20
2 19
2 19
2 19
1 17
1 14
2 14
2 15
2 15
2 14
1 14
2 19
2 19
1 17
2 19
2 19
2 19
3 19
6 15
6 16
6 15
7 15
6 15
7 15
6 15
6 16
3 19
6 16
3 19
6 16
3 18
3 19
4 17
4 17
4 18
3 18
4 18
3 18
3 18
3 19
3 18
4 39
4 39
2 36
4 37
5 37
5 37
5 37
5 37
4 37
2 36
3 36
2 36
2 36
2 36
2 36
2 36
4 35
4 35
4 35
4 35
cycle
9 35
9 34
9 34
9 35
3 36
4 35
4 35
4 35
4 35
4 36
4 36
3 36
2 36
3 36
14 21
14 22
17 20
17 20
18 19
18 19
17 20
17 20
14 22
15 20
15 20
12 22
14 21
14 22
12 25
12 25
15 23
13 24
15 24
15 24
14 24
14 22
14 24
13 24
14 22
15 23
15 23
17 23
15 23
12 22
17 23
15 23
15 23
12 22
14 22
12 22
12 22
12 22
16 16
16 16
16 16
16 16
17 16
cycle
cycle
17 16
17 15
17 13
17 13
17 13
17 13
10 11
17 15
16 15
10 11
16 15
13 14
13 14
13 14
13 14
13 14
13 14
13 14
13 14
10 14
10 11
17 30
17 30
16 30
16 31
16 30
16 31
14 31
14 31
15 31
16 31
15 31
16 31
17 31
17 31
17 32
15 33
15 33
15 33
15 33
10 39
10 39
17 32
10 39
10 39
17 35
17 35
17 35
17 35
17 35
17 35
10 39
4 9
4 9
4 8
3 8
4 8
3 8
3 8
2 8
3 8
2 8
2 5
2 5
2 8
3 19
2 8
1 8
3 19
1 8
3 19
3 19
3 19
1 14
3 19
1 14
7 3
7 3
7 3
7 3
6 2
6 2
6 2
6 2
5 5
5 5
5 5
5 5
4 4
5 5
5 5
5 5
5 5
3 19
4 4
3 19
cycle
3 19
4 4
3 19
3 19
3 19
4 3
4 3
4 3
4 3
4 4
3 19
4 30
4 30
6 30
5 28
5 28
6 27
6 27
6 27
6 27
5 28
5 28
6 30
6 30
6 30
6 30
cycle
cycle
6 30
6 30
6 30
5 32
5 32
5 32
5 34
3 33
5 34
3 33
cycle
3 33
2 34
2 34
2 33
1 32
2 30
2 30
cycle
3 33
1 32
3 33
2 33
3 33
5 32
5 32
5 32
cycle
10 39
10 39
10 39
16 26
16 26
10 39
10 39
10 39
10 39
cycle
10 39
10 39
2 47
2 47
2 47
2 47
cycle
cycle
4 47
4 47
4 47
4 47
4 47
4 47
4 47
4 47
15 40
15 40
16 41
17 42
16 42
16 41
16 41
16 41
14 42
16 41
14 42
14 42
12 43
12 43
12 42
14 42
12 42
14 42
14 42
16 41
16 41
16 41
16 42
18 44
18 44
17 44
17 44
18 44
18 44
17 44
17 44
16 45
15 46
15 46
16 46
17 44
16 46
16 45
16 42
17 44
17 42
17 42
16 42
17 42
17 42
17 42
11 40
10 39
10 42
10 42
8 43
8 43
8 42
9 39
8 42
10 42
10 42
10 39
10 39
10 39
9 39
10 33
10 33
9 38
10 39
10 39
9 38
9 38
9 38
9 39
7 39
7 39
8 38
8 38
9 38
8 38
8 38
9 38
9 38
9 38
9 39
10 39
12 38
10 39
12 38
12 38
15 38
15 38
10 39
12 38
13 39
13 39
12 38
12 38
10 39
10 39
10 39
cycle
11 40
6 9
6 9
7 8
7 8
7 8
7 8
cycle
cycle
9 7
9 7
cycle
