20 50 500
vvvvvvvvvvvvvvvvvvvvvvvvvvvvvvvvvvvvvvvvvvvvvvvvvv
>v<v^v>>>>>>>>>>>v<v<>v<v^vvv<v>v<vv<v<^v>v>vv<v<<
>v^<>>>>^>v<>>^<<>>v^<v<v<<<v>>^>v<vv<^^v^v^vv^<v<
>>>v>>>>^v<vv<<^v>><^<<^v^<<v^v<v<^v^>^v>^vv<>v^<<
>>>>^<>>^<<v>v>v>>^<^v<>>>vvv<<<v^v>^^<<>^>v^v>><<
>v>>>^v^<><v<<<v^^v^><^^v<vv>>v>v^<^^^<^^^vv^<<<^<
>>^<v^vv>v<v^>v>^>>>>v>vv<<>^>>^v>^^>^^vv^>^v>^^^<
>>>^<^<>v<>v>^>^^<^^v<v<v<<^<^<<<>>^>>vv<v^vv^^v^<
>><<<>v>>>v<>v<^v^<^>v>vv^v<>>^v<^v^vv<<<>v<v>>>v<
>>v<^v<^<v<^v>v<<<>>^vv<<<vv<<>v^>>^<>>v<<v^<>>>v<
><v<<v>^v<<><v<^>>>>^vvv>^>v^^v<>>>>>>^>v^<v<v>^v<
>>v^v<>v>>^^<<^^>^<^v^<v^<^>v<v^<^>vv<>^>>^v^^>>v<
>>vvv>>>^<>>v^^v<v>^<>><v<<vv<<<v<^<>>^<^>v<<^^<<<
>^>vv^^<^>^v>^^<^^^v^v^v<^>^>v>^>>>v<>^^<^vv>>>^<<
>^v<<<<<<<<v^<^<vv<<>>^v^<<>v>>v<v<>>^>^vv<v>^v>^<
>v>^>>^>^<>^<^v^v^^<^<^<^<v<<>>vv<<v^>^>vv^<>vv<^<
>v^v^>v>^<v<>v>^v<<^^v<^^<v<>>>vvv^>^^^vv>v<<v<<<<
>>^v<<>^>v<v<>>^<><>^<>^<v<>>>^>v>>^^><<v^vv^<vvv<
>^<<>^^<<<^v>^>>^^>^<><>^>>^<<^^>>>^^<<<>^^>^<<<><
><<<<<<<<<<<<<<<<<<<<<<<<<<<<<<<<<<<<<<<<<<<<<<<<<
15 13
14 13
14 12
12 10
12 11
12 12
13 12
13 13
12 13
11 15
10 15
9 17
8 16
9 16
9 15
8 14
8 12
8 13
9 13
9 14
10 14
10 13
11 13
11 12
11 11
10 11
9 12
10 12
11 16
11 18
11 17
10 16
10 17
10 18
11 20
13 20
12 20
13 18
12 18
12 19
11 19
10 19
10 20
9 20
6 17
5 18
6 18
8 19
7 19
6 19
6 20
6 21
7 21
7 20
8 20
8 21
9 21
7 26
8 25
7 25
5 24
6 25
6 24
7 24
8 24
11 24
10 24
10 25
9 25
9 24
6 23
7 23
7 22
8 22
8 23
9 23
9 22
10 22
11 22
11 21
10 21
1 21
1 23
1 22
3 23
2 23
2 22
3 22
3 21
3 20
2 21
2 20
1 20
1 19
1 18
2 12
2 13
3 15
2 16
2 15
2 14
1 14
1 15
1 16
1 17
2 17
2 18
2 19
4 14
4 15
5 15
8 15
6 14
7 14
7 15
6 15
8 18
8 17
7 17
7 16
6 16
5 16
4 16
5 17
4 17
5 19
4 19
4 18
3 17
3 18
3 19
5 39
3 39
4 39
4 38
6 38
5 38
6 36
6 37
5 37
4 37
3 37
3 38
2 38
1 38
1 37
2 37
1 36
1 35
2 35
3 35
8 36
9 36
9 33
8 34
9 34
9 35
8 35
7 35
6 35
5 35
4 35
5 36
4 36
3 36
2 36
13 21
16 22
16 21
17 21
18 18
18 20
18 19
17 19
17 20
16 20
15 21
15 20
14 20
14 21
12 26
13 25
12 25
12 24
16 24
15 25
15 24
14 26
14 25
14 24
13 24
13 23
14 23
17 22
18 23
18 24
17 24
17 23
16 23
15 23
15 22
14 22
13 22
12 22
16 18
16 17
14 16
15 16
16 16
18 14
18 15
18 16
17 16
18 12
18 13
16 12
16 13
17 13
17 14
17 15
15 14
16 14
16 15
15 15
14 15
14 14
13 16
12 16
12 15
13 15
13 14
12 14
17 29
18 30
17 30
16 28
16 29
16 30
14 32
14 30
14 31
15 29
15 30
15 31
16 31
18 31
17 31
14 34
14 33
16 34
15 34
15 33
15 32
16 32
17 32
18 32
18 33
18 34
18 35
16 33
17 33
17 34
17 35
3 9
4 10
4 9
4 6
4 7
4 8
3 5
3 6
3 7
3 8
2 4
1 5
2 5
2 6
2 7
2 8
1 6
1 7
1 8
1 9
1 10
1 11
1 12
1 13
6 4
7 4
7 1
7 2
7 3
6 3
5 1
6 1
6 2
5 2
5 3
5 4
5 6
6 6
7 6
7 5
6 5
5 5
4 5
1 3
2 3
2 2
1 2
1 1
2 1
3 1
3 2
3 3
4 1
4 2
4 3
4 4
3 30
4 31
4 30
4 29
4 28
4 27
5 27
7 28
7 27
6 27
6 28
5 28
5 29
5 30
6 32
7 32
7 31
7 30
7 29
6 29
6 30
6 31
5 31
4 34
6 33
6 34
5 34
5 33
4 33
1 34
3 34
2 34
1 33
2 29
1 30
2 30
2 31
1 31
1 32
2 32
2 33
3 33
3 32
4 32
5 32
14 28
15 28
15 27
15 26
16 27
16 26
17 26
17 25
18 25
18 26
18 27
17 27
3 48
3 47
1 48
1 47
2 47
2 46
1 46
1 45
2 45
3 45
3 46
4 46
4 48
4 47
15 39
14 40
15 40
16 40
17 40
18 40
18 41
17 41
13 43
14 43
15 43
15 42
11 43
12 44
12 43
13 41
12 41
12 42
13 42
14 42
14 41
15 41
16 41
17 43
18 43
17 47
18 47
18 46
18 45
18 44
15 44
15 45
15 47
14 46
15 46
16 48
16 47
16 46
16 45
17 45
17 44
16 44
16 43
16 42
17 42
18 42
12 40
11 40
11 41
11 42
9 43
7 43
8 43
7 41
8 41
8 42
9 42
10 42
10 41
9 41
9 40
11 33
10 32
10 33
10 34
10 35
10 36
10 37
10 38
6 40
7 40
6 39
7 39
8 39
7 36
7 37
7 38
8 38
8 37
9 37
9 38
9 39
11 37
11 36
12 36
12 37
16 38
15 37
15 38
14 38
14 39
13 40
13 39
12 39
12 38
11 38
11 39
10 39
10 40
6 8
6 10
6 9
7 9
6 7
7 7
7 8
10 6
10 7
9 8
9 7
