4 49
5 45
4 49
4 49
4 49
5 52
5 52
5 45
4 52
2 54
2 54
2 57
2 57
2 57
2 57
2 57
2 61
2 61
8 75
8 75
4 78
4 78
5 81
6 77
6 77
5 45
5 81
5 81
1 83
1 83
2 83
3 83
2 83
3 83
3 83
4 83
3 83
4 83
5 45
4 83
5 83
4 83
5 83
6 86
6 86
6 85
7 85
7 85
6 85
6 84
5 84
5 81
6 84
5 84
4 85
5 84
4 85
5 83
5 84
5 83
5 81
5 81
6 81
6 81
7 81
5 45
7 81
6 77
6 77
6 77
6 77
6 77
6 77
6 77
1 69
1 69
2 69
3 70
2 69
3 69
5 69
5 69
4 69
4 68
4 68
4 69
3 69
3 70
5 71
5 71
4 71
3 70
4 71
6 77
3 70
3 72
3 72
6 77
3 72
3 72
3 73
3 73
3 74
2 74
2 74
2 74
3 74
2 74
5 45
2 77
2 77
1 79
1 79
1 78
1 78
2 77
2 77
2 74
2 74
2 74
1 74
1 74
2 74
6 77
6 77
6 77
6 77
6 77
6 77
6 77
5 45
7 76
7 76
8 75
8 75
cycle
6 65
7 73
6 73
6 73
7 73
6 65
6 65
6 67
7 70
7 70
7 70
7 70
7 69
6 69
6 69
7 69
cycle
5 45
6 67
6 67
6 67
6 67
5 45
2 67
2 67
5 45
4 66
4 66
4 66
4 66
6 67
6 67
6 67
6 66
5 45
6 66
6 65
5 56
4 59
5 56
4 59
4 59
4 59
4 59
4 59
6 65
4 59
4 59
4 59
4 59
6 62
6 62
6 62
6 62
6 62
5 45
8 57
8 57
8 57
8 57
8 57
8 57
5 45
6 65
6 65
5 45
6 62
6 62
6 62
6 62
6 62
7 64
7 64
7 64
7 64
7 64
7 64
5 45
6 65
5 45
5 45
5 45
4 63
4 63
5 45
5 45
5 45
5 45
2 64
2 64
5 45
5 45
5 45
2 61
2 61
4 52
2 57
2 57
2 57
2 57
2 57
4 52
5 45
4 52
4 52
4 52
5 45
4 54
4 54
4 52
5 52
5 52
4 52
2 50
2 50
3 46
2 47
2 47
2 47
2 47
2 47
4 52
4 52
2 47
2 47
2 47
2 47
2 47
4 52
3 46
4 52
4 52
4 52
2 50
2 50
4 52
5 45
4 49
4 52
4 49
4 49
4 49
5 45
5 43
5 45
5 43
5 45
5 45
5 45
5 45
5 45
5 45
5 45
5 43
5 43
5 45
5 45
8 51
8 51
8 50
8 50
6 46
6 46
6 46
6 46
6 46
6 46
6 46
6 46
6 46
6 46
6 46
6 46
6 46
6 46
6 46
6 46
5 45
5 45
6 43
6 43
5 38
5 38
5 43
5 45
5 43
5 38
5 38
2 37
2 37
2 37
2 37
2 37
2 37
2 37
2 37
5 45
5 43
5 43
3 41
3 41
3 41
3 41
5 45
5 45
1 42
1 42
5 43
5 43
5 45
5 43
6 41
5 43
5 43
5 43
6 41
6 41
6 41
7 40
7 40
7 40
7 40
7 40
7 40
6 41
6 41
6 43
6 43
5 43
5 45
5 45
5 43
4 44
4 44
5 43
5 43
2 97
2 97
2 94
cycle
cycle
2 97
cycle
2 97
2 97
2 97
2 97
2 97
3 92
3 92
2 97
5 90
5 90
5 90
5 90
5 90
5 90
5 90
5 90
5 90
5 90
6 94
2 97
2 97
2 97
6 94
6 94
6 95
6 95
6 95
6 95
6 95
6 95
6 94
2 97
2 97
2 97
2 94
2 97
2 97
2 97
2 97
2 97
3 97
2 97
2 97
2 97
3 97
2 97
2 97
2 97
cycle
cycle
cycle
3 29
3 29
8 32
6 33
6 33
6 33
6 31
6 31
6 33
6 33
cycle
cycle
cycle
cycle
cycle
cycle
cycle
cycle
cycle
6 33
6 33
6 33
cycle
6 33
6 33
cycle
cycle
8 32
1 26
1 26
8 29
8 29
8 29
8 29
8 29
8 29
cycle
cycle
cycle
cycle
cycle
3 29
3 29
1 26
cycle
cycle
cycle
1 30
1 30
cycle
cycle
cycle
cycle
cycle
1 26
1 26
1 26
cycle
cycle
6 13
6 13
6 13
6 13
7 14
7 14
cycle
cycle
7 14
7 14
cycle
