10 100 500
vvvvvvvvvvvvvvvvvvvvvvvvvvvvvvvvvvvvvvvvvvvvvvvvvvvvvvvvvvvvvvvvvvvvvvvvvvvvvvvvvvvvvvvvvvvvvvvvvvvv
>v>v>>>vv<>>>>>>>vvv<v>>>>v<<<<<v<>v<v<<<>>>v>>vv<<<<<>>vv<<<<v<v>v^>v<>v>v<<v<<<^>v<>v<>v>>vvv>v<v<
>>^>^^<>>v^<<^<<<v<>>>>>^>vv>v^^v^v<^>>>v>^v<^v<<>v<<>^<>>v>>^<^<<>v<v<<vv>v^<^^>^>vv<><^v^<v^>^>v<<
>>^v<<v<<>^>v<>>>>>^>vv<<^>>v>>^v^>v^^vv>^v<v^>>>^>>v^v<<<<v<v<>>^v<v>>>>>^v>^v>^<^v<>v^vv>^>v^v>v^<
>v^vv^<>>v^^>>^<>v^<<<>v^^^<v^v<v^<v^^vv>^vv<<^>>v<<<^v<>>>v^<>^>>v>>^^<<<^v^>v>>>>vv<<^vv^<^v^>^>^<
>v^<v<^<^>v^<<v^v>>>>^v<^<<v<^>v>v^>^^<v^v<>>^<^<v>>^<<>^<<>>>v^<<>v>^<^<v^>>v>v>v<<<^v^v>v<<<^v<<<<
>>>>>v^<>^>v>v<v<v<^v<<^>>^v>^>>>v^v><^<>>>^<<^<^>>>>>>vv>v^<>>>v^<<>v<^>v^<v<<>^v<>^<<<v^>>>>^<<<<<
>>>v<v<^<<>v^>v<<v^v<>v^^^<<^<v<<v^>^<v>^<v>>v^^v<<v<<<vv^>>>^<>>^^^v<<<v<<<v<^v<<>^>^^vv^>v<>vv>>v<
>>>>>>>>^^<<<<<<^<^<^^v^^<>>>^<>^<^>><<^<^<^<>^^<>^<<>^<>^<<<<>>^<^^<>^^<>>^<>^<>^>^<^^<<^<<^<<>^<<<
><<<<<<<<<<<<<<<<<<<<<<<<<<<<<<<<<<<<<<<<<<<<<<<<<<<<<<<<<<<<<<<<<<<<<<<<<<<<<<<<<<<<<<<<<<<<<<<<<<<
6 48
5 48
5 47
4 47
4 48
5 50
5 51
4 53
3 53
2 53
2 55
2 54
1 54
1 55
1 56
2 56
2 59
2 60
8 73
8 74
4 77
3 78
4 78
5 78
5 79
6 79
6 80
5 80
1 84
1 82
1 83
3 82
2 82
2 83
2 85
2 84
3 84
3 83
4 79
4 80
4 81
4 82
4 83
6 87
5 86
6 86
7 84
8 85
7 85
6 85
7 82
7 83
6 83
6 84
5 85
3 86
4 86
4 85
4 84
5 84
5 83
5 82
5 81
6 82
6 81
8 80
8 81
7 81
7 80
7 79
8 79
8 78
7 78
6 78
1 70
1 68
1 69
2 71
2 70
2 69
5 70
5 68
5 69
3 68
4 67
4 68
4 69
3 69
6 71
5 72
5 71
4 73
4 72
4 71
4 70
3 70
3 71
1 71
1 72
2 72
3 72
2 73
3 73
6 75
6 74
5 74
4 74
3 74
4 76
3 76
3 77
2 79
1 80
1 79
2 78
1 78
1 77
2 77
2 76
1 76
1 75
1 73
1 74
2 74
2 75
3 75
4 75
5 75
5 76
5 77
6 77
6 76
7 77
7 76
8 76
8 75
7 75
7 74
5 73
6 72
6 73
7 73
7 72
8 72
8 71
7 71
8 69
8 70
7 70
6 68
6 70
6 69
7 69
7 68
8 68
8 67
7 67
1 65
1 66
2 66
2 68
2 67
3 67
3 66
4 64
4 65
4 66
5 66
5 67
6 67
8 66
7 66
6 66
5 55
5 58
5 57
5 56
4 56
4 57
4 58
3 62
3 61
4 61
4 60
3 60
3 59
4 59
5 59
5 60
5 61
5 62
8 61
8 60
8 59
8 58
6 56
7 56
8 56
8 57
7 57
6 57
6 58
7 58
7 59
7 60
7 61
6 61
6 62
6 63
6 64
8 62
8 63
8 64
7 64
7 65
6 65
5 65
5 64
5 63
4 62
4 63
3 63
3 64
3 65
2 65
1 64
2 64
2 63
1 63
1 62
2 62
2 61
1 61
1 60
1 59
1 58
1 57
2 57
2 58
3 58
3 57
3 56
3 55
3 54
4 55
4 54
5 54
5 53
5 52
2 52
2 51
4 46
3 45
2 45
1 45
1 46
1 47
1 53
1 52
1 51
1 50
1 49
1 48
2 48
2 47
2 46
3 46
3 47
3 48
3 49
2 49
2 50
3 50
3 51
3 52
4 52
4 51
4 50
4 49
5 49
6 49
6 50
6 51
6 52
6 53
6 54
6 55
7 55
8 55
8 54
7 54
7 53
7 52
7 51
8 52
8 51
8 49
8 50
7 50
7 49
7 48
8 48
8 47
7 47
6 47
8 44
8 43
7 43
7 44
7 45
8 45
8 46
7 46
6 46
5 46
6 45
6 44
3 38
4 38
3 39
4 39
5 39
6 39
6 38
5 38
5 37
4 37
3 37
1 40
1 39
1 38
1 37
2 37
2 38
2 39
2 40
3 40
4 40
4 41
3 41
2 41
2 42
1 41
1 42
1 43
1 44
2 44
2 43
3 43
3 42
4 42
5 42
5 41
7 42
8 42
8 41
7 41
8 40
8 39
7 39
7 40
6 40
6 41
6 42
6 43
5 43
5 44
5 45
4 45
3 44
4 44
4 43
3 98
2 98
1 94
4 91
4 90
3 90
3 91
2 91
2 90
1 90
1 91
1 92
2 92
4 92
3 92
3 93
4 93
5 93
5 92
5 91
1 89
2 89
3 89
4 89
5 89
5 90
6 90
6 91
6 92
6 93
5 98
5 97
5 96
5 95
6 98
6 97
6 96
6 95
6 94
5 94
4 94
3 94
2 94
2 95
1 95
1 96
2 96
2 97
3 95
4 95
4 96
3 96
3 97
4 97
4 98
8 20
4 27
4 26
2 28
2 29
8 31
4 31
4 30
5 30
5 31
6 30
6 31
6 32
8 34
7 34
6 34
5 34
4 34
4 33
3 33
2 33
1 33
1 32
2 32
3 32
4 32
5 32
5 33
6 33
7 33
8 33
8 32
7 32
7 31
7 30
8 30
8 26
8 27
8 28
8 29
7 29
7 28
6 28
6 29
5 29
4 29
3 29
3 30
3 31
2 31
1 31
2 30
1 30
1 29
1 28
1 27
1 20
1 19
2 16
2 15
2 14
2 13
5 14
6 14
7 12
6 12
6 13
7 13
5 16
6 16
6 15
7 15
7 14
