100 10 500
vvvvvvvvvv
>v<v>vvv<<
>>v^^v<<^<
>v<<v<<vv<
>v>^<>^>v<
>>>>vvvv<<
>v<<v>>>v<
>^>^<v<<<<
>v^v>v>^v<
>v^<^>>v<<
>>^^<v<v^<
>v>>^<^<<<
>>^>v>v>v<
>^v>v^v^v<
>^<^>^v^^<
>>^>^^v><<
>^v^<<>v<<
>^>v^^v<^<
>^<>^v<>^<
>>^<<<v<<<
>>vv^<<v^<
>^vv>v>>^<
>vv>^>^<v<
>v<^<<v^<<
>v>v^<>^v<
>>^v<^^<v<
>>>>>^v^<<
><^>>vv^<<
>>^^v<>>^<
>^<<>v<v<<
>v<^<v^>^<
>>>v^>v<<<
>v<v^<v>^<
>v^v>^v^<<
>v^>^<>vv<
>>^>v^<vv<
>>^^>v^vv<
>^>^v>^<v<
>^^v>v<<<<
>>^>^v>v<<
>^<^>v^v^<
>^^^^v^v^<
>v^<<>^v^<
>v<<^<<v^<
>v^>v>^vv<
>>v^v^<<v<
>^>^v<>^v<
>v^<>v^v<<
>>>>v<^>v<
>^v<>v^>v<
>^<^<>^v<<
>^^^^<>>v<
>^<v<vv<v<
>v^<^>v^<<
>>>v^<<>^<
>^^>v<>^<<
>^>v>v^v^<
>^v<^v^vv<
>^>v>>^vv<
>^<v<v<<v<
>v^<^vv>v<
>>>>^<>^v<
>>^<v<v<<<
>>v^<^>v<<
>v<<v^<<<<
>v>>>>>v^<
>v>^>v<v^<
>>v^^>v>^<
>v<^<<v^<<
>v^<<^>vv<
>v^<<^>vv<
>>>v<^<>v<
>>>>>^^<v<
>^>vv>^^<<
>^<v<<v<<<
>v^<^v<^<<
>>v>^v>>^<
>^>^<>v>^<
>^v<v<<^v<
>^<^<>>^<<
>>>>^^>v<<
>>v><^<<^<
>^vvv<>>v<
>vvvv>^^<<
>^<vv^^<v<
>>^<v^vv<<
>^>vv^<>v<
><^v>^^<<<
>v^>>^^^^<
>>^^<<v>^<
>^>>>vv^<<
>^v<<<>^^<
>^<v<^<<<<
>v>v^<>v^<
>v^v>^<<^<
>>^v<v>^^<
>>v<>>>>^<
>>>>^>v<<<
>^<<^<<>^<
><<<<<<<<<
2 4
1 4
1 5
2 8
1 8
1 7
2 7
1 6
2 6
2 5
4 5
4 6
3 6
3 5
3 4
4 4
4 2
4 3
3 3
1 2
1 1
2 1
2 2
3 2
3 1
4 1
5 1
5 2
5 3
5 4
6 4
7 4
8 3
5 5
6 5
5 6
6 6
3 7
4 7
3 8
4 8
5 8
5 7
6 7
6 8
7 8
8 6
8 7
7 7
7 6
7 5
9 4
8 4
8 5
9 5
9 6
8 8
10 8
9 8
9 7
10 7
11 8
11 7
11 6
10 6
10 5
11 5
13 2
20 7
23 6
26 6
27 6
28 6
28 7
28 8
27 8
27 7
24 8
25 8
26 8
26 7
25 7
25 6
24 6
24 7
22 8
23 8
23 7
22 7
20 3
21 3
21 1
20 1
20 2
21 2
22 2
23 2
22 1
23 1
24 1
25 1
25 2
24 2
24 3
25 4
25 3
30 2
30 1
31 1
31 2
31 3
32 3
33 3
34 3
33 8
33 7
32 7
32 8
31 8
31 7
28 3
27 3
27 4
27 5
28 5
28 4
29 4
29 5
30 5
31 5
31 6
32 6
33 6
34 6
34 7
35 7
36 7
37 7
43 8
42 8
41 8
40 8
39 8
37 4
41 3
40 3
38 3
39 3
39 4
38 4
38 7
38 6
38 5
39 5
41 4
40 4
40 5
41 5
42 5
42 6
41 6
40 6
39 6
39 7
40 7
41 7
42 7
43 7
44 7
51 6
44 8
45 8
46 8
47 8
47 7
48 7
48 8
49 7
49 8
50 8
50 7
51 7
51 8
52 8
53 1
56 2
56 3
57 3
57 2
58 2
58 3
56 7
57 7
58 7
59 7
59 6
59 5
60 5
61 5
68 8
68 7
67 4
66 4
66 6
66 5
67 5
67 6
68 6
69 6
69 7
70 6
70 7
71 7
69 8
70 8
71 8
72 8
73 8
73 7
72 7
72 6
71 6
71 4
63 1
63 2
64 3
64 2
64 1
65 1
66 1
67 1
67 2
70 4
70 3
70 2
69 4
69 3
69 2
68 2
68 1
69 1
70 1
71 1
71 2
71 3
73 2
73 3
75 1
80 6
81 8
80 8
80 7
81 7
81 6
81 5
80 5
79 5
79 6
78 8
79 8
79 7
78 7
77 7
77 8
76 6
76 7
76 8
75 8
75 7
74 7
74 6
75 6
75 5
76 5
77 5
77 6
78 6
78 5
78 4
80 1
80 2
80 3
80 4
79 4
79 3
78 3
78 2
79 2
79 1
78 1
77 1
76 1
76 2
77 2
77 4
77 3
76 3
76 4
75 4
74 4
74 3
75 3
75 2
74 2
74 1
73 1
72 1
72 2
72 3
72 4
72 5
71 5
70 5
69 5
68 5
68 4
68 3
67 3
66 2
66 3
65 2
65 3
64 4
65 4
65 5
65 6
65 7
66 7
67 7
67 8
66 8
65 8
64 8
57 8
58 8
59 8
60 6
61 6
61 7
60 7
60 8
61 8
62 8
62 7
62 6
63 6
63 8
63 7
64 7
64 6
64 5
63 5
62 5
62 4
63 4
63 3
62 3
62 1
62 2
60 1
61 1
61 2
61 3
61 4
60 4
59 4
59 3
60 3
60 2
59 2
59 1
58 1
57 1
56 1
55 1
54 1
55 2
54 2
54 3
55 3
55 5
55 4
57 4
56 4
56 5
57 5
58 4
58 5
58 6
57 6
56 6
55 6
55 7
54 7
54 8
53 8
53 7
52 7
52 6
52 5
53 5
53 6
54 6
54 5
54 4
53 4
52 4
52 3
53 3
53 2
52 2
52 1
51 1
51 5
51 4
50 4
51 3
50 3
49 3
49 2
51 2
50 2
50 1
49 1
48 1
48 2
48 3
46 5
46 1
44 2
43 3
43 2
42 1
43 1
44 1
45 1
45 2
47 3
47 2
46 2
46 3
45 3
44 3
44 4
45 4
46 4
47 4
47 5
48 5
48 4
49 4
49 5
50 5
50 6
49 6
48 6
47 6
46 6
46 7
45 7
45 6
45 5
44 5
44 6
43 6
43 5
43 4
42 4
42 3
42 2
41 2
40 2
41 1
40 1
39 1
39 2
38 2
37 2
37 3
36 3
35 3
35 4
36 4
36 5
37 5
37 6
36 6
35 6
35 5
34 5
34 4
33 4
33 5
32 5
32 4
31 4
30 4
30 3
29 3
29 2
