2 5
3 5
2 5
7 3
6 1
2 5
2 6
2 6
2 5
3 5
3 5
7 3
3 5
7 3
3 2
4 3
4 3
3 2
3 2
3 2
7 3
3 2
3 2
7 3
7 3
6 1
6 1
7 3
6 1
6 1
6 1
6 1
7 3
6 7
6 6
6 6
6 7
6 1
4 8
4 8
6 7
6 1
6 7
6 1
7 7
7 7
7 7
7 7
7 3
8 5
8 5
8 5
8 5
6 1
7 3
9 7
9 8
9 8
9 7
7 3
11 7
11 7
7 3
6 1
6 1
7 3
7 3
6 1
6 1
24 6
22 6
6 1
6 1
6 1
26 7
26 7
26 7
26 7
26 7
26 7
22 6
22 6
24 6
23 7
23 7
23 7
23 7
6 1
6 1
22 6
22 6
26 3
26 3
26 3
26 3
26 3
23 1
23 1
26 3
26 3
6 1
6 1
6 1
25 3
25 3
22 6
6 1
6 1
6 1
34 4
34 4
34 4
34 4
34 4
31 6
31 6
31 6
31 6
31 6
31 6
37 6
37 6
37 6
37 6
31 6
31 6
31 6
31 6
31 6
31 6
37 6
37 6
37 6
37 6
37 6
37 6
37 6
37 6
39 7
39 7
39 7
39 7
39 7
38 4
6 1
39 3
39 3
45 7
38 4
38 5
6 1
38 5
40 5
40 5
40 5
40 5
6 1
6 1
39 7
39 7
39 7
39 7
39 7
45 7
45 7
45 7
45 7
45 7
45 7
51 7
6 1
6 1
53 8
53 8
6 1
53 8
49 8
49 8
53 8
53 8
51 7
53 8
53 8
53 8
54 1
59 3
6 1
6 1
59 3
59 3
59 3
61 4
61 4
61 4
61 4
61 4
59 3
61 4
61 4
67 7
67 7
6 1
66 5
66 5
6 1
71 5
71 5
71 5
71 5
70 7
70 7
71 8
71 8
71 8
71 8
6 1
6 1
71 5
6 1
71 5
71 5
71 5
71 3
72 3
64 2
64 2
72 3
72 3
68 2
71 5
71 5
68 2
68 2
69 2
69 2
69 2
69 2
68 2
72 3
72 3
72 3
72 3
72 3
71 3
72 3
74 3
74 3
76 1
80 7
cycle
80 7
6 1
cycle
6 1
6 1
6 1
79 7
79 7
79 7
79 7
6 1
6 1
76 8
76 8
76 8
76 8
6 1
6 1
6 1
6 1
6 1
6 1
6 1
6 1
6 1
79 4
79 4
79 4
79 4
79 4
79 4
79 4
79 4
6 1
6 1
6 1
6 1
6 1
6 1
6 1
76 1
6 1
72 3
77 3
77 3
72 3
72 3
71 5
74 3
74 3
71 5
72 3
72 3
72 3
72 3
72 3
71 5
72 3
71 5
71 5
71 5
6 1
6 1
6 1
6 1
6 1
6 1
66 3
66 3
65 3
65 3
65 4
65 4
6 1
6 1
6 1
67 7
67 7
64 7
64 7
64 7
6 1
64 7
60 8
60 8
60 8
6 1
60 8
60 8
60 8
6 1
6 1
64 7
64 7
64 7
63 7
63 7
64 7
6 1
6 1
6 1
6 1
61 4
61 4
61 4
61 4
62 2
62 2
61 2
61 4
61 2
61 4
61 4
59 3
59 3
59 3
6 1
6 1
6 1
6 1
6 1
6 1
6 1
6 1
54 1
54 2
54 2
6 1
6 1
55 4
55 4
56 4
56 4
53 8
53 8
58 5
58 5
53 8
6 1
53 8
53 8
6 1
53 8
53 8
53 8
6 1
6 1
53 6
53 6
53 6
53 6
6 1
6 1
6 1
48 4
6 1
50 1
50 1
48 4
50 1
50 1
48 4
50 1
50 1
50 1
50 3
50 3
50 1
50 1
50 2
50 2
50 1
6 1
48 4
48 4
48 4
48 4
46 4
45 1
43 2
43 2
43 1
43 1
48 4
45 1
46 2
46 2
46 2
46 2
48 4
6 1
45 7
48 4
6 1
46 4
48 4
48 4
48 4
48 4
6 1
6 1
6 1
6 1
45 7
45 7
45 7
45 7
45 7
45 7
6 1
6 1
6 1
6 1
6 1
6 1
6 1
37 6
37 6
37 6
37 6
6 1
40 1
40 1
6 1
6 1
6 1
6 1
37 6
37 6
37 6
37 6
37 6
37 6
37 6
37 6
34 4
34 4
34 4
34 4
34 4
6 1
6 1
26 3
26 3
26 3
26 3
26 3
6 1
26 3
26 3
