484 841
484 841
484 842
488 841
484 842
488 842
488 842
488 842
488 842
490 844
490 844
490 844
490 844
488 842
488 842
488 842
488 842
488 841
485 839
485 839
485 839
485 839
492 842
492 842
488 840
488 840
487 836
487 836
492 845
488 838
488 838
489 838
489 838
489 837
488 841
489 837
488 838
488 838
488 840
488 840
488 841
490 841
490 841
491 840
491 840
491 840
491 840
490 841
490 841
492 842
491 842
491 842
492 842
498 839
498 839
498 839
497 839
497 838
497 838
497 839
492 842
492 842
493 839
493 839
492 838
493 837
493 837
493 837
493 837
493 837
493 837
493 838
493 838
492 838
493 839
493 839
493 845
493 845
493 845
492 842
492 845
492 842
492 845
492 845
492 845
494 851
494 851
492 845
496 851
496 849
496 851
498 851
498 851
499 852
499 852
498 851
498 851
497 851
497 853
497 853
497 853
497 853
497 853
497 853
496 851
497 851
496 851
496 849
496 849
cycle
495 847
495 847
494 849
496 849
494 849
496 849
496 849
494 849
494 849
490 852
490 852
490 852
490 852
494 849
493 845
494 849
492 850
492 850
492 849
492 849
494 849
494 849
493 845
492 845
493 845
492 845
492 845
492 845
493 845
499 842
499 842
499 843
497 845
499 843
499 844
500 845
500 845
498 845
499 844
498 845
498 845
500 847
500 847
499 847
499 847
498 847
498 845
498 847
498 845
498 845
497 845
497 845
493 845
493 845
493 845
493 845
cycle
493 845
cycle
cycle
cycle
493 845
497 845
cycle
cycle
493 845
cycle
388 250
388 250
387 251
387 251
387 254
387 251
387 251
387 254
387 254
387 254
387 254
387 254
391 253
391 253
391 254
392 254
392 254
391 254
390 254
387 254
390 255
389 255
389 255
390 255
390 254
387 254
387 254
387 254
387 254
387 254
cycle
378 253
381 267
381 267
381 267
378 253
378 253
378 253
378 253
378 253
378 253
378 253
379 250
380 251
384 250
384 250
384 250
384 250
384 250
384 250
383 250
377 249
383 252
384 252
384 252
383 252
381 267
383 250
379 250
379 250
381 251
381 251
380 251
379 250
379 250
383 247
377 249
383 247
383 248
383 247
383 248
383 247
381 267
379 250
379 247
379 247
379 247
379 247
379 248
379 250
379 250
379 248
379 250
379 250
377 249
377 249
377 249
377 249
375 245
374 248
375 245
374 242
374 242
374 243
374 245
374 243
373 243
373 243
374 243
375 245
374 245
372 245
372 245
372 245
372 245
373 245
374 245
373 246
373 246
373 245
374 245
375 245
375 245
cycle
374 248
374 248
374 248
373 251
373 251
374 248
373 251
371 253
371 253
372 252
372 252
377 249
372 252
372 252
372 251
370 250
370 250
373 251
373 251
372 251
373 251
373 250
373 250
374 248
374 248
374 248
378 253
377 249
377 249
377 249
378 253
378 253
378 253
378 253
378 253
378 253
378 253
381 267
759 27
760 25
760 25
759 27
760 28
760 28
760 28
760 28
759 27
758 27
758 27
760 25
760 25
757 26
757 25
757 25
757 25
757 25
757 26
758 27
758 27
759 27
760 25
760 25
760 25
759 23
760 25
760 25
761 25
760 25
760 25
759 23
760 25
760 25
760 25
761 25
766 24
766 24
761 25
766 24
767 26
767 26
767 25
766 24
767 25
766 25
765 26
765 26
766 24
766 25
766 24
765 24
cycle
765 23
765 23
765 23
763 22
763 22
765 23
765 23
765 23
765 24
759 22
761 21
761 21
761 21
761 25
761 21
761 21
761 21
759 22
761 21
761 21
762 20
758 15
758 15
759 15
760 15
760 15
759 15
759 22
759 17
761 17
759 22
758 17
758 18
758 18
758 18
758 18
758 17
759 17
761 17
761 17
762 19
762 19
762 16
762 16
762 16
761 17
762 16
762 16
762 16
761 17
761 17
761 21
761 21
761 21
759 22
761 21
761 21
761 21
762 20
761 21
761 21
759 22
759 22
759 22
759 22
759 22
484 232
484 232
485 233
485 233
cycle
485 233
485 233
485 234
486 236
486 236
486 235
485 235
486 235
485 235
485 235
487 233
485 235
485 234
487 234
487 234
490 232
490 232
489 232
489 234
489 232
489 234
489 234
491 235
491 235
490 235
489 234
490 235
489 234
489 234
487 234
487 234
487 233
488 228
488 228
487 233
cycle
492 229
492 229
492 229
487 233
cycle
cycle
492 229
492 229
491 227
492 228
492 230
492 230
492 230
492 230
492 229
499 225
499 225
494 228
498 224
499 223
499 223
498 223
494 228
498 223
498 224
494 226
496 226
496 226
496 226
498 227
501 227
501 227
500 227
500 227
494 226
498 227
496 226
496 226
496 226
494 226
494 228
494 226
494 226
495 224
495 224
494 224
492 222
492 222
492 223
491 223
491 223
492 223
494 226
494 226
494 228
494 228
494 228
494 226
494 224
494 226
494 226
494 228
494 228
492 233
494 228
494 228
492 228
492 233
494 228
494 228
494 228
492 228
494 228
492 229
492 229
494 228
494 228
493 228
493 228
492 228
487 223
487 223
488 223
488 222
488 222
488 222
488 223
489 224
489 224
491 227
489 224
489 224
492 229
492 229
491 227
489 226
489 226
491 227
491 227
491 227
491 227
491 227
491 227
491 227
492 229
492 228
492 229
491 227
492 228
491 227
491 227
491 227
972 47
973 48
973 48
972 48
972 49
972 49
972 48
972 47
972 45
974 46
974 46
976 43
976 43
975 45
976 45
976 46
976 46
976 46
976 46
976 45
975 45
975 45
972 45
975 45
974 46
974 46
972 45
972 45
972 45
969 42
969 42
969 43
969 44
969 43
969 44
969 44
969 45
969 44
969 45
967 46
967 46
969 45
972 45
969 45
969 46
cycle
cycle
969 48
970 48
970 48
970 48
970 48
970 48
969 48
972 45
969 46
970 46
970 46
972 45
972 45
972 45
970 40
971 40
970 40
971 40
971 40
970 40
970 40
970 40
970 40
970 40
966 41
964 39
964 39
963 39
963 38
963 38
963 39
962 39
962 39
961 39
966 40
961 41
961 41
961 39
964 40
961 41
963 43
963 43
963 43
963 43
961 41
966 40
961 42
959 44
959 44
959 43
958 43
958 43
959 43
959 42
958 41
958 41
961 41
959 42
960 42
960 42
961 42
961 41
971 40
964 40
964 40
964 40
965 42
965 45
965 45
965 45
965 45
965 45
965 45
965 45
965 45
964 40
965 43
965 43
965 42
964 40
964 40
964 40
966 40
966 40
965 37
965 36
965 36
965 36
965 36
965 36
965 36
965 37
965 37
966 37
966 40
968 39
971 40
966 40
966 37
968 39
968 39
968 39
968 39
973 41
973 41
973 41
973 41
973 40
973 40
973 39
975 40
975 40
975 39
972 39
975 39
974 39
968 39
974 39
973 39
972 39
972 39
971 37
971 36
971 36
971 36
971 37
971 37
972 38
972 38
974 38
974 38
974 38
974 38
972 38
972 38
972 39
968 39
968 39
968 39
968 39
970 40
966 40
966 40
966 41
967 41
967 41
970 40
970 40
970 40
970 40
971 40
971 40
971 40
334 175
334 175
335 174
335 174
335 173
335 174
335 174
335 173
335 173
335 173
332 171
332 171
333 171
335 173
333 171
336 168
335 173
335 173
335 173
335 168
cycle
336 168
336 168
336 171
335 168
335 168
330 169
330 169
334 165
334 165
332 168
332 168
333 167
333 167
329 166
329 166
329 166
330 166
330 166
331 166
334 165
331 165
332 165
332 165
331 165
331 166
336 168
333 167
333 167
335 168
334 165
334 165
335 160
335 160
335 161
336 161
335 161
336 161
336 161
334 165
336 161
336 162
336 162
335 164
335 164
335 164
334 165
338 166
338 165
338 165
338 166
334 165
336 166
336 166
335 164
335 164
335 164
334 165
334 165
334 166
334 166
334 167
334 167
335 168
335 168
336 168
338 172
341 170
341 170
341 170
341 173
336 168
341 173
340 175
340 175
340 174
339 174
339 174
340 174
341 174
336 171
341 173
341 174
341 173
340 172
340 172
336 168
340 172
340 172
336 171
338 172
336 168
336 168
338 169
338 169
336 171
336 171
336 168
336 171
336 171
336 171
336 171
336 171
336 171
336 171
194 916
194 916
194 916
196 915
194 919
198 913
194 919
193 919
193 918
192 918
192 918
193 918
193 919
193 919
194 919
193 919
194 919
194 916
194 916
194 916
196 915
196 915
196 915
201 914
201 914
201 914
201 914
200 914
196 915
198 913
200 914
198 913
193 913
198 913
193 913
196 915
196 915
196 915
193 913
193 913
193 913
193 913
197 907
197 907
199 908
199 907
201 907
201 907
200 907
200 906
200 906
200 906
200 907
199 907
199 908
201 909
201 909
199 908
198 913
199 908
198 909
198 913
195 908
195 908
195 908
195 908
195 908
195 909
193 909
193 909
198 913
195 909
198 913
198 909
