517 954
517 954
517 954
517 954
517 954
517 954
517 954
517 954
517 954
517 954
517 954
517 954
517 954
517 954
517 954
517 954
517 954
517 954
517 954
517 954
517 954
517 954
517 954
517 954
517 954
517 954
517 954
517 954
517 954
517 954
517 954
517 954
517 954
517 954
517 954
517 954
517 954
517 954
517 954
517 954
517 954
523 982
517 954
517 954
517 954
517 954
525 981
525 981
517 954
517 954
523 982
517 954
517 954
517 954
517 954
517 954
517 954
510 979
517 954
517 954
510 979
517 954
517 954
517 954
517 954
517 954
517 954
517 954
517 954
517 954
517 954
517 954
517 954
517 954
493 982
493 981
493 982
493 981
489 979
489 979
489 979
517 954
489 979
489 979
489 979
490 980
490 980
489 979
489 979
489 978
489 978
517 954
517 954
517 954
517 954
493 981
517 954
493 981
517 954
517 954
517 954
517 954
517 954
517 954
517 954
517 954
517 954
517 954
517 954
517 954
517 954
517 954
517 954
517 954
517 954
517 954
517 954
517 954
468 983
468 983
468 983
465 981
465 981
465 981
517 954
465 981
465 981
465 981
517 954
517 954
468 983
468 983
468 983
465 979
465 979
465 979
465 979
465 979
517 954
517 954
517 954
517 954
517 954
465 979
465 979
465 979
465 979
465 979
517 954
517 954
517 954
462 961
462 961
517 954
517 954
517 954
517 954
517 954
517 954
517 954
517 954
517 954
517 954
517 954
517 954
446 918
446 918
452 920
452 922
449 922
449 922
452 924
449 918
449 922
449 922
450 922
452 924
450 922
452 924
452 924
443 917
452 924
457 925
457 925
457 925
455 925
456 924
456 922
456 922
456 923
456 923
456 923
456 923
456 923
456 924
452 924
455 925
454 928
454 928
455 925
455 927
456 928
456 928
455 928
452 924
455 928
455 927
455 926
455 926
455 925
452 924
452 924
453 924
453 924
452 924
452 923
452 923
452 922
453 922
453 922
449 920
449 920
452 920
449 920
517 954
449 920
449 918
449 920
447 925
447 925
446 923
446 923
446 923
446 923
446 923
439 923
446 923
446 923
446 923
446 923
446 923
449 918
445 922
445 922
449 918
443 917
444 920
444 920
443 917
449 920
449 920
449 918
449 920
447 920
447 920
447 920
447 920
448 920
449 920
448 920
449 920
449 918
449 918
451 915
456 914
451 915
455 916
456 914
458 912
458 912
458 913
456 913
458 913
456 913
456 913
454 912
454 912
455 912
456 913
455 912
456 913
456 913
454 914
454 914
456 914
456 913
456 913
456 914
455 916
455 916
455 916
456 920
449 918
456 920
456 920
457 920
457 921
457 921
457 920
456 920
455 916
455 919
455 919
455 916
455 916
455 916
449 918
451 915
439 923
453 918
453 918
451 915
452 917
452 917
449 918
443 917
451 915
449 918
447 916
447 916
449 914
451 915
449 914
449 914
444 915
444 914
444 914
444 914
444 915
451 915
443 917
446 913
446 913
448 910
448 910
446 911
447 911
447 910
447 910
447 910
447 910
447 911
446 911
451 915
446 911
445 911
444 911
444 911
444 911
444 911
445 911
446 911
446 913
446 913
448 913
448 913
449 914
448 913
439 923
443 917
448 913
448 913
448 912
448 912
448 913
449 914
449 914
451 915
446 934
452 915
452 915
452 915
452 915
451 915
443 917
449 918
450 917
450 917
449 918
449 918
448 918
448 918
446 918
446 918
443 917
517 954
443 917
443 917
517 954
443 917
442 913
442 913
442 913
437 917
441 910
441 911
441 911
441 910
437 917
442 913
442 913
442 913
439 923
443 917
437 917
440 915
440 915
440 915
440 915
440 915
440 915
517 954
437 917
437 917
443 917
437 917
443 917
446 934
446 934
437 917
435 916
434 918
434 921
434 921
434 921
434 921
437 917
432 919
436 920
437 921
437 921
437 921
437 921
437 921
437 921
436 921
436 921
436 920
432 919
432 919
432 919
432 919
432 919
430 922
430 922
429 922
428 922
428 922
428 922
429 922
429 921
429 919
429 919
429 920
437 917
429 920
429 921
432 919
432 918
432 919
432 919
432 919
432 919
432 919
432 918
425 917
425 917
425 917
426 917
430 917
426 917
430 917
443 917
432 918
443 917
430 917
430 917
428 915
428 915
428 915
428 915
428 915
429 915
430 917
439 923
429 915
431 916
431 916
431 916
430 917
431 916
431 916
431 916
430 917
430 917
437 917
443 917
432 918
443 917
434 918
437 917
437 917
435 916
437 917
437 918
437 918
437 918
437 918
437 918
437 918
437 917
446 934
446 934
446 934
446 934
443 917
441 917
441 917
443 917
443 917
442 917
442 917
443 917
439 923
439 923
439 923
439 923
439 923
439 923
439 923
439 923
440 921
440 921
439 923
439 923
439 923
433 924
432 924
432 924
432 924
432 924
433 924
432 924
429 929
429 929
426 926
425 928
425 924
424 924
424 924
425 924
426 925
426 925
427 924
426 924
427 924
426 924
426 924
426 925
426 924
426 925
426 925
426 925
426 925
426 926
517 954
439 923
425 928
423 931
423 931
423 930
422 930
422 930
423 930
425 931
425 931
425 931
425 931
425 931
425 931
425 929
425 929
425 928
422 927
422 926
422 926
422 927
427 930
427 930
427 930
425 929
425 929
425 928
427 930
427 930
439 923
427 930
431 930
431 930
431 930
431 930
431 929
431 929
431 930
431 931
433 931
433 931
433 931
439 923
431 931
427 930
427 930
429 933
429 933
431 935
431 935
430 935
429 935
429 935
430 935
427 930
428 934
428 934
424 934
424 934
425 934
439 923
425 934
426 934
426 935
426 935
426 935
426 935
426 934
428 934
428 934
429 933
429 933
427 931
427 930
428 931
428 931
427 931
425 932
425 932
426 932
427 931
426 932
427 930
427 931
427 930
432 926
429 929
429 929
517 954
432 926
446 934
429 926
429 926
429 924
429 924
429 926
429 926
432 926
432 924
432 924
432 924
432 924
432 923
432 923
432 924
432 926
432 926
444 938
443 936
444 938
444 940
444 940
444 939
444 938
444 939
444 938
443 936
443 936
443 936
442 940
442 940
443 936
441 936
443 936
443 936
443 936
443 936
443 936
441 936
441 936
441 936
439 938
436 929
438 939
438 940
438 940
438 939
439 939
439 940
439 940
439 940
439 940
439 939
439 938
440 936
440 936
441 936
441 936
440 936
438 936
436 929
438 936
438 934
438 934
438 935
438 935
438 936
437 933
438 936
437 933
437 933
436 933
436 933
437 933
438 936
440 936
440 936
438 936
446 934
440 936
440 935
440 935
436 929
440 932
440 932
440 932
440 932
436 929
436 929
436 929
432 926
436 930
436 930
436 930
436 930
436 929
439 923
441 928
441 928
441 928
442 930
440 930
442 930
440 930
440 930
436 929
440 930
436 929
440 930
440 930
441 928
441 928
441 928
517 954
446 934
436 929
439 928
439 928
432 926
436 929
436 929
436 929
436 927
436 927
436 927
436 927
434 926
436 929
432 926
434 929
434 929
434 926
434 926
434 926
434 926
434 926
432 926
432 926
434 926
434 926
435 925
440 925
440 925
440 925
434 926
440 925
440 925
440 925
434 926
434 926
434 926
434 926
434 926
517 954
435 925
434 926
434 926
439 923
439 923
439 923
439 923
439 923
439 923
439 923
439 923
517 954
439 923
439 923
439 923
517 954
517 954
517 954
442 921
442 921
442 921
442 921
517 954
444 927
517 954
517 954
444 927
444 927
443 925
443 925
517 954
444 927
444 927
517 954
444 927
444 926
446 927
444 927
447 930
447 930
447 930
447 930
444 927
444 927
517 954
446 927
444 927
444 927
444 926
444 927
517 954
517 954
517 954
444 930
444 930
444 930
444 930
517 954
517 954
517 954
517 954
446 934
446 934
446 934
446 934
446 934
446 934
517 954
517 954
517 954
517 954
517 954
517 954
517 954
517 954
450 938
450 938
449 935
449 935
450 938
450 938
446 934
446 934
446 934
446 934
446 934
446 934
447 941
449 935
449 935
517 954
447 941
456 942
456 942
456 942
456 942
456 942
455 948
455 948
459 948
458 948
457 949
457 949
458 949
458 950
458 950
458 949
459 949
459 949
458 949
458 948
459 948
455 948
455 948
517 954
446 934
455 948
446 934
456 942
457 942
457 942
456 942
446 934
517 954
454 944
454 944
454 944
454 944
446 934
446 934
446 934
517 954
446 934
446 934
446 934
446 934
517 954
448 954
cycle
448 954
449 952
449 952
449 952
449 952
448 952
446 952
446 952
448 953
448 952
448 953
517 954
448 953
448 954
448 953
448 954
449 954
449 954
450 956
450 956
455 948
454 955
454 955
454 955
454 955
454 956
453 956
455 948
454 956
453 956
452 958
452 958
453 958
453 956
453 958
455 948
453 956
455 948
455 948
450 956
450 956
449 961
449 961
449 960
449 959
449 960
449 959
449 959
450 959
450 959
449 959
