473 610
473 612
473 612
cycle
463 611
463 611
463 610
463 610
463 609
463 609
473 612
473 612
473 612
473 612
473 612
467 612
467 612
467 612
467 612
467 612
467 612
467 612
467 612
473 612
473 612
cycle
473 612
473 612
473 612
473 612
473 612
473 612
473 612
473 612
cycle
473 612
473 612
472 610
473 612
471 609
471 609
473 610
472 610
473 610
473 612
479 609
480 607
480 607
480 607
480 607
480 607
cycle
473 612
479 607
485 607
485 607
cycle
cycle
486 606
486 606
486 606
488 607
488 607
486 606
486 606
486 606
485 607
485 607
480 607
480 607
480 607
480 607
480 607
479 607
476 604
479 607
473 610
476 604
476 605
476 605
cycle
473 612
473 612
473 612
479 607
479 608
480 609
480 609
480 609
480 609
473 612
479 608
479 609
478 609
478 609
476 608
476 608
476 608
476 608
476 608
476 608
476 608
476 608
476 608
476 608
475 608
475 608
473 612
473 610
473 611
473 610
473 611
473 612
473 611
cycle
473 611
cycle
477 614
477 614
cycle
473 612
477 614
477 614
473 612
cycle
473 612
473 612
cycle
473 612
473 612
cycle
473 612
cycle
cycle
473 612
cycle
473 612
cycle
cycle
473 612
473 612
473 612
cycle
473 612
473 612
473 612
473 612
473 612
473 612
526 608
526 608
cycle
cycle
cycle
cycle
473 612
473 612
473 612
473 612
504 611
504 611
504 611
506 616
504 614
506 616
504 614
506 616
506 616
508 612
508 612
520 614
520 614
520 614
cycle
520 614
521 609
cycle
514 610
514 610
473 612
473 612
514 612
514 612
514 612
514 612
503 610
514 612
514 612
514 612
514 612
514 612
518 613
514 612
514 612
514 612
514 612
518 613
514 612
514 612
514 612
514 612
514 612
514 610
514 610
515 610
515 610
473 612
516 609
516 609
473 612
473 612
517 611
517 611
cycle
cycle
cycle
cycle
519 609
519 609
519 609
519 609
473 612
521 609
473 612
473 612
473 612
cycle
473 612
473 612
473 612
520 614
520 614
520 614
520 613
520 613
520 614
473 612
503 610
473 612
473 612
473 612
cycle
473 612
473 612
473 612
473 612
cycle
510 615
510 615
510 615
510 615
510 615
510 615
510 615
510 615
cycle
473 612
473 612
473 612
473 612
473 612
473 612
508 612
508 612
506 616
507 615
507 614
507 614
507 615
507 615
506 616
507 615
506 616
506 616
473 612
504 614
504 614
504 614
502 612
504 614
502 613
502 612
502 613
500 614
473 612
504 614
499 614
499 614
500 614
502 613
473 612
502 613
504 614
504 614
504 614
cycle
473 612
504 611
504 611
504 611
503 610
473 612
503 610
473 612
503 610
503 610
473 612
cycle
473 612
473 612
473 612
cycle
cycle
473 612
cycle
473 612
473 612
505 564
cycle
473 612
473 612
473 612
473 612
473 612
505 565
505 565
473 612
505 561
cycle
cycle
473 612
cycle
473 612
473 612
473 612
505 561
473 612
473 612
473 612
cycle
503 563
503 563
503 563
503 563
505 564
473 612
507 569
507 569
473 612
473 612
473 612
473 612
473 612
473 612
473 612
cycle
cycle
473 612
cycle
cycle
502 583
502 583
502 583
502 583
504 584
504 584
504 583
504 583
502 583
502 583
502 583
502 583
498 589
503 581
503 581
498 589
502 583
502 583
502 583
502 583
cycle
cycle
502 583
502 583
502 583
502 583
498 589
499 585
499 585
499 585
499 585
499 585
499 585
499 585
499 585
473 612
473 612
473 612
473 612
498 589
498 589
cycle
500 590
500 590
500 590
502 591
502 591
505 591
505 591
505 591
505 591
505 591
505 591
505 593
505 593
505 591
505 591
508 594
514 594
514 594
514 594
514 594
514 594
511 590
cycle
511 596
511 596
511 596
511 596
511 590
498 590
514 594
514 594
514 594
514 594
514 594
511 590
511 592
511 590
511 592
511 592
511 592
512 591
512 591
511 592
511 592
511 590
473 612
511 590
511 590
508 594
473 612
473 612
506 593
506 593
506 592
473 612
506 592
511 590
508 591
508 591
508 591
508 591
511 590
511 590
511 590
511 590
518 589
518 589
518 589
518 589
515 592
515 589
514 586
514 590
514 590
514 586
515 589
514 586
514 586
514 586
514 586
515 592
514 586
511 590
473 612
511 590
518 589
518 589
518 589
518 589
511 590
511 590
514 586
514 586
514 586
514 586
514 586
515 580
473 612
516 578
516 578
515 580
516 578
516 578
516 578
521 582
518 586
518 586
cycle
518 588
518 588
518 588
518 588
518 586
518 586
cycle
519 581
cycle
518 583
518 583
518 583
518 583
cycle
519 581
473 612
519 581
473 612
cycle
519 581
521 582
519 581
519 581
519 581
519 575
518 574
518 574
516 575
519 581
516 575
516 575
cycle
514 576
514 576
513 576
509 578
509 582
509 582
509 582
509 582
473 612
cycle
509 578
509 578
509 579
509 579
509 578
509 578
509 578
509 574
509 574
509 574
510 572
507 571
507 571
473 612
473 612
473 612
507 571
507 571
507 572
507 572
473 612
473 612
510 572
473 612
473 612
509 574
509 574
509 574
cycle
473 612
cycle
504 574
504 574
504 574
504 574
504 574
504 572
504 572
504 574
504 574
504 574
504 574
504 574
504 574
504 574
cycle
504 574
504 574
509 578
473 612
506 577
506 577
506 577
506 577
506 577
506 577
509 578
509 578
cycle
509 578
509 578
509 578
509 577
509 577
498 590
cycle
cycle
498 590
512 576
512 576
512 576
512 576
513 576
498 590
cycle
cycle
516 575
515 575
515 575
516 575
cycle
518 574
518 574
519 581
519 575
519 581
518 577
518 577
518 577
518 577
519 581
cycle
519 581
519 581
519 581
516 578
516 578
cycle
516 578
516 578
516 578
cycle
cycle
cycle
cycle
cycle
cycle
cycle
cycle
cycle
cycle
cycle
cycle
cycle
cycle
498 590
498 590
498 590
498 590
473 612
511 590
514 586
473 612
514 586
511 590
514 586
514 586
514 586
514 586
cycle
514 586
511 582
511 582
511 582
511 582
511 582
511 582
473 612
473 612
511 590
509 584
509 584
513 586
513 586
512 585
512 585
512 585
512 585
513 586
513 586
513 586
513 586
514 586
514 586
513 586
513 586
514 586
514 586
514 586
514 586
514 586
511 590
473 612
473 612
511 590
511 590
511 590
511 590
cycle
498 589
cycle
509 586
509 587
509 586
509 586
508 586
508 586
509 586
509 587
498 589
509 587
cycle
509 587
473 612
505 591
505 591
505 591
505 591
505 591
505 591
498 589
505 591
505 591
cycle
502 591
502 591
500 590
500 590
500 590
498 589
498 589
498 590
473 612
498 590
498 590
498 590
498 590
473 612
cycle
cycle
498 590
498 590
484 585
484 585
484 585
484 585
498 590
493 573
493 573
493 573
493 573
495 574
495 574
495 574
489 578
490 580
489 578
490 580
490 580
490 580
cycle
490 580
473 612
490 580
500 579
500 579
500 579
500 579
500 578
500 578
498 581
497 578
500 578
473 612
498 581
497 578
497 578
497 578
496 576
496 576
496 576
497 578
496 576
496 576
496 576
497 578
497 578
497 578
495 579
498 581
495 579
494 579
495 579
494 579
495 579
495 580
495 580
498 581
498 581
498 581
498 581
498 581
498 581
492 582
cycle
492 582
495 584
493 584
493 584
493 584
493 584
495 584
495 584
495 584
494 587
494 587
473 612
cycle
473 612
492 587
494 587
494 587
493 587
493 587
492 587
490 586
492 587
490 586
cycle
498 581
492 587
473 612
495 584
498 581
cycle
495 584
495 584
496 584
cycle
496 584
498 581
473 612
495 572
498 581
498 581
498 581
498 581
498 581
498 581
cycle
cycle
cycle
cycle
490 580
473 612
490 580
490 580
490 580
492 579
492 579
490 580
491 580
491 580
490 580
cycle
cycle
473 612
473 612
495 572
495 572
495 572
473 612
cycle
cycle
495 574
495 574
495 574
cycle
473 612
473 612
cycle
473 612
473 612
495 572
495 572
495 572
495 572
cycle
473 612
cycle
473 612
473 612
473 612
473 612
cycle
cycle
473 612
515 553
515 553
515 552
cycle
cycle
473 612
515 553
515 553
473 612
516 550
516 550
516 550
516 550
cycle
473 612
473 612
514 548
514 548
515 552
473 612
cycle
cycle
cycle
cycle
cycle
510 535
473 612
cycle
509 536
510 535
509 536
509 536
509 536
cycle
509 536
509 536
cycle
cycle
cycle
cycle
cycle
cycle
473 612
473 612
473 612
473 612
cycle
cycle
cycle
cycle
cycle
cycle
524 534
524 534
524 534
524 534
524 534
524 534
524 534
524 534
cycle
525 529
525 529
525 529
525 529
473 612
521 530
521 530
473 612
525 529
525 529
525 529
525 529
473 612
473 612
527 530
527 530
473 612
473 612
cycle
cycle
