445 600
445 600
445 600
445 600
445 600
445 600
445 600
458 577
458 577
458 577
458 577
457 578
457 578
457 578
457 578
457 578
445 600
445 600
445 600
445 600
445 600
445 600
445 600
445 600
449 583
449 583
445 600
445 600
445 600
445 600
447 577
447 577
447 577
447 577
445 600
445 600
445 600
445 600
445 600
445 600
445 600
445 600
445 600
445 600
445 600
445 600
445 600
445 600
445 600
445 600
445 600
416 559
416 562
416 562
445 600
445 600
416 562
416 562
415 559
415 560
415 560
415 560
415 560
415 559
415 559
445 600
445 600
415 559
416 559
445 600
445 600
445 600
445 600
445 600
445 600
445 600
445 600
445 600
445 600
422 564
422 564
445 600
392 588
445 600
394 585
394 585
445 600
445 600
445 600
445 600
392 588
445 600
445 600
445 600
445 600
445 600
445 600
445 600
384 594
384 594
386 595
386 595
384 594
384 594
385 595
385 595
389 594
385 595
385 595
386 595
387 593
388 586
388 586
386 595
386 595
445 600
387 593
389 594
389 594
386 595
445 600
388 595
388 595
445 600
389 594
389 594
389 594
389 594
445 600
389 593
389 593
389 593
389 593
389 593
389 593
389 594
445 600
445 600
445 600
445 600
445 600
445 600
445 600
386 589
386 589
445 600
445 600
388 586
445 600
445 600
445 600
445 600
445 600
445 600
445 600
445 600
388 586
381 579
381 579
388 586
388 586
445 600
445 600
383 582
383 582
383 582
383 582
383 582
383 582
445 600
381 579
381 579
445 600
368 587
445 600
445 600
445 600
369 585
369 585
369 584
369 584
445 600
371 585
371 585
371 585
371 585
445 600
445 600
445 600
368 588
445 600
445 600
445 600
445 600
445 600
445 600
445 600
368 587
368 588
445 600
445 600
445 600
374 589
374 589
373 591
445 600
445 600
445 600
445 600
445 600
445 600
373 591
373 590
445 600
373 590
374 589
374 589
445 600
445 600
445 600
445 600
445 600
445 600
445 600
445 600
445 600
445 600
445 600
445 600
445 600
445 600
445 600
445 600
445 600
445 600
445 600
445 600
445 600
390 617
445 600
390 617
445 600
445 600
391 607
391 607
381 619
390 604
377 612
377 612
445 600
377 612
381 619
379 620
379 620
379 620
379 620
379 620
379 620
378 620
445 600
377 612
377 612
378 620
378 615
445 600
445 600
445 600
378 615
378 615
378 615
381 615
377 612
378 615
381 615
380 616
380 616
380 616
380 616
378 615
378 615
378 615
390 604
390 604
377 612
377 612
376 605
376 605
376 605
376 605
376 605
378 608
378 608
378 608
378 608
445 600
379 604
378 608
378 608
378 608
378 608
376 605
376 605
376 605
376 605
376 605
379 604
379 604
377 612
377 604
377 604
379 604
379 605
379 605
379 605
379 605
379 604
385 605
387 604
380 596
380 596
380 596
380 596
375 590
377 591
376 593
445 600
375 590
376 593
376 593
377 591
376 593
375 593
375 596
375 596
376 593
375 596
375 596
445 600
377 591
377 591
377 591
377 591
375 596
375 596
376 597
376 597
375 596
375 596
376 593
376 593
375 593
376 593
377 591
377 591
377 591
379 589
445 600
379 589
379 589
379 589
380 591
390 604
382 584
382 584
382 584
382 584
377 591
377 591
377 591
377 591
390 604
377 591
445 600
379 589
380 591
379 589
379 589
379 589
379 590
377 591
379 590
377 591
377 591
377 591
378 593
378 593
378 593
378 593
378 593
378 593
378 600
380 596
380 596
380 596
380 596
378 600
445 600
381 600
381 600
378 600
378 600
378 602
384 603
384 603
445 600
445 600
445 600
445 600
378 600
445 600
382 602
382 602
445 600
445 600
378 600
378 602
377 602
377 602
377 601
377 601
378 600
378 600
379 600
379 600
381 600
381 600
381 600
381 600
381 600
381 600
445 600
382 597
382 597
382 597
382 597
382 597
381 600
381 600
381 600
381 600
445 600
445 600
445 600
388 604
445 600
445 600
388 604
388 604
388 604
445 600
387 601
387 601
445 600
388 604
388 604
389 602
389 602
389 602
389 602
379 604
388 604
388 604
383 608
388 604
383 608
383 608
383 608
383 606
383 606
383 608
383 608
388 604
388 604
388 604
385 608
385 608
385 608
385 608
385 608
385 608
388 604
388 604
388 606
388 606
388 606
388 606
388 606
388 606
388 604
388 604
387 604
445 600
445 600
385 605
445 600
445 600
445 600
379 604
379 604
382 604
382 604
377 612
379 604
377 612
445 600
379 604
377 612
377 612
377 612
381 607
381 607
381 607
381 607
381 609
381 609
381 609
381 609
445 600
445 600
390 604
378 611
378 611
378 611
378 611
377 612
377 612
445 600
379 613
379 613
379 613
379 613
379 614
379 614
386 613
445 600
445 600
445 600
386 613
386 613
386 613
445 600
386 613
386 613
445 600
445 600
386 613
386 613
386 613
386 613
391 613
390 615
390 615
391 613
391 613
391 613
391 612
391 613
391 612
391 613
391 613
391 613
391 612
392 609
392 609
392 610
445 600
394 611
394 611
386 613
391 612
392 610
391 612
386 613
386 613
386 613
391 612
386 613
386 613
389 612
389 612
389 612
389 612
386 613
386 613
386 613
386 613
385 612
385 612
445 600
385 612
385 612
445 600
445 600
445 600
445 600
445 600
445 600
445 600
445 600
445 600
389 610
389 610
445 600
445 600
390 608
390 608
391 607
391 607
445 600
445 600
445 600
445 600
445 600
445 600
390 604
390 604
390 604
445 600
445 600
397 589
396 589
396 589
397 589
397 589
445 600
397 589
445 600
390 604
445 600
445 600
390 604
421 596
421 596
424 595
420 596
424 595
420 596
420 596
421 596
421 596
390 604
420 596
420 596
445 600
420 596
445 600
445 600
429 593
445 600
429 593
445 600
445 600
441 589
441 589
441 589
441 589
441 588
441 588
442 586
442 586
442 586
442 583
442 583
439 587
442 583
442 583
442 583
442 583
442 583
442 583
443 583
443 583
443 583
443 583
442 583
439 587
439 587
442 586
442 586
442 586
439 587
439 587
439 587
439 587
445 600
434 585
431 583
445 600
445 600
431 583
431 583
431 583
432 581
432 581
434 583
434 583
433 580
437 591
437 591
437 591
445 600
433 580
433 585
433 585
433 585
433 585
433 585
445 600
436 582
436 582
445 600
434 583
434 583
445 600
431 583
432 581
432 581
431 583
431 583
431 583
445 600
445 600
432 585
432 585
433 585
433 585
433 585
433 585
433 585
433 585
432 586
432 586
432 586
432 586
432 586
432 586
445 600
431 588
431 588
431 588
431 588
430 586
430 586
430 586
430 586
430 586
430 586
432 586
432 586
433 588
433 588
433 588
433 588
433 588
432 586
432 586
432 586
432 586
432 586
432 586
433 588
433 588
433 588
433 588
433 588
445 600
432 586
432 586
445 600
433 585
434 585
445 600
445 600
445 600
445 600
445 600
439 587
437 584
437 584
437 584
437 584
437 584
437 584
439 587
439 587
445 600
445 600
445 600
439 587
439 587
439 587
439 587
438 588
438 588
445 600
438 588
438 588
437 591
437 591
437 591
445 600
445 600
445 600
437 590
437 590
445 600
445 600
439 593
439 593
439 593
439 593
445 600
445 600
437 591
437 591
437 591
445 600
437 591
437 591
437 591
445 600
445 600
445 600
445 600
445 600
445 600
445 600
445 600
445 600
424 614
424 614
424 613
424 613
426 609
424 614
424 614
427 614
426 616
426 616
445 600
427 615
427 615
427 614
445 600
445 600
445 600
445 600
445 600
445 600
445 600
445 600
429 615
429 615
429 615
429 615
429 615
429 615
445 600
445 600
445 600
445 600
445 600
445 600
424 614
424 614
425 616
425 616
424 616
445 600
424 616
424 614
424 614
426 609
426 609
426 609
426 609
426 609
426 610
426 610
426 609
426 609
445 600
445 600
426 609
426 609
426 609
426 609
426 609
445 600
426 609
445 600
445 600
445 600
445 600
445 600
445 600
445 600
445 600
445 600
408 635
408 635
445 600
445 600
408 635
408 635
445 600
445 600
408 635
408 635
408 635
408 635
445 600
403 635
445 600
403 635
403 635
404 634
403 635
404 634
403 635
403 635
445 600
445 600
445 600
409 642
409 642
445 600
405 646
405 646
405 646
405 646
cycle
405 646
405 646
405 646
405 646
403 646
403 646
400 642
402 643
402 643
400 642
400 642
403 646
403 646
401 645
401 645
401 645
400 642
445 600
401 645
401 645
401 645
400 642
400 642
400 643
400 643
400 642
400 642
445 600
400 642
400 642
400 642
399 638
399 638
396 642
396 642
396 642
400 642
400 642
396 642
400 642
400 642
445 600
445 600
445 600
445 600
393 640
393 640
393 640
395 644
395 644
395 644
395 644
393 640
393 640
396 642
396 642
396 642
445 600
393 641
393 641
396 642
393 640
393 640
393 640
cycle
445 600
393 640
393 640
