100 1000000000 2000
59 790163059
87 123981408
76 696499041
15 743905281
92 626889045
43 636978166
28 432563756
65 528818207
47 17250914
79 662913032
13 510166178
88 199127641
63 761557355
12 802112469
34 78279171
22 880193533
70 643941015
73 39806819
71 634028321
48 99495865
88 815471142
80 417384377
77 298371217
84 544627112
19 908387038
72 345030845
73 391723963
95 712912833
89 552769395
11 601315
15 562409435
78 562737181
35 128934937
18 276690073
6 55655868
67 569650668
78 787359972
76 147967702
62 361343438
7 106560216
95 878953958
36 346127679
66 891803677
5 807504940
73 974703515
86 502076520
53 571255207
82 276642973
34 726000136
34 29454983
91 563234850
15 743273146
76 763035864
47 518612406
34 531323876
49 836991708
92 352704871
89 68777594
3 818485808
52 267168005
6 685982237
98 3788185
87 642098636
57 74192872
45 10373833
92 929545495
15 855517240
84 877963262
26 748107419
22 524206404
11 943235983
23 560455813
69 616714020
79 934474779
41 388984755
7 264780665
29 64480886
11 279831028
67 170891886
25 762956806
95 977559711
13 730887683
7 405330524
80 221582878
97 281676478
77 97498582
42 297741285
37 832383373
93 955556704
43 800253199
71 705162065
54 439655933
6 502851943
39 343037013
27 80945644
92 411272102
64 290010770
39 175191749
3 813829503
2 186272427
25 311223557
87 437562936
54 149157313
39 404086712
71 927500158
8 797811825
31 295492807
68 610243996
58 953660757
79 366859410
25 47633804
38 976354572
74 396396589
81 353592780
7 251672183
58 844199966
61 879098305
60 919189155
17 755539733
49 953806010
19 653599423
46 123314427
24 997100356
35 987971990
35 220397697
30 815485999
52 226253948
28 126425652
19 748406761
91 256522432
11 336987961
72 972718297
8 926220108
93 78491136
49 774814563
98 91027238
55 556887536
21 703429525
75 640974751
83 282144847
24 103385658
26 439900037
42 568445653
91 928646513
55 726674836
25 881850433
97 251760755
55 863166643
23 681035215
16 509953189
6 371351018
18 454917565
40 27432662
72 168208532
89 111797108
27 316477808
94 890314315
66 843701495
37 261964835
68 262720157
53 77387284
84 999457765
72 238781655
34 559279383
8 908859247
52 113646138
39 391568833
10 500854635
31 438836840
98 288709403
44 424542653
87 531768747
87 265435359
61 744779707
23 603802519
24 236539637
95 255607684
14 45236747
3 419098273
7 337754629
89 914053659
47 347283136
45 926349646
1 796508284
12 181751194
11 626158600
48 9306653
19 225114588
19 223120764
13 104789204
92 288703434
15 513132274
70 430676278
8 285142195
87 345150461
48 218260468
86 875803145
36 326084076
15 383609012
88 846677233
69 524365748
82 153152606
4 992837804
76 225341621
87 682021656
42 158090581
78 159517532
22 20138391
10 472018071
18 990051750
27 318031267
19 596338206
71 553967597
30 700058240
24 669472583
59 886600460
82 874832967
35 646604194
76 838649186
22 975793194
40 256801637
48 234885260
21 587322578
9 667929035
8 157038790
9 91997583
71 452450029
34 636658553
58 905412694
53 889229777
13 89473531
9 924331472
10 183298171
22 280963081
2 913140463
56 560639350
80 292415408
81 856382375
34 679332823
11 979314636
70 181218586
43 636006642
30 236139065
6 588020163
88 396704411
52 71530298
6 391421926
89 203562691
21 354233030
31 266538896
35 459717341
49 603354166
35 349477945
54 5338379
3 802688547
89 356263163
52 522647919
70 192024917
3 736824680
54 127477272
53 137274585
44 117275647
95 157278871
7 601747977
27 345653388
70 711422438
69 841355671
83 764987528
71 225575983
98 177462979
67 74555094
40 707270782
90 2704428
28 530244557
16 387420891
53 547011024
78 797942652
10 711959412
10 986885517
78 449783633
79 579764551
65 392249628
73 422793264
29 816324011
91 792815397
12 957120524
74 733395972
30 568044941
25 343450981
23 228915009
34 917150836
98 919037587
29 521963190
34 947879531
82 381054357
55 277623566
79 944610730
12 643228900
5 794822068
35 383360739
58 972502212
9 601593144
90 387978176
32 754383982
63 150244817
62 653721520
3 195609886
29 44985294
60 357855574
74 693613438
49 830538403
76 673885663
5 325612277
92 34979353
48 870206356
60 208141179
26 194626244
26 29646358
37 668082623
14 662264123
55 789426533
64 120050078
36 712279184
27 148369385
21 410197625
70 325720222
11 216180824
85 891278082
7 190594393
20 61069056
83 582719972
94 377180895
29 754119959
79 518003646
9 833765282
23 225350458
93 956437678
68 589749914
95 172481919
88 150268099
49 537515249
26 322953310
31 236339716
26 959694128
54 224810761
55 249543635
21 542739969
15 759200254
59 138355835
5 549073007
40 761743735
52 552004526
66 354110586
71 709516228
74 77106443
97 618068259
33 461240776
84 98443693
20 938053602
80 46806780
15 352854653
56 921195566
61 762472004
44 671326956
72 908108211
66 65664319
45 656712781
57 516471779
35 636042770
5 402333476
37 555837101
25 796376688
61 380337929
12 347944134
7 161521386
16 617306234
37 391842653
76 831435159
6 333567560
96 170781837
98 778041594
12 645125404
72 280402096
56 26470409
46 350895526
25 873079735
94 959838187
77 432707740
43 368465444
51 677778763
53 583304586
72 781263465
21 754253639
47 861730457
14 357474476
57 386447001
16 441970971
28 261374480
48 92542788
20 994207183
85 731333057
8 621319442
34 775281060
46 224996188
61 200210836
84 552351195
10 332204595
84 294552663
9 586253227
34 114743380
83 921418624
1 28355184
38 887274078
45 723601679
15 977785961
32 508453801
85 668117272
85 837128000
33 125322906
57 293406999
66 731653199
14 237299259
57 467584973
9 203260728
59 619873861
25 321814874
32 435476228
42 661315824
17 220636759
20 372594766
45 757599904
41 146542486
76 912065661
7 50799836
74 212010779
73 476174947
6 81466306
63 84297385
11 149045192
69 490808360
78 319203645
8 72415081
85 763986167
77 3733078
81 388228773
36 595023100
31 668586445
46 762360979
76 761406059
70 138622727
29 881563893
95 947729937
46 84163943
33 26640230
76 973834486
75 538486066
23 583145726
67 723959406
40 174798231
86 572035421
53 5192174
21 126562634
43 575990880
60 371894195
79 276393506
94 72572137
68 311612872
65 445112692
84 281790074
13 631223210
48 695413929
95 103948150
91 736277429
21 603049043
11 466549265
61 752388462
95 606705829
39 657666513
77 698888081
55 481102385
46 364136440
13 270637759
86 98059301
35 302802278
54 987694770
2 399721545
95 13339221
59 941477891
66 926214984
44 285985416
1 319183433
83 346500572
12 808729620
44 467114624
18 395385045
32 634174393
41 530499036
45 664911581
93 368464670
52 897081656
31 935689002
82 278066882
89 230944594
35 535580024
16 158151248
19 707271782
59 672896001
51 545020226
46 683937240
72 121760069
60 109909911
18 95048741
74 445721678
76 677530200
53 997225472
56 17815224
93 971605098
53 698683878
90 63741470
55 859841006
20 692600741
52 935501307
82 991075730
44 480229676
31 765643514
66 937825811
87 522384132
28 690512705
48 836260643
58 201791332
13 375518140
70 405501441
19 228745468
11 162704621
1 299447518
80 750384247
33 884078103
35 758204576
64 682459428
2 922562555
86 76495033
4 491462312
25 377769708
40 905882995
84 469230652
97 848200445
74 872642071
87 923771930
57 669197311
5 15760906
6 774840280
15 284245360
47 969860556
24 75490120
41 37987405
19 992837858
84 540377909
83 61988655
91 2584004
23 292510544
2 767951333
15 181483159
67 698658764
16 641200734
75 204260032
41 89736537
88 902593105
89 214875686
7 693628456
50 328405070
24 634989625
13 186438689
65 783846479
34 880852268
17 209308386
21 144833652
54 785664473
60 9879989
96 221579639
18 497097864
94 188285633
80 890312607
68 163154880
83 735348634
46 623817856
5 411932188
52 633863131
1 296103238
81 991172350
24 664717996
6 886965251
27 74222068
47 861172448
69 12004814
64 531405221
61 226513310
75 561722333
94 23687421
74 547335697
50 448190087
29 548353260
8 614000090
61 226116312
2 912481096
33 55332082
9 649480095
61 52589747
8 761952845
41 255818576
28 225537692
8 589322365
90 158488084
66 42762582
72 129787235
63 84193997
92 798942737
60 916629815
16 202494524
24 10872745
67 514975420
1 271134485
47 675349129
91 87544090
8 217017714
60 836290419
88 896451952
52 291929530
72 409383508
89 268105024
88 70976525
44 175325334
10 791261973
66 615854047
36 998078074
97 252356816
84 72924466
9 397348553
27 463463840
88 109586969
78 187477200
98 405363884
2 291781808
6 299752747
56 851771326
11 22839992
89 847633257
89 925313423
15 17834112
38 697632726
41 984430278
94 158880592
55 754143554
31 116884037
11 315543139
97 446735905
93 366067830
72 333141192
25 380795348
8 112442104
17 363937859
79 499103155
98 259203168
62 17391290
10 82866398
24 626559859
52 86437609
49 699231147
82 26207185
82 68534659
92 140273239
51 430705818
6 801233378
20 862046197
15 744107952
9 711672199
23 154143474
39 20434650
69 135219027
33 753741359
63 600142063
61 160916431
33 510203846
56 583430325
53 968232727
7 837540073
72 736523854
45 412957020
85 568626981
39 373048836
92 220086158
10 71635913
54 778175900
34 195881711
97 12604629
30 366706581
30 138461908
92 395396715
38 878493420
30 368547635
54 306344817
55 219569536
97 430579034
77 243666994
3 767392813
12 207982057
3 376601070
56 615454327
87 135889587
32 391932261
15 403553007
81 241623897
66 162803366
98 897073491
83 498589052
72 249120643
44 68128245
43 261536133
69 949592283
93 67546329
4 918185714
4 89470050
26 180471586
10 6721967
62 641942738
50 854059810
26 708844747
71 194885815
64 319516978
93 40254469
24 393560337
50 107619580
46 304122652
19 708245690
82 816319341
72 757857950
96 329391356
73 925711638
40 719113127
50 308271839
32 735305948
73 259934966
30 246994228
12 470919590
21 751657810
23 495472995
91 502881875
1 610661512
98 73714868
82 268398695
16 75235676
56 972707950
52 822995830
42 527717753
5 306500463
16 57848275
71 92042880
37 599467523
25 194658143
53 783816191
17 512478256
7 460640900
70 354647558
97 919175613
85 740973129
17 990138289
54 349699151
67 259458665
97 801585682
74 543482979
78 53160387
84 426077254
5 831852471
93 964821015
9 209325729
9 983573613
65 260982366
64 218194854
5 936416930
62 313080395
89 799684275
45 446023864
95 728530927
90 884513422
4 869075016
18 609727698
26 690395699
9 954172325
43 97728075
87 638583105
85 309020696
46 18207772
81 477534123
6 688950054
14 924240462
36 29786666
11 817924323
40 485509288
85 522343875
76 609169303
31 551676153
64 88470721
82 380848399
71 474302053
58 495724909
37 536744286
66 890896561
61 299765678
48 774661725
94 196545510
47 957171531
16 54059646
4 147295010
67 363884976
16 370369284
12 952434836
1 61533110
88 312811560
47 219647213
46 829170347
65 70419073
86 290854389
47 116668596
85 980351898
59 305469114
95 703852760
50 902048059
36 394678959
1 711883106
89 773544010
19 539636466
32 205484769
35 134487553
27 124199259
16 804167424
71 845695051
38 855450004
39 515875052
36 296782177
4 434300394
75 992395136
7 246688462
82 334290620
66 365216490
59 195778762
96 994189103
1 730047940
29 824334383
28 995203815
65 632727861
9 368486881
93 316935172
57 18210193
10 878353636
89 358976293
4 596469127
36 262104670
59 696792158
33 335620586
71 803093987
95 407203477
82 494565336
1 943387378
83 3294141
76 599981386
82 928771688
47 638484823
5 751623280
28 47691038
5 745490192
53 763034581
38 588134937
48 438187579
83 642703138
54 593457405
68 718461712
62 191822976
13 207288017
6 422019595
96 169380124
44 743875704
55 509486533
46 88056159
67 965334933
79 422212998
54 655136163
67 966594430
36 692413321
52 270543958
72 202684567
13 662846997
93 420896207
28 313260638
64 881317834
23 922232750
87 519050570
81 641758811
60 920818396
95 377815341
91 626241023
78 965965656
62 317136777
96 186503825
30 923590055
28 770790958
15 99762364
22 437333742
92 846667778
52 387594240
29 834336295
66 701280900
5 422118007
31 179853804
14 212979290
34 751651054
10 3068022
4 101899429
95 681842942
43 143199755
49 332035382
8 153474625
49 196796517
26 532468133
56 484075962
44 284640095
44 799236793
6 115828693
89 450646433
32 436069921
4 522429305
79 356327446
58 561343332
18 397031608
37 600119320
71 880964442
50 2944670
9 672554096
12 345105917
53 248546547
1 150131263
29 378353045
7 706338127
10 177703761
83 301449997
4 189503851
15 354427001
9 897004030
29 709011380
16 404258082
59 686319469
3 3626988
65 517371980
55 989244431
87 478553278
30 571240375
43 894900280
19 428179627
78 858560434
87 751674339
95 866782353
45 660574783
39 191772624
58 189775206
14 940399650
9 416771731
89 872348632
33 27952728
95 298659244
9 193874167
63 826848398
6 446144980
22 171392757
66 337258186
83 971586742
32 733688399
27 685041211
3 446528586
13 871616528
1 556860278
35 33323101
47 824934581
94 571058756
6 6859707
58 718295859
15 27278
12 738526205
9 134428624
41 168006422
21 793493207
82 184698044
17 303260355
87 699763532
91 215980272
98 98475151
37 130218941
62 63446651
9 338858715
43 249653995
44 491201956
36 959426886
71 960701530
60 667447152
16 701915509
39 228092359
70 947100869
51 613417382
23 126819404
37 163247762
71 606049669
81 643472769
62 693660189
42 37925100
30 798066461
87 949652241
18 163568617
26 180101752
45 720960450
48 325612168
10 701161683
42 719375542
65 634539951
72 22067696
94 941400230
84 780433920
41 482572132
19 660432261
58 767662797
72 347858101
9 332098034
97 245429529
28 721049537
43 832150418
93 233575404
79 980435365
39 355730989
88 877168888
2 824371810
38 512395277
15 951836633
63 325913136
83 839860551
66 974897824
33 89934134
94 419909488
30 761725834
3 762216790
3 404511557
19 732007681
66 888067916
43 237714407
68 159517275
13 196523248
59 267396726
69 746131414
17 159591518
10 284054738
96 835604659
52 501262904
39 825770553
24 181681655
44 902837995
82 734617581
57 789642192
76 916286528
34 81386546
20 712855431
59 729492290
59 578416933
60 534907029
81 857411727
60 440987685
5 395802406
46 337279433
43 849471237
1 79829321
89 115806812
74 314718067
8 811370869
70 840019040
63 450544957
64 928169815
36 621555021
51 827440181
62 482267650
33 70183192
4 326227244
69 654764370
7 330190972
25 222935099
76 697121755
38 451447937
67 109561804
46 870557206
33 346882861
92 327613608
74 103306295
17 972025365
8 770682007
53 178343905
8 919663526
76 72390800
35 14015419
41 947027210
39 858381552
8 512300023
67 532946956
21 181155066
27 887492079
92 753010829
14 904819767
85 176391944
33 313411505
77 592341889
16 844826682
93 627755892
73 714407745
51 530295529
8 103456577
84 780281816
23 656942210
72 1607822
98 13589456
43 499405157
93 128886762
58 441582736
33 948654086
2 449403807
23 441603543
95 890828456
48 731231474
6 978280819
16 502431161
66 555112746
90 236558050
76 616852331
19 775124677
78 156174184
65 644165129
44 82639074
73 251492587
62 246881014
59 484557452
24 793949509
20 940295497
82 275541176
38 995732641
90 916698944
3 830358756
67 583297745
38 928725653
58 673189558
85 605276987
12 11569998
18 162543271
17 296444632
40 424185884
9 136525718
59 71348499
92 139483818
6 331814272
2 282751198
77 284504811
56 76555970
54 755620970
83 502087620
38 733370682
18 167346597
50 750075467
34 185680584
80 52145023
59 202431918
30 806694876
16 981364511
53 651681324
39 484939543
2 776694409
15 888576024
55 122173688
72 456649635
82 848220285
20 991567856
50 877058940
18 169361209
24 36105525
29 809478487
62 622628969
43 334643017
23 557013374
5 627807439
2 613137082
6 164344266
53 10439850
86 657185882
11 2703635
14 762305393
78 893752202
71 928833253
24 94258796
19 351837243
75 271286648
79 905000974
80 607743702
24 11500381
32 538828951
71 178783945
80 675646449
33 254530037
65 234951566
37 931234724
91 758534126
70 417549722
7 19582299
31 761776228
43 626456077
7 939646217
77 333249504
66 827098128
73 881220585
57 483672894
42 457028558
31 888025633
37 160206261
46 739453254
33 949983494
24 299071319
55 416576058
56 734335542
88 386839064
59 496830437
6 549688095
65 660221313
76 875015185
34 902067252
60 506226497
1 688389116
14 380163490
83 139286184
38 846151721
32 600483148
60 531671316
29 837044806
32 891822251
30 143027939
13 753860308
90 136556070
66 91055382
26 601478299
61 867666825
62 80496845
18 97545466
59 877673740
78 361311378
26 121526200
50 962021882
42 844106416
58 612472889
71 216930741
26 802693277
44 374226501
12 61812244
68 278486963
65 518298446
73 767235781
62 25204184
89 913798526
98 398406257
58 243481887
45 671128720
4 785441130
72 323328804
98 588874871
49 644411827
49 830298462
84 207485166
80 344239981
41 857654335
41 854238940
40 89664532
73 295094298
27 787287836
93 755891540
31 827942101
82 313093897
76 892335838
23 948316760
8 861707406
35 624346963
11 449259523
24 740255947
75 848772505
44 822662259
76 520385121
78 723901049
93 531368359
55 684653180
18 672861618
33 950612464
58 515702828
27 497648187
38 264085413
46 879087202
46 539019279
82 35223429
54 482511600
10 978389993
71 831186744
90 605536428
26 809775578
23 16899637
64 612553596
79 633302019
48 8475326
80 273473160
12 189678291
55 316555628
57 86653877
68 519878530
74 546572773
41 140153713
60 474843587
1 836044864
15 823286294
20 538875510
69 147749295
17 363469191
93 296425423
13 560554762
50 110734519
91 476617275
20 408514581
38 167739286
77 823722247
14 675665989
28 556229110
54 163555325
80 168227505
61 250312561
19 453586755
28 175030194
66 401404820
83 747074068
65 477892384
73 818981617
24 504136056
81 177929205
78 119127444
44 245068119
70 46364327
26 225847729
75 197455023
31 58691256
43 351096683
49 212550525
96 350101711
38 846945167
23 291205217
45 735070034
19 542652364
78 307198433
74 321144376
66 578589676
39 484940417
70 365226406
55 440822141
81 443862458
25 719753074
68 240005000
55 832409323
25 913595357
19 557739553
11 320248122
21 113898609
34 600835682
71 183212329
81 6082923
49 799568252
85 652853919
12 911453247
93 834289200
85 854087877
24 306033600
55 464596070
19 221175697
90 883240185
98 701672921
69 394102660
62 433071393
39 499665878
8 952910013
54 946085890
76 509023577
92 386124103
62 258016637
71 435813546
70 774842678
7 64814344
77 133111307
23 801339740
18 755115656
45 885785611
68 957016391
53 141873613
22 646491971
16 384663092
9 281827351
27 699887384
35 178803426
97 133010418
26 553633401
22 108658809
2 599387255
3 854705251
3 762963483
26 773102647
97 433119193
43 507485125
42 988441390
43 486660085
24 332636680
46 16852368
47 522252674
13 225683038
35 722931721
69 995519902
28 821612215
96 957397082
57 753661180
42 936035287
9 201977649
27 195269197
10 443185375
38 38610929
84 209431425
83 983963600
3 489503917
2 63514672
87 582828624
37 905342894
65 75109658
78 161648270
73 161767620
94 224534793
28 715914519
36 264650195
51 189067578
71 497478040
49 650825902
52 95915107
70 97427954
43 938245233
48 517281242
12 495749206
95 705749601
30 962038437
80 293289534
65 759876686
1 336442135
93 464055307
93 942682589
73 106564918
22 726568293
28 479117730
82 28416767
79 286462652
92 970686219
82 17876639
28 703051322
61 561554228
66 885273108
64 157572602
66 286226131
89 810709801
78 426181036
65 33024528
87 312106079
58 420731230
92 164525070
47 679259538
30 786267758
36 368849693
42 202741689
33 962062962
59 740031257
17 599196589
44 43765269
7 700720221
43 865974132
72 575904518
98 4406944
11 217004279
2 290386815
92 386991927
26 615519108
84 924073349
25 314625237
91 91871759
22 146283833
83 59905440
87 687161475
24 311629678
64 291799902
30 415601701
78 172344793
69 723989259
79 321096389
2 535461098
20 412890496
45 377040851
9 549214731
33 667958067
64 371322800
79 617754322
79 543465031
69 926678244
2 631931804
43 592097643
97 381043365
6 656535665
15 380603992
66 192658942
48 392701074
44 581563407
10 900749264
26 668924401
44 587769775
24 374658362
47 335647532
47 109770295
4 375545396
31 701809753
69 404590324
47 865416032
96 804780252
36 515969629
56 132456962
51 108919252
22 829604927
91 809742759
18 921167192
77 564356463
16 185268623
33 265764004
87 468153825
72 319001176
49 74591351
47 467813136
46 292696378
3 574669307
83 320573106
14 441443466
49 509367917
93 729995429
26 872930103
30 514838763
58 487767411
67 54687911
38 970191485
37 12633127
64 986618970
69 212415276
38 182213307
22 793886989
91 915224968
93 712495891
56 394832966
93 877491820
93 53402230
85 271463178
75 430196355
87 718659183
83 700907611
54 872749657
95 220206574
73 247806198
87 335596736
58 400910982
46 711794803
62 844070201
5 51623103
33 354388616
36 397771231
62 479938952
90 539540547
62 324235498
17 652083903
71 231842253
27 466944102
61 961710419
48 368923105
62 644607414
49 95311310
35 704456366
30 808152043
26 588289186
15 396532212
1 283064063
33 614817804
64 855941805
73 362877371
24 797798423
78 694603797
38 351853908
10 523797406
13 207071319
78 255897321
69 957684576
41 998199756
60 262937693
55 104054516
96 658390998
7 796037322
49 243182149
87 886728322
9 933051503
25 723250547
1 817769056
89 301602231
22 173599253
26 421830858
59 802913523
18 462203684
41 813290443
87 451617475
29 832184785
9 112259883
36 111592338
80 899609081
62 793888679
23 930244361
73 84371896
88 493983248
54 236665103
23 875099223
12 979918963
29 285017897
94 649583571
37 960449583
89 821865837
25 146978228
28 545678411
51 663155032
28 130726808
38 858803811
51 183162308
24 85599548
91 58618768
63 74251390
30 827913762
61 111906062
43 283154974
79 401303793
90 274816837
41 492470373
70 351811781
4 66869641
85 770591436
76 502837631
53 289521546
36 972287743
97 327599515
52 982522640
54 825549535
5 36522402
2 191215885
64 101141455
17 721691670
22 434583203
60 137889934
73 995185461
12 668596701
35 911004624
49 665896149
6 120337691
40 630455069
80 147399552
43 438748955
31 767397669
56 976221287
61 807589787
91 545563315
71 114133629
52 713737913
24 837084418
47 732128029
84 617043639
74 771295463
62 697703436
12 282890334
25 798558138
6 52545411
27 613260709
8 480209337
54 718201597
73 146798147
28 421935707
41 359995205
67 558688792
41 209285565
1 516372460
78 648413313
42 86056759
57 873053388
30 38820581
94 170117825
55 472635099
7 86239309
26 894278897
86 530134667
43 866990430
19 904208582
35 983546298
39 236879945
7 983391343
89 293127920
79 536251227
55 401636147
16 53725666
10 971137426
80 457159545
74 850918707
80 130272820
67 404306673
67 690070232
19 817563914
1 682776297
35 437900401
17 266865377
43 320909112
68 690839592
59 900879792
89 77935176
4 807707173
69 743295868
46 47583253
11 521004425
48 644119529
8 443906908
96 252982237
95 46103496
13 503818995
12 245557706
24 457818452
62 388963704
65 835299242
31 181763959
56 960860270
6 300857636
94 69732683
35 805272601
58 481643483
63 845845350
62 802103748
70 417440875
63 299585845
14 264118513
84 52828863
60 354024698
10 346187006
94 989982361
73 303920979
98 306088555
98 525329391
4 43428134
70 486343866
35 53952387
44 527970753
88 377085032
23 266869719
31 85280906
96 951226913
39 729872175
16 710407053
31 967432547
16 537835367
91 73385184
51 281328515
63 13641350
51 711481846
42 402499404
52 892679107
72 281004141
49 767135568
79 472744550
81 154087443
30 105904438
22 942565710
4 932681298
98 436242134
46 778949857
77 814258001
55 359665830
48 420256590
85 418278438
39 425742915
6 504243018
3 921311810
10 446928181
98 440978200
15 721404655
51 496329900
45 362750572
17 456343316
52 676679888
54 929536319
45 774646638
85 145792124
64 797693192
17 162560750
79 131991344
58 729326035
26 347855070
97 1307246
45 983335314
86 394899626
80 571095900
35 871405701
23 253771221
50 496113526
92 388619711
87 458895088
98 155346180
4 95028759
12 930165351
9 523775410
73 400875466
34 162299939
27 289634731
11 322949241
54 206698714
28 838057755
91 55206864
27 502432532
42 246919411
57 488473734
13 517164050
45 731319987
89 135206592
91 824274824
29 206786827
39 732489823
4 475348304
97 645796861
62 463688274
31 492749071
16 794942968
30 916039792
95 559710656
14 1587760
78 381382683
69 878748233
84 947600583
42 682828912
8 558963759
35 660843611
89 249019373
19 629951949
52 104850683
61 837130918
66 577639317
91 658617539
21 921365556
33 6547039
9 825839052
24 209833984
10 250370488
38 520042690
24 561633472
25 449585091
73 629683173
69 970945249
26 431401075
56 369834187
4 978628686
81 307033092
10 315742735
59 390859298
48 186942300
87 607536891
75 651866622
5 651873355
25 10011748
14 416744560
3 501764079
8 378648796
61 19014583
84 659399548
78 627380476
13 272987539
35 321166910
36 640404507
81 227081163
7 137240429
50 196341715
22 710466392
23 300861653
62 621916424
37 890993145
9 369935733
51 414891431
83 940760377
76 823623028
8 644458830
30 801517260
21 514127262
88 9780177
65 976158246
83 977751103
8 505136756
2 335105492
52 564681669
2 549862472
35 537553483
82 325019980
75 842717434
79 483297182
10 986319838
98 817586699
56 108192652
12 684030252
6 519896657
88 659043446
67 829185710
9 225011862
82 47176372
72 929713417
91 424155692
60 334414268
59 264304181
15 123189443
84 256023521
53 135383300
86 37595470
28 65781899
90 820180987
6 379617769
9 708637071
21 165194239
10 185871126
70 82569007
97 706121965
89 501786064
16 232046539
11 226269266
55 541537613
29 625393724
6 718352814
14 693772302
5 917067905
80 747160355
84 384651798
39 44040001
28 781203760
41 173067646
85 518308997
75 855364470
8 41368480
95 319965074
19 930917755
69 622844202
31 853965991
80 963938516
18 266692394
33 321296016
85 767808273
16 782564455
47 399012311
27 813150764
17 145318775
54 83834889
26 341166862
5 969050684
18 437421536
48 479760701
67 644748601
67 62254501
86 55915379
46 868673629
60 414966389
39 165403220
27 859396673
45 849173501
76 133810802
80 157504516
52 764488273
96 931199134
19 612493139
84 231420188
53 467288211
14 971450223
2 53751641
57 727460009
59 631441030
35 532910881
34 825982170
97 764446869
79 352623820
30 327893211
60 833333651
76 276391871
53 794542385
66 902969782
