200 1000000000 2000
93 749626055
193 199886733
85 215250389
38 991051826
184 153689377
94 234686777
87 318516046
139 389350340
105 236479283
84 99256915
184 776144790
187 801330565
119 577454677
143 155529057
198 450111138
143 770463429
79 696129804
197 265217377
64 254179414
79 113014986
172 258759824
20 166188327
116 53804573
74 783440036
14 793881586
63 933280532
47 996597502
89 440722372
117 89584023
21 551983690
190 269764701
10 459425213
96 702998859
36 18338421
151 922759700
167 855834314
100 981522305
159 529736285
98 461375155
194 401367287
122 200002607
81 248275107
177 731093239
71 231417269
157 855811958
34 119277375
118 677526615
32 985756127
32 903948779
113 33182479
129 286193797
52 889413007
68 819248543
97 822299589
22 799282233
117 473375275
159 200297459
176 715245112
6 464674851
189 397014000
95 535851600
173 688276481
114 687990484
70 336338303
135 102499586
88 718418635
20 49642855
133 271759013
59 569943291
131 426301704
91 368046661
142 247516732
103 271202955
130 992053287
36 271269138
173 375013016
29 897363247
191 412069860
147 570686289
93 988980007
94 683213522
180 320981714
186 20684180
59 964955171
92 29388617
127 464520526
61 781552092
100 203914937
37 11659352
145 830662666
83 210104920
173 907256700
63 102276698
76 824565200
13 227996709
37 726074686
34 967011635
198 434430397
190 860775898
39 733544671
176 735234017
21 133277757
87 274015876
52 11889129
16 424478007
80 444825933
79 203087697
137 738881211
76 917526498
67 25421204
8 47763502
112 766874651
62 160730754
180 632101065
70 412712564
120 658525431
94 36956992
12 692458538
183 704138248
57 662822253
113 834443826
9 642193828
61 238475213
2 843518960
40 249120945
171 568758635
183 754800608
152 248938530
136 970984239
87 896201571
43 106804107
18 937919090
190 185455767
147 987796262
27 943118192
54 338671116
69 513654142
62 339800713
149 457323003
173 202708758
173 7851613
197 876525506
152 118948924
78 401607711
157 639960656
185 929799972
44 836837655
170 809425514
136 688486880
159 327267562
155 285833147
187 712225802
110 47902568
150 908596651
150 140837305
76 349026973
174 195892903
4 700040022
86 448308146
146 579479934
107 114850897
16 390400103
197 428540578
90 868068083
18 763988279
122 889141898
126 955742950
45 277545799
102 604831091
63 147629031
153 317277283
111 313167561
21 130901532
16 606823759
6 862637035
53 293928726
130 327257837
44 34401601
25 177859647
16 386927996
12 443818560
127 902497349
126 129223330
32 454966786
21 553434095
10 828722784
38 50259258
91 115958635
29 208218841
100 68490425
14 1882193
169 359249240
175 697426734
98 704045990
95 937247809
80 552994442
50 796665435
191 816853658
42 852368332
128 679851308
87 720542219
27 359980365
91 682804191
168 755310863
129 288105067
34 544609189
126 479187134
159 964609973
101 713329505
98 112715087
190 735129815
91 121939477
9 989157283
79 51728930
34 87049589
167 108140063
70 20411581
160 385885346
181 217870302
31 279322763
44 341311482
185 869479967
101 388503895
35 862455257
70 805294985
8 531580584
86 52539701
148 450106059
147 507901160
59 688231278
184 100709557
124 602138008
166 578481017
181 354486359
171 403058502
113 286382843
65 482182120
112 561188857
48 38606769
145 434050107
54 206253718
95 829562760
133 789362531
173 744802122
135 766787639
116 921263775
181 134123297
59 489914613
148 496624928
169 748369520
153 169024967
54 17945592
10 900889228
184 431167576
5 10645119
127 37551291
147 417536607
101 137510839
51 176141613
134 619611287
144 761700744
77 785614295
70 58905252
92 619414404
180 185524996
32 174225866
34 105979791
24 765089491
112 912816320
38 239775024
10 669199256
191 18719601
47 220760970
136 401685548
147 868854893
49 190839609
175 323727230
18 769613800
145 900677070
179 17158384
180 275119834
139 856397715
108 730343581
5 687927815
96 889180408
91 374410315
95 948953040
90 583595544
162 803481822
65 132887367
170 390445145
108 677612568
78 940315844
83 816099962
183 239737248
167 393386687
84 974658791
99 944945093
181 13058269
166 390532651
140 121281352
186 121861952
77 709255158
80 228861474
190 680428980
14 22262515
123 932186636
131 361557709
39 545939642
73 16029058
76 17365443
60 528426311
62 904953468
24 394404624
194 146578620
110 583306516
103 344038029
177 151031349
53 188396990
50 826310574
18 928222135
14 180865622
154 882184014
62 269540648
140 942529089
48 813535630
23 60435534
152 38824796
6 840400758
116 539650302
145 727048667
177 169685198
134 162228901
39 145121272
62 40026634
30 314402156
115 984277281
169 173164335
56 538783872
195 832452033
106 267608714
15 392954481
89 438290401
62 780424654
114 8486544
34 320890685
126 603410530
193 225777565
48 177663729
29 260558511
124 175246004
5 541103503
73 231334278
69 366127318
77 874261780
70 621669460
31 792288237
100 338330815
182 295070521
131 718331119
119 668620787
183 653579637
5 606675305
102 893492269
66 104901464
186 575501044
141 752982624
89 446592281
156 730156706
148 72419109
68 783519281
109 859384206
70 800884811
114 636434789
134 840509272
24 109742597
137 406003933
96 759356683
188 769034846
107 141261872
72 951310407
150 110381613
77 894526221
104 64979574
27 671108064
135 698932837
173 196366192
122 636451941
26 988794707
73 686891313
137 417257160
72 15249972
88 564358035
169 510800502
197 905893660
46 408019403
38 163598121
176 104113646
110 86938695
97 331875747
142 873099270
179 37809204
193 599889632
73 282555941
129 289997869
34 726120514
66 486427620
121 571774672
95 293637573
45 595675716
112 171314401
88 610916228
12 869708655
194 640968588
142 690493569
4 80841055
181 970186543
17 668178218
167 719467045
20 178045576
120 670425081
26 713210248
6 507122638
171 285099437
150 252338408
130 161625445
49 191282736
102 287925552
144 905866587
16 242398917
93 821007572
97 599508581
178 700732388
78 883805337
77 367613065
176 141343164
137 38032479
72 960522298
109 572559714
192 248510027
49 593032597
116 908800522
91 477817894
26 401005499
20 289658405
131 673650054
80 519520773
186 216593847
170 659764463
42 461729535
132 588996185
174 520311909
85 426640018
136 299001111
132 632700344
20 290672988
41 872612276
24 410854036
89 880856888
19 940464506
98 304354095
140 655095582
69 827955028
175 61720321
68 471559857
13 109509196
99 989935003
94 826037530
19 939586522
160 410576199
149 726681292
160 167111491
144 915101893
161 628426405
144 639018822
182 470506816
11 316378611
13 549222813
11 363146305
19 268460476
89 818048648
40 175350561
70 728476306
24 54339698
73 72119058
177 454266640
56 201823794
56 997414554
61 470120956
139 855446020
23 663719081
77 218554054
190 157439719
83 230746859
98 480402711
95 611547206
37 649685895
192 535138118
192 672741820
1 669991380
37 589127942
168 317113280
14 656422560
116 938549784
134 271551574
4 179640033
114 395345612
58 655500694
136 254131377
179 270914453
54 369200502
63 437307290
129 512078676
65 889949339
107 888910692
126 15789884
91 575368149
179 104677375
18 577023065
56 386230685
37 804920135
9 559345733
188 716405194
4 462559959
71 540702037
152 148653532
172 214039382
86 137816017
89 93004829
25 687348021
126 753034806
150 624793612
48 26454689
77 105862635
58 832343188
33 91733262
120 970457080
119 911568995
127 106398129
73 508332811
79 262174066
196 962884997
38 560730415
146 151045857
64 243776449
108 310782049
79 630036394
41 967414059
197 932149799
151 433421804
15 868769161
91 319990117
132 309915083
130 758023199
193 883568073
85 966549149
186 737441975
1 598179082
27 859273730
177 325311244
91 41374169
141 256062891
176 198984632
146 207735041
122 667290425
119 482986473
117 171436499
5 829989753
37 511324373
176 726852996
89 455013715
140 29877523
73 345658740
28 535595596
50 921324421
39 301875107
97 27736585
157 915313999
179 801135722
40 428321045
71 293946150
142 825011316
68 797788792
20 993180295
175 329461698
113 969104996
99 930269985
178 853944748
49 641255372
53 889756381
23 626557758
34 439666560
156 616321748
148 520146801
128 939056870
30 561515728
20 25726001
189 514152156
62 268693601
82 933641277
114 754484904
104 764343263
23 981435115
79 652229921
59 145930445
42 759517222
8 167455947
155 906130328
13 404269168
88 155717065
159 947315913
166 794014215
24 975923068
138 857649675
45 103197014
117 135896817
180 577529401
43 517720173
43 866050481
150 958520604
179 750812317
150 700001201
18 929572742
66 337000556
157 413788106
10 180612747
43 19317968
46 462698152
83 449958432
174 373703092
107 440094941
103 856463526
112 211244196
72 702268085
9 563549614
118 138626579
126 118700213
97 221870514
27 667409703
116 941745102
130 327505920
146 237752937
186 201515446
123 995413404
44 819028275
182 72133628
93 365543491
134 914722541
86 322321331
186 562291136
44 667731620
81 969471868
25 987616227
40 379130276
129 819091988
107 160112842
8 220591031
196 968949515
184 514900772
21 737099870
151 708616377
136 556886720
178 440331324
96 914888262
62 841282797
172 484426778
22 940796097
195 953957601
11 798709225
132 553828212
111 223587839
178 305191019
98 58275001
62 716639299
135 184401626
136 452471988
196 321845056
15 515927464
133 663652309
23 780399453
119 953476780
140 829814710
196 139223610
76 23087508
47 285988534
5 985523077
91 447624679
62 339994059
165 320930622
21 209914851
15 74532357
190 771980778
152 370602157
22 392478981
58 703053563
94 391068641
171 49210307
71 745826513
135 415032237
113 597238241
75 911363200
4 452742525
99 152518377
22 716020219
162 57275047
115 518147504
116 415978543
161 528572113
12 484696883
183 714966506
106 939131390
62 67975342
131 963143540
163 133225253
146 795157624
111 705695365
14 789675465
138 741132248
168 660986389
143 750415852
53 509068742
105 497749711
111 278658508
188 276773949
116 745029357
35 565341023
150 486295866
71 430955323
91 225593965
48 474425317
179 196704053
154 352780740
137 250523014
89 954063107
156 478033601
36 57191853
7 738201039
37 938294597
135 766583761
87 446690317
9 847277444
115 707540698
42 962960265
107 776113569
179 383277717
4 761811121
46 958613607
12 380953543
51 373229967
143 540161569
133 320410615
111 193294845
80 406313847
91 778310992
137 101719704
116 97445426
149 921055852
62 278657273
144 202982600
37 994388433
117 932642527
94 185256553
81 915595479
95 780402553
157 30678147
149 336527929
139 508185382
191 417451716
196 572398888
194 466876257
64 90176686
106 71913414
99 439802127
39 771749964
20 829730107
61 685546759
34 250188801
10 115674578
5 195255930
160 465757278
188 530066345
153 896681338
89 700167929
30 369914837
12 446872890
132 90582451
140 592986870
3 532457554
59 982470268
151 277721650
131 136193673
107 905915659
10 197910525
65 700454384
71 981193460
127 826333027
34 383846114
56 818537078
118 107998321
112 75731406
177 103914231
176 733590694
18 777759648
37 828897322
86 346718601
160 459218998
17 809466898
187 37297413
3 899299827
125 330801896
42 5076729
154 265712679
71 654277413
64 426971601
50 344520865
79 592416667
111 167050082
152 740648739
148 523992431
41 973599324
43 210486842
81 855422904
97 714522621
172 727283975
101 428364483
185 162481896
115 619968895
123 172648507
82 999695222
27 740383093
96 707320633
113 741044994
6 442938238
177 163483505
3 586279779
22 742014496
14 364175664
116 741319419
37 31704674
103 785256163
139 684286960
42 372233503
123 31498968
96 801500628
148 887628878
20 401764222
124 145595807
183 38046172
25 286640923
24 170284371
107 981655117
110 958344450
165 458815171
50 642987866
54 29933227
61 540653315
91 351256662
16 166162845
51 18024344
181 377083366
28 545740142
163 75682076
121 378362395
82 988313779
117 512258313
24 615383065
92 938583734
194 199387567
182 384563409
158 168378858
2 573091351
90 874788314
35 915230102
5 288319408
79 342279752
20 213396972
164 829894124
49 197101401
153 466681563
85 397606315
97 536919035
167 586172943
169 646329227
106 980647205
139 574702128
59 927025817
67 860301216
191 21169892
125 885583144
37 81074638
76 636405939
28 284025755
77 54628554
76 224384459
59 540318350
191 249368078
150 14680673
19 81314127
56 254597626
174 956294803
84 365046312
30 824713991
105 373143090
175 495666378
62 711553575
105 286817146
189 988947178
19 21067451
84 957624953
54 521296913
6 645584068
173 20503952
45 947917884
180 790096664
59 133189593
123 650351467
129 400374504
160 624532617
165 974952064
163 556633925
160 490513834
183 655070611
170 22300597
92 997153103
84 103952895
95 732385192
193 487745500
173 180033440
115 103809824
40 128047910
190 64572215
159 690943020
193 188421913
39 690030083
119 309445311
172 643168685
72 185413970
175 314343851
118 181175764
92 865411988
194 782872139
82 204639883
38 826954546
165 516241464
88 814181437
120 405709468
94 301804825
44 40290965
100 186810947
99 273475298
180 804980635
72 532404172
139 168063660
193 915956124
26 283040138
175 590296776
103 951641112
127 153477971
11 787708262
50 71555491
137 969550716
117 410713522
163 241686525
111 962842531
132 870263456
157 459549536
194 445160857
90 147129326
46 140110005
44 318556756
170 103559592
87 485226078
153 410074476
158 867281596
121 633924850
89 411912534
55 683031794
33 329615665
46 349732851
106 129467232
38 454949520
76 659946130
181 119718303
29 897149255
166 778350768
72 260696671
123 689226502
107 656182359
157 519759742
35 472924362
134 727247626
176 221073565
158 534933958
108 14398938
165 30858082
148 276709016
39 599081672
95 465776046
91 254459366
122 958843665
55 65237641
139 78789089
51 934823153
17 9917912
180 959650849
97 390464734
28 640594173
88 834354650
35 98667761
123 533282849
188 606990016
37 518325131
184 367442985
30 643851230
89 457768127
2 630479566
193 522635612
75 110445585
80 434991413
93 394237498
3 598789584
127 651138896
164 865704753
157 794061214
125 280004062
119 13359979
18 711646665
38 847679716
85 169915265
4 948178336
51 821675087
92 225334351
30 908356238
97 161332505
57 977312596
148 904683448
28 673093303
18 745250925
198 741376009
7 605121746
83 182437401
26 236503923
33 419215944
198 25346130
35 322924942
86 943488855
86 146216195
170 473634283
104 744803967
32 485008842
30 146474753
176 552209048
104 38696287
33 809033062
153 271690504
91 27120908
102 997962550
9 953536627
20 28239142
135 36750606
84 324578736
123 649924392
35 750942607
23 161936856
188 107070025
80 745014600
50 787611238
12 278405627
76 166719895
6 236851545
160 444829024
105 154584615
6 661224859
73 571453009
110 648692912
23 117228237
81 506741612
100 607837047
195 476620385
158 12840356
86 516571834
193 711530990
139 103540229
100 265550271
79 777188894
27 226355543
3 804515080
92 339772043
141 363887667
127 343701982
98 49763520
29 908582420
135 315455283
156 740921932
127 170434832
4 994735449
166 310265347
182 207323546
142 680600038
89 169656828
167 568859019
163 769092016
80 712538913
121 983778844
17 800674745
82 163218697
79 648345575
53 318880794
182 323543913
62 775402298
99 825668930
97 168430512
148 125748627
121 397681019
182 767032075
186 696072391
73 988225579
148 644842976
53 945479067
121 896927655
96 580521551
108 357477135
58 165844493
84 138481264
113 249236524
88 493475909
26 730265972
183 784621297
32 514101038
153 111967412
13 875426573
23 325711608
32 883604356
121 150959365
121 510601515
167 476311601
33 893609455
166 326425648
77 700090838
169 128459705
62 222080543
15 328004134
64 750565115
93 702843490
56 248152340
182 248501730
105 359698277
70 211570672
14 736579740
2 270179842
28 788137197
65 719640409
88 49173314
34 471934012
43 489102488
149 931800427
101 818841666
10 942283958
53 548208542
65 753257885
125 316718982
60 84348962
68 65925514
72 922439957
185 571651641
80 63105863
75 438901080
68 471009673
187 804974962
97 490346669
178 333682193
139 645908494
55 234682983
12 246584258
24 21258199
151 300676803
3 125517158
142 818626866
130 707626795
13 461972762
173 302085111
96 58793618
176 622753517
115 576588917
40 423314966
68 677986666
47 337831823
125 281536754
26 870187377
159 487667315
97 510859653
95 941803110
14 816443810
73 892358873
155 904051587
67 785300497
54 406676302
96 657113524
53 634226219
45 958158772
132 494283448
46 861825035
70 400568072
121 894303978
181 710645369
160 880883511
90 795557892
26 991723600
71 262131225
141 475963702
44 292465844
185 376895912
137 72796477
162 119006373
117 600912393
65 22234073
128 564737234
14 96181553
155 403343808
94 620114087
70 405382571
5 602679308
43 548836249
182 891201217
54 674528513
180 258344381
169 427461248
141 37148517
49 952500545
151 146360767
101 268637116
90 101191846
181 25607951
93 519817473
99 622203246
125 460722080
46 692105963
11 215628252
117 697308944
83 208072312
194 897628202
94 531994640
22 916430661
82 116090484
191 905519590
147 395122902
150 761247626
5 916068697
162 118234991
64 217377182
5 860216870
124 728264281
191 261498959
4 442711243
189 891308983
163 250477156
69 199186224
153 394673371
31 584421878
12 905833235
78 795019789
21 792141090
168 396811615
35 685863284
168 390594550
184 41763367
61 893891710
149 790812988
150 851575099
18 254332414
130 954474194
102 926531712
192 583217370
91 867006995
10 351986829
164 634780834
24 496905023
120 781748186
100 138886627
59 557213777
53 238304749
25 857308225
78 745778908
79 574113747
191 524400369
24 900369196
193 255011214
168 20864814
121 555415297
179 417564946
68 497824294
89 911985376
106 106795199
193 348992051
160 862256689
168 124487411
119 485131104
56 623891225
100 986044297
139 147156182
7 518203900
170 951631167
37 284225066
53 498535985
195 421415217
44 577527820
22 644609748
146 426818345
166 31661240
55 96235817
38 75922485
177 700993853
125 414455964
37 991174760
12 851077127
6 342149919
50 8315927
188 968252041
101 105643860
175 582434567
120 126069319
71 122329235
69 385788389
168 792026007
92 130727115
70 356432622
155 340980251
125 45007679
48 540105063
62 839544947
166 22762992
98 998695147
88 653501364
22 679265475
31 444763354
176 522107002
74 142254246
92 839848861
35 165461283
79 728074605
194 584301059
1 370002818
145 726724414
171 624654683
99 581473491
94 782761506
83 884877465
186 499424818
90 391850836
99 351347979
15 787079593
190 494864431
31 646098871
191 312701157
153 679845861
120 525697023
40 311056982
72 400530418
121 539334905
195 161121384
135 168125111
39 885219681
11 876304697
26 652849357
9 214307754
180 143597721
160 450998610
52 761393660
89 601742318
17 891573492
67 227049608
96 262913264
109 61713962
162 454459632
193 864815090
156 855923119
160 71683366
159 139967221
74 934803410
98 286129884
88 238315635
161 871119190
111 535880231
130 575920026
153 813860845
161 491220332
25 76316818
161 901343245
129 27990753
11 632354909
68 821726870
112 760624185
59 11983656
67 426852556
166 186580456
59 352269612
193 112717216
97 973176860
160 466745242
188 219762871
129 531598699
43 535771977
183 63558570
66 49421502
106 316454500
135 673618076
184 530668383
61 128791449
38 887537251
22 355499380
14 607457613
18 969066663
193 859833476
36 892097875
116 731628158
72 589334994
21 717641856
160 792535938
144 740973069
57 197203598
92 832503767
74 15837690
79 163521566
192 217153564
113 164906718
155 691458542
33 435666067
35 776333370
13 737386830
174 974542037
39 352450480
140 77410456
53 384170217
165 266718025
193 191123436
108 874007457
96 43680661
79 132466412
30 691799777
29 304577243
68 547072743
28 732485366
165 689156554
66 110339101
164 981372061
141 59448112
150 847847489
7 826810946
53 685639646
183 507858256
128 992534402
109 295353715
3 9524209
128 955062538
14 199856719
97 670438919
153 34970575
48 583965414
15 494393779
50 443509229
123 316895276
173 806899063
179 790499011
165 325089011
60 362803895
37 818338520
191 339340216
156 677952662
58 996466474
190 31200562
60 665608061
126 252774945
94 195923192
85 296218348
55 514551395
88 188136410
44 71244762
109 390023717
132 65640353
148 147133679
95 258882250
191 948108
62 277136956
18 671905656
86 439155550
145 305306791
39 429529749
44 300391643
87 656092794
188 679165369
193 695528487
81 522905161
115 612097831
172 269985552
135 156788818
21 872873404
147 464618455
102 601916622
96 384363671
114 902962986
19 109913913
96 678663264
123 248701748
73 870625684
140 289118824
73 744589791
184 976391152
57 928991327
46 661469230
12 816465250
65 663006136
53 983292129
57 563495970
198 689452336
124 583968643
21 771056966
135 17770928
108 454122538
80 514527831
73 128358482
13 413019525
151 963811250
64 181177803
48 589480684
79 424737723
76 66287103
140 118306581
192 653559399
192 392816110
195 682920475
14 501182691
174 953149486
57 130445654
38 718558295
66 776801318
17 198567009
184 418069766
147 979127808
139 207376942
146 600567643
60 197225824
158 770673298
63 499253322
101 56583694
189 336995142
36 35604568
136 6934447
43 673723017
16 720643295
54 545449195
107 716441131
18 210752644
41 338078548
96 260264523
138 371928599
3 277789678
137 668754563
167 293340411
66 361195414
33 92607265
166 469856499
13 72055481
77 171008166
112 455720486
59 495370239
18 200782724
61 470671949
98 189221508
144 267190507
120 525570640
152 988448024
17 301770032
71 271474470
68 439409817
186 346624496
89 942761909
180 996413314
28 834305826
116 187983408
191 515627620
182 129358513
16 360648034
184 462534150
38 923647482
180 115101423
131 10428302
175 586743030
19 399818490
5 425046808
181 788537751
140 361906091
112 859086927
190 132840628
94 175510611
3 513981697
31 101784392
75 402554842
40 439446605
46 580724938
104 506033036
131 987468578
140 942910019
191 869298925
122 314019219
139 622466997
20 466801853
6 332440308
21 435548438
108 644064734
120 317981178
86 973923184
89 262401057
22 488868673
167 158579230
119 990520130
25 563053809
173 654181606
166 88683353
178 3194679
184 788834333
32 558507913
81 708851602
27 220564956
18 310843614
163 637293178
51 689676126
140 809539175
110 630015373
82 934375014
17 822866673
39 235494916
141 522564525
10 726258656
130 87807430
31 637317757
102 268895889
127 613680351
52 621863126
175 819144461
61 656704293
112 945146791
169 343158413
139 679752869
108 628723029
38 837886067
88 693136772
192 283467075
70 793247243
42 835137014
138 577551933
75 148420845
139 245710525
141 122395825
101 355970220
157 805600302
25 306348427
153 906708337
190 827490391
159 973658536
163 618857584
160 542260823
23 876511030
25 315179461
196 363307950
84 885098782
97 254411907
180 4872007
75 900468227
137 308805410
120 967504292
92 252965227
120 96271697
118 141300775
120 135838644
11 985598273
130 848116661
161 356184131
76 508718030
20 762365213
171 542877592
13 404217627
41 20046262
180 473282935
115 885395625
104 996489913
189 364776602
192 811927165
141 309421424
100 191756018
96 120432354
72 583282178
58 289657012
1 974233993
186 966719863
89 575114484
125 70669064
141 740711495
75 632759987
37 263774028
189 685941932
87 298990250
117 832339185
191 680154396
129 370134954
59 729730974
130 364788471
141 381146877
50 741309452
66 460969305
35 858291221
143 40033857
6 933565448
198 485954742
184 304332519
13 599667391
184 151238452
4 263868917
181 182084531
156 374239873
150 956791432
115 807706212
22 158060392
4 634452403
45 859532763
104 582559796
135 186846429
149 861504384
22 336021384
68 797569416
84 749942312
193 159811709
47 560571503
40 746142870
160 151093918
119 153921943
93 311939644
48 249637577
159 946705389
54 29009111
14 758997061
18 251822285
104 232330601
111 687341011
148 860843020
28 278937691
26 987047528
110 312038084
20 566731981
175 665992945
54 131248148
189 340240703
141 228441013
72 620378536
172 353804375
188 798321417
186 416113192
140 229130344
154 355529106
102 289255778
83 270002912
58 324232637
12 446037397
17 436809955
74 592984340
114 186633642
182 869766818
71 474726274
71 177951070
5 239390644
143 868456781
7 476497406
186 441662403
30 741123624
86 226957131
178 791005294
18 507110947
23 7381792
178 698764143
51 502262967
70 750246687
65 395573858
71 328582129
28 203560185
165 80157529
32 970497354
118 840349405
141 407320869
112 44611138
156 496381435
124 257650812
187 877148084
129 796134244
55 545609631
28 871411044
118 283338757
48 408721631
49 598659009
120 337319027
121 719461458
39 156417680
198 505822596
193 982436909
180 172987064
157 704044444
132 495278052
129 379840681
114 259466815
108 69945069
26 458424588
181 126899314
4 938471457
14 683383636
79 87508425
42 220803309
100 581807002
17 751646781
138 944123790
189 677346547
12 908309978
124 28585860
65 760426618
75 516781279
193 241829824
144 39098246
62 425100231
63 897005209
88 597544311
188 183091490
24 229295245
115 686187899
135 51907458
165 825642277
183 379845767
21 245462375
102 497615486
155 308927978
99 989422316
129 554633177
58 984539316
171 111535188
8 249724103
175 286995668
123 438502567
58 474346104
173 821334575
161 26272448
1 607476128
113 178526539
48 253053405
30 558213770
173 17350806
67 929941250
3 996868188
80 761616179
182 910063657
91 57178507
33 845088705
116 889647963
137 995848493
183 52924281
11 816466670
89 274856740
78 484103483
192 703210875
66 564936645
4 889619832
14 392193812
23 278948561
187 228695573
33 116980929
157 804353001
123 164660622
7 199150802
130 780805029
71 38624144
37 704825180
20 162149782
84 270926765
82 596528385
48 926779382
115 189708627
29 675719853
82 542573066
88 795691932
25 4243634
154 154669030
151 62338989
106 356801869
146 190906049
150 209364125
55 400907401
173 800140761
62 856107314
66 693311827
112 959545117
159 187861362
24 996494566
130 596254574
82 36546302
132 89973341
4 918766668
107 194435249
154 600799151
52 339872471
111 229802732
50 983296700
31 925749918
143 639839410
187 391692972
56 355103812
171 815060576
171 500545085
184 310112904
12 596030324
111 725977360
78 205305009
78 931792329
106 437844851
42 11794362
67 976521586
163 570685333
14 780062750
187 945780280
53 502425944
187 959018725
172 180741244
108 598510544
69 435375385
103 241052679
57 452349113
76 327393050
170 604007106
48 120275175
62 778122196
172 759176543
3 4359630
90 944732981
62 675759071
67 885258830
67 278757550
103 754483372
23 913889824
93 833463290
13 631328454
3 313371916
140 212195130
122 775325960
143 510026988
111 329560599
10 703545188
117 282754276
18 387635921
123 688979225
194 74314594
179 49535545
137 893156286
88 95102497
60 872070366
196 828721380
181 31562875
56 300156142
2 215784286
28 989183288
24 960932781
70 712241449
29 582640791
106 709077779
52 820121464
135 179239639
83 140457252
98 233548470
113 871553456
160 654293490
129 613026759
143 238512880
37 655211444
94 315884902
176 469275634
47 46471455
56 354930701
158 54589198
191 531419695
165 407083470
124 197070580
198 885693747
153 411242862
62 582884690
148 373144693
192 801282083
58 610930122
82 223736361
40 510286283
117 218223912
187 143781903
128 973733288
69 54496439
126 430387101
112 826625434
102 838525657
98 908188993
