400 1000000000 2000
192 555836412
173 127234722
357 348712832
243 814143093
252 701915440
191 977637309
176 519209336
193 244313449
73 440956607
310 78563367
151 705538797
79 203393852
380 584008505
389 607650203
352 157900519
272 837357327
290 846656686
203 927920383
189 499990296
14 514315714
242 105678294
44 41758708
295 979389983
292 631517778
124 257700685
271 940817952
174 734644471
63 144303269
64 20738704
77 241293498
162 533573799
95 661905975
81 980037454
80 405929716
4 448238631
240 86564959
390 868324252
74 792708270
303 713751242
303 827036729
291 536123980
180 777303433
224 350519847
352 733304907
102 346729295
20 249778014
369 17722988
289 25584535
248 294483574
26 192887685
342 29226686
113 907329980
326 119863830
306 694031447
113 157362953
234 628935583
157 944823626
23 124756702
223 944509688
2 242574066
300 389689344
192 966318660
122 275037586
293 50685866
11 843743752
367 722689129
270 249922113
233 94785129
288 144505933
126 491941583
302 696556662
32 964312052
242 826993390
11 432807271
159 219580956
137 255350127
1 29559000
111 349943575
31 382117197
215 952765150
209 616660025
36 251237706
74 465603479
199 60341171
181 8204616
300 891920001
44 45504080
73 900384268
239 371698169
237 810052389
104 209980315
144 81665282
175 609533242
69 25915488
165 37127018
25 808960164
309 93863803
221 61168213
262 47643115
86 595572166
161 96654665
323 580552425
40 640055463
11 185139027
17 830157064
374 960089549
189 902773153
116 846874309
23 686254404
4 432458664
148 793378619
392 188787349
383 24727157
280 996363121
203 404342921
136 346551308
104 837100060
366 620984870
219 964929211
83 605814951
266 967045587
211 682279687
256 944864838
14 295899804
377 741033449
242 232537225
126 212865938
286 96314671
369 129778215
383 632694923
51 61805085
118 764822011
376 262389815
217 277389277
172 439087080
237 173495183
65 462566181
43 762342362
288 567383807
69 263787283
185 471995120
111 453333279
323 836507826
328 359047844
75 39917514
19 67402263
364 395828932
221 71567930
38 585837476
77 343273289
38 720759338
299 627802180
342 380399482
295 739407315
364 9569434
267 462627593
159 222177692
366 521782257
363 6364564
70 156240035
259 709753630
367 813931936
177 724246438
130 279593198
145 292327124
7 467334302
177 206089752
321 937539105
366 176122399
248 408616349
181 836819777
173 452704488
188 205245751
72 560613093
283 749112589
68 436014502
297 519496486
158 643103764
297 614613305
344 852674398
236 69736548
181 927687600
70 332982002
229 816478036
4 186657441
25 737926440
283 418744177
259 960066688
346 517095051
287 903728936
177 264119291
108 72230107
334 488890718
212 799682401
375 781332775
248 250546115
118 789647513
234 270554894
197 662866355
16 669584889
168 750859880
367 611063927
141 409904291
259 707515226
139 300250328
366 256196290
233 952103447
257 109978823
62 589831612
274 663772290
394 528821118
129 417883888
29 882571587
359 366157841
129 139494439
23 345130103
67 27422827
43 930170962
151 825834445
302 619025343
95 690468902
288 367678224
183 786273037
31 491376536
350 757933113
114 784221341
75 436471357
140 33227239
203 867424619
196 253408618
52 480346210
243 492986871
190 942879723
318 3404917
202 739997049
235 382431250
217 644673863
59 456976530
51 457447224
43 886334766
218 233886112
320 611049655
29 540030897
236 469476307
257 592575351
192 953799750
366 592940267
95 564947516
323 437827667
293 87435287
278 384134005
178 652058474
264 605585091
363 498429087
310 807286032
66 956987765
80 603298940
29 720705851
2 713533892
384 774775556
40 74378514
243 334250327
209 604276425
309 880414774
167 681595118
138 954673820
110 228335096
322 453684899
24 265319088
201 46052307
118 123431997
289 725222471
351 911552522
63 43633295
287 564256638
210 592869153
259 261158563
345 774469776
193 713622254
76 250645009
171 439988240
293 819561892
31 877192370
167 714414046
212 829737083
249 946016487
39 194107403
118 682323951
142 240847749
110 389961821
395 271380390
16 78194987
130 242456028
77 905736761
268 481271602
140 492031988
163 123649457
328 26315012
202 469662851
128 496662998
304 789137319
131 568292696
314 937000742
280 429431990
46 57308844
331 477156662
145 651754897
213 659839654
117 489533857
55 834261923
187 738825266
151 754768406
242 61150289
184 183765367
266 464282272
228 876630163
156 364937711
220 362356180
306 239849683
66 20677710
16 909951403
264 176289870
23 530308771
323 20866685
184 742521463
133 479058156
294 410110361
334 579564537
212 114366079
365 257083333
291 676597419
385 166495987
384 520951479
124 933928170
295 730673127
386 293268761
230 679104089
269 562637808
393 310174841
30 776351023
252 314817910
243 864336153
218 858848883
40 837703345
49 928738902
7 964888072
117 101180818
355 761339011
304 636697338
144 239564111
23 501990594
215 525208406
334 102716751
212 23186663
189 272494304
132 205014950
62 991982782
114 173019230
93 415085531
209 157371216
234 180735408
71 785557650
267 948862011
24 390598609
345 727838984
361 132607979
337 376725057
392 210486914
130 999567063
360 296578937
224 421639359
314 210448590
41 875228083
301 869591696
18 544126504
18 773960377
194 800637985
227 548144616
207 504889273
14 682965819
330 185963639
361 873739276
337 985077635
137 29315967
314 678945410
23 316369427
343 39875158
380 379851308
344 616538104
387 176064917
245 974449122
38 40149241
226 911529742
328 620337704
166 789189036
132 340005099
40 359120760
352 895972293
224 367113437
30 206005690
17 342081765
90 270970861
382 302374984
268 12384959
136 604148095
63 328714417
123 802451720
18 672403257
293 532312339
204 507733071
264 391712236
57 354542528
309 754069671
108 315222442
78 282154334
277 596501064
217 607378121
199 926332399
357 67547423
163 495918505
284 130231241
228 637191285
297 338789269
257 185056391
22 519018701
317 459342871
337 410678794
77 918310869
314 996016676
322 633470132
10 324241709
83 187965658
216 895732321
51 23060984
216 354739731
280 398297922
25 929014729
157 689838691
216 703483970
12 844308003
158 257801337
282 434179321
277 565731549
98 923568961
287 214278903
204 783092963
339 741104499
22 647908140
54 211127003
338 58356106
226 207914361
294 862526633
46 625501555
232 101946020
312 822318669
349 486864450
103 779681327
387 487670547
129 832763222
142 66234839
375 589231880
370 914488642
320 623799704
133 389747237
50 577005951
248 433529156
205 616050315
201 418373537
42 817748
3 707161161
172 965683198
260 598286391
192 523839804
22 673829155
371 999223702
65 332095715
253 712008398
358 813488095
268 457092797
387 946972083
216 451259075
298 742997975
14 977471061
132 496537976
11 565241562
299 57550670
240 643030782
323 486386553
346 413739406
154 674616652
369 630805375
72 545007640
267 156765087
38 321353939
357 69318222
15 255443586
98 343659557
185 448423661
293 521698633
228 189866076
308 991431777
142 405513380
237 931304531
337 179378232
377 872986322
109 779311550
85 287787424
310 723824396
122 907840184
204 861236045
357 906911609
19 590021619
234 448566022
21 493644186
182 872963252
221 617293766
131 643785749
392 899520205
40 771949580
350 102839122
332 938378282
3 954930479
185 703887018
182 582046934
230 283635959
327 543047267
299 336018601
113 388379241
177 311279111
287 88386214
276 287967134
266 769653645
339 500255395
344 489451102
131 792008543
199 24988279
187 599103579
340 193174370
140 255298991
308 475559422
369 126756898
381 28502643
332 885507252
298 12372732
145 668115434
24 477068124
340 550085201
253 102097933
372 292271947
356 628108767
175 758035370
362 780166635
34 518639143
69 471587616
9 311469447
193 786025038
99 392491118
352 191641033
127 24797583
389 153506229
88 336832136
241 940458415
238 889278234
10 90889032
217 205106363
17 549464376
2 299624404
305 655478405
49 78987069
261 872567450
87 857448778
285 28817854
178 280573383
137 768224635
198 768270965
212 49054960
3 475198625
67 618591
388 426592421
105 445086084
348 366457801
51 562962846
267 512380598
243 495638047
321 227532917
377 846193800
108 497693281
55 203873014
296 37598185
41 185862710
190 75624634
241 260988323
22 174977086
72 452567538
41 615418386
199 348084054
328 139699791
272 853670232
189 573543074
35 662241614
301 103947995
281 284985286
127 185156937
253 664975014
384 372979800
372 607332779
161 522557576
341 315947232
178 265285502
112 390118656
290 567615259
31 801059824
319 160070729
297 495979182
367 790934033
170 59950115
234 37832680
360 87598812
137 485876819
141 761354567
321 170677534
228 736608577
254 82606914
106 807232557
277 313717981
220 203367766
360 297554509
198 391141491
124 944369530
206 143911435
191 484108277
10 658692413
137 830430259
30 108788868
30 299107014
159 11586909
279 153264153
142 203171021
200 959868601
265 46554102
118 368099761
150 391634488
386 422999158
52 193245382
285 408821879
210 887226954
99 977349728
135 493092503
359 455216804
34 515441882
167 430811578
213 457497105
378 264359631
278 644775561
26 932461423
83 834553401
138 289085204
201 920290048
352 417665983
59 248942994
366 225695439
259 415399393
82 858483245
176 248911258
283 512355863
67 399690337
388 164476148
378 111289217
91 921759827
298 589478603
89 718798218
93 193480634
331 484174015
373 100081599
52 56607764
264 539561563
7 997673974
83 675939584
375 663138425
46 322458980
163 536318202
397 153668468
162 34808775
271 367239959
237 651291048
172 683532159
45 448706045
144 792275907
285 911544439
328 393366471
109 659481196
6 131229895
203 961693092
163 914797161
94 914641191
197 147226852
359 857399125
164 815547301
205 438029362
197 246045002
213 559421577
361 966244207
384 100504768
137 108564225
253 182371207
256 184737359
282 637438559
87 834841378
339 417137413
286 546997555
28 281525203
374 686119242
1 359077843
317 285001306
287 500083156
390 462004606
375 450658625
72 919021122
71 807963653
213 911581769
152 899583228
143 885156468
5 182024128
14 472972608
60 783654870
360 865195589
169 587649394
37 521378887
85 998758258
53 131310701
172 748745777
188 78541580
386 189504155
255 740110785
90 669568551
201 287943911
30 514856785
371 757136882
294 152767894
389 514127315
16 859497350
339 741325405
184 827051804
374 970709024
238 365323951
169 622647950
308 768769896
110 932095232
364 276354694
367 162284439
95 565280952
364 56850670
70 794140053
113 516542232
364 483206013
159 600213997
17 225607347
95 269004854
358 481947134
60 960573411
9 225454587
275 202673846
6 763030947
12 274916149
25 802748038
204 247344127
85 288067119
192 673770387
276 407547809
282 171096516
47 599928306
375 27952473
381 868457285
234 647825283
347 463988236
205 748980587
373 238119148
33 77300582
395 467615336
334 188312128
296 723805067
60 202546909
33 524909211
21 188114251
254 168252971
379 713216942
307 888998816
231 223300446
248 714941002
107 681573306
187 808084645
335 644527259
39 708528319
22 582356269
50 289627944
33 508492043
273 190258223
1 304802002
68 70235090
284 847180339
110 766832912
139 981527693
11 664965095
72 450211094
84 270472732
36 844882445
313 532689197
108 718697497
95 65018717
192 352538358
380 507526056
395 499134113
369 754972338
326 140361011
85 706134078
38 907967213
87 925865877
92 600402804
134 94297017
380 607378691
316 866560324
243 507194484
40 731070034
389 523263721
55 994291538
221 629815181
247 568278569
239 678524839
299 567561429
277 875306490
290 711953868
119 575988029
320 322244075
86 87874970
54 699669467
270 193090161
27 507526053
269 448027047
95 720462201
103 939361568
334 445794317
383 214908997
71 76686572
218 743228510
362 801001553
244 102179683
201 478279692
74 960378610
273 946482889
11 564731381
269 258796614
334 235068069
45 388987787
50 507094586
277 616997077
215 464910102
141 800501461
306 766536925
47 123863886
106 738202561
54 441751282
259 420609090
19 80866076
67 423777810
90 484581010
97 392462087
292 826483695
309 815337681
9 846600438
229 61322878
272 380574847
216 719767846
330 423244074
345 967781699
114 656371298
383 145740767
259 805122267
15 3269566
395 830676832
256 441531522
351 674906216
139 303852632
96 178252093
311 591023653
22 257565481
203 323012955
262 942068707
83 936120634
229 497126027
350 572120944
1 915991762
192 5563239
375 777480582
141 928780790
185 209541877
180 32001696
302 344210933
286 709664032
102 821625391
204 554509171
313 469815239
123 248480838
351 377567937
395 205068646
195 697238952
260 211961503
63 695727582
38 167116393
163 302052029
136 369803707
4 337809062
336 441889880
75 461797115
239 482002844
32 680962386
367 213731019
321 971356298
131 674631790
281 545473884
64 287576953
169 882940558
381 532090103
227 197817290
134 870591087
292 145886739
276 786577339
100 557488211
297 520311160
324 215832183
10 556423239
283 102732115
27 190422392
316 186680290
311 777322351
210 861342593
260 436135731
185 351381484
297 403597971
24 135373367
310 226402300
192 158000665
91 563674479
10 257082935
288 714517267
83 160481648
127 983251427
185 183323186
38 104728140
122 638053188
253 825159233
334 520356762
50 103907057
120 984123073
386 536274068
2 624702605
79 21740177
125 395244128
111 241534779
344 380874872
342 841703484
48 94331520
125 62794490
20 654640352
184 531110843
9 589953296
144 373546170
302 328793849
53 575344500
16 476042846
388 469139421
393 638493880
210 814891986
385 175467045
84 421757775
353 18132950
78 626897963
21 924221377
244 306482369
46 545181877
76 697529993
107 785010242
311 933333033
157 979694822
61 481419233
55 863540776
216 585322879
268 704880212
238 236881125
292 647696662
390 151475738
120 600065612
46 680579681
343 471116450
64 862390869
216 986580290
183 374224113
194 852522124
108 402968911
267 66385110
347 488059447
324 101488966
324 530093973
368 855931387
148 805222579
295 514323404
104 25853947
165 318695478
389 852977566
72 731632782
23 585358446
269 295570712
216 956186651
55 364754781
307 853786778
161 104450650
11 990662082
392 518214477
172 937324648
38 210449990
179 979785889
152 492765715
168 892576994
141 895534304
269 907881183
129 266280199
182 724962157
309 227343806
255 636362643
285 431351331
123 409155222
221 988221750
105 606346110
192 309314648
69 815580732
366 287139664
393 637192168
360 331226576
239 146170382
336 899117488
165 555590788
162 512315210
294 907968724
108 596263522
223 882742492
216 607282756
216 233203232
271 168999099
314 406868679
363 625721045
163 893561203
331 995988806
272 301987958
156 743262549
149 271532203
44 780512294
176 284387546
18 224539133
318 879276992
304 244482889
21 709796169
311 700716834
244 686055857
104 557835111
46 84501330
236 33615635
219 198164429
319 730064607
338 62491562
204 148945091
89 647628325
57 654108292
229 390662252
322 792594615
196 259072308
110 132608214
14 615428924
177 220992081
56 809837237
241 820119917
100 205257372
305 973784699
210 72531923
152 238159821
159 421304478
392 438136968
180 665969121
284 677606419
39 954414532
34 735513967
325 524913097
237 869219871
371 625041958
271 828923729
37 571932175
97 73517312
57 223643167
225 198839109
156 97382230
34 934198595
344 697572564
167 23573230
150 847910333
64 131180149
362 239921083
335 837692367
326 608190159
1 266629489
186 502048533
390 383258167
280 602455225
97 449307066
20 588771027
382 18913563
55 231999336
153 395864122
319 436543713
79 679983027
394 696371372
102 457170365
360 281337502
360 191330536
199 615764423
8 191824898
7 603098303
327 523195471
200 779912989
89 643136434
37 252225332
177 96010352
248 529405452
153 627002134
295 224434194
337 549237979
52 899127024
95 458610058
314 613900187
215 127766877
31 702449705
292 588746427
335 55265656
230 775686662
93 770576501
357 66671142
210 121529758
349 829197401
202 281115090
266 421128935
77 667788150
157 496345325
90 689441778
378 867262908
170 152500956
224 307593459
102 502288665
306 427843778
58 106561763
107 182730162
363 92155024
28 989723310
355 490996634
334 62300964
328 546338213
212 761177709
213 650556022
92 171370261
244 889610722
177 269034013
22 310798992
140 330081004
324 468987695
246 882538368
169 81308301
140 415296392
365 977222900
211 393410916
144 334944530
296 424069155
374 781748792
80 671275009
365 946237238
97 724694124
140 87066568
396 718487401
306 813020126
396 56384518
362 540245514
282 59675842
5 859020472
138 338534127
317 549790985
313 552811918
295 962084956
12 808477561
322 816633587
295 860635501
266 561440746
398 55623925
56 859496982
73 609225497
289 827405286
293 872265407
192 739120367
310 367197990
147 769582183
311 864480135
274 13406526
395 463822301
171 302162299
372 880945085
291 50823905
290 161388847
107 188832063
47 920309371
325 20745143
33 849436773
220 288898455
323 273446510
224 649847027
253 366066868
379 125803310
390 681154778
66 27993062
182 491390861
127 161149975
365 665641551
193 459880364
13 599327276
339 674833226
304 506114912
46 505595530
241 257966611
360 198248460
303 451951015
378 809358444
154 24774910
153 886088279
25 83456211
73 441627242
241 113981119
284 175250678
198 89920252
273 512670719
266 48190484
34 115211066
177 207361874
351 488763217
154 395997378
252 23711243
230 735200595
330 874449731
85 858928467
393 576962267
311 960532012
258 630377420
253 372892707
295 373087718
351 370321250
68 800318144
36 510349129
171 780289131
380 217871251
349 977392993
323 750242506
147 510361455
251 431859017
295 572860471
243 656455278
362 436575843
172 795399685
102 515092292
160 659482205
124 924060540
75 156247905
202 959349803
37 921227196
31 358181483
257 450618281
172 275250422
20 358191694
111 483693671
234 385421193
107 857255486
242 76508396
323 881142166
64 229876796
65 578928288
18 224273218
91 962981951
19 584517417
370 284549310
345 932666482
267 867705225
288 585597756
58 371891396
249 118070750
168 591379697
80 680373306
385 453715768
351 547613185
382 243147097
15 804837264
157 319190600
84 120824887
53 90619375
151 503320991
201 552549930
53 199445722
318 243667660
103 629494642
358 11155674
101 799698323
291 639924932
70 832599733
343 632154111
173 813068592
308 401431320
308 293993930
252 62824323
285 184492998
389 695566784
333 464220003
59 924445476
167 320401010
129 201436048
310 239796111
168 369344623
59 345706549
287 507386321
334 424496844
270 313570125
244 977288032
9 279674476
297 257534193
298 66231313
345 453707220
141 806326790
222 950096140
60 251708177
70 854024779
73 674151863
78 55229620
299 201094326
16 790738328
117 187918454
21 818921942
87 777617439
225 897958951
299 502103638
75 242741408
245 946364920
324 400618535
73 763050243
116 831301609
304 45414225
100 291388093
93 145399055
151 542458123
354 54294846
55 456515434
61 307077011
127 803226494
173 118765236
365 98303436
343 698784818
190 25505112
325 854157209
183 409318830
236 60704949
213 834210058
72 423447347
154 627089097
80 128832822
18 606666708
279 39423947
142 788283371
347 923836634
121 436615512
139 198828689
279 691139687
234 631922142
63 232933708
113 209079440
9 197157360
254 783677253
199 403309775
147 631225374
276 417541447
76 424295642
160 875937683
203 713991519
88 508894888
196 759440119
42 44074935
168 513578190
61 433027228
184 518481611
15 525390269
18 865038119
274 797427281
129 299464625
77 74783748
235 556705002
199 891969648
237 589175515
389 113631595
189 698360973
6 685625613
341 459482678
383 726980291
290 102959538
249 708800979
191 525314472
56 75715091
189 581116161
322 227489631
145 948927759
227 724504590
116 230375697
107 514152168
231 458556469
349 80151849
368 778944625
334 151612660
2 675274636
248 726276300
92 906673345
220 766374035
29 489367310
331 494195669
205 62494929
376 666454369
254 475082821
258 264229246
223 564267726
140 115731174
69 119099345
109 290275287
310 857441024
301 502753341
369 348380327
149 157395022
235 765662824
224 170603784
93 341263728
298 519662453
265 592442703
113 800129060
356 658120155
52 240902936
49 579984862
107 25156226
319 331245525
125 349702148
150 340393564
49 130112110
206 679931256
266 602688776
97 662129668
15 624343035
142 264143060
126 155748984
284 281775375
254 505190168
265 117492478
137 629462207
152 344727547
63 596255933
246 929520343
94 631931578
336 610330482
195 959075852
206 933793584
56 83960455
55 962108245
205 273811847
169 816559122
276 730288357
382 588950693
331 103496437
316 713991922
272 426871027
234 605944187
202 482334742
99 606866992
153 753497540
350 23541952
33 927758759
141 290127402
90 564747871
186 862698557
141 883167317
195 722664978
85 231165564
45 761702495
118 781474272
175 32379627
320 546414532
64 524600692
226 656199883
176 290253198
301 403271618
343 984426615
317 387842721
117 598145921
167 907088648
364 855160773
215 285312471
262 340173577
131 257170632
177 993112435
342 120992504
365 617876706
132 640533059
271 559032622
16 776737240
326 943385201
28 87802481
257 222628056
29 20197256
394 484152670
189 10684769
27 941397785
242 663535701
182 90198535
301 506359618
336 982727284
138 856767966
51 211244710
114 849363930
343 104431666
301 331883001
330 434289735
200 246303001
60 578811049
262 218703269
239 175537225
42 541940744
18 741333072
334 811558091
133 655125508
27 159215528
301 336873765
345 516794216
134 253189022
322 783667438
111 443585646
41 557699655
12 864725593
41 610380550
180 309273666
242 466314609
139 2238822
25 524810250
228 251854764
263 764088358
188 748205182
195 394148204
142 359401768
87 880872707
146 893934108
196 676473388
313 211092552
68 696599074
168 556450855
134 838569346
124 458659815
256 77738142
343 711278879
375 85250604
107 39468151
42 634171809
82 454847851
360 892439073
248 297189988
102 151130693
365 333127184
121 579689901
349 349861466
398 713285879
197 691470431
359 516977535
21 257677403
360 793496767
85 628891967
90 29442169
175 362488289
325 577110652
33 72101878
39 680430119
96 613917057
389 717870736
326 634127836
390 612702184
345 536089842
361 348320650
317 772204336
92 523336420
280 9535073
136 156975034
165 485808160
388 147499693
250 466383415
157 287837788
245 525851555
343 602761561
355 491662121
57 327932199
316 617629018
198 387950439
320 634708141
210 439310623
193 897643718
121 589076896
161 139320419
81 383926606
246 462777142
371 196322505
153 206735798
20 454686595
251 922603450
84 807326653
125 773742946
193 196926671
286 330836970
255 200367243
278 602845986
333 185259174
340 829773597
366 788753777
153 985434279
285 879507267
109 417397323
219 702035951
208 173712635
6 584513854
246 517774928
67 352456062
160 730978989
122 626136565
66 25774707
240 234326056
325 428336136
231 760958268
279 135136686
268 676794376
4 380314779
21 324932456
46 506040774
316 801527244
38 420433447
26 68581010
74 655302803
22 784606881
308 937060299
346 768893858
63 32505139
24 832857545
178 259015932
279 717738203
290 902049239
271 745581211
296 416495828
181 720833414
61 499580470
210 381359117
100 709365657
91 138362901
67 934326108
47 579481174
102 405649995
59 593345657
199 652874169
245 219770219
73 642498844
85 680302152
341 786750682
34 33413699
188 421816083
308 186904634
312 326341601
333 897379801
148 665061846
45 123625761
72 856564585
144 772292780
321 230749220
41 80315797
152 664570164
270 890515069
245 473765162
232 939248464
219 85787741
76 244826914
217 610898074
226 730833014
35 928911833
316 437647751
78 590451398
183 929427766
127 243305462
236 703986404
117 540193509
15 309658774
80 80728680
226 951432209
161 969759891
46 997809470
34 101472258
214 537669385
268 915855679
97 649641057
372 844101174
377 69950344
395 877421853
174 481936238
174 215613363
392 201142926
261 248853499
349 663962664
395 568896725
345 568615256
360 583465920
132 855588660
370 272561229
171 233796953
317 583059436
136 974966601
191 847214954
247 933930904
262 260220856
126 811460104
255 583778403
345 174191680
391 720202248
356 362359727
43 899041
348 240765388
339 461592429
302 201832989
364 568465407
80 149563180
133 710244950
18 144140523
154 986465447
377 65770991
33 579782359
15 424748623
334 246362929
13 760670849
92 53535786
246 247729514
73 850366012
332 321141678
175 322401147
314 952896516
157 370368351
298 524925498
61 724601061
298 420576955
351 72059467
275 238056567
13 233694605
389 160860010
351 979281611
237 129544060
205 54560995
125 194199003
139 959707038
186 585284763
162 987237122
86 122139549
157 915019777
8 845792779
244 36354988
69 525844285
272 351000137
238 760814460
319 85799452
311 886812021
212 860170634
313 318711804
341 303407557
371 614462733
278 499532232
6 218564361
328 481711949
18 174997669
111 694941880
17 996558932
86 443049833
60 963823334
149 63133972
30 309733025
235 967900155
195 653556171
40 377990900
397 306049723
67 195284441
136 394689817
124 513856389
348 361870894
140 207039151
82 734417957
148 739578938
347 829318428
354 965237741
176 477955812
289 389131246
57 67421417
230 638932648
235 104577516
96 371545608
368 771460529
396 420212613
276 489399810
171 937687199
139 257712158
30 566338452
8 48626203
207 681907395
291 914574212
246 551075333
338 680793955
234 754762684
335 697861646
40 570017414
212 921463073
278 820233028
163 907306411
226 248294539
119 319337337
295 199979510
95 486275638
241 237170859
306 178791948
105 222661189
377 952349504
186 620492554
336 909065649
241 678065523
65 989571590
69 971340595
17 712280956
358 78452866
63 788233030
129 813441870
107 205430462
186 195508995
25 317215356
89 803224295
128 545833505
345 903841084
147 424796869
87 664485783
112 291858682
175 116622106
282 534696745
314 267374370
370 823904888
235 49665691
231 175543062
353 635220927
33 950880329
324 52010919
291 113119089
274 328673695
321 273012230
348 407076525
223 967368532
240 320830993
145 256311483
251 558904984
334 162079664
322 111215804
152 355366183
242 354619843
241 264672402
332 10790907
139 104152550
172 683801474
68 437295546
280 444195027
380 204006324
50 939807807
320 743515722
348 581858099
397 789240812
340 900675614
8 514776134
31 215005694
112 310069881
340 534508729
336 550149091
348 789869039
161 523771682
145 899472447
323 443510355
305 917061395
34 480456855
75 219352599
236 372590657
217 701141412
240 414665802
325 703597851
151 803647820
351 585538003
309 790670570
21 428675375
15 148233911
44 948984306
120 885602881
289 33756784
247 618758781
241 645211063
141 793776946
88 24132632
37 21012581
94 44958855
275 722267298
158 893390987
122 249306186
283 65523649
265 346611527
180 339494980
43 831521350
136 348887769
126 455131926
79 588805363
73 927978817
127 172540193
322 605095400
198 126226930
146 332103728
341 465813048
138 915754644
261 526214220
305 260026715
96 860760411
367 353333116
154 786712238
147 986451738
275 316599393
110 524048738
46 165277238
154 810609362
234 375543181
203 889187617
333 613360310
291 608038003
174 74661944
187 161841698
114 475092869
373 5581482
62 46833301
326 248913259
230 569287652
47 378156565
79 62706719
258 147293613
142 513625972
316 183097605
273 131695204
370 689925998
279 582962105
260 173501791
11 826841359
374 702134554
82 523781008
291 283522499
365 218404953
65 912809997
309 306572471
183 907514939
356 211720933
64 514976375
137 514056694
86 693229858
32 548392130
1 386586049
379 152940943
229 536721376
79 51906210
75 925576857
209 907992325
391 900422407
356 732483990
204 421691413
10 641499823
62 305327903
362 807748975
152 134979299
116 477240087
103 160241345
345 276094395
142 148977087
262 356273009
155 792530244
289 264161004
126 859955384
44 306653398
