50 1000000000 2000
45 261227180
15 807252437
20 255150313
40 341830498
30 749905458
9 222533075
17 109442413
23 966134001
35 12972910
23 795287663
3 688873740
40 369531302
43 177159052
37 346563314
25 14466678
11 420741930
2 157644643
14 209252546
20 417326079
5 479670570
43 222560210
35 144527938
9 33769070
2 909803835
38 580709319
36 356582986
13 598296560
9 11632884
10 590551842
27 482416924
47 529381495
42 376452342
39 266578493
19 837139282
39 758640960
28 820017278
12 582987915
44 370208365
14 58143809
24 848405506
36 302248585
28 7738400
14 656249642
12 330473279
31 435269842
28 608201138
41 628315328
4 687734989
12 233821594
48 344658490
15 435421881
40 538482019
29 193098282
45 110402213
44 453524851
45 467591445
29 492422364
2 101345547
45 907784883
39 15870935
10 564678669
33 864127516
16 156862292
19 759711551
41 334872599
45 430270079
19 238617123
22 43357072
23 947512438
11 434182553
47 321728850
33 245731541
31 563136477
26 694322815
1 344116415
10 628009145
25 356364470
29 45258870
19 261497798
21 246564091
6 372208278
44 588005227
22 668122504
4 305869513
2 729306686
9 937706210
17 694708761
12 615213689
31 117338156
43 141150628
36 493766387
15 249560493
31 694771807
33 245414331
25 138495762
24 143454345
17 506632493
9 861323205
24 56587367
33 314629178
29 396768003
33 452874845
45 532778288
46 799544003
46 870324173
5 544695551
4 414765630
26 369730926
31 95622542
44 740383484
20 1010354
2 38841106
5 959173477
28 270790016
42 879158453
6 255732486
47 479038105
32 563318864
21 89888831
23 639611108
32 103537464
48 889971525
46 963827640
4 653917510
41 547491876
33 32562620
18 479596757
26 818152795
15 242374350
21 466146748
13 584176275
18 204447573
28 838302610
46 509294123
31 705448219
5 366694579
14 821313989
8 162075512
38 878212831
35 571061794
35 326679491
34 465755813
45 752595897
6 86057612
20 957493045
13 891055450
44 629109349
34 719580652
38 810933635
6 866992804
12 658902574
23 916615120
23 282472449
43 320155488
36 487762857
38 447223597
6 272633501
42 122471475
45 395700317
32 871161318
16 316188709
25 191642994
36 279448033
23 274451013
17 252088571
34 379956139
48 504813359
14 726859504
4 411939632
37 305197450
2 87032406
42 828986574
28 624606891
15 902230
48 633045087
24 832995106
35 284141160
47 144800229
27 800017053
1 704711401
35 934173884
44 481330777
13 884139722
7 802310118
4 572442907
27 184111865
24 389163933
23 401440714
48 786268945
8 266809479
24 16863847
46 687354262
8 558261038
15 577591852
11 688021373
17 202911015
33 909803154
43 367268046
30 738074872
14 353971870
1 577170836
30 956488193
19 496440528
44 297752269
8 761204047
32 897431354
5 149606713
16 36396794
17 927446160
9 328146062
44 177754460
16 971800604
46 209458948
36 441499250
24 767706239
31 136357207
46 746604190
3 21406510
34 665123778
35 880955090
6 404351427
6 119658013
39 923056362
21 186429037
7 620358239
25 195003557
3 804455494
26 905229363
46 178647120
42 39122720
8 327766439
33 496396109
21 416670582
3 846608416
11 608853996
2 610415743
46 806904555
14 138025114
21 768084825
17 231015117
45 639487515
15 276595216
39 89581749
45 695010438
40 777508017
11 737468946
36 247332079
1 472160067
37 829803623
10 394956703
8 715988895
42 348646320
4 255695771
11 505509569
40 114369027
36 713753719
3 974530947
30 254920274
13 845731076
47 179127425
40 668555983
12 690948121
17 174115113
27 427614013
8 298081697
33 599543248
37 898093118
29 129986991
44 499473549
8 995323206
34 142676393
44 870961236
47 198899497
36 144474833
45 923403921
5 575983814
24 998075862
14 630584341
37 508666738
5 658374295
13 904273627
38 151418960
14 39404465
48 498981952
38 312055940
48 141176198
6 130326793
18 393674667
41 911264534
48 755929780
19 989314085
41 946463631
14 391954539
13 418619134
40 963308955
26 323062253
35 629466454
34 42562095
28 140730290
47 580057310
10 533013697
45 63862374
33 524157348
19 653768351
41 141888291
27 301023758
28 102957785
47 718323839
47 558313780
11 518304473
19 242031493
3 758707702
44 732072752
15 660937349
21 614753264
42 647244302
6 813425463
34 15200947
44 904706199
10 461702556
23 468804214
1 483961233
20 509387395
5 35348380
36 346433428
26 961847866
36 371074016
24 213410564
15 103391136
7 192289347
38 834132565
17 363218528
14 367992218
15 565542195
48 788035708
24 267831698
27 13714323
15 789207918
19 962599583
16 625324581
1 391772600
6 642650682
37 913661367
12 603806295
16 154780876
10 69816562
44 570956075
16 462417399
8 69433739
23 489212282
23 791851055
31 272579092
28 449022170
18 834965687
37 295440745
48 622388732
25 109993557
44 802452080
47 737209913
28 627187303
1 470954517
9 798413164
34 634758644
8 206917068
1 555944514
45 398911876
22 15031191
48 7194670
13 121685480
20 352489442
10 250485130
5 587473234
17 996964446
43 69751592
2 354187451
30 680802429
15 650200783
44 108896409
8 410629081
35 457581204
13 383893791
26 404562937
28 710741055
22 185415185
23 162997347
20 356013581
16 870502574
41 196885720
22 410684419
43 677560964
16 919805523
48 85536549
37 887266193
18 275352799
40 885909159
48 759916557
10 551587103
23 361205511
17 856189207
16 886867580
27 719331240
47 584445820
5 441367041
11 944545262
21 407021275
17 914890597
11 218414824
45 960155374
16 898940970
12 736236107
20 243538967
22 529792983
29 239666694
15 680224237
32 213549695
5 894751118
13 164997452
22 211751405
48 488332624
20 931553523
39 197649171
20 450904202
19 381084353
46 882132497
33 628286531
34 157281568
31 919621124
20 552472660
39 188220586
18 783802545
18 771446902
35 565640400
3 757022704
13 332573665
25 247369703
2 698559794
23 723643851
38 456616874
31 609637760
17 943431438
43 451569592
46 797306824
30 388705429
4 580110893
6 317701310
20 785257494
47 717391292
44 106435039
25 704884451
16 689262911
32 965876749
9 382774541
24 976378416
40 843228926
7 616689352
11 692548031
28 165383541
30 207268419
10 600170136
46 834855913
31 176335528
5 572304215
4 126174936
11 990394564
2 804825357
14 400275638
6 933876225
34 516717597
46 746302341
38 458205944
38 359947558
19 780162673
28 481437479
5 483365678
3 240709630
12 862339603
32 656122567
46 659133994
39 18850846
10 382419929
4 23255434
34 862436395
17 404144822
20 575351467
27 552337889
29 120776661
15 969309595
41 944833424
21 599521190
1 740583578
47 484678172
9 198901601
24 75883251
48 825292421
19 972149091
36 488631428
24 784069891
1 801662583
46 936347757
30 354462032
42 710780876
3 721918049
33 354014271
41 100974371
39 413504344
12 440662619
41 48530978
1 842838410
8 413726592
33 101065168
2 435866732
27 190543672
11 351036406
14 283530524
12 263713728
41 901884093
13 912772079
3 702598367
37 855447308
17 929559785
33 546681107
36 157131097
35 741665376
5 173597349
24 872692224
27 890777057
46 620971635
46 342942465
44 513431526
44 49285026
19 438513906
8 224272272
14 744951926
24 103644057
23 984632242
2 655389637
35 76254908
46 937915795
3 466340846
39 629557751
2 535949032
37 753435738
30 908844946
15 591803171
6 201701150
2 586289493
2 146592887
12 654893919
12 209698971
38 948355201
16 862632210
39 672725629
24 467404612
5 863343315
10 619054651
2 481880509
38 546555444
5 799587981
22 10416977
15 988740655
47 828605142
32 586661390
18 179335023
31 536548770
27 524265239
13 730705658
42 297148198
1 192836353
33 923809175
1 523028098
12 43009099
24 793820545
27 411275225
27 314062163
39 220025293
30 607660320
21 644742747
32 979918447
5 200028213
2 842080960
32 567347291
13 90916475
23 828906053
14 314393747
31 173819698
12 786211434
19 243766632
1 47462735
37 12240886
14 514810587
48 686806256
5 682525236
3 338547936
18 327386549
45 238760350
34 19880335
23 432423533
29 320870562
43 70772467
9 626641281
43 132815782
40 609694031
31 725422848
6 537821311
38 194312395
23 280586743
37 315160798
40 970593489
33 105539989
16 894142434
17 539742603
19 16286351
29 758934815
7 250412776
37 641582065
4 266412149
18 674716323
20 426364405
3 591336301
12 929422502
10 716289186
26 55042389
6 585096472
33 291378742
32 163598692
21 143481979
9 757384031
23 337358890
38 817252158
17 298191881
31 53370503
11 749738838
36 830297351
43 174049825
41 348640310
35 21245605
27 40705277
19 76933694
28 282083241
25 824535513
33 733252317
12 61889487
41 382004482
7 638330591
1 825621421
11 967222894
9 944779571
4 152681758
8 925156672
11 793485156
31 696914186
39 226160481
45 230646921
47 244671596
19 781407303
5 58949542
34 933548326
10 568734881
38 24346440
13 38319303
25 500329517
39 379343702
26 210698927
25 91359687
22 733589716
19 823221449
38 624690391
36 244872873
14 194896422
43 717952052
25 665769058
9 215517386
32 633011492
31 294402281
28 388232814
1 358758232
48 957750815
31 919263333
22 658748860
13 881301146
14 262072119
8 458223929
1 889125455
27 207463875
24 396111825
35 8671
41 165532415
45 560154623
6 535228299
46 301821089
16 190504620
2 353705802
42 482280558
20 16179657
32 925479845
25 781617324
15 936668440
43 418994046
23 119677479
47 215429060
6 340864760
22 447215642
40 840568535
6 641717338
47 682579170
14 733997704
27 964588394
44 312784509
17 217259072
12 892248058
22 625427503
18 49442327
32 93876037
17 44111169
31 14534108
39 726779189
13 305923990
29 138032161
9 146699516
16 315941598
42 331717257
31 240417672
45 605640497
42 561355003
20 55119723
38 110996339
25 216163953
5 494806131
38 755947583
47 936937493
18 613960238
35 468748457
21 366193941
9 680792651
5 430543481
12 756036376
2 442518670
15 414455453
27 183734260
35 293989566
17 505378694
27 767771144
12 457343633
18 725113969
7 745375188
40 595151708
24 946568295
5 478657527
25 466028681
18 552610653
5 180450648
23 912559434
6 111548990
7 62930071
25 276028468
4 908201215
19 915701267
4 525288856
22 721553401
46 57215269
1 900594718
24 395501009
48 21802399
9 252853441
31 105943327
30 17595376
1 365308500
38 889028957
29 153279485
37 745364113
32 2156476
28 392988115
30 912320997
45 307683353
3 851258910
16 382926925
45 205695055
14 167174233
37 376094892
23 179280789
3 221130441
23 111333964
34 661278432
29 975615541
16 970893310
35 22868604
15 795499736
38 199704001
38 379447434
32 779110414
14 402133100
45 990370402
34 295147607
1 230637913
24 592393648
11 334548176
31 955144989
12 894844477
36 194585894
24 256476395
27 96485334
26 688069129
20 700777064
43 767419115
10 303571401
6 785842722
39 689951439
6 573118692
39 351537348
26 622177915
26 34648750
34 768937845
12 435554079
30 775865153
9 115267371
28 78274410
47 889774734
26 612968641
10 330536565
19 261158817
23 783463656
26 935585495
45 40255310
47 58166278
28 92913102
22 787467591
9 369401066
31 234029555
14 427151471
41 840319013
22 602655503
19 945157210
41 800483951
1 16477987
4 765737877
1 473981349
33 254075204
16 446433377
39 201894918
48 130068762
6 722751234
48 510095710
40 643792160
10 453426705
1 613495145
29 435729325
18 712749548
25 54755835
48 347415074
40 69416310
18 593436102
3 257360229
31 990375590
15 987724981
40 916234392
24 423978926
25 333839385
22 190002880
41 766725576
11 812695391
18 548096103
46 665889305
25 422051507
4 736907923
43 124387933
48 55067427
48 83083773
42 44907702
22 62211257
20 87193871
2 870185196
42 934116721
38 860614357
14 412263432
39 317274764
22 887555400
26 105486888
30 529682077
26 245600312
25 641900168
44 140098361
31 316060710
16 928164929
8 524347269
38 522984386
45 225187158
11 999594270
15 28193911
6 136151575
23 260201764
9 309523338
25 688379980
47 580225501
44 680556395
48 949462999
28 579068213
34 594155583
1 265444294
22 266682384
16 896848157
43 232723792
22 972286723
31 742565967
22 546258923
30 474100157
39 852093108
36 158836944
48 63877760
16 835149085
47 882374626
34 971104786
6 490451318
28 811912864
34 493948260
31 504670588
44 988709543
36 841523070
26 289154041
26 844004680
31 548805805
40 62363091
6 828633596
2 232885338
39 941812118
32 5640207
43 402923761
40 84803764
27 563869591
42 408321520
8 845103220
21 302553651
7 317590436
25 621404470
16 325775987
28 949763156
32 945332889
45 239586247
1 368175959
16 618494879
7 988656980
11 390780983
30 809546975
48 605231925
24 294674838
24 934322202
2 59084727
31 934507956
8 657396224
8 888803480
32 46691108
3 592076527
24 36610372
24 178100044
32 652978396
36 41512180
6 233391340
37 212831656
34 42061572
28 880871754
31 101132867
39 183516361
23 509307718
15 652325678
23 595997210
24 387795590
47 632148194
36 996750538
2 46921854
32 925446292
35 59868999
14 498334568
11 668490134
35 267313653
36 518873962
15 85663209
34 904109777
23 710233155
35 912858202
22 772706397
48 149776597
9 915372017
23 623088693
10 509121548
9 573769816
43 113623478
12 191559271
7 730315138
30 464302520
22 794966071
6 530080494
47 566958972
39 189115213
29 332591568
2 3086967
14 147643413
26 596957031
34 612536815
40 364859073
13 670551053
43 255570360
8 770835091
34 349117361
38 44696154
19 917969309
48 297891452
10 804643674
12 616243167
23 101399692
39 615753338
42 795354584
43 991546361
14 198199221
7 948379454
8 220402552
43 500214752
44 371918635
36 376646581
34 875378066
5 476184277
32 242867509
13 55262961
22 157912783
42 89309171
12 452546202
11 565561783
15 783706603
19 811876169
18 893316783
21 854653528
25 355362036
3 371616223
48 133407967
6 348067242
44 4082224
5 469093237
20 408650657
12 80430265
32 716576716
1 874799549
47 383244694
27 211455840
32 350811098
37 67620546
10 58685846
44 534468463
21 31477491
10 528969686
46 124267650
27 55721257
35 927265429
43 741381824
5 441692068
29 950345887
11 599684050
3 870188873
44 822366225
32 177655829
22 55429365
33 30605639
41 380715075
13 10200643
19 541260460
39 415795970
45 295996620
34 711230781
8 962833873
23 440089802
34 347625697
1 27801094
17 683194460
36 573561308
10 882336148
21 877165721
15 823025496
20 914226981
23 983793560
18 170826901
18 386802884
44 384151985
33 405524534
36 136911408
32 411677905
1 230214824
36 978608360
16 48125003
10 185397919
4 900788540
20 617740497
44 206739556
43 417362991
34 35918385
41 364203244
6 991804702
44 663912741
27 62448721
45 656391216
14 795370617
26 784473987
1 599686937
21 879237213
4 616306025
10 202659720
35 917727751
24 511852666
44 130316367
6 34715679
35 830705776
31 422094693
3 182471980
23 517647475
6 428738555
9 964236078
35 211950575
43 525237033
9 47938825
5 488974939
12 988865910
46 60246386
42 529369251
4 435564669
19 48195479
38 325961836
4 946691950
26 284251013
1 164872933
47 638230182
7 121872254
3 375359541
14 79367744
38 978494567
6 628509428
3 672665510
8 359942734
46 588275744
10 617163488
22 473329813
38 270729231
19 352151083
2 558073135
18 862801157
30 342130442
12 548934599
38 887460360
1 853955344
23 370768826
28 698335032
43 374252187
40 581814626
12 331455500
21 156229755
14 339019268
28 114861253
41 556973465
35 88847567
44 17486739
8 453905577
47 394581773
34 553103477
42 597626588
41 654750396
7 841215312
31 702926212
48 798684751
38 8818155
39 178096222
33 687303151
29 438104842
28 11004835
18 92571432
38 89558796
3 961830629
6 894980696
2 227309330
8 643914248
10 801756791
45 640166240
27 762887861
19 559454254
38 283496956
3 152263997
1 273042439
15 954369274
10 844340002
8 897270711
5 708700316
11 120116467
45 190326722
6 479471613
20 32647594
1 698144039
28 111248566
32 603166237
16 224200395
36 179816471
7 569139415
31 974586935
17 532066070
32 727773935
39 129851040
3 526021752
6 773189995
16 933240027
18 112753568
39 940104404
31 544168799
6 706749202
19 763864496
41 355989504
11 635932713
16 124169630
39 548695463
21 931745284
2 452111318
19 248121296
17 639025004
15 736327915
15 697769633
21 593216539
30 241890144
2 700345233
41 88489419
26 976493973
37 650149704
20 792866246
36 878071101
8 673441160
27 625646497
16 186175461
18 158912253
32 853260299
42 23095512
12 12272566
7 111917701
25 367465284
17 489788411
16 104668731
39 130097205
20 54794817
18 134151179
39 11351521
5 694000690
47 761159320
21 136045130
21 913925540
45 587571118
24 709819899
43 462685575
13 282769024
25 922157758
18 31401654
2 58726548
5 299446441
34 742040005
48 131138956
44 984992571
13 146302059
19 215650176
45 371527727
3 692674693
3 466221176
37 649039950
43 613940557
3 553702275
20 471119023
3 237186491
34 637483825
20 552188722
31 148054769
4 905053149
46 426724598
2 570396776
10 146809983
28 893397888
5 706756358
33 580955395
29 916056967
41 49748665
40 418327218
11 227899822
1 417078589
3 637108568
21 148182391
15 768047472
33 126289312
46 186031410
25 41943308
18 398381
14 492524706
18 650880155
41 958705771
44 470268566
26 813314225
40 283460296
24 831360474
16 815836064
3 823576001
43 123871623
32 288328589
36 490230562
43 306516666
27 415478647
37 909896605
10 84716891
6 433774600
37 515476168
36 427779986
40 179864036
30 318097997
8 554048191
36 813033598
4 763361800
26 623269005
8 702595385
3 371095442
4 928135578
46 710458443
12 542573068
4 450293763
28 691162801
21 503511228
5 876800396
43 595369653
43 543070198
30 367746841
11 248084896
29 138624729
9 12270832
30 44706631
9 412910990
4 769695059
36 180997884
42 671983708
19 852296834
29 497969022
48 142153783
33 733294193
42 617928326
12 814780123
41 815181642
39 930520863
41 156569169
21 758579777
4 194949126
36 665277799
19 691490360
7 382686332
21 577692769
20 851366727
14 940490857
14 839111915
22 287313013
27 364671452
33 181383313
33 457135647
1 795828274
27 811111019
25 869984319
46 682659212
6 505679258
20 459796112
38 919167757
39 472528460
38 613403465
29 612452446
40 269341742
19 886135266
20 425106020
33 4553078
8 681573747
48 531460048
31 236632760
19 273075856
18 629695542
11 869596868
34 928762579
24 81536163
35 836148644
35 827811017
20 498616279
48 491434112
23 785457143
31 320130885
42 995934383
28 478594832
28 562722968
30 478035702
12 979935949
37 899358157
30 79686863
9 633137675
37 736675003
30 918359630
10 675582506
28 294507372
21 225587128
17 494219636
15 104407949
8 912846737
44 538465030
9 640893731
35 512403490
42 13460873
46 140074195
39 477032901
1 200132473
46 725822417
40 142566656
1 904643117
7 456449145
44 833786651
42 275726530
3 698608754
47 5266532
9 956393481
28 541680785
41 834422142
8 88564540
30 744342316
16 560765627
10 541681959
12 577620614
33 227688497
15 678256064
46 172646496
3 998686819
7 73277832
12 72402890
9 356373152
1 549632055
38 583983115
46 442175174
21 715080824
47 707963947
33 146738631
40 736938329
12 923362099
37 307275243
4 770310472
42 440943695
24 237097206
44 334279937
16 54016583
31 112278824
38 253930430
23 745628997
28 757793013
2 26825949
11 573915750
35 187649300
9 341764295
4 348203331
36 428716614
29 51506062
37 177045825
13 17267778
5 708099881
7 287122988
25 677066202
30 481610892
26 906869677
15 791249329
25 382292034
13 984265446
11 432578614
47 868026564
7 402177117
48 690801391
32 203767416
8 494670018
7 451631580
39 787144229
27 674074097
31 489817419
7 453716925
8 818065871
41 971854169
44 608878551
39 928972279
27 370811762
19 440543471
5 117437098
47 479388812
25 520688535
4 428623068
21 862284785
15 979463412
7 819067678
1 807965313
19 382179019
17 472927979
44 749490822
10 362936895
21 897902619
27 818490945
11 897948896
38 360780579
11 596941976
43 558659359
33 602956123
17 708924878
41 104133654
9 601544047
1 795973389
39 951638582
38 202198892
6 963214019
43 989965627
20 40432479
44 75303242
47 494377653
12 929157699
1 615738363
14 11422021
46 233161938
17 402560746
13 638703019
30 24377333
9 835219941
40 130882177
36 450451639
18 921542965
33 699052409
41 339829607
10 587891384
41 775598989
9 674579113
30 782413768
4 285165577
42 252215826
12 549712068
47 510388286
47 571892503
26 483633823
17 59765173
33 341240332
13 908696638
4 245666634
25 194058081
29 206152691
7 757618104
26 858891505
22 117976014
3 15796264
43 369811368
24 585020106
28 245144159
14 856507216
19 821498206
18 943681188
34 832182841
4 361137035
36 192731820
8 212269634
30 95946069
31 500043305
36 366364221
11 896138513
44 535381627
10 865521158
8 854952309
44 141680933
22 409711965
43 680889808
11 354386332
7 76494103
2 265082139
40 604425775
37 755893431
48 554841781
32 83324159
5 24708196
20 919320334
37 944355609
27 115765698
36 973115822
19 389958681
9 587698371
20 892935267
12 296362755
9 706708060
31 772495211
41 505751169
19 295677378
40 528434248
44 133482728
38 362742850
29 257434326
11 723452838
3 448198295
30 818692009
46 607794599
46 4085215
38 651519913
27 985948105
15 126085035
43 539731050
15 884719453
45 246369591
14 860730485
26 743981002
34 613852028
46 764774439
18 926759877
13 967842354
3 161445262
5 674224069
4 822190327
16 669326707
22 690361087
36 501993698
26 93374437
15 66113351
27 403135630
2 432383531
31 94920410
48 382176918
30 255665206
1 400993238
21 769498516
16 903066218
30 956333821
48 585177535
46 127136215
10 271949378
46 168664035
46 361632998
18 184488446
18 183911773
1 698319604
46 673826283
47 222737256
17 761773585
24 183917653
33 694996156
39 52727799
31 364350556
21 866359011
1 566049507
8 619346059
22 512849955
26 748467079
39 945409095
31 623157227
46 11390071
23 488575564
42 547897671
43 732477115
30 545209496
45 136176093
14 533663622
48 891625563
23 617255396
16 632388732
21 533070052
13 897942925
25 609769309
28 251392789
1 426998882
18 111245159
2 928766093
48 279075172
3 889567441
16 847414415
11 279750719
43 250656280
1 493234082
28 714976863
44 612254931
38 695266909
6 917048857
32 965260254
5 255258141
6 106434740
20 315438931
18 260374415
26 221583550
29 955928561
45 186243994
37 509157482
10 498932650
46 236925317
20 674187905
22 974099311
14 622225840
7 198977667
6 914476594
25 17206102
8 729468093
44 434678409
23 488513928
14 984602041
42 437247920
2 882341042
26 345532348
23 124275700
47 424697431
32 37786317
40 726775666
5 461013985
11 487033845
45 308225928
18 878125872
42 833473551
22 433554570
21 328502900
39 493560754
11 858115840
20 354160278
3 365673586
34 31832254
16 477629377
25 276262367
26 358010966
44 135482972
38 935725203
11 329053622
8 308684804
39 198192381
27 600130145
2 413331534
16 654927843
32 555342602
26 541399289
41 277180973
8 181124561
32 6614384
29 945280901
26 973065132
8 751064061
28 520424932
12 182537086
1 407683880
43 342794244
40 370125212
23 672154088
30 739408177
19 969889817
46 310216721
24 881235649
3 799128957
17 145976484
15 206114413
34 290076954
9 180678155
41 72969358
15 193831847
1 599986511
38 433606459
34 545075168
39 182254670
33 656672625
8 817223313
32 257708677
44 603030726
12 216189983
10 770392306
2 209139249
19 579638293
25 230384238
6 566971085
27 864901057
37 801276728
29 928011756
27 480856698
32 579838961
37 914720221
44 645664526
11 878075693
9 524254997
21 972531346
34 911140144
29 323700485
44 801278608
39 506671868
10 439065485
16 739693169
23 454999975
32 518060577
2 423513638
27 460890507
17 971634824
7 238890615
34 972643803
11 824737186
9 908264080
46 172697314
1 312612688
13 707983644
11 259956923
38 203205940
24 381984917
45 485254545
10 324323556
6 407642546
34 375766288
28 304563683
1 46688251
37 199799601
34 501225130
26 572522094
3 983987475
34 199080070
25 593903621
35 565745048
41 26847304
27 63885080
21 663640032
16 659358894
2 944523407
16 817483801
47 671440985
31 142335708
44 57665796
2 957877732
2 814733966
22 4266431
33 355368403
5 365359954
25 465330771
9 599342737
22 198028943
22 527183885
40 406255742
40 600267318
6 6857266
34 909021029
45 206549391
7 687798869
18 687496536
29 461816208
17 404926088
35 170074406
2 706127174
14 864594049
4 248130354
8 547227254
41 876555855
18 375545374
6 995825575
15 393669975
7 923914261
47 882785602
36 538262198
10 94184302
3 44991852
22 752282928
48 342671270
34 314728864
21 77595459
23 95848747
44 434890561
30 212861480
20 574745282
28 897152290
41 925814786
26 841674791
16 610842541
23 444564042
27 64745930
16 61333496
16 908911928
42 718780020
37 202656941
39 42622020
8 414490940
1 856086660
40 42722008
29 204231938
14 309416142
13 352265671
21 933685221
8 314938519
29 354471958
27 364285728
24 855235229
33 542750997
35 488545537
21 231081523
19 700896955
33 386660873
19 243656088
36 425559269
40 488898703
14 797764466
41 666838258
13 417703489
17 677389575
42 771268526
21 728266553
11 452136461
24 909920305
5 556529604
31 363448800
36 330287399
28 261115766
1 694328160
13 508991081
17 526856989
30 225652078
22 422268183
16 701881852
24 623841703
2 516560926
46 823797731
40 542718083
32 312459144
6 843709657
46 36538852
48 741365277
13 19690191
44 405452913
14 49971908
46 254871590
35 748364214
44 614758489
1 281662868
28 36621694
39 468794935
10 526435341
5 784041857
46 146562897
33 355037454
47 892851153
17 824707246
5 654970201
34 503142717
46 600857092
36 91177731
37 253670541
26 766956242
32 819168892
41 458567764
10 705620771
34 463532354
6 703650775
2 710263316
19 146916563
30 715872242
24 388060957
11 54823272
44 292820268
37 959637129
22 549273413
4 804939429
23 454857845
26 330657904
38 877012662
2 88096014
8 719228288
14 198026106
12 462252520
2 529748896
12 507005058
20 93914236
13 504254603
22 767380892
37 678383313
7 145841129
29 481411564
17 390293310
39 122744842
12 789781066
21 731004257
2 720458151
34 828096402
12 736279299
34 324875615
28 424739470
7 639156535
38 101673969
33 203557574
36 525744580
16 907325632
28 497526148
47 311803656
6 163960644
25 174553286
28 597075389
3 475497965
43 202082776
32 567335400
45 572720082
16 862479769
19 854487136
48 703988117
26 299106855
32 792654736
33 258530090
34 83840450
2 86005851
40 369488344
2 797443374
47 646223837
33 135625087
31 912847833
20 153612124
41 140413830
44 555862057
31 659195682
16 954097321
