1000 1000000000 2000
991 225198526
106 465423404
151 84094931
289 964725886
303 636025514
688 854800402
489 660630484
624 971540314
402 963980837
61 858283598
310 946047299
335 981749348
772 424128369
409 414537757
351 132099131
993 914248768
119 617238005
606 605183852
780 933670667
437 503103517
246 36580412
149 460494524
925 795394360
442 792118806
345 654877068
850 495672179
52 659342030
607 691823646
701 714428658
401 930209081
888 689326013
532 285168598
66 754650136
237 326625343
502 451273327
841 927272076
266 149073088
441 335743405
831 475054269
831 463846666
585 801856772
646 215231
424 270606127
906 487019417
249 781341443
926 712114209
103 664647030
470 429908812
114 318953912
69 409438367
759 132317039
16 982282710
652 297449810
938 198095059
850 57207494
47 492696338
267 165375133
592 950076726
418 699285723
738 825564846
511 18335461
98 354589581
807 245100762
990 510091250
80 97872317
817 287719192
638 165256678
695 797080738
437 327462534
407 884576814
16 237684706
550 245056253
253 997887165
260 887061496
986 945066551
908 923589111
240 499303012
626 249341688
465 508935567
504 646049417
187 820980367
3 473369073
473 860170289
469 501941611
510 188968551
844 850949235
699 971665375
178 792378811
745 705510574
871 320485785
867 337847682
487 466223265
713 813562600
9 220664298
720 977125862
121 861374153
235 790684146
951 182646071
956 612615545
920 483795592
781 751755480
663 424172109
88 244436869
1 232508452
533 59538247
516 780317948
918 849294766
274 866724728
117 41372844
535 42054053
470 102638308
249 542548552
48 183410069
75 591916072
568 337749956
753 394587971
493 545573851
525 608103721
972 724314558
854 589531292
604 303989157
651 550387966
154 930696104
448 581052290
342 512698486
128 532993239
748 452520368
95 35407056
629 90911481
154 703836556
909 562185941
419 747805715
377 381821481
566 63057212
933 649145505
76 997900269
566 779862843
630 26908745
934 340060596
261 402570195
40 802305820
627 844726281
28 971132948
362 76397348
63 932544283
346 700147375
744 46719468
429 921188495
758 18817734
471 938294026
177 387633700
652 202035866
236 444665922
389 557477881
296 283316003
193 536646444
731 326430906
643 588439441
727 422369995
337 166966567
244 565435830
127 579447632
345 165080138
309 375266892
188 792786515
369 877318616
394 694119427
460 339788238
276 641804357
468 114027978
501 341304258
4 838347813
116 848759526
947 902546416
470 240624239
457 918362901
738 63281779
440 907213556
615 620394573
985 328121733
770 870846358
223 869117465
851 597676957
114 612845593
61 756076046
74 685907852
223 383955480
446 607551763
328 124854926
363 668309076
595 149150328
962 686165907
923 479784886
899 3243183
190 296694595
776 168950977
790 50247397
28 822626691
614 719707315
629 676579195
537 987099796
151 494751277
379 440990954
798 241369471
979 971449642
845 829685382
264 283161699
962 705949253
352 601601910
742 719613350
947 262678825
601 187585181
171 847899617
537 906070401
376 345239744
372 609916436
922 827049403
55 128253298
294 900457721
54 36091760
400 454429643
322 304385037
264 819119424
840 962091913
670 987687575
984 988951379
80 309369789
812 294682296
34 650789412
984 672043409
287 950331703
928 231214592
410 887821418
423 860490083
126 799436860
497 500128071
701 720566202
595 527487856
926 419582641
787 607602392
346 935857057
404 152263139
751 437315314
69 810657345
852 379840491
687 11918366
682 796636809
722 721941177
461 512825528
482 282308042
397 552641246
340 81802550
464 707957300
882 364737850
116 642922696
491 715279651
470 936662786
566 66498680
284 91417188
234 831272246
16 838121460
194 385677652
482 262716435
951 587565455
776 488805038
62 435724659
329 623628018
287 834329596
682 239019554
155 69149999
915 128000961
540 733772498
705 652699667
421 155545023
374 101988481
260 102168887
936 14684677
69 303796197
54 803603445
26 441516257
755 381947920
535 490794377
322 75561117
748 968224114
774 869162309
172 259633303
512 943750343
505 425735637
21 598492105
223 505278040
353 338260737
19 519514583
808 295901022
259 821570078
964 433910329
597 675265988
112 733435912
250 652297625
336 415012802
681 784347426
16 83312228
813 333533006
234 213299499
257 741500855
203 127451357
375 388874899
893 232399262
315 845494948
489 438584203
258 391590914
100 824363975
57 793608138
178 11844558
562 780200354
325 966193788
914 504035762
454 203335850
712 563780149
68 551130713
983 718879903
464 963815692
572 163736426
738 625034986
769 7352958
239 345218255
231 663558108
96 977823540
370 258582564
955 554377939
47 710239068
335 166790700
218 542661984
322 584008809
345 885119957
303 405242731
758 916681692
594 864693684
299 740922328
112 37458698
308 487455112
459 335827418
25 683296225
755 401562317
108 567076011
680 573916685
776 780664694
107 579767697
733 218597024
781 710885950
755 349854356
633 967315152
725 586726172
303 183523880
224 551451457
864 754743425
767 649643272
79 32731202
672 522204495
474 210034403
285 515948742
1 372144271
945 276732087
341 594373921
765 667873988
654 18692072
384 513778605
350 115548252
495 685995077
238 889032473
209 157144788
892 985437646
929 55714455
543 264035864
466 706386958
321 80694344
385 402309938
827 5847418
644 980730778
749 648328098
250 400966862
200 160611499
949 745920213
969 708906225
200 798385330
748 812290393
916 127455663
542 969074288
840 316750812
891 706259181
207 291672623
430 55075173
25 737441732
927 264279432
305 933807918
513 316835736
905 541804970
275 352045107
296 70891496
387 798446546
210 944838024
994 279807447
67 667207941
230 613444899
235 587075393
742 808596620
291 578258610
490 980070340
932 823048115
22 562140894
506 967772877
16 301532530
55 752684603
48 64534085
79 696710509
180 959978814
889 925242300
404 861834517
637 92564681
807 390144910
636 258964687
853 442791973
168 928872668
468 606833479
118 153270986
415 933691011
832 338872425
612 554379697
765 537287178
555 343758838
600 249449043
837 156051315
27 587483388
129 499256758
926 27867580
426 503320737
458 219410825
789 402683974
637 46580498
437 131495273
138 911183872
80 777842488
431 277197757
689 646113493
548 721234453
949 587806695
107 24725233
685 497490660
28 630910457
365 7151182
85 803251679
532 543099238
124 201722962
121 164384429
872 303905710
745 885131742
81 648873180
883 427558202
590 691425656
836 53961988
392 54875404
770 585322582
531 580427522
456 172911710
319 629373155
87 492135526
262 374184355
726 616802046
358 505389833
141 482448258
757 242721613
555 66272426
810 858558699
749 764320438
462 17992762
524 746654303
65 435581249
18 648672626
847 129642597
562 31544634
402 813876396
73 268750087
691 368775840
291 211453214
815 173456695
214 678917297
971 724627799
312 136492530
515 807793655
875 877239177
150 657860794
626 563883869
720 528576421
996 182410471
825 916534970
73 475179308
1 535510358
883 428814429
469 579184869
346 964298046
4 338607544
315 173837412
991 579597989
807 116238056
213 42873506
831 799982886
786 744528046
199 782615618
706 480011319
580 963067110
380 438549821
660 845958421
954 480710867
714 128090677
931 873575616
934 198734719
58 707282800
55 392321700
215 537890660
392 941916932
870 431655148
701 380707599
843 653443483
5 102676746
147 186553389
417 583658694
586 757585588
499 577679210
751 825104362
800 484317985
938 129682136
72 33563415
873 333980008
226 509233301
810 637449043
149 252342088
723 246191382
429 63888238
485 167767580
633 732335724
759 793755650
598 234338807
785 878778266
783 285245743
125 90365525
204 574353508
563 107758305
271 716966338
223 859146524
992 469130926
567 126110849
565 307694709
111 982666172
73 194107636
997 343057433
53 243967177
306 196006915
708 476180405
38 894668291
16 948594062
61 808907426
907 486001747
165 734663544
202 951117400
838 627481658
543 473513657
484 272292052
943 787364393
70 283055176
916 389169699
295 387336569
88 430122597
877 939825705
132 588061904
522 227304759
736 316734748
983 454268438
202 710302066
108 488645838
525 991876717
899 895714864
583 975872647
707 145137324
571 105251442
856 889251531
228 549782459
329 856388572
118 551369239
176 957471681
313 612528272
707 698953596
60 784915445
523 723860257
300 166867207
76 672294718
358 669752922
177 851833479
299 640263112
473 707812724
271 545038609
481 660596905
778 66017913
189 324876098
466 253674362
228 846748992
502 253095435
250 814479961
56 398105126
865 626452720
992 110457219
138 516442275
550 363120634
818 279434350
13 413032955
62 512491973
152 219092714
976 334995844
229 469159186
40 105553145
734 388583359
786 115437
539 289245824
169 282427087
147 831741715
241 580764485
343 909078451
928 643564151
90 906619864
657 537229456
966 639660855
731 614061634
50 579564053
719 195079017
551 530556557
488 631974484
210 488110603
553 312240662
941 843257618
873 262021493
217 917214242
599 157587676
701 43999445
390 455157395
75 866335859
933 190175823
82 507066746
42 550562266
978 704933294
573 199905999
587 361698124
530 785771954
835 271896973
515 281925979
899 197161903
40 183312298
701 893285894
197 656520201
33 697813992
869 497207021
415 877851018
765 719522369
241 387732896
71 829657425
838 78732030
637 917582261
318 733745349
544 805406139
277 507736829
362 410141738
514 818858264
638 896800807
536 105394896
98 484256553
382 205573421
957 521379118
759 632192556
553 722489293
699 801872397
386 556193273
10 60463513
377 938274181
370 5358522
360 677072367
236 502179031
709 559846899
438 838699996
459 152765647
978 328261578
2 58437318
308 647234611
764 468815012
64 956602046
711 8046389
244 904879660
784 460957494
604 840427124
265 546799767
581 132310070
367 452549395
543 580323942
384 209604516
290 153323734
508 871389954
443 73897854
787 979793167
575 333497280
877 939916377
836 248951013
524 324321131
778 113285335
859 518545101
383 931861205
985 92044468
108 733949288
997 240159179
184 719873725
580 62045316
240 186000902
495 542963710
86 74417150
160 212775560
308 837663303
468 651794276
955 843093770
819 965285983
461 654658469
375 777761878
614 143292699
927 871530790
540 793098327
580 166471628
767 175861863
621 602957091
439 504937022
547 858676296
15 47884276
34 697219721
596 211034297
451 623575796
128 936510230
523 378339782
767 592506535
202 499363434
732 297663070
444 95316186
61 555835062
167 223015078
218 467128561
320 362801064
561 623853531
681 101775376
728 668813375
370 981796929
381 7438207
273 893500987
958 591207020
868 907539371
772 622235266
189 152931892
420 611554059
63 448657451
80 617774973
189 333843547
572 256379979
962 209887103
982 348831070
119 489765861
502 158564307
557 389365677
818 359194240
877 537255534
978 580524120
797 890024536
168 31644841
330 771470633
226 939241160
35 979122742
602 391819180
364 916041516
493 992447105
50 212358958
559 389958738
818 843653922
735 889696197
380 102724111
32 966247031
121 639615007
597 370413672
746 806313765
974 747432660
956 893482116
628 922900256
67 508954679
613 811602415
834 706283400
477 59773467
8 428131880
20 894146770
426 164232611
618 420330929
581 820310734
153 371696897
528 946786422
947 512503609
544 758613450
506 527982739
27 812553319
164 373669266
129 696605718
86 538929363
295 193427160
72 15631233
314 217127766
258 51577390
822 494110640
96 137067765
205 816580395
116 975867166
738 559502567
734 745984875
180 542628765
632 890829552
459 266772112
898 333033908
484 480730187
324 458974937
936 522155958
473 813807159
103 587250296
870 320426609
61 199736786
129 114127234
878 263204395
352 718387866
717 589114874
771 225110983
602 68270298
610 540802948
928 3217842
622 788888812
377 504607937
530 421196994
195 514368953
343 861294778
429 401965013
295 614799744
206 192459681
262 51163830
226 639895659
532 162500910
100 836909904
564 307783383
11 527647441
80 948402771
6 448921266
617 953474940
773 830351884
967 367416607
897 240509233
370 140322918
492 180247457
506 418171313
158 187269212
401 695931345
398 851881724
233 626139568
516 915595695
344 915690487
735 77951813
831 76869470
886 778075864
877 605402581
735 492883583
838 504180378
437 402700893
162 339946031
714 898282699
863 726954253
75 723726552
333 644751889
238 693585684
720 468387653
955 737487915
220 433272631
478 773460356
737 94840603
1 412647174
834 711842360
947 415522689
648 483607706
797 209875895
31 637509961
122 683996834
652 142704158
75 279811581
464 946236820
643 875005269
403 794934749
107 978804497
543 832976179
605 827394339
229 972886816
487 687132633
266 448588653
265 525262737
948 273493057
646 869828419
581 171927118
321 488602309
724 575863207
409 410517960
876 525728087
119 224034163
305 768431250
373 675467868
700 664205611
609 837875633
504 516642489
98 713090498
657 464000795
789 367729544
767 616463512
97 711436121
217 275263105
631 795459280
34 793180305
600 528475429
351 891882257
822 673377693
820 631283094
449 228991298
132 273977592
441 970333523
569 365139081
24 672751431
321 480515595
649 217285036
907 335177167
277 658725509
437 222100932
556 605524270
816 487793700
843 597096021
645 998311923
470 154639316
58 503932002
786 963057486
581 512619511
456 581819235
172 319337121
784 771843734
698 34710353
424 434845146
448 910540145
315 879161972
249 924070458
42 320871723
790 952381041
204 491526155
965 360192280
645 621746769
430 633063829
340 865812861
725 796057280
698 606579207
457 846681345
333 41990432
481 801419292
93 605704328
935 956600705
390 669217820
831 798126646
178 12994756
817 583205470
268 348003467
79 889618068
524 863762814
223 276467722
78 84147576
208 75391368
289 277577914
69 987220234
790 636081466
975 964413277
969 948234373
592 798006170
951 245678779
718 875729436
742 854276312
171 239232552
737 851680887
646 900769237
188 719419344
288 851534625
131 793052768
324 199423682
109 3848123
728 515871559
48 414272869
663 585190514
335 802819939
440 56192667
541 949432104
610 385518511
358 959323241
29 742755838
661 936937149
820 394845209
367 692816780
393 159784983
171 260487071
244 978208184
851 151182427
621 558870530
493 455871571
266 391338937
162 887413622
178 767528564
954 296184453
45 602558014
979 77277139
318 349376820
988 285667246
215 84332088
192 950948908
297 449645058
949 780974492
23 773192980
604 811361218
36 297553293
557 793968795
424 852483903
79 270061156
525 304425281
941 755799612
988 609687948
985 378368665
578 295625411
437 775896920
720 285854359
907 499911319
247 153334166
895 306506535
936 241053814
34 171628768
62 148849619
228 192618409
422 260778855
686 81616539
447 910710418
291 196285258
986 666032154
336 216092675
417 10282211
922 343101708
42 522298660
961 678227991
87 506651574
511 852113905
617 169180053
368 60512784
821 505150874
483 522645493
356 108255015
117 157781986
995 736675629
630 796319242
261 163713064
548 751638986
154 278734757
602 276450457
553 22132084
300 560168318
586 927016214
598 250188529
931 480319569
213 601338921
214 230186381
452 817509563
581 973147301
900 754365179
207 666740990
158 97119383
188 959978232
453 937334235
462 880085120
166 673496750
462 228907770
198 228603767
923 298857916
143 676837161
857 687671545
271 235222046
4 708776766
539 43148030
546 17344083
517 732372275
582 463741608
265 327169084
502 533429519
18 291541870
469 58127411
756 532570572
868 635919027
796 165700046
59 922937897
771 773163215
234 33559666
808 684716746
851 195255866
168 276280069
610 523868858
519 835401796
683 269607636
588 181702318
613 780583336
452 320633390
651 321673994
834 983643769
314 123006950
365 101067341
660 518135632
182 808234542
907 839301262
678 166523439
129 197796952
869 3399814
300 280174131
932 526778267
64 65361111
938 799361838
826 110802329
554 89422830
543 500381899
60 438209061
474 5599779
264 989732823
279 673107569
503 426051028
994 693381666
642 971092095
562 231280601
554 30995409
685 773160676
490 265932321
10 797898373
34 312618825
288 809710646
417 687710302
917 758430011
837 562079184
987 450933286
478 144268365
781 877749021
32 924820433
878 204113267
712 48424808
723 751340084
810 773222013
400 197176263
937 862885781
128 157056802
421 530721307
419 549563497
94 969604073
54 778770325
417 582610083
463 333879554
157 907220154
747 645351240
786 434847576
948 117066124
740 250026691
524 286598523
930 328468299
608 572807205
503 683494197
59 617818372
723 77951843
353 340871997
487 335589591
943 584756561
358 501179463
386 384773714
602 158133188
103 515958807
21 297490327
703 966834888
660 686084580
483 240524748
918 137178611
229 604340516
633 983572734
556 781281339
355 951813236
792 984590462
574 510493336
774 663538227
444 57011914
907 203976649
880 5433465
737 943465510
830 274218322
581 192833359
569 76452014
961 469982969
636 779331863
981 949989679
153 322454383
597 931633210
309 94596286
760 451619493
460 799533192
558 732888659
541 10786668
712 985391968
858 684751194
241 458506843
302 640740438
741 942536498
103 247436314
57 278221740
30 34139038
266 658392715
151 774806338
984 637032792
371 477092301
527 460528325
771 596405629
864 93402146
399 758566101
988 118919566
42 788323019
915 580751328
890 729404007
369 286087152
618 77074847
653 724163805
147 973139548
671 363491207
17 452220164
345 953717324
137 653589891
826 731776452
630 230296377
431 644487910
374 88019491
569 96807289
834 547586890
10 482141450
191 436776219
554 909996624
486 821503336
142 742435575
118 668606999
171 756309949
130 129188316
341 651313945
17 425924085
57 421177127
548 470891729
830 648887605
200 336340806
488 297436557
687 820939245
586 262101452
30 946681162
442 339603915
572 450467718
416 684557568
582 315119723
321 287969615
244 429770220
434 110446414
608 113546104
983 417072800
405 238197529
287 40985753
113 116935575
367 719201383
117 841398330
849 153809984
548 667610771
64 668768497
352 35754832
158 880707682
831 765452662
145 240846099
333 626064880
740 74234002
391 311269568
501 295731621
134 708764302
660 649945136
73 384281991
301 72213401
163 561930573
153 504012297
880 46226495
164 134277353
714 558004023
282 410813790
162 246921799
536 582702643
419 720417036
161 868272206
309 783918894
569 773977326
450 277744515
912 338047778
429 25531552
264 579556008
511 979839717
49 568282397
426 797653750
629 135201175
723 284646702
952 4139123
876 577231955
232 278681125
627 549656763
350 873695119
854 232525327
801 253363442
460 267087738
774 220957519
479 568342885
7 743918281
241 731866144
998 966096018
827 54861175
495 13605521
150 559394904
543 129509473
294 843155924
325 398190191
896 630767084
201 718258810
87 145212314
143 997333434
844 702352057
172 390381838
633 166239827
453 154763782
181 800404244
449 8062893
94 107234517
699 233337247
760 542427785
106 63618540
724 321561323
751 950752629
205 537262699
662 188716926
850 557854231
103 15176062
273 169318820
577 350305986
798 261956843
106 612571650
156 593367503
425 488544700
669 982839355
798 874769424
224 128434701
701 619635541
748 986872217
555 462777417
38 578438463
142 568410407
47 541024226
559 664859541
76 577867205
203 949299123
978 159475815
501 244880559
448 748861342
361 158870527
625 982709188
543 821292317
95 554171764
117 956797648
947 480976062
926 478590781
17 558209573
988 159747629
363 913602128
282 462135826
993 126031153
400 906963546
689 907792091
955 458803198
187 259619005
374 737293115
454 586540258
476 160695263
368 138328267
825 916957747
732 272587162
863 557282004
874 511727138
112 91647847
604 899954607
285 400590606
975 221535808
432 206874749
39 162769504
868 41497587
31 543645979
191 382917662
977 543373953
191 59285692
622 976164788
586 1968634
589 604100204
812 916717558
86 542458034
204 633939787
427 671304981
971 615315481
526 780447844
759 161908125
906 456306208
130 206184217
550 680119550
434 28247875
664 466430024
527 509660107
717 853944306
155 213246501
830 906429862
892 236375338
819 870941131
735 313317507
53 288266480
395 136886001
355 817670098
615 854264425
428 663523314
829 692853159
922 62976314
938 905701901
305 330074604
800 938068233
808 753675572
837 213733673
687 484155046
539 890554991
841 811837125
911 762495444
743 412130507
269 46684004
818 366922611
324 578296764
609 63679527
996 87978457
642 805713060
38 782184196
937 243592990
824 100198102
143 819286069
96 976566582
203 528099511
206 688208427
381 630756652
329 940950574
429 173710279
675 356605601
50 999266844
636 92267539
543 47418442
366 319880730
90 768874795
465 569624525
924 154343741
949 712906285
517 416072349
162 952731130
616 416950982
365 13030565
127 944498359
695 818342631
735 802712971
24 41994759
87 660601680
732 179936143
892 736725142
571 539840570
552 974421723
806 81848820
409 481413299
239 74266859
749 323832485
546 728604905
276 614659259
972 779826541
87 994486774
727 990898848
554 508047915
506 850709099
82 579444102
131 716215213
10 85128185
264 591423653
842 683073073
175 566266443
238 636190813
366 149289390
923 60933048
879 924093992
742 902272994
233 987794221
5 706746544
527 547756429
483 155428054
26 847848293
369 170464614
580 754089893
278 620264045
928 954565734
935 924744128
788 816713447
489 529281680
477 166224031
261 558700043
942 672688652
38 902344000
282 386232533
566 864307843
568 716377761
508 593565466
491 200945511
76 115562003
712 126589369
800 531951905
901 41277776
286 611433748
902 862873763
962 939021775
649 827216696
995 762310269
569 986974456
686 161706233
98 372008202
190 454424029
795 570374416
581 197366134
557 433903958
238 787053401
449 975352338
656 382376262
894 944741274
405 724211042
10 657730174
671 579962660
338 347615932
820 823849982
276 29192600
646 843496369
154 473352319
793 744773965
806 491441527
241 338619279
521 563886907
31 360956980
441 646110606
996 369004962
403 318454601
695 128638198
522 985631978
624 118642492
472 762122047
242 338000670
81 392548126
692 433778819
856 997946301
594 937605408
157 730297914
472 684661466
562 383676840
508 288936810
975 960619975
697 558233381
306 993285154
833 118187726
779 192615006
746 283124326
497 267272784
604 895576903
243 340102754
834 841682384
44 529904530
949 729104623
981 120332246
100 310866347
970 85636382
179 290971322
872 660220760
397 305682217
469 97107853
941 421815866
910 877254614
253 336250379
744 420111834
905 218666364
384 429790508
541 572887526
325 982491925
74 121666348
817 241612988
428 283404126
443 183666509
616 341049482
618 273141852
978 670281915
184 606640240
363 22252874
178 507892810
765 999749382
993 461948459
552 652827298
736 324105966
195 568045792
905 312170703
225 11002328
2 293152954
945 102080362
569 448065159
796 865789976
327 26753902
565 851861545
176 107939007
796 413565702
622 401255869
694 265212132
613 53979431
602 738133334
648 453186868
221 145468670
578 480402935
185 419724269
842 718448255
807 169187731
496 916699564
101 446431690
921 69197710
741 659579310
262 825847947
220 140708277
705 899711334
560 987268051
51 292081125
217 286176858
352 701963484
230 63064155
969 782573932
498 575226532
55 958720623
740 440303731
208 91240883
642 284024751
272 73401258
970 459438775
492 163204474
313 622504418
464 803333875
161 982720639
229 795387539
387 846505231
600 201636421
412 46284082
905 688553040
551 203433276
44 187748580
737 615428217
387 970674005
626 633291218
377 735735980
59 773818264
989 970302281
85 883252058
687 21342132
381 807171043
944 613894825
546 899121142
61 768571698
749 194948978
688 419643403
492 819697160
19 224689579
668 540110506
244 254860483
298 81848075
125 512426642
498 555653225
337 268080676
874 98422612
303 809584773
64 671791282
383 496662134
619 595807313
940 114148952
492 161882599
145 357034122
304 260538902
150 326844972
692 299689089
229 502060485
343 543877036
888 443100356
407 214132019
342 374590696
280 126374886
271 604813217
479 542182891
748 221458431
681 457262613
171 538257159
283 67238063
601 783219426
145 133249066
604 595614698
460 949248112
862 756344719
113 745726604
440 361192659
27 796014976
780 689574679
433 25012015
436 218351871
764 604424078
705 962799295
211 931203527
234 261192542
88 331829777
234 712430052
506 462051505
238 726432876
412 379117335
705 8838514
14 27021321
589 947349154
344 317471377
961 390525421
857 127167833
254 270408347
723 349691544
412 126283471
714 772749077
710 762304984
322 449030397
672 459236544
793 523201430
222 874402613
386 210518993
935 450327793
579 348599544
874 418421170
104 138070596
488 255781694
357 714555180
319 129471521
867 928643318
607 18832374
668 839168716
990 438578496
457 256141571
79 347461721
217 146579673
947 331283334
231 333658000
568 956795428
893 743296104
632 90989502
55 57932329
104 361443171
182 536142897
265 9016188
993 618066818
745 169800469
411 993476437
800 775920978
298 983473495
287 990376571
358 314642721
270 271037042
211 169169783
851 956540292
559 280742743
896 171946432
12 776777086
72 460796464
39 589442293
47 892526014
742 519883010
573 637778637
600 537701438
158 58448966
325 154795753
660 120716907
42 939215501
815 627698329
696 303674366
374 244985105
964 787200750
94 734517653
131 477408284
38 555831629
562 739002393
761 600948506
896 517990356
517 438702599
971 351707587
164 958563736
652 986778798
489 590483528
91 167089904
729 727365093
568 26374568
51 384099208
869 832583594
104 863730674
614 325502653
807 472560511
761 448126256
57 683410559
510 120387697
444 121907195
963 82824248
141 438288541
848 234610023
186 208301999
788 366782474
838 150230633
678 213314780
862 265497383
966 120214734
347 765340620
612 256556373
41 565922723
28 418688052
352 895367109
733 412699246
158 926599228
834 229305791
222 497772800
905 319813097
32 636153103
531 689364119
881 894611695
11 935733681
468 618317929
526 392107222
97 564119624
349 879252091
695 260299084
681 466385925
668 187934508
638 54833877
604 108627160
779 20735194
858 657473273
304 185965643
442 9989434
371 6705923
269 145564086
159 748507700
287 840849720
114 302621003
242 657741619
156 496428059
653 447688561
61 299182205
500 662274924
85 588746180
215 297702136
567 855741010
834 758093669
41 237725030
428 198760783
605 807791923
134 529286150
486 368296744
757 590198520
44 559447514
458 440997137
203 298722377
64 335522017
148 506612158
726 108672507
689 151302942
425 624507985
406 122723274
67 617032234
979 595605047
983 174653168
760 181212726
565 100132177
462 93973035
502 694498742
658 189930019
707 128034216
440 993666228
908 932645030
810 508623614
613 411728100
725 763061003
842 224782671
57 950949856
956 372594355
823 375196553
880 375041778
927 906093145
280 16443303
563 302343519
919 212567004
736 919306702
130 509560792
203 691157906
830 425140605
697 613553740
254 219550177
275 162766417
117 898134221
237 548930453
40 301866721
740 382773051
582 364887540
639 367301782
251 252444311
483 789664277
697 416764025
700 682014959
724 327549565
724 211381307
454 373242547
441 79149768
213 300265335
414 97029462
137 618805682
586 327475381
775 896263382
831 908189756
872 415828978
288 752603092
2 969410704
591 140223339
487 462975490
784 83907052
845 779385584
789 836726320
124 702117148
238 423613704
92 802465889
309 405766224
411 231360048
879 879445172
4 76528709
180 718401475
284 175610922
663 888489326
546 877099515
76 172548508
199 481043457
660 204484202
685 120484028
693 35320697
543 661021016
934 942577777
18 98344867
616 43681412
725 546701176
298 960064561
855 726215670
283 504466341
221 757212314
58 873636874
732 397501519
506 714341283
683 484333723
906 67772295
985 113842337
219 778927092
400 391569938
245 816699914
930 180705018
186 295419180
81 695701782
953 349410429
144 790804989
638 772765195
521 133284879
253 819465069
631 388871101
901 890853033
497 262888073
236 305563997
241 976208631
852 203384620
386 161053326
398 903319721
