400 1000000000 2000
251 102853878
195 96886105
254 165422814
332 96886093
256 475791454
363 175457468
224 607292740
301 257767159
301 46077025
379 96886088
255 283665651
272 96886096
299 337444937
140 111058198
195 5460712
47 96886128
41 852959507
395 40851519
398 789279327
40 96886117
168 270638085
81 921392435
356 276593259
117 96886118
301 618491645
143 96886115
145 529952677
318 257494776
58 698653106
135 617177901
308 661140666
81 96886122
172 647390061
217 96886098
84 96886121
54 988706527
170 587741003
332 287911232
170 96886108
215 977263602
165 592474975
92 793393887
166 144063104
55 499039830
190 96886105
374 96886090
159 96886113
370 96886091
285 668510669
101 59926552
344 31169052
44 96886128
242 96886101
192 879772461
346 117866836
63 623793501
275 96886091
79 40090336
282 31569265
320 529618974
151 875503455
119 305338714
6 206362484
365 96886092
30 96886117
207 548042766
59 925086542
287 420548402
241 96886100
120 135869854
204 96886106
113 96886121
392 975740091
386 753329986
343 906506496
359 426292221
69 96886122
234 455292731
359 277589224
265 96886095
136 924482199
96 906046357
11 96886113
190 395858941
239 559595534
109 96886121
297 51378119
220 350639909
74 485560946
297 96886092
135 360653398
91 786842898
105 96886123
269 640534051
288 202055024
134 96886118
269 279130886
389 928854367
112 403022515
396 96886087
207 572671709
94 646212433
179 96886109
66 411216171
322 632567431
204 96886101
46 313632723
189 592114261
46 335165673
147 96886117
152 342034682
260 816926565
241 96886101
310 184452432
138 96886117
24 96886116
350 337064461
358 96886096
81 47839416
286 96886090
45 96886122
226 597985157
138 394453261
177 544930808
102 261786429
106 162170934
135 939305021
276 96886091
274 529043680
25 820752432
398 96886088
300 96886091
293 552269625
372 190492256
104 402979759
261 556122294
216 96886099
27 542582869
295 96886088
1 561268967
285 956856515
87 785236597
8 554877691
307 173216814
391 185682638
190 783214871
58 96886130
258 606038820
341 984095637
322 742321760
226 290065791
37 96886117
296 96886089
78 96886122
298 340907167
27 96886117
194 805333371
192 935267749
350 96886096
127 96886116
346 527203685
286 96886089
65 96886127
69 168086791
175 239623863
49 96886128
7 849218843
151 96886113
133 313891042
221 177931809
27 96886114
71 47316260
299 96886092
75 96886125
204 96886109
40 786277706
231 96886095
57 96886130
344 973587519
128 748432807
385 569727378
367 936668359
376 96886089
39 864840380
351 656852901
267 593261571
371 380306973
347 148034589
188 634390008
191 96886109
150 96886115
365 562230460
297 70610750
60 96886128
59 96886129
314 222090930
67 222578000
51 728063990
296 710876110
140 368341131
310 982735372
258 492042318
38 403420484
343 556240117
133 36371220
367 915542434
310 459757688
265 96886094
164 289419536
208 96886097
366 96886089
144 280023179
300 96886089
156 374601686
169 767496522
291 971060576
97 96886124
141 96886116
146 160642637
241 510501016
149 887265976
226 932233027
204 96886105
280 775543020
199 704381574
273 337709856
380 96886088
221 96886096
383 326789560
118 305256903
34 96886117
254 600564194
255 932991498
112 696886352
154 96886111
216 521247483
11 96886110
159 91816170
207 363747009
297 96886088
1 969424153
389 96886088
353 668151965
222 205801729
280 96886091
268 948659362
45 670394123
20 96886117
250 997426876
398 259904836
332 642727706
357 578449026
374 96886088
361 105923641
296 934003735
127 122253124
384 515238078
109 765647120
204 96886104
160 96886112
342 96886096
281 96886091
76 839320395
70 96886122
373 96886087
83 96886121
130 437870027
120 367517229
45 96886126
396 199997576
287 889684407
27 96886115
50 879897389
303 96886089
117 229016850
306 714315651
151 96886110
308 398467378
203 990262284
65 96886126
189 96886109
90 453971082
73 96886124
78 940240880
304 16852716
104 96886123
25 144987344
328 96886091
15 96886116
42 96886122
387 512880919
290 972428192
28 96886115
384 240272768
106 606782954
271 96886096
171 114555157
224 127781750
101 96886123
136 514752786
232 641887589
241 795320767
126 528121818
180 758201172
360 996646915
216 96886098
138 812457068
33 59680060
259 569053678
243 96886100
396 9231623
16 79634256
164 96886110
232 397832970
384 96886088
82 678003967
159 724592294
80 454185199
6 613047425
23 119654338
107 96886121
310 612068277
320 937168803
204 96886098
367 96886093
215 645949224
75 384728925
135 96886118
296 198790841
139 761409535
275 547989704
167 96886110
57 96886129
156 96886113
98 683289212
302 50487102
226 844407679
46 96886128
8 443413703
331 96886091
361 770390140
181 352976519
344 864974261
206 96886106
21 652871653
199 589754687
353 555649755
328 411602656
276 869554219
178 805686426
200 96886108
149 96886116
268 96886094
346 96886096
375 96886089
134 168392419
259 96886097
360 96886096
281 756877215
153 963907978
284 57821903
66 331815452
160 587309177
376 93623279
67 14951760
118 96886118
152 96886110
53 96886128
394 96886085
212 96886097
340 337029348
258 197859082
291 96886089
26 96886115
54 991392622
52 96886129
297 96886090
358 685118587
45 96886124
156 96886112
373 194874566
220 984540928
64 441648814
85 231161238
73 295360150
39 59582876
253 137731865
327 96886092
368 577304379
217 96886099
332 129835892
96 96886122
344 21210917
304 404061952
202 995236202
343 192108976
177 17422082
220 265757292
51 287194891
312 414051296
189 96886106
242 412878193
166 599549967
303 966639814
332 96886092
364 96886096
317 287102977
98 970465505
239 96886098
130 96886117
324 920184288
27 594618840
129 96886117
147 613108886
28 296032817
74 552496455
252 658204347
172 669624555
253 96886100
326 795730718
387 924168853
334 96886094
374 158145419
269 96886095
12 96886113
80 96886122
254 111601261
291 336539810
180 416200785
377 958195900
105 895867499
307 892045664
123 387522380
145 96886115
378 366372230
264 9376046
133 875370044
58 646142849
165 364555177
261 332686727
88 412393148
156 487865849
137 607587045
40 96886120
68 96886123
296 96886090
365 158195394
228 96886093
83 96886122
34 427057870
327 96886091
199 948325646
79 379556954
83 242478318
138 699405688
250 96886101
28 662413248
115 96886118
322 428672264
374 96886091
75 429667625
344 802724994
397 90797189
357 42086778
343 442989155
283 743279788
238 96886098
278 275033239
222 452643787
143 365434784
167 883636350
365 96886096
390 774636915
346 689076437
17 673144325
107 96886122
393 487643106
170 302699004
315 96886090
144 272209302
258 275606590
348 96886096
29 615433712
263 330736653
341 96886096
205 244746906
358 151839608
313 24905363
63 96886127
200 604024072
88 96886123
28 967483513
27 96886116
55 113476567
292 96886089
361 96886098
233 96886095
377 842672288
21 96886117
110 96886121
222 96886095
336 96886096
349 740606086
206 96886097
279 96886090
155 955665100
190 96886106
158 96886113
341 444419062
64 334007893
344 478632821
189 935432951
44 96886122
211 96886097
69 986782583
11 863185629
240 96886098
311 731489845
360 96886097
351 96886096
186 884226674
202 96886110
167 983190093
131 605883322
325 345446268
382 96886088
258 474829545
87 96886123
211 250594114
283 96886090
392 410984617
193 96886105
353 734458489
279 993622671
101 494561072
285 248026010
199 357847587
205 96886098
40 98934828
337 867586046
241 96886099
80 555571545
262 12233504
168 214416813
10 230006854
38 787581839
366 96886090
374 8034908
67 96886124
292 988563374
273 96886091
117 366122621
103 96886123
395 96886087
134 457561489
51 96886129
126 96886116
219 96886096
137 975576685
353 96886096
309 780860274
87 353077784
322 714527458
63 519368356
239 783304792
1 356993808
242 878938734
33 692678412
265 380526011
200 96886110
95 39469951
55 96886127
34 920823592
155 643256493
159 96886112
316 96886089
190 520263321
121 857180641
191 96886105
106 784516435
20 727610333
129 980651930
175 117084052
206 974605244
55 695753062
213 711736646
202 96886101
295 96886089
258 411080729
391 96886087
117 271447611
364 96886091
311 356507717
17 96886117
64 96886127
61 731304381
395 163031757
228 96886095
216 774265484
243 884485248
333 463447643
200 432294170
56 562575878
389 140767572
367 160637655
211 321148049
302 705457836
349 155672609
16 999667226
391 445928085
153 140322205
321 441501965
114 96886119
85 875901648
334 456895544
112 232696706
76 96886125
252 96886099
202 96886103
322 96886092
8 96886110
303 667572920
194 162393854
30 514372642
191 96886107
234 976302032
241 199093614
45 599492299
255 96886098
182 96886109
70 818126281
255 762852320
40 96886119
179 779331693
367 96886094
306 96886090
218 96886097
21 913149897
133 712565691
174 132935720
240 333184644
155 379968439
131 96886117
98 878866640
31 305181873
314 55945657
300 657137887
330 962892709
255 96886096
251 96886101
66 96886124
330 587025924
136 595029791
48 96886128
177 232825868
174 141989629
2 96886113
259 250747273
132 681062066
361 784656679
320 96886091
360 631957493
102 23332708
74 96886125
10 96886110
199 96886107
78 883065757
246 96886100
208 545440449
199 257403740
170 293484231
378 719348828
298 96886090
126 298074913
279 490409418
338 787292593
238 675777186
396 628193790
239 343912324
356 561321735
177 975114062
287 734491136
25 957026334
395 659322660
132 78596017
280 225641503
62 436081091
14 96886116
74 551500459
37 316073471
55 791917592
321 759203291
384 139839306
308 716700889
295 760640538
70 913883304
371 185578835
241 832563395
357 392681996
265 275921570
132 749216226
245 210857218
261 96886097
205 96886103
250 290035400
2 795229149
142 96886116
120 96886118
203 96886101
84 692439089
15 691829014
360 767067345
243 96886101
339 474895837
138 96886116
256 416791237
300 96886092
229 266751787
192 364235702
152 491212212
389 80165107
268 231069264
89 653124531
203 562348675
214 96886097
21 21506513
270 602064665
345 96886096
285 96886090
344 914235094
40 96886118
7 96886110
335 193701444
134 96886117
35 96886117
45 96886123
247 96886100
85 669325509
142 616042783
169 96886108
240 27260490
77 96886123
103 130096261
198 362103521
201 96886107
53 475800460
209 524303861
152 288933272
146 873969718
360 96886098
392 228089563
64 305060904
201 96886109
119 360587958
9 96886110
208 260592220
327 338927217
384 190550212
385 312531518
70 774322802
377 96886088
136 96886118
59 96886130
205 96886107
217 572043494
45 96886128
328 899614169
239 176127891
76 445582172
244 846108551
207 96886097
60 96886129
172 96886107
4 96886111
101 96886124
267 803556529
252 96886100
284 80274433
385 977371032
386 241587257
149 387177975
334 924581183
170 842958135
88 802671534
293 96886089
334 96886096
91 343510124
216 177028465
307 96886090
360 33976238
106 96886122
220 671985646
153 555110178
123 96886117
172 96886106
368 78293424
110 96886122
322 96886093
222 667571769
221 733672236
317 997810941
190 765911010
346 747877671
199 96886106
247 868122270
395 809880161
276 96886090
344 201295285
240 96886099
229 845137750
91 523460394
371 96886087
217 850590126
130 171028981
386 452357848
313 96886091
204 467794715
357 291837021
282 96886090
196 96886105
149 852512875
223 486315710
365 498078291
382 179569329
283 571610110
194 63380737
25 96886116
208 971755743
381 96886088
231 330361665
120 649494601
249 866702343
237 880619954
136 281408012
385 717248209
5 641381928
339 96886096
319 96886091
257 945911890
309 36971686
257 227491281
384 108134317
378 518778215
195 588583281
186 421163431
191 96886108
3 96886112
128 761637686
211 96886096
220 792217182
279 500234253
329 350841411
337 96886096
27 788858080
181 611604962
236 96886097
190 96886108
39 732917342
313 96886092
165 129868488
45 276137314
71 96886122
91 391878288
229 96886095
325 832394503
166 96886110
381 336591505
238 12864860
162 96886110
114 96886118
93 96886121
153 461863192
308 96886092
72 231227845
33 108153923
163 96886111
314 96886090
288 540993140
254 736145359
326 917710352
293 838422031
342 968845708
124 96886117
12 96886115
181 289371592
309 96886090
108 96886121
278 49824226
39 328393031
228 743779083
331 616033326
347 545592782
349 96886096
263 537536202
136 479053011
372 541709757
190 522620431
307 564373378
310 96886092
308 96886090
259 96886098
124 675548737
146 96886117
168 96886109
173 96886107
362 527983566
93 96886122
374 27984796
68 430358125
16 96886117
281 96886090
89 96886123
21 625686423
163 630065041
294 96886088
364 748028415
343 96886096
10 25527927
89 501208626
71 96886123
244 260777106
236 96886096
168 96886108
298 96886089
243 95504665
10 604758286
378 96886088
350 349121043
266 157625687
139 45825419
307 672662896
60 715599122
137 96886118
298 96886088
352 900198966
73 96886125
250 96886100
72 96886124
296 894492027
33 429076100
262 96886097
41 69726376
140 893994035
199 477572526
256 851090467
372 144382562
144 419030634
345 153355066
156 96886111
154 96886110
87 136943705
102 197172731
41 10892704
106 130513924
22 96886117
122 96886117
383 96886088
238 166352533
385 469891706
389 219374378
65 156882001
32 47146828
90 846493321
373 96886091
135 937224056
249 378115183
137 47080807
201 96886108
132 850424882
132 96886117
148 738853006
377 96886089
330 96886091
244 986906396
5 47477312
98 96886124
173 232190895
195 239223518
354 96886096
197 83045937
359 96886096
4 538278473
215 96886098
365 221743755
315 96886089
291 844649724
228 468660176
139 951782329
120 279754289
53 96886127
226 7695657
173 465836243
71 511926500
87 96886122
28 682294030
375 521118042
361 96886096
150 239513076
241 410274707
70 743653834
370 506782794
368 96886091
232 96886095
195 283412977
194 270025850
178 639773860
313 930898121
358 861597826
311 128775666
253 96886101
115 929129568
224 664124548
368 831154785
53 615039520
95 96886121
335 47951090
247 991628863
225 771032958
272 561463615
40 96886122
143 448272599
35 756974650
36 754469770
229 956454129
78 96886123
203 667589568
61 153040987
18 567240938
201 303149681
51 62692715
285 969994719
211 588352405
273 96886093
156 946988093
174 722377564
119 207427516
221 340907789
192 96886105
250 971342079
236 611521191
132 135060822
96 562911616
190 96886109
150 96886114
254 929240334
32 137604390
183 48447165
90 312829491
282 651619753
28 567680109
171 96886108
38 320092810
248 279532039
385 96886088
282 762650548
367 96886091
249 96886100
330 351003088
289 575273075
342 881568791
35 362624411
198 96886105
200 96886109
286 575873266
223 597876468
268 461295547
290 96886088
59 135368942
116 343002985
382 51713757
204 96886107
44 927820501
365 96886091
233 838327416
186 96886108
338 287183421
258 642118743
265 96886096
59 591564451
232 96886096
55 539381697
175 96886107
118 95571104
313 714541471
224 210814977
82 96886122
168 96886110
114 688482595
269 233650529
123 638731286
375 802256547
204 96886099
5 476916263
294 865915400
237 96886097
197 870885171
60 542405524
143 96886116
4 888522614
201 96886102
319 164218400
160 178629394
235 751410873
388 96886088
99 96886124
96 260987654
165 552965586
161 96886109
72 96886123
394 747999972
196 810889587
373 96886090
57 894762448
115 1301051
254 96886095
396 972628415
172 926979069
126 145004810
146 875662180
328 527216854
157 96886113
100 574937495
317 96886089
378 799887142
328 951335801
8 546696290
383 68974160
65 874299778
58 594607783
134 664956567
126 695734979
58 288496506
183 404255740
164 97322399
118 632149189
307 848141768
183 564374560
285 740855280
273 96886092
300 702065617
333 935248318
279 870377592
332 646625441
385 648469892
304 96886089
108 900882949
244 96886100
374 653500488
352 96886095
24 709854220
383 146048693
35 944366754
86 96886121
54 96886127
391 96886086
84 255330592
132 279090689
109 96886122
57 96886128
224 96886094
398 804283712
179 797830366
1 672909751
93 96886123
267 96886094
34 481801828
184 96886109
128 561904164
231 611130461
298 96886092
153 555124633
398 173887624
234 96886095
300 72914810
13 96886115
3 96886113
326 96886092
13 555865951
108 96886122
71 323933810
371 931110238
393 96886085
28 96886114
50 914735225
202 96886105
297 612088802
252 831143301
12 526827572
28 96886116
349 78604480
338 815354240
319 133049773
236 973371269
179 96886108
22 658247225
347 887577574
68 96886122
100 986971473
45 96886127
337 971607387
94 96886121
92 620641903
194 894029281
217 96886097
345 95139897
121 96886118
47 460199578
314 694371550
184 504874792
372 96886090
361 816120537
107 306444476
38 96886117
118 120899927
84 137917762
325 96886093
28 96886117
364 96886090
245 745324463
289 21585951
38 732762456
79 96886122
67 23292688
36 450635020
293 407654418
125 96886117
58 387798321
301 942226387
221 417450197
311 901942036
8 859019788
366 96886093
160 75596398
274 650457875
32 307521191
370 943634089
11 96886111
357 96886096
274 96886091
321 556785610
336 702901398
180 768519529
116 96886118
32 776718675
346 100987324
171 778177212
51 46669424
96 96886124
203 447538224
311 96886092
152 39174925
266 871994671
96 96886123
105 96886122
300 96886090
130 238395544
217 974266614
114 96886121
170 462077321
147 960454858
371 96886090
67 33642707
121 84413410
353 600089234
308 96886091
157 792375964
73 840504004
373 96886089
291 696968251
252 96886095
289 96886088
252 96886096
210 96886096
325 96886092
252 95723883
321 96886091
11 128745417
296 96886088
226 96886093
49 101517618
78 34099795
270 96886096
391 96886085
39 584513158
311 475045895
367 96886090
234 856032822
347 994430094
65 96886124
210 834308110
230 96886095
229 3363852
331 676289288
60 96886127
175 331575092
268 838464512
205 537375396
40 96886121
206 96886104
78 150239072
177 438081103
356 704719528
1 991904164
171 226508194
315 753416436
263 96886097
140 96886116
86 193671181
318 686716654
387 96886088
49 635315022
318 96886091
200 96886107
160 96886111
114 714462037
77 907720140
289 96886089
160 96886110
200 96886105
201 96886105
109 839339052
83 297027578
179 432932270
202 667325166
153 957247055
270 568213105
140 740551385
5 96886111
151 992210591
207 181386928
67 94232990
155 96886113
3 96886111
246 96886099
342 75449574
244 472932730
306 344376214
32 96886117
47 502120272
23 96886117
297 687607309
353 418439083
23 442838344
201 96886110
250 33289211
170 89952407
153 96886110
21 497547795
111 833123230
200 995307706
363 96886096
80 780070041
342 326394514
280 494553643
10 172747113
312 96886092
396 465768254
329 438774626
395 96886086
345 233145939
311 764627264
158 786232655
392 862186305
60 96886126
256 521264875
49 281541434
287 96886089
372 96886087
120 448425016
124 10166395
181 96886109
245 96886099
318 157590192
62 96886126
284 660014602
148 96886116
274 469576353
203 96886103
316 644991399
204 96886097
170 332152886
180 879678514
186 198684584
340 778957090
327 851413350
356 96886096
167 742983483
103 263351342
197 328625867
306 744717633
96 428027547
390 378259260
323 96886093
1 96886114
42 598471457
263 510925537
225 236551892
257 854000859
63 822042808
1 224550844
171 96886107
184 912051286
74 374714809
180 96886109
360 702652666
158 44552892
100 381506271
125 840918386
75 292957429
206 96886105
79 474680082
318 96886090
352 96886096
28 593566445
122 96886118
311 94774167
201 96886106
368 992906132
56 96886127
225 96886094
173 96886106
192 96886108
390 96886087
341 366446047
52 99120087
241 217816350
185 91093786
151 162126899
238 39772955
151 96886112
76 96886124
32 982838448
298 408800162
347 96886096
363 319366042
244 262471952
268 615654211
45 96886125
26 96886116
354 341627922
342 50506866
235 96886096
315 529416008
147 651862585
367 96886095
150 96886116
70 373303330
290 96886089
76 96886123
143 889160665
96 887360560
268 96886095
223 96886094
372 616505830
270 267323465
233 840031920
262 855804548
292 487553841
2 266318160
359 485720375
206 96886103
278 96886090
216 651882655
249 282616461
284 96886090
182 928312416
205 96886097
113 96886122
165 749577467
356 283936924
143 971373663
250 93849594
63 854180998
238 821942437
238 263748896
176 96886107
91 96886123
366 96886092
74 82354475
56 278350455
257 695470568
156 857485553
239 373325927
310 406060169
145 275082140
201 96886101
64 96886125
124 69851409
292 606896598
390 96886085
67 96886123
221 155662440
342 275546606
276 117427326
194 865029443
307 16259408
167 544263571
227 947967298
125 96886116
255 96886095
119 573507072
73 837148839
383 256165370
360 41808128
314 704967051
272 25725488
244 568598583
394 96886086
209 96886097
322 96886091
310 590484467
371 96886089
33 90061976
202 96886102
355 96886096
272 96886094
232 279609736
227 96886093
96 96886125
362 96886096
14 253418130
48 700415263
6 96886111
79 343735325
337 305492701
353 96886095
48 96886127
398 912767507
330 520919379
333 96886094
163 96886110
220 96886096
179 793299686
2 96886114
64 96886126
47 788178596
398 837548343
157 368010059
160 822451255
174 358333416
296 96886091
258 96886098
166 66634427
93 855918508
194 39495647
271 431818432
311 760415534
202 96886106
215 934155271
388 271291235
301 96886089
138 96886118
237 96886099
25 13891137
122 450452212
266 787561453
83 96886120
6 18290439
397 96886087
66 785923572
105 815860369
333 47672875
203 96886110
284 594699787
259 68836701
285 99706213
364 645943779
346 546980287
133 96886117
27 735210926
205 901157804
89 544375405
177 4993391
167 628692196
217 333076197
252 96886098
260 96886097
40 548561080
83 89240154
7 926485307
303 183255587
31 518114142
257 210627782
294 96886089
62 791612283
179 427613601
11 96886112
196 996945803
318 96886089
47 348874506
363 929527006
135 912783527
258 319124379
325 480633264
92 96886122
205 96886099
206 712440587
239 382342193
96 495427940
188 511811026
146 33576347
317 835833376
386 96886088
305 96886090
31 582629730
311 249209034
342 872123554
315 415875282
29 96886117
265 96886097
194 451469132
193 706169411
198 244083734
181 430110600
235 96886095
25 626221985
358 535567991
335 57415368
262 846134268
277 96886090
264 882911185
385 671773969
194 923744656
203 96886106
90 96886123
187 96886108
372 470793931
308 427129939
231 294840020
288 499328990
241 491434340
20 493526030
392 96886085
151 96886114
257 352521366
66 858429436
12 96886114
8 900664060
328 949849249
219 6220850
144 436610481
171 832035350
9 364545704
264 96886097
199 96886105
262 677375711
155 96886111
181 493326487
333 96886093
374 96886089
314 96886091
304 158954909
228 161468424
253 96886095
160 96886109
275 802494480
335 96886096
69 205154311
150 586016403
154 595017637
233 96886096
39 96886117
369 96886091
33 96886117
162 96886109
179 117925815
74 121190671
260 871110109
137 627773434
190 466859558
234 966167861
121 59561215
43 719544011
252 96886101
7 96886111
199 421352216
229 464859326
240 642176764
255 96886097
219 96886097
331 616980972
372 193685555
52 96886128
295 925441327
89 950692906
112 96886122
346 435425588
375 351315680
14 96886115
307 338674114
272 96886095
177 96886107
174 96886107
365 127193918
315 367827799
56 96886128
244 984634461
111 96886122
221 96886095
16 121380168
95 96886122
364 96886089
359 96886097
335 569279987
361 96886097
355 150014857
269 866322096
76 120061663
243 573016509
31 96886117
302 767375936
100 96886124
366 323875196
364 346002804
398 844806753
282 213719684
139 96886116
397 96886088
275 372237043
244 153153893
185 96886108
94 900184199
251 874519770
47 608187173
14 158197921
177 96886108
166 547497101
204 96886108
210 96886097
189 96886108
339 96886097
319 153302296
172 839205381
43 96886122
363 542189019
139 155626100
276 408179012
373 96886088
329 96886091
333 915278442
200 96886106
65 291719818
104 208016799
78 151243566
64 96886124
232 917850018
390 96886086
372 96886091
192 96886109
371 96886088
194 96886105
197 96886105
309 96886091
97 197881289
123 512946546
392 964290616
263 264168588
112 354544210
350 355865126
380 193800189
135 250388385
340 130865017
333 182932229
20 777093483
92 96886121
53 661442798
266 652097111
273 96886094
33 76726233
264 286420637
185 96886109
153 47514012
341 821250940
335 227334099
203 96886104
179 172564169
189 96886107
380 509530939
177 625412668
287 798838497
98 537470001
97 431365545
364 224086797
385 337492500
180 179117738
78 286067200
128 276280466
36 96886117
44 96886127
365 512298394
301 220787972
24 699353377
202 831797529
393 497509070
261 285679798
50 96886128
65 605884722
89 794025832
340 96886097
80 492334745
315 223993353
66 48130877
298 729449964
342 880095912
165 96886110
45 916547111
59 96886128
306 518211888
135 69781970
131 914623167
248 96886100
48 872278852
136 533811029
211 838598942
296 96886092
56 90173675
142 543163180
365 521100441
128 96886116
362 282550004
3 97417150
24 96886117
39 793247359
367 96886096
199 326250420
279 96886091
12 715192974
105 339098605
236 96886098
237 96886096
177 541570871
205 96886106
372 96886089
71 20423750
228 96886094
146 96886116
223 96886095
236 965006194
188 257655042
20 93896180
178 96886108
102 96886123
274 470256341
256 96886098
236 352619224
134 45795528
114 175518906
344 96886096
146 96886115
203 96886109
263 584531411
59 408762013
392 78113467
14 831905889
87 96886121
87 270331914
236 859134259
171 611695324
237 96886098
387 624307529
200 721739109
16 96886116
76 86856529
247 720416682
390 610036615
350 605529271
264 235627600
27 428182403
61 96886126
324 96886093
136 936336165
376 963819615
108 506573481
283 910513672
85 96886121
203 96886105
257 96886098
390 853263937
187 621492571
213 96886097
128 535087658
359 95051052
335 811309698
121 993105326
119 96886118
5 108802283
5 345606329
280 682986591
184 361156775
244 391602498
188 738295713
84 96886120
297 558873886
301 989591283
179 936848527
115 978771685
366 96886096
273 103110727
313 245136821
114 96886120
314 72820222
289 9329539
171 541497447
204 96886100
150 571339452
249 404842736
110 593562223
49 96886127
132 987094931
332 96886091
371 96886091
104 761926804
62 96886127
302 96886089
162 96886111
162 87817597
73 885864860
382 37085589
214 96886098
252 96886097
253 287876357
236 20568985
288 96886089
183 96886109
390 96886088
201 183212719
365 96886089
162 94258531
305 96886089
198 736698458
359 96886098
51 912322035
186 987064462
2 607141541
18 96886117
129 96886116
236 96886099
336 438096988
239 792977435
141 250753359
341 96886097
91 622819398
164 841936036
337 334543301
266 321117608
190 96886107
65 96886123
274 933024900
175 619352582
78 881082459
397 173665825
59 96886127
97 96886125
1 533301534
68 556933158
225 96886093
223 310102229
144 96886115
66 96886123
254 58964445
92 96886123
96 419224013
18 306246676
19 96886117
157 484966614
288 85287162
239 193190397
65 849834482
269 96886096
309 96886092
196 633541235
331 49091187
171 454487897
88 144879028
148 96886117
188 96886108
250 887952725
105 643417361
334 96886095
41 96886122
338 96886096
245 637708936
383 581482508
388 521071890
151 96886111
144 959040136
266 96886094
39 392031422
205 96886104
155 96886112
279 690846122
384 63998870
173 601944923
168 967674025
269 720945607
50 96886129
266 366322832
38 149600818
142 313583528
245 96886100
