200 1000000000 2000
161 640926128
168 489304689
114 331165965
88 950449958
1 298359950
149 89061614
21 184869716
96 163922817
130 896858313
121 558905956
130 396307634
146 904911285
104 230593067
104 53126260
1 477431592
79 298359900
98 10208411
66 298359907
138 298359912
98 909986620
41 298359916
196 916906365
49 573714408
27 163487131
119 64888686
119 284147704
25 131949991
43 298359921
83 449798841
131 298359913
125 940035562
22 872925751
119 191578246
40 298359920
25 114258488
21 645670697
145 84517779
31 298359938
38 99151951
48 570709554
74 939456008
30 298359933
167 298359881
149 298359901
40 298359930
184 958330619
39 298359919
61 32879759
73 652631720
137 3306650
48 59120652
32 300661517
165 553553247
192 488336857
9 298359946
100 795212096
52 896790222
98 298359917
118 382092818
18 298359939
98 298359916
24 723201409
100 298359917
86 79418373
92 298359905
38 525715567
166 298359890
123 850615511
93 694258859
88 149266590
129 891368804
113 953755224
179 654364925
5 390493067
62 923062165
111 361114858
12 955167675
4 969160325
23 298359936
44 298359926
46 298359925
177 747325783
133 298359912
185 582601714
167 766446480
60 298359903
22 298359938
150 523079660
91 298359902
123 298359921
127 367564715
66 153992451
115 298359928
48 538915779
3 298359950
7 625886148
26 457569033
20 893464898
51 298359911
31 984750819
60 298359904
11 298359945
19 522465597
182 769973336
12 298359938
170 969452352
14 298359937
116 21891887
38 743638916
46 298359917
38 298359927
149 323481254
147 962339740
179 344134440
151 298359895
17 879037369
156 405439036
41 298359920
5 210327225
159 926885653
22 915643795
57 298359906
28 872491908
18 692520056
148 709337711
67 198586165
10 325660104
33 116744862
111 298359922
139 298359908
28 234027584
105 298359923
74 852574320
171 298359888
82 685988784
82 164582490
15 152873299
134 70969518
151 228446772
164 191414240
173 704557736
40 298359923
39 489808253
173 898746660
175 565230730
135 460842159
119 298359928
198 981372225
184 412910540
38 55638038
179 243384937
20 298359939
87 604210741
149 898857645
84 980996887
6 668714892
176 879917605
110 226670649
106 57925159
145 782343562
108 505823937
102 830645537
113 778171153
7 723353592
65 505939768
94 298359912
93 768883753
6 782919377
85 40897148
111 956917159
63 87043082
36 298359927
159 661719557
101 219707819
96 375795421
17 298359938
180 22449640
105 244416010
124 829824582
193 561234327
58 978249914
118 10713116
32 637227802
51 422456127
65 993516591
35 298359926
46 215317223
23 298359937
8 612804059
78 872919760
117 298359928
100 298359913
197 298359888
25 298359941
42 298359923
166 777283200
89 976272710
13 472890269
35 695188435
11 298359948
182 298359890
73 554876923
181 298359891
59 114314431
133 618617602
50 821981587
6 911573801
33 246272309
124 4281662
137 687243854
99 298359917
166 470104634
109 415149906
12 400242735
51 298359909
36 527616195
93 263970061
102 78458435
158 156069568
117 657527296
28 718130872
85 240336069
181 737681585
144 908101271
62 280937644
40 600524721
88 298359902
13 54237174
46 298359927
67 384813071
39 298359927
53 561501006
33 146597970
49 243416472
45 8331628
108 913374851
166 298359882
153 142189610
72 298359906
65 634051158
194 769898234
85 298359901
46 298359918
62 298359906
46 298359924
72 378680827
37 338885853
95 254491658
40 407646933
113 774561986
8 969476768
115 748274081
51 500614426
32 347823238
137 329922362
198 54173350
144 219943384
59 298359906
139 298359912
73 298359904
87 131976789
91 298359903
110 887507915
91 336097013
62 298359903
143 978897533
60 571602894
4 584927734
99 298359913
140 298359910
107 466068710
134 132011476
112 915281108
191 905060759
114 954000878
46 298359923
103 849066428
181 298359890
33 439405593
70 928154651
157 365682822
140 298359909
48 519877193
125 677986989
76 313731334
173 472644430
126 298359916
85 298359899
116 542788905
33 298359933
168 415976985
131 650363633
170 298359885
118 298359928
104 736749858
193 569626329
181 298359892
27 136197008
32 298359934
40 298359931
127 652679337
141 678747800
142 442722543
34 767067914
145 103570869
101 492414324
75 298359901
179 353954236
155 34480041
165 298359887
49 298359913
36 335020989
188 298359888
108 275452662
66 15514648
94 298359908
99 298359918
61 965908476
146 298359899
176 298359894
64 553593598
121 226688784
81 298359900
98 298359914
164 298359888
165 298359883
12 591462653
43 40192378
196 303806713
127 820493303
10 564955817
36 294515262
62 298359904
115 674776945
81 367918405
163 102373555
88 791691499
59 298359905
123 150853931
2 124454212
48 353830310
118 55944189
42 298359931
47 990886403
78 298359900
150 369421296
152 456578312
140 235732573
64 298359906
99 298359914
21 703497080
40 436709809
71 638050699
92 590825651
190 282185570
162 311680566
196 298359890
127 556500854
8 879468517
84 576421402
59 362526066
189 636884459
45 298359923
22 298359937
153 783395726
169 298359882
155 298359892
122 298359923
35 193489469
8 936965886
82 692891153
32 463899505
163 851268695
85 319134038
186 466949284
102 995392670
37 298359927
165 869182032
172 935412427
95 236269770
48 20371846
40 806077391
133 309835009
193 583798917
1 584646856
3 443037694
83 359508828
108 514795256
132 814351325
162 298359889
121 319788843
85 298359903
117 126624700
11 811543992
83 163351596
178 371347201
6 298359945
108 392868670
131 715498453
65 568646831
43 298359927
197 712456632
129 298359914
123 783128130
71 822907500
19 572971944
150 393221741
80 856728349
71 715268598
139 298359906
152 298359896
157 524273488
157 431207425
45 98743000
169 298359881
99 298359922
147 298359899
58 21739531
40 925648882
180 999676098
98 581266570
40 298359919
160 708271045
32 298359932
123 298359923
182 270021114
197 298359889
93 652823632
155 298359891
116 166903064
149 742779024
150 730670369
72 395144690
17 54340691
102 159097682
116 298359924
2 725812983
15 954369506
127 437624627
98 685372796
89 855419209
112 422190153
189 123221963
150 298359901
118 48183311
110 175610860
4 805883018
79 723624669
90 25501575
165 813615529
20 172310083
42 298359929
77 298359901
20 298359938
138 655088553
79 429225888
76 729518742
16 554670570
48 845465050
103 375036278
146 298359901
102 977693594
31 124871859
124 727855768
41 439521042
76 298359901
89 918764948
109 999740883
191 608967476
113 298359922
20 265617102
54 719012612
40 21937497
33 630327125
135 546983240
159 5222693
7 907843814
136 298359911
116 21129504
112 878309507
98 298359915
17 996896822
170 298359883
20 742352467
181 255197841
35 298359928
123 298359922
143 124900164
103 430998504
193 653284508
147 922351063
46 298359922
138 176780276
43 890264757
83 918792463
163 578028213
165 298359885
72 278880435
48 298359908
80 156807600
187 74337087
54 602748774
97 407922950
42 298359914
151 891371912
16 298359936
130 419753433
60 927211276
70 560254518
153 522864006
66 597088173
71 298359905
17 298359937
48 339752404
172 298359891
136 638713375
145 298359903
17 47909733
94 478908947
7 298359945
51 548528268
27 858257488
44 298359927
18 746786524
73 298359905
165 298359889
141 298359908
195 298359888
177 827967194
59 61493764
50 298359910
170 298359886
195 126569501
156 112875925
10 884478511
52 298359906
48 701445289
165 6501823
64 698756466
1 254087168
140 298359906
154 165083597
140 785539400
21 252290709
44 642865893
41 969741727
190 803140082
9 245766944
194 173731757
14 432825457
68 13318975
21 875865874
22 834859187
117 298359924
29 298359942
67 23990381
164 523588815
162 431230127
55 910845632
175 295959964
138 220946580
68 280626551
152 262572118
10 298359949
107 296742457
40 879909680
119 298359927
76 55283390
178 343817923
191 713384371
78 512364284
131 472615429
118 160045696
17 653966337
28 755133624
71 747027519
62 199927505
117 298359929
95 298359909
71 298359906
13 504930109
162 213814594
22 616736556
45 298359911
7 512091833
134 127740245
3 298359949
99 436031666
55 352587538
7 307799598
65 255313717
117 779259425
78 787259319
188 298359890
73 78262875
10 330277578
46 298359916
71 298359904
179 834676072
181 182449739
178 298359894
127 298359916
162 690244889
146 66914393
80 557050975
188 128422455
178 905668555
34 185361262
41 712125001
49 298359906
179 749811206
31 298359936
147 459535031
94 339065092
153 910880806
85 934523078
50 154682181
144 75451111
107 211098039
7 602262911
125 372072350
149 868416671
138 319474693
57 202085539
31 298359935
146 496347607
104 942496365
89 683437855
41 940555043
129 975326008
40 122856374
180 298359893
8 376900819
155 298359889
186 786044106
178 995478872
34 444579841
48 298359907
128 118608964
147 322099556
41 298359922
37 312358556
30 999533556
25 930009542
46 517452203
145 298359900
6 440972880
155 53235814
26 147127255
109 271257563
95 812785647
60 165291080
18 859935102
189 298359890
167 298359889
39 298359928
77 664779165
190 746659444
18 656213017
22 509512715
14 515867389
114 109895536
48 298359920
110 543637999
102 448303283
40 630873555
108 845371633
122 298359921
88 440574545
43 298359929
61 263483937
5 50319289
37 213298161
107 478808570
15 912070540
135 298359910
190 298359891
163 298359889
184 298359889
187 298359885
48 580902
93 519967422
146 298359903
181 438549109
185 914476145
10 958945236
22 26137577
47 298359911
149 592514234
63 819168566
14 784000290
93 440854277
141 108475586
12 298359939
45 298359922
19 298359939
23 298359939
35 298359931
160 704804385
22 165556023
101 814623980
9 298359947
15 827828445
16 50106788
162 784715949
4 647110866
31 298359939
13 298359941
80 152993902
117 298359923
99 451593210
41 915151035
161 298359889
24 158029817
112 528929883
171 298359889
42 298359920
42 298359932
3 199305157
185 276037957
98 760296020
85 180268161
123 134825927
16 298359938
151 298359898
31 298359943
54 738804487
156 298359889
168 298359882
7 383858332
183 35373408
102 765790701
48 298359921
148 561712556
61 573235223
83 298359899
101 488724067
38 268624712
147 913591978
42 284827137
149 493632282
48 236592928
26 767400468
134 448889210
9 298359949
56 341050811
95 298359908
186 426739205
29 453992082
3 465534507
95 554563329
119 242536682
165 298359890
124 520720353
72 295895985
182 558178258
54 513602005
23 715915122
27 927438339
47 374077078
104 988144035
126 764459494
8 303572405
30 94780573
13 298359939
32 298359942
165 298359886
54 870363122
124 181574651
22 365179044
20 911733572
50 298359906
121 16218219
53 246522604
31 19822523
100 298359918
22 298359936
17 977942723
197 921357245
193 97229711
157 298359889
170 298359884
158 815489267
189 598606873
90 298359902
53 298359907
195 899871112
195 298359890
127 362483053
30 298359939
20 707913358
27 477760870
34 499710732
12 298359945
73 298359903
165 859030260
81 102617554
130 290287442
167 298359888
179 633841607
98 878156934
133 717243958
146 670163823
173 298359894
12 675215287
36 778765574
108 392393652
169 615357316
69 298359906
117 143860532
134 572501403
91 589856475
139 892950561
43 298359911
99 298359915
165 298359884
81 954435748
50 298359908
49 257003652
88 459445377
188 753384227
21 899826476
105 98740468
194 571593616
4 583199488
130 837831243
31 298359937
196 298359889
41 408519609
182 298359889
116 298359928
83 128162375
123 372035409
40 298359929
134 166994534
54 449950983
88 72829872
69 298359905
131 353257430
165 824656317
172 625574473
146 727908460
34 298359932
160 364072376
4 298359945
79 194618566
150 664991630
106 298359922
131 789660291
172 751618840
134 891895967
167 298359887
159 774602601
14 275618330
120 298359925
181 529522777
170 597046048
47 298359917
73 298359902
115 523439953
142 998879168
55 915168429
25 811474654
29 848792866
84 255624407
16 962488193
37 230885401
94 298359911
22 701970636
34 868314648
84 484898209
165 621787445
151 827748873
50 480420385
21 394640326
37 430783246
49 767785128
68 602854003
107 298359921
61 298359906
93 139119523
160 298359889
102 186778208
176 541184382
29 298359933
16 298359937
189 554098871
10 757859556
29 132300759
159 298359890
11 339264227
174 298359894
20 978578299
19 59870256
86 403572673
135 842259844
116 828328585
171 157076528
171 298359886
136 376458562
62 298359907
10 69628405
95 436203417
145 756343374
82 298359900
194 758208901
196 951768892
110 971098916
161 256029272
186 44497683
157 729659164
174 395844595
122 563191868
168 298359884
24 414011097
94 298359909
46 154681156
133 591318285
109 717093403
44 298359921
91 488123359
101 298359921
112 66535248
152 263424092
81 181913014
75 112610720
69 298359904
153 780959628
198 52041046
51 936741502
42 398161326
101 749953093
48 298359919
26 298359942
41 298359918
23 462721900
162 217177055
73 812778386
88 923136610
88 383052787
72 369396082
72 924084365
73 592786414
101 361359910
51 970246317
98 298359920
143 994899204
127 588984623
9 298359945
124 18836041
162 139030808
95 298359911
20 925064789
116 298359925
111 69799032
10 730118005
103 722318529
47 40898837
6 664875381
14 298359938
47 350567141
170 298359891
141 298359911
96 298359912
171 226247464
32 298359940
45 298359921
117 447742283
166 298359888
64 704313410
56 610993952
91 298359905
134 50392991
187 962192444
77 444412559
166 747004618
52 961403939
72 298359905
56 172744045
84 952449724
55 298359907
43 298359924
114 11300006
169 298359884
17 533174594
62 465464862
87 581436952
98 298359919
103 395054480
26 755004072
180 908482250
161 298359890
126 298359917
125 298359917
165 830986053
131 453179206
124 235805097
89 298359902
66 11610452
98 56520520
37 376224796
78 280130560
55 836931563
182 142534148
16 298359935
40 298359922
29 190724852
178 501081177
92 298359908
183 298359889
39 298359922
35 298359927
115 298359927
179 35831336
51 298359905
79 124275251
169 298359889
116 298359929
140 298359911
78 931745723
85 298359900
45 16157999
132 486170627
30 298359943
153 298359894
150 513106146
152 298359894
43 298359923
142 298359906
61 298359905
76 568985984
81 661398201
66 688390083
32 298359941
40 298359918
131 368893734
56 93651011
98 298359913
17 664041067
35 158736825
42 298359921
78 598799030
164 829598914
120 298359927
30 298359940
118 533234436
171 298359887
59 265085172
178 743222515
25 429317963
104 298359923
179 270140557
59 298359904
142 81169109
92 27459867
135 510188484
8 605533633
12 911304981
23 375658762
123 212045436
168 709308919
134 5322947
44 298359922
134 457332320
148 298359900
141 329562754
86 298359902
168 82084594
172 298359886
146 298359900
179 99436970
190 298359890
83 298359898
92 755959288
76 298359902
179 287590180
153 107426727
79 790643733
145 298359908
62 244388019
50 759118685
98 583113684
198 93170063
74 886247873
108 820727290
169 325071222
106 615141900
59 789997109
98 816051700
12 889979823
145 299691049
184 298359887
179 298359894
52 683393161
162 391603392
177 806493475
187 378060807
32 473577150
122 298359920
169 610019682
10 416134963
137 579983275
145 298359902
157 293300369
49 298359907
44 164927897
80 981362982
95 298359907
121 598518262
115 761244804
97 298359913
91 298359907
77 298359902
137 61906318
164 956261241
42 298359915
68 923668833
186 298359885
61 312403326
100 298359922
46 113484394
84 740333272
170 298359889
92 298359906
121 827574031
197 891187873
77 430761654
92 891572439
153 784240076
54 468478746
187 609932291
61 709207445
54 247716279
135 506206813
38 456017488
32 19682267
163 37185938
83 765531811
186 217358426
193 444056038
56 367199449
63 797959102
142 298359907
57 919949724
129 298359913
106 613424040
48 298359913
35 298359929
184 151519355
51 298359910
159 210828957
91 880621427
100 298359914
121 298359923
101 996645738
84 298359900
3 728249508
41 298359917
176 41112047
158 742927368
47 124130879
38 298359928
122 249805179
46 857861839
198 793785926
1 436231726
59 752966010
64 244252943
58 26397429
150 298359900
30 298359941
107 662226359
11 298359949
37 567329204
158 448948249
198 595986330
93 298359907
75 117866268
178 987084913
151 298359900
11 298359946
43 531718771
106 621019811
34 298359933
46 298359911
4 298359947
107 743044417
11 748230907
60 605314068
45 298359926
104 753916701
47 881292252
87 642564309
141 877448147
27 298359942
39 444726940
8 277352360
5 298359945
28 997676491
59 231711987
51 717408816
157 255228082
34 298359931
149 432401594
180 666548557
87 298359902
53 603454717
157 155768844
94 88061107
67 635382663
90 23742988
198 298359889
45 298359925
123 298359917
196 103116211
46 740626048
2 573982311
124 298359917
155 298359890
144 238609320
3 298359948
88 963547969
94 223451049
36 277867826
144 298359908
197 750582267
53 298359906
2 111605894
37 425937902
134 159823746
97 613850232
106 298359923
101 192563266
60 144217309
189 986328784
57 430617451
191 500549083
86 298359903
53 730622558
159 406537222
120 291417622
198 491751069
51 298359908
8 222010974
162 696183972
143 645973837
69 419387889
5 621134551
58 298359906
43 298359913
45 298359920
31 298359933
97 900146235
166 298359887
182 467650021
93 298359910
154 298359894
137 298359911
102 298359923
21 426222432
186 298359886
113 313267201
68 298359907
71 838409234
145 298359906
121 699935524
97 298359912
111 298359923
135 853937518
100 497238080
42 410252283
125 909248904
117 551777092
186 819743620
92 298359909
97 457487282
55 231428532
137 298359912
46 498944848
38 386990059
80 298359900
196 78453175
169 362961119
142 315191048
108 774366140
31 363461571
98 298359921
36 856339484
154 832975219
17 688282739
43 496805768
21 504099306
37 305531647
41 50234974
177 980177086
41 548600234
47 764927576
36 298359926
24 298359941
151 298359901
143 298359908
171 245275835
12 813848701
53 882113513
133 917851121
87 687943281
144 298359904
46 756557915
99 298359919
140 298359907
95 372760589
183 543423578
45 957483730
7 731738513
133 993180880
30 298359942
49 298359908
23 298359938
82 679137509
192 298359890
130 172783197
197 383192934
164 856022753
74 298359901
104 468998569
190 308912957
172 298359892
138 38519476
44 248545466
45 298359919
106 397027308
182 79124283
60 182271584
6 821678146
174 145682603
9 298359948
74 364453069
130 665299100
141 298359910
172 298359895
182 552682294
91 298359904
24 381939381
37 231058963
50 298359909
145 298359901
45 298359927
156 522318550
115 934188288
145 298359905
149 465004825
41 358547951
132 298359912
100 298359915
143 367772698
141 298359909
175 112279280
156 195526171
152 298359897
46 468518747
172 764776105
30 20252467
186 57547694
70 298359903
51 489623593
131 544847141
14 935154045
105 980976029
5 26963139
60 57333728
139 257012458
47 685995285
64 298359905
108 949648167
83 298359900
196 347549841
113 311037914
3 155811789
32 396958812
165 298359888
148 370873115
170 298359881
54 298359907
168 365146596
100 432356982
27 162311968
100 571867906
164 298359889
151 298359896
146 151933840
13 298359940
63 180771163
93 298359912
13 298359938
152 47458470
44 318251439
116 298359926
111 439983127
170 901994833
74 876379997
116 760639863
96 298359910
66 862947181
104 662131992
151 298359902
182 577233986
110 298359922
27 181494208
53 548807831
19 251183678
141 328961567
161 456006328
76 908615520
155 567765368
85 298359902
145 273233666
163 947228173
119 684724102
35 712982951
71 440556476
184 485674710
62 863557494
48 298359911
44 298359925
163 350036072
28 298359942
12 967791665
172 298359893
56 298359906
179 245430031
180 331982905
136 776388051
46 747250442
12 298359943
49 298359912
55 405482731
61 298359903
180 484769826
63 943607219
146 609437218
120 256416698
29 763989322
158 839356555
115 298359923
91 994000849
186 150637656
179 15500200
109 638926685
67 159452694
110 841550399
15 298359936
31 550071829
198 396512471
45 54129987
140 298359908
43 298359928
27 114526300
125 382394570
15 298359935
91 513345084
130 974536033
50 298359911
154 933090931
118 298359929
160 912440706
84 544149117
40 298359928
169 298359890
62 530796683
150 775166066
30 298359938
88 26423712
103 298359923
109 599126069
52 797420951
177 905093148
49 821471327
100 807992826
188 298359887
97 26642932
112 298359922
160 298359890
84 298359901
121 304481725
16 557553390
89 353651004
13 549548332
195 161325298
48 298359917
55 298359906
24 556238561
145 298359904
180 793197462
68 121862036
43 855923792
197 225323902
185 729772699
109 298359922
116 298359923
101 389159979
9 958315038
128 884171498
67 35823020
98 331757289
133 676916020
196 298359888
43 298359925
40 60153828
48 825482334
40 298359927
131 384677106
134 326534534
44 298359911
82 933594359
48 298359912
128 758105009
186 25727722
104 179555724
32 350463743
15 736783829
39 609249436
76 528343019
141 298359906
58 979520925
168 611073293
185 854645604
96 298359911
191 794344632
144 298359905
112 560161413
185 298359886
145 495063666
17 298359939
198 821700154
134 298359912
95 401547306
6 76192036
92 797139574
82 25668616
81 426232523
195 201064390
158 84946975
113 298359923
166 298359883
32 298359939
171 298359891
169 241336504
111 911074250
52 298359905
14 854855744
158 807940011
63 298359907
114 298359922
91 776124322
179 471828363
103 978353101
50 160410031
27 138021648
71 886333023
67 677555664
51 641851562
180 394903151
14 947787554
135 298359911
133 854120160
159 285012884
55 505717453
128 186864460
105 842030467
170 298359890
169 812922747
177 298359894
189 885673891
5 436106374
84 581866558
87 254351389
181 375665766
137 963629008
10 62778136
188 298359889
145 298359899
165 79096414
141 298359907
50 298359912
131 551308410
117 234126404
168 424195847
119 298359929
164 163122737
123 616215831
56 965658943
158 177599114
43 298359920
155 172764483
67 406265418
48 298359918
195 978306885
27 683333612
63 298359906
18 181158152
120 929426045
121 55123826
107 400049249
89 703557057
22 584337915
166 298359889
183 140695815
30 816187251
124 474532369
121 298359924
80 920180374
163 397421293
52 892893964
162 298359890
193 298359890
96 812052235
185 298359887
122 298359919
96 374160322
154 149508729
32 298359933
33 298359934
149 183036284
27 390149051
198 617176300
66 298359906
195 298359889
101 822346754
39 298359921
138 451440161
97 72319727
183 882710006
98 486609380
75 351691150
118 298359923
47 521596844
56 29172789
100 22532037
46 689375810
163 389103335
93 221683508
15 635725991
175 841573310
151 298359897
31 298359934
150 93606686
95 682763734
98 785359579
35 561058155
54 520229705
2 690309162
97 317709038
96 304484531
187 379528108
2 298359949
13 298359943
192 667271185
52 377686867
31 298359940
91 298359910
128 298359915
108 778408960
131 639322266
67 706308798
150 851431556
139 298359907
128 298359914
179 791047028
40 653612379
98 849743176
46 298359919
129 984961731
196 710190623
166 868772906
53 606451518
99 815525549
27 573807386
65 298359905
172 298359887
32 875050935
106 857449393
30 582463789
187 144065020
115 298359926
122 256903910
47 298359916
172 586760292
166 608872347
23 527120684
187 359812387
118 379020046
3 129095983
187 887084382
23 298359940
138 468213257
60 988619937
134 298359910
31 28245837
183 859673315
31 298359932
134 298359911
20 347371392
72 222161979
46 298359926
116 898585706
25 298359942
178 489535827
191 298359890
118 298359924
164 693319949
4 111571138
26 463166487
138 711462090
42 298359922
158 135748100
120 298359926
95 298359912
71 296274997
151 792565565
153 780290881
8 298359945
173 649217832
91 298359908
69 298359903
19 971307698
30 298359934
194 298359890
112 298359923
91 298359909
42 567037261
94 298359907
94 298359910
173 545735011
121 262388638
176 390011172
66 523360379
148 298359899
114 298359923
188 153460266
35 298359930
102 615021705
189 298359891
141 296319029
174 811005276
105 543851741
176 191386643
69 851259518
43 298359914
167 645036993
195 189160514
155 298359893
17 208657275
56 265310018
29 114883006
102 298359922
42 298359930
97 594891876
12 298359944
170 298359882
169 813993848
122 298359917
150 924605564
93 424136185
151 298359899
80 734694017
87 73337398
105 652667026
47 298359921
77 298359900
130 298359913
145 298359907
122 298359918
105 415187316
117 970940249
41 298359915
179 714153744
164 620399258
101 760637543
33 145233817
7 854948795
63 303755498
108 298359922
13 915962104
24 738666037
116 205599780
66 503264218
81 694623117
48 982327390
92 298359907
153 484259007
73 298359901
18 613867917
168 853608968
187 298359886
169 939854165
132 662075551
154 298359893
127 172056061
106 764098519
56 193712888
4 298359946
187 298359887
91 465254800
168 298359881
21 298359938
59 566112890
84 298359898
179 298359893
179 878775372
124 363034647
71 212786570
138 456791698
46 298359921
127 236653816
29 298359934
7 261688437
134 897839685
35 932135596
3 80594893
195 174263546
61 298359904
134 629473899
182 314474728
53 703407784
32 314578261
69 591940917
99 298359921
77 107669041
113 237206827
12 316232249
164 361879423
93 298359911
30 355534351
159 298359889
142 298359908
168 48025121
84 298359899
158 700486826
129 499647015
13 298359942
161 997331358
123 473134961
184 853632698
195 915148200
2 298359948
167 323350834
38 511675401
70 298359904
23 298359941
137 589651202
181 536774313
101 298359922
94 210784551
93 451171698
18 193152052
130 89736862
30 152683606
17 298359935
187 758621660
49 245282940
108 403967031
4 298359948
13 818099103
100 298359919
41 298359932
106 298359921
49 100639782
92 298359910
93 298359906
2 298359950
128 298359916
146 298359902
63 524565727
16 412204530
50 298359905
148 209138579
118 804002841
88 406249274
131 298359912
31 362830191
121 248582950
38 347054880
185 508418033
11 298359947
99 317441170
68 798953645
136 767200227
93 298359909
87 869233583
40 832826937
193 299513747
98 527379096
93 298359908
32 455954766
96 298359909
155 842596746
122 645822490
110 298359923
163 298359888
47 309649453
102 527522720
172 298359894
184 298359888
38 445439716
159 740550472
75 544807766
126 610505364
151 742361385
180 298359892
191 565854309
86 87637774
62 298359905
101 637231991
41 298359921
31 298359942
159 417778961
56 937067929
42 443342222
22 771077642
17 342169210
140 298359912
187 31383576
46 286428734
67 298359907
175 298359894
100 178532936
45 298359924
119 846620850
145 573404553
95 688484685
195 452321452
107 298359922
109 361805297
41 298359923
151 298359894
149 298359902
132 653733274
166 298359881
43 298359922
17 298359936
72 780302500
123 611742038
81 832629791
11 747001791
115 990348977
84 809342791
39 298359920
51 538454311
47 948008553
173 298359895
121 298359925
121 245922814
58 744855226
185 561447730
95 298359910
169 298359883
70 923915773
119 430679178
149 298359900
177 847758657
40 298359921
135 564903138
64 32452580
69 298359907
23 302721288
31 298359941
181 194759962
14 298359936
172 9756461
150 298359902
158 298359889
40 298359932
172 511440085
66 298359905
110 7757493
117 123080973
118 983580005
102 298359921
87 66183068
79 995285829
60 802703530
170 93145251
55 420243091
134 211724706
66 431779297
19 64340078
20 169865062
32 723048478
91 50199465
111 754863774
43 298359912
21 156267889
160 420042160
170 730397562
168 298359883
111 477220154
78 678203388
133 84882906
98 298359918
122 596878195
