100 1000000000 2000
4 377361006
68 929834194
47 748989385
71 264085680
66 929834194
32 912467974
13 570675524
30 695806682
44 668757538
40 302392018
3 929834275
97 574576205
81 446608296
3 68595821
47 58290905
4 929834271
24 336957337
93 750109351
80 6428805
6 929834281
85 419891487
98 450368134
3 929834261
24 63631375
75 3239957
75 534062696
17 929834219
59 850217984
62 396968079
47 106730797
65 929834189
58 723492346
93 89710031
74 972749857
12 929834235
72 635666886
40 639328896
11 435107230
49 929834195
36 929834218
46 145489066
12 180441541
36 436132514
15 592927595
17 967507771
67 153182026
68 929834191
44 843173934
11 950579640
5 929834249
70 475633146
22 541050635
53 900378993
9 894807077
61 548473026
86 789562880
28 929834228
63 699936587
12 24102284
15 38317357
13 332908590
10 631049018
13 591803755
5 176060367
91 929834134
51 939885305
57 594006990
77 165426912
5 929834243
51 978684558
48 379929659
10 929834240
70 561299186
43 929834206
32 929834221
18 34579111
90 331241916
4 351426593
4 929834274
25 803142163
53 155600194
12 227775210
16 553188699
65 378005422
15 475076834
6 929834242
64 577933452
34 76389356
17 298646385
43 929834204
5 78904589
65 929834190
83 863532044
95 929834143
14 821907305
75 888245502
73 929834187
83 988655001
89 32781656
85 621372335
72 633048293
12 929834237
89 542518590
71 714134802
79 865579327
84 300018040
57 162479852
94 929834135
18 417589816
5 929834247
9 502003766
21 525847470
96 354043716
51 872894390
45 929834197
53 595177627
95 929834145
71 680480235
9 715812912
95 929834137
33 944827088
73 451248218
2 929834268
87 127221650
3 497328149
9 829832019
70 562304369
44 932872487
40 929834214
63 694148646
4 905206157
88 741684635
86 474515530
85 518427610
58 557826498
48 318348488
45 564985744
70 995079613
90 929834137
64 166346016
75 938465940
42 545823550
61 428180777
89 901334509
75 953920185
47 793093650
17 607224826
37 593870852
82 667418627
38 929834216
15 362274781
87 957140576
42 929834208
79 66145282
15 738428285
1 379933551
96 827088483
28 375382325
52 481368069
78 929834176
51 132498033
51 970317305
88 67462634
76 665657405
80 167863233
45 929834198
95 929834139
80 139101082
85 577651093
31 96393423
22 13738183
52 193999897
57 703554342
13 165883877
83 481219209
34 753936388
78 929834175
67 990858352
77 924843766
86 515804850
96 929834145
50 676301338
27 955870932
88 307787918
20 499268841
71 629714688
26 135952058
17 238962993
80 354373776
21 617722178
13 126038289
94 828662434
20 665633078
12 281222285
20 929834224
9 929834239
1 766793798
6 514197643
80 929834162
5 929834283
81 970329614
59 607541094
34 638062592
41 929834208
57 462312612
51 795658618
89 889609882
87 109371822
89 651887928
6 929834276
63 929834187
91 347614307
79 936168711
20 953446874
77 345798621
97 687452329
71 462737270
18 924636918
90 929834138
37 31135376
78 929834173
50 8857230
1 861519955
47 106164292
76 240576506
53 361140174
89 31939382
5 173033107
90 904160127
58 143933042
37 713094534
57 745015317
16 929834222
60 937115716
12 783394887
55 929834191
4 647645745
34 918180272
4 985134178
20 729917438
85 789738697
5 929834276
80 520836539
83 929834160
39 340931394
33 294299279
13 869634839
59 584541398
65 945578393
31 325370999
67 929834191
88 152749784
79 573941847
76 985587814
28 71973621
18 929834219
21 49730209
10 929834236
30 582918890
97 424282212
49 759570158
63 953240323
54 834724742
18 838887965
72 380198051
55 904646678
55 929834192
56 331858043
80 677010275
94 929834137
97 540295031
83 164494427
30 293140068
80 929834165
90 336381783
9 368138690
55 832319384
90 126756487
80 103782763
30 159086975
67 406250851
26 852683625
3 443573339
49 929834196
94 929834134
27 844763995
44 137631822
59 929834188
82 260919832
50 586855650
93 369388629
58 359965491
8 929834278
77 979051188
13 624959181
2 929834285
56 246635176
58 592224959
1 615735022
5 526757071
39 938326260
37 640468774
88 233345430
4 548012807
77 914799239
17 886347937
56 579897354
31 83113299
11 929834241
16 76444311
52 888722728
40 838841063
23 929834226
69 452525960
77 289908166
93 929834133
46 929834197
81 929834162
68 570077366
7 657000942
50 568100379
48 640343792
34 380851232
87 559893880
94 103512574
45 735420509
8 929834274
70 284683053
84 26073226
25 929834224
38 884313974
68 710306119
79 929834168
63 476600775
92 635417987
64 237993157
72 385044568
92 781294069
93 865663528
53 642026116
86 492241978
33 91806500
40 929834209
88 929834142
32 929834220
77 929834176
26 929834226
24 773178523
32 675730299
17 745693818
95 38515943
96 929834141
77 929834178
60 110792659
87 515295270
14 929834226
30 181477717
79 783803441
63 929834188
75 72399300
80 179783199
15 231590713
38 76671275
74 10680558
23 597230081
98 310095251
88 517992662
57 929834186
62 711843785
70 857382102
95 929834144
59 50172598
4 539019657
93 182123388
22 929834222
8 372698276
64 957681866
7 776311019
30 682073485
84 544953940
55 115060822
71 929834188
73 608644238
47 306699774
21 855503634
79 270977771
82 846898022
53 735810057
52 301337565
58 417066090
10 718972541
87 280238399
25 883961171
25 50183615
56 136803242
80 270331936
84 652784901
9 910334927
3 670843090
51 929834196
2 917385848
52 828888721
19 31872237
5 929834244
94 595256719
15 257063339
78 919817344
23 188052626
90 237497043
4 595182482
23 175486558
13 66842131
49 790397800
52 929834196
54 386640100
15 172858446
44 908633579
70 512652158
32 154278957
80 929834176
68 245581606
34 647968548
21 93315755
74 929834182
37 951447083
2 554595325
35 491623779
22 672408224
63 929834186
5 420855487
78 398909661
73 549506903
10 929834241
60 2721188
4 647835895
63 760469446
21 329762782
53 617873580
46 236431955
40 938364014
3 929834272
81 82183554
20 304014909
94 809671623
70 31923490
71 353716975
13 953189380
96 21982579
16 138197686
86 704916389
6 553895971
42 973492706
70 929834191
56 731087346
3 187189431
91 414425701
13 516749747
7 263203341
98 422937674
50 195992582
55 219238917
86 396161988
75 929834182
53 591681513
37 929834218
66 487529671
43 759709222
42 692861616
78 832164423
67 73156980
96 929834143
65 861703741
42 394725486
94 929834139
81 929834163
25 929834226
34 972188417
1 282292480
36 65510953
7 312857696
6 573377218
26 688557323
15 929834222
24 441442725
84 929834156
12 929834230
59 50260976
11 929834235
1 744884445
42 760750597
10 378966688
77 664406662
90 977075577
47 929834193
8 884281177
30 868853310
18 89980387
81 229000860
8 929834239
6 546105426
10 563228249
38 912587572
58 876644935
58 26504789
73 63662445
36 212384224
34 929834217
1 856052783
5 140826570
8 509048263
6 929834241
1 929834272
56 261504333
49 605191037
21 303365211
10 929834237
73 500642277
12 361397025
61 403411214
78 321765279
98 702695024
42 432878728
82 929834162
17 566180419
26 817693863
49 540963794
87 929834148
21 875561690
63 62467850
78 234528760
67 365850998
6 474682263
77 118620257
26 42084845
16 9348686
96 471934984
88 174750538
49 121521969
79 929834164
36 136969563
16 850164977
12 460892192
78 929834172
46 929834194
98 549808390
63 654733028
10 13313001
79 642377054
88 994559626
24 615758016
66 929834193
63 591037186
29 645940621
92 929834133
23 547270047
18 809672292
77 614941119
62 929834187
56 37045460
86 148876936
31 196280122
12 929834236
79 929834169
64 547476923
28 101984496
88 985098006
41 258463588
85 437845422
77 557980611
75 253568018
22 474885085
57 984774750
90 349332908
42 54283693
36 543842587
33 309267330
71 970283466
86 427909420
43 413830765
24 287388119
82 929834163
64 260098176
39 170939252
3 929834273
79 982596647
49 971422177
73 708984111
41 594559339
97 954771026
74 929834186
11 728849241
34 530407386
10 317320409
3 648757005
71 402712424
19 261661264
1 875006520
17 151493856
14 929834227
97 537335197
75 929834185
49 399680586
19 929834220
87 566932416
18 869480584
13 524305917
91 249562601
29 545615610
12 929834240
9 967595939
8 929834281
2 802936226
82 407212744
83 557472764
70 431018945
66 876325058
85 69961711
21 325989089
76 407118311
10 640306816
43 288877117
47 844782280
57 93850434
81 4747678
4 929834258
20 989948134
21 929834224
76 660848271
66 433134180
19 141063978
98 299917057
50 124270460
43 582850846
40 950211341
80 976329525
5 19748165
9 180614415
8 929834240
73 236088070
38 929834217
65 383915252
7 514984999
67 606608728
59 331785475
29 515521791
18 212453781
69 929834193
14 929834224
42 551900494
57 929834189
11 615254047
25 453838903
6 929834278
83 624540355
59 843239976
20 258169869
6 722966476
92 265540399
81 348442786
53 907893320
8 9902513
34 354798547
66 196754407
84 929834154
27 494294012
5 929834257
39 929834216
37 929834217
38 387088829
95 460921544
15 929834223
77 222029931
31 860451568
54 795251546
94 929834142
38 865840665
44 74272053
9 929834238
80 929834164
89 929834146
29 24873569
7 643322432
5 929834275
21 403925844
24 117396925
3 929834262
79 597278777
66 451527842
62 862102380
64 749359736
11 440004962
74 752373349
58 938387355
2 929834270
10 401035619
7 929834240
49 494064836
86 11954681
66 658824178
55 41806724
23 929834222
51 139328091
40 835243882
35 150298836
36 19442803
20 81007219
32 929834219
56 475935092
4 929834283
32 298770430
43 37220615
83 778534269
29 165764469
20 97092020
13 934882690
58 178976373
32 8122061
68 477311803
30 574045432
64 627577033
34 929834218
69 798560521
22 566284979
56 25145380
2 929834259
17 785740969
32 377554861
39 373348463
87 128429413
11 381961185
27 907351584
83 239888392
40 787359142
42 799046831
65 106220955
11 929834234
86 929834151
38 594230882
95 504527225
45 929834201
83 929834157
62 111724411
77 812535753
35 127006762
73 359674248
90 410267848
34 202534480
57 256324446
51 805261381
46 614492118
27 40003473
27 54884233
93 442298018
93 95887879
59 499981684
2 164629141
68 274620523
18 402273856
16 480629131
97 678158571
90 214305868
65 152673472
17 913297199
2 929834273
6 541254955
69 278023029
81 628165060
78 929834171
74 685406797
40 929834211
70 565598609
17 156745979
89 581434804
43 420639721
25 879369226
97 779769194
84 307906346
2 478363420
11 929834243
55 75213030
87 506489919
32 668364326
63 929834190
2 811182272
66 929834188
83 796182292
11 51365797
13 574622065
80 929834166
50 623419015
14 173132171
38 13442272
43 13563884
89 929834147
73 996117604
7 929834280
69 892990080
80 661535897
1 929834270
94 174264280
32 588055929
89 77217128
36 530713509
98 537531540
6 837658686
21 807194586
8 929834282
10 307391496
41 598280667
68 961264548
88 939276051
88 706987705
67 189416204
23 929834227
47 429295125
39 277000744
33 929834218
27 540967185
1 651759493
61 117952673
59 11681856
41 929834207
9 929834237
9 17789206
79 282503255
13 218998357
96 929834144
17 113071849
88 271272502
20 929834223
54 332328217
38 958812867
59 225288255
28 280879156
87 148225413
42 858136052
39 932459957
33 596771578
35 797360024
77 397769127
93 197407571
30 929834223
10 929834239
68 942174806
74 264628862
62 509061699
61 879689721
63 32696221
16 176506892
96 420384659
62 851068733
75 929834181
5 944450044
45 777725950
79 300471766
82 216001942
97 248315962
31 929834223
59 73549676
65 929834193
25 893696651
76 931489888
11 95746792
77 942310479
49 680315259
78 929834170
93 622961710
90 658605677
10 737357489
15 516221486
28 929834226
26 929834227
26 348988324
11 295118006
84 53621432
4 149962556
59 278693706
40 827846816
15 814970256
58 297896514
36 375416212
27 955143510
64 929834189
45 628666965
39 669324063
74 929834183
88 929834140
37 166015119
74 732227200
91 272831223
37 354693861
3 894184261
66 929834189
85 69524632
86 730806042
34 929834216
96 929834139
9 814695763
57 753354534
82 560556538
41 861960552
88 632505794
53 625531936
21 939033366
33 55779813
51 358424191
40 700830655
89 550509257
88 929834141
90 929834144
58 117407899
51 937890830
56 199320885
89 537412430
16 223382713
1 408274661
87 929834146
22 207651553
65 638777328
20 500909063
70 196077691
83 929834161
14 273997492
45 929834199
10 285099294
4 929834259
94 214310692
58 902088886
26 687650702
86 326265680
49 800419505
27 806320769
77 242152873
75 153440238
12 929834241
53 80725250
57 929834188
40 929834210
80 349754352
47 45269239
25 282838992
67 277701344
65 673921578
19 961605827
45 64253020
3 225652541
20 755828685
81 159018738
10 264531982
57 274855406
24 956959180
2 929834258
81 705809393
69 393907691
37 99974733
96 546899854
75 198696402
49 604360892
12 929834233
7 712725978
55 775745755
72 929834188
54 929834192
14 929834225
43 929834205
77 649043848
73 293396011
29 544576565
89 929834138
39 918713887
60 929834188
92 929834137
20 534384595
38 272585828
29 581612453
86 904546645
86 206448043
56 565700683
29 746210795
73 142172001
7 979068494
80 929834175
59 929834189
5 791752244
48 694368549
56 707111324
28 712564042
70 827080895
2 322477629
9 33551778
33 379825842
16 979356639
7 765005077
31 757056963
69 220381241
76 582959770
49 594464558
10 276557964
94 985759222
33 929834216
2 55320413
26 929834225
3 459667521
72 840451856
10 59426260
86 958957969
2 929834265
12 643952264
98 653545404
63 283184198
81 252095818
1 167237209
54 282138695
8 995918882
29 584074683
52 929834195
35 518066041
30 839332267
42 958113192
3 929834260
92 616702445
74 420730366
55 549806097
42 290008150
11 659849175
60 172868467
28 245002134
14 788609310
19 530738905
54 443087592
76 820590864
33 929834217
33 359629003
36 882942781
27 719464326
11 969247985
55 985167993
40 858230942
3 929834284
77 929834180
86 275339030
52 37916684
2 929834286
27 500486639
73 735757286
45 929834202
88 929834139
4 571418737
12 929834231
66 929834191
94 520771754
88 368415751
54 191125998
18 198972311
12 929834238
58 895425785
77 580459847
69 909966157
53 114575922
8 34654117
97 248426802
45 353227152
30 716722295
66 811161626
84 31552924
31 929834222
2 929834266
92 355128988
50 649017645
32 929834216
1 929834271
6 778517261
68 92088185
70 880504227
51 45541834
73 914550773
85 929834152
35 994253792
87 544639872
86 602486345
13 440579854
25 929834225
65 271512434
5 929834282
2 929834269
85 610068196
53 556045692
63 947458943
30 942195810
83 748854911
69 702873489
26 196852900
55 929834188
67 929834193
67 929834196
30 611054786
73 94077993
61 900797050
19 804060659
23 301707643
3 929834259
98 323993977
66 886659462
96 3992908
97 929834137
31 989897772
75 604808588
98 929834137
12 5764320
42 107698242
95 5984187
40 929834208
55 84544592
17 800367265
71 783885311
42 297149848
10 618630240
28 882040611
68 310894948
34 806837539
75 49157323
54 829656158
72 389071563
5 929834246
1 214669569
20 97441999
85 64893045
87 685075694
24 343451574
89 657358932
5 929834245
65 836849071
69 929834192
3 574104332
15 337176503
6 174027251
66 313746240
61 540361131
67 601782352
12 60830161
89 929834144
11 374548080
56 929834188
46 212765230
30 929834225
36 983601725
8 929834280
66 528013330
65 971917932
51 441963813
74 372198125
97 576604971
42 887899607
32 318719523
90 151692674
65 597361917
67 929834190
23 497831461
6 929834251
42 852152161
10 929834243
26 711427100
57 21364921
86 929834150
76 952346705
6 352162040
34 833219847
63 992964134
46 515795101
91 419203972
13 929834229
56 542505029
79 69503760
95 407067563
29 205837434
84 740520821
7 929834281
80 342266336
77 929834179
35 764355825
51 88667724
67 965986930
97 469148254
80 121954691
69 219272898
51 543281917
53 929834193
21 564844218
25 929834227
7 120192553
49 123810419
95 952244175
69 432900946
79 908942249
28 910685633
6 929834277
19 380949647
23 502710997
13 411173845
18 362840032
25 403052217
69 929834191
80 948572711
38 89735249
74 2096067
37 804504484
7 790131285
17 613447259
89 545517136
66 723531940
46 659521078
98 251802753
54 929834193
80 97675356
91 822420457
59 903632698
16 660053400
15 455626573
36 148345164
52 829024609
22 170714777
77 164850931
94 165508942
47 782733001
23 721243965
42 929834206
78 929834164
96 929834140
64 60845332
8 650888767
47 287044023
32 495602445
94 929834143
80 747719882
48 929834193
96 699971080
92 929834136
53 226062409
75 118122079
2 355481142
36 570041793
27 531491273
31 160674852
73 514874749
50 26495859
61 261375451
40 632380874
11 155867483
37 792210747
45 994835357
3 929834274
89 226368039
43 638226539
94 929834136
20 929834220
52 929834194
14 9501065
2 929834274
43 134789135
4 929834272
10 929834238
73 963015258
5 466629214
64 490420533
23 717971804
40 483491764
38 991054499
86 929834149
96 123835764
3 187607583
74 682930705
37 255397939
58 752742475
69 471577085
48 929834195
25 639894892
42 128849900
21 88146449
89 497113865
3 929834271
58 753342665
8 929834238
76 663484794
63 742015902
83 828369430
30 569127497
51 305634834
82 286218329
73 708668386
17 266916028
15 729648100
12 454615332
2 292558895
94 723480529
86 929834152
76 226733575
98 710801260
57 951155088
53 99075437
8 485177139
56 608102941
32 24528925
34 801093873
41 710445422
84 89114739
5 929834281
87 578569105
61 224059128
52 40258295
19 978217242
97 929834138
90 23663875
21 221087162
89 121173563
22 238008323
7 929834282
91 256383533
95 405571916
22 706199641
49 274349961
53 269307363
32 626791052
80 55160315
35 929834218
9 677541670
7 144351517
22 929834223
40 929834212
28 163507875
37 861620233
82 568671360
63 410769732
2 260741721
57 561307259
62 929834188
96 595513413
29 851436861
40 929834207
91 512270952
85 929834153
40 929834215
16 920116963
39 852051249
61 708856972
57 581773108
30 524215060
27 929834227
81 364620120
52 887942583
96 348532629
20 228778793
63 117346359
8 929834277
86 483646791
59 886138065
68 223204114
38 30867742
30 992960485
20 45907269
50 446903804
59 160462425
24 929834227
57 929834187
3 929834285
18 841318006
7 660127360
49 527330610
72 221591894
60 156698652
14 929834223
84 609651047
18 312280618
72 966405794
39 350104172
2 929834262
93 334593557
36 863191904
32 912730113
89 288863961
94 379506163
75 929834180
86 625168164
39 917368392
97 499050097
3 946173137
86 321005914
47 929834194
56 953199473
86 892255772
79 781217371
66 595206680
37 559321124
65 929834192
91 756490877
52 539800468
65 70545516
2 929834263
93 687456192
79 582807447
15 292977297
6 143905814
69 648716031
47 369418642
85 349061085
71 929834190
18 628619414
44 410965969
36 940297953
15 273016339
78 929834163
6 929834254
66 847351796
81 717927150
82 929834161
36 765999178
3 587383778
27 688785585
91 456806629
82 569997433
88 990650177
50 882175338
82 170959930
55 328081315
8 80444196
3 323421629
42 334073178
15 3910715
65 359982599
65 153748710
73 8131716
9 929834236
87 535707376
9 929834240
62 666126351
83 509178562
87 929834147
83 929834159
62 557929679
51 262729737
63 603630970
41 198473048
97 950936402
97 101772891
91 929834136
8 746597407
5 929834255
94 929834141
59 342086649
56 984412129
87 370017031
23 24508349
19 637088238
46 227040953
35 803310343
91 281250983
1 929834286
11 860300199
92 929834134
10 929834242
42 131210671
8 929834276
93 748897871
5 929834248
18 249907419
21 366127705
53 135495953
78 439151730
81 834432457
70 659559690
67 929834194
86 729415686
6 929834280
68 414544399
41 892681564
2 302945299
87 483042079
12 929834234
58 281732179
87 193359966
90 269579837
29 395955225
52 54161841
17 387664034
85 970387443
42 761998714
40 993250424
81 868115554
21 962713190
1 137633111
41 112455421
26 822224923
53 67732304
46 929834195
83 929834158
40 713778369
22 807802435
16 929834220
41 524371493
5 929834258
55 612858714
94 330983600
57 549842443
18 813323283
29 929834225
27 929834228
21 3817829
6 929834253
5 929834274
60 867541514
26 548833373
32 929834222
84 619440072
73 744758942
7 929834276
58 219711396
36 587845567
86 979395219
83 91348188
55 929834189
23 929834224
34 929834215
89 596742805
50 945051120
7 521543170
10 842343215
33 937525645
53 615931019
7 712168021
71 842605812
78 143323785
64 658407083
63 178143973
40 701235078
38 895013281
55 282263090
46 163211560
20 82300852
84 929834157
2 929834264
96 428551547
56 228730448
66 410150660
32 535890220
21 511705274
74 70507808
38 158942243
94 617154682
16 929834221
85 585402413
65 929834194
66 878054165
40 929834213
42 590889943
42 929834207
53 401696676
38 295722782
28 257513913
91 48560057
33 603236144
6 929834250
22 305788895
12 929834239
31 652649974
80 801640416
56 929834187
21 879108000
8 633593398
6 929834252
16 895715236
5 623334973
12 91673743
87 350888678
69 685064839
45 674237473
16 273658164
2 123168798
41 206279737
70 296843654
11 929834242
20 923824248
56 141262180
7 10576696
95 746664142
94 339855165
61 929834188
46 852371550
95 62686193
52 637300887
92 748799508
83 464629758
85 634313537
79 929834163
56 929834186
16 521742101
96 929834142
73 970995987
20 16420229
21 354971646
93 450487399
7 929834274
65 647659126
50 543869999
79 929834176
95 964830515
15 367610628
54 427509242
60 148586544
10 932758771
46 601857475
23 929834225
95 319301435
32 424922384
67 630716423
46 929834196
52 756583170
64 695784262
90 169785271
77 929834177
47 440233387
1 929834273
71 552864356
21 993334140
89 929834139
80 929834167
87 929834149
56 50959803
29 151008755
62 387635391
87 442838280
26 727848781
98 129696569
54 626263951
42 329528450
6 587823626
58 929834189
18 929834220
35 544033329
3 929834258
20 464287111
5 929834250
89 92323184
8 772469488
6 909380872
65 165342511
20 349674625
5 779000389
42 738499982
96 929834137
7 547700867
71 831916774
26 354048973
58 224978037
79 314712621
2 912077928
5 25265902
38 192764278
38 112548256
10 102403472
30 202466594
44 401516886
1 495630996
41 971978860
74 929834185
91 216913312
66 929834190
35 541467736
4 997464114
4 66759027
17 184850072
26 893954687
26 929834224
41 543421174
15 796663366
78 400958208
27 58921894
90 929834145
20 929834222
72 689426067
33 929834215
13 804106884
18 385299403
68 929834192
80 929834174
57 356734376
65 929834191
14 738339391
75 929834183
84 192244236
15 64806415
66 51480016
64 584669502
50 488024801
84 276174716
18 555397808
7 549101734
23 420786859
23 167947768
67 779788741
44 934048247
5 739202530
30 17018509
20 929834221
33 272145204
98 154619038
88 929834146
23 654026438
91 929834137
64 548651938
45 83689292
5 452079302
96 929834138
62 764947521
30 929834224
70 929834193
88 627941493
21 979949585
1 646835541
52 310505023
6 139511010
65 929834188
56 362995229
20 649141803
73 976501215
7 929834277
32 915949693
53 654286530
28 513513972
13 850984414
21 847679476
30 642931597
75 929834184
94 597389450
38 750345261
79 929834175
25 969756548
30 881861839
45 929834200
43 946780871
88 929834143
35 929834217
47 948011015
7 789554436
3 929834283
21 626976617
12 929834232
55 929834190
44 889846462
69 530270360
43 677046232
71 929834189
88 929834147
11 447107263
92 599741763
44 929834204
98 616579159
57 475727966
97 992638389
83 206092453
59 558160142
3 822206654
29 905926998
67 433546812
46 558501490
73 184856845
65 892967576
50 929834196
30 815599510
80 929834163
13 929834228
91 929834135
6 284913567
61 859441587
35 929834216
76 96005983
23 726529429
84 929834155
79 929834173
45 569832853
24 430360115
80 885267155
8 378370425
94 929834138
10 121657291
38 934464575
62 156972091
96 118047054
70 521787869
15 854654223
36 929834217
57 960003214
62 573991354
26 846768422
19 677311187
18 644481733
8 929834275
22 308277787
63 814670781
96 128672687
64 616484947
38 645830066
1 56679088
61 735675393
37 913887505
81 696746024
89 494754485
42 22890426
43 455440480
4 945636557
22 221885392
27 116312954
90 929834146
82 140997129
69 244704420
68 929834196
76 127819615
5 929834256
70 929834192
32 929834218
70 978786827
8 929834279
73 774561603
93 489529701
52 668538485
19 513367218
59 501126871
84 929834153
78 929834165
2 929834260
41 6122326
17 145943534
22 897237885
32 929834215
68 929834193
88 929834144
53 929834194
45 333169624
81 725636288
47 678995145
50 269677560
94 371953581
14 723758940
19 285687468
17 244361905
32 680435580
17 765019806
95 249515265
87 522209988
77 374922761
54 772989482
62 310313761
6 293367695
94 695364347
28 929834227
2 929834267
20 183240202
92 744752925
36 929834216
34 208203513
84 279937482
10 331954270
43 421071372
48 5188546
98 987503057
97 479245265
70 219699224
63 929834189
7 929834275
97 431705737
95 952304010
16 195044474
74 299110755
6 929834240
68 729477350
55 724078224
6 929834255
8 305318614
71 831984088
80 20799945
79 929834165
86 91706749
6 929834243
96 925197428
2 202477276
64 929834188
78 757845029
39 929834215
59 241259403
83 640320550
2 778005028
40 140951766
81 409708785
32 929834217
76 864531529
55 311391587
64 367705611
14 466837664
76 922695331
7 17045795
2 538307486
97 128475801
88 74034873
62 359863354
86 52272904
71 929834191
26 301657634
4 274524524
12 587500244
62 929834186
98 162974083
22 597274210
84 273288646
15 331931248
56 195234879
76 904431941
66 689909644
77 869238932
66 765614461
38 806650348
10 703748723
73 929834188
87 934308387
23 929834223
83 158671956
48 419853099
62 300773616
50 729295816
83 946361387
13 474121545
87 561320542
32 904781939
88 496893941
79 929834174
88 953847520
79 580226083
44 929834203
83 855789172
22 6682699
63 128129485
84 402027983
75 98090265
71 741982674
17 576923932
92 92070982
21 929834223
13 929834227
74 929834187
76 831445127
35 367947887
64 976822040
27 373001999
12 929834229
55 945727004
5 772277270
50 313666255
45 852409457
16 288108751
79 929834167
89 679853165
94 929834140
91 277845376
76 929834180
4 929834273
96 961215414
67 929834195
78 305477944
49 770920696
38 206759222
19 177242493
78 929834169
7 929834278
46 399787527
91 282759464
35 56000020
20 289067717
38 393468198
94 929834133
61 400573343
35 950731920
12 158837380
2 929834275
64 929834190
89 554111416
10 995468502
92 657267140
14 597012651
34 163960286
17 929834220
45 212597555
45 539097475
70 682100801
68 929834195
42 759175380
45 929834203
95 929834138
78 599009149
29 929834226
3 954533671
61 631279811
48 929834194
91 110728989
