50 1000000000 2000
37 47281218
47 441373045
27 417792692
41 297291787
2 47281498
37 530115309
7 428535641
40 23508726
32 278281482
38 47281196
3 731140914
19 557848503
23 47281382
47 565587558
9 974642773
16 320500650
36 8136692
43 160225991
31 47281269
14 603771280
46 505610734
48 160187672
24 47281357
20 750130536
15 47281412
21 9838298
25 47281295
28 47281326
26 47281340
13 371039174
25 46439057
11 2741342
40 595787025
2 47281493
7 47281474
9 346985934
48 195853921
12 47281428
7 47281481
35 567275504
5 467196161
42 259245145
4 47281508
44 228725337
38 78959763
11 92138515
33 898166869
11 357459579
25 809391622
34 728803952
27 403511101
9 47281454
46 47281165
25 47281343
9 211553150
47 144738182
3 773375260
37 47281201
22 622532614
2 47281497
26 47281338
42 713802016
35 902704946
1 394765279
25 965977191
21 584160879
17 47281398
29 47281251
2 47281512
37 47281229
24 47281383
10 730544729
12 47281432
6 786497520
47 802789125
13 484168145
43 334531401
31 61205950
9 127285966
28 47281305
3 885852829
46 376710844
44 982518190
31 255848357
44 931029406
1 47281512
19 44892030
34 259144045
29 47281245
9 47281448
25 47281382
4 47281494
20 138448637
39 16882999
16 47281405
20 558515084
2 284846157
33 684681189
23 773232914
48 47281143
3 47281496
38 672082735
39 407646747
43 701742922
48 446998854
11 138962924
41 47281176
2 47281504
14 186145587
27 939937592
23 795551647
30 47281268
7 47281462
39 503508851
42 791346847
23 733958530
30 47281282
45 47281160
25 47281348
46 19259809
27 800270798
8 47281501
33 90723478
1 47281506
39 138034728
30 660551334
16 805500439
28 47281312
39 72842382
9 47281492
18 972383945
27 226158626
32 781443600
34 228328959
16 363043158
35 47281235
19 47281391
24 37304031
20 988404134
6 942924153
28 47281291
45 47281150
30 891092817
27 242106539
35 696699536
25 236630089
26 47281284
21 417117345
28 47281298
26 47281337
45 731362868
12 47281431
16 309977225
41 47281180
33 47281245
8 47281499
14 140832503
2 576894
3 377668025
14 402524019
41 47281183
2 723919257
10 47281442
46 885987716
25 47281296
6 375388682
26 652655405
24 47281351
36 529929746
8 872572259
42 824814646
2 47281500
29 47281247
10 526290440
43 722653736
7 320096800
8 73739850
42 47281174
24 698683349
47 251997007
24 47281354
19 376811595
3 47281491
5 698418926
12 47281429
47 849801325
29 682338408
41 493995469
12 999039638
48 233604029
34 56619082
22 966590642
46 47281164
35 522309529
15 835163703
2 47281494
38 47281197
17 47281410
38 47281199
19 916880849
24 698599480
14 131983156
7 490775256
36 993273124
1 47281507
8 854622523
19 895643942
26 47281281
8 47281502
38 888289389
21 47281384
21 671147124
8 525768625
18 818218319
25 47281287
42 871585914
21 47281383
24 595601162
35 47281237
25 47281346
11 937978801
37 47281212
22 452247102
33 859594461
16 47281418
1 47281504
38 31422853
39 47281187
17 534789758
48 465886394
7 47281483
37 579960023
18 523515325
7 47281468
31 279850843
25 47281341
20 17794936
29 528531403
8 47281497
23 772033440
29 396033330
11 47281442
31 706260043
9 999254486
28 948354866
10 312427853
3 47281490
36 845079426
10 143614296
17 245543246
18 461102121
24 918664100
43 910919128
12 935800996
5 747765603
31 370125529
48 873016465
13 85636104
6 122302499
4 47281502
37 736432441
26 47281283
45 980682974
37 47281215
28 47281325
47 558956053
29 47281256
26 189326502
25 711732592
19 406339577
24 47281385
42 47281170
20 888664326
15 47281418
17 47281396
47 131428016
31 47281279
4 303951035
6 872186936
22 47281382
34 528424543
40 397551690
2 281887485
31 165616961
31 661898646
10 276310484
10 170944671
38 47281194
4 503638830
46 47281169
36 311667614
29 410246170
36 166497994
44 361167741
2 855640202
48 344664998
34 838154892
45 985173393
28 47281329
31 726085393
41 996620522
34 810093868
47 747614164
28 534931575
7 853977717
8 47281462
46 41796777
29 47281249
8 633728303
13 129704603
15 55920680
26 176230077
29 885725866
32 131169678
9 47281497
28 589550596
23 933343971
43 979376710
13 912735253
44 47281147
3 47281505
42 871977497
24 47281279
33 709910934
28 244957786
7 47281471
29 132980134
24 505242752
40 839107005
9 47281460
6 47281477
34 47281244
48 941537100
35 477409814
43 47281148
31 956559441
11 409139012
22 565474190
8 47281489
32 47281273
4 47281504
37 122903606
4 657687941
9 253109863
32 47281243
2 47281506
7 33216088
33 184248056
27 47281290
17 895340214
28 47281288
25 997865116
25 544962694
10 848802266
42 121759191
25 47281297
37 524286846
47 728925305
9 47281459
18 159294779
47 589052170
25 47281375
33 488193300
9 770559635
19 47281385
34 47281240
7 47281482
1 47281494
38 44676032
4 47281496
3 47281510
37 47281211
5 375162283
15 170945473
37 47281231
21 149934703
45 718481367
11 407841817
18 82061778
26 47281298
37 47281208
38 251915514
42 302533258
38 47281198
3 47281507
2 195584408
41 551224121
30 436399604
32 789926703
17 47281409
36 390794792
24 47281352
40 190882754
6 974487546
29 275285082
22 685186452
1 462833881
3 984349228
30 47281246
37 780195935
24 47281371
13 243288968
28 22663519
6 51433083
45 316784759
2 483574176
34 88211134
14 754947885
47 630451557
40 639423225
1 261842674
46 47281168
46 47281151
17 47281401
4 597752947
47 419342308
34 451312943
27 82161680
19 362218475
31 47281245
3 505136171
23 888880548
38 47281191
25 47281284
11 693290168
1 714247600
17 47281416
24 70170662
16 540207588
45 361369386
35 971753133
36 345060332
2 47281502
10 810076459
24 635364135
33 47281273
26 47281285
46 218476912
33 47281243
20 563078239
9 47281493
44 47281170
16 55915101
19 544506035
46 211870508
39 283823108
37 718949286
4 621807587
48 882010522
19 237311025
1 298291463
12 551883696
4 286340929
25 47281376
34 656210092
30 212702030
37 806188020
30 898699129
48 770373829
21 24976267
2 412108712
11 727590252
22 17305388
16 612175224
31 654106365
19 47281383
22 178523023
14 476676158
18 378718940
14 47281414
8 879687289
39 317339189
8 47281468
11 753587268
2 394086247
5 35183651
34 283439406
28 47281337
3 7534193
28 47281334
28 47281311
16 302680212
17 531501412
4 86601603
29 47281258
16 230550860
18 332759579
29 885371451
28 47281330
28 47281304
5 413535714
40 822189944
30 47281245
30 47281288
18 865194378
12 47281420
17 47281399
36 47281233
6 412561874
35 598694953
4 47281498
19 710021064
25 95592636
3 791808771
28 47281307
21 209466787
30 664398133
40 490616227
4 975924673
4 520498984
7 830035380
11 47281438
42 655726936
32 18679878
14 802383324
30 47281265
40 672611264
31 151592924
2 47281491
47 740560710
43 526646620
16 490644587
17 144040956
17 312963449
13 484047089
9 47281452
32 477879187
36 47281218
3 47281504
23 749654096
26 697031563
1 47281495
8 309240641
15 983363938
19 277562283
14 19555156
26 886224651
42 323072143
1 612611246
14 42901091
3 111172144
9 442085410
16 47281408
46 47281147
30 47281260
36 47281225
5 781032820
23 47281383
43 47281147
23 981127601
44 639605575
3 822990513
16 47281404
3 937107400
32 47281281
19 47281394
23 744898965
24 630098064
26 70027887
31 47281247
29 552158399
48 517696473
6 47281503
28 47281318
31 47281280
31 594983485
43 47281149
36 240289955
40 91370259
15 886538416
20 163923370
48 806461028
43 807022108
37 646421626
35 353036441
1 532095685
19 47281390
33 330247768
43 153347004
48 666067818
20 611898829
13 731448517
13 794898235
11 8158678
39 47281191
28 45236281
19 380663256
11 47281436
32 137369615
48 704702137
27 47281296
44 130398497
22 548508771
17 47281403
3 562944254
27 58984672
3 860311956
19 200163873
9 702038925
36 453141618
24 47281358
4 47281500
44 47281167
35 336898029
41 358110680
48 280174420
20 194663096
33 86826460
44 47281146
6 47281504
25 190446297
15 47281414
32 47281269
3 401194637
2 47281495
30 47281263
2 47281503
36 952112052
45 935735047
15 648713999
24 769901508
46 364538228
7 944418663
13 319189406
36 47281235
45 69073636
37 914745761
14 568504931
15 800957247
4 460959754
48 578329051
5 147622527
25 2129564
10 687566031
14 939321878
25 47281294
12 47281419
28 456489531
34 929222017
37 478015761
41 806019306
16 938202904
24 765247979
47 47281144
45 457520111
31 395851096
43 47281168
17 378259198
37 47281209
35 958344758
31 432609985
24 47281374
18 565092125
34 47281242
36 887035487
43 47281169
1 800604303
29 181885080
2 804373105
2 47281507
11 47281437
8 666058510
15 47281416
9 353493849
33 597343162
7 47281480
46 714211717
1 47281498
45 47281148
25 47281293
42 845014275
4 643664459
45 969682080
46 250304755
37 17605536
17 15044633
24 345407450
30 47281259
44 452026926
27 837160317
2 47281510
36 423952343
1 296099544
8 289485947
12 47281426
5 504415828
41 357212992
36 660140623
11 80358304
33 966582071
5 47281511
27 47281292
45 534995509
5 719684260
25 96819040
32 15006187
28 47281289
26 380611202
1 47281499
30 47281286
25 333389517
22 882992350
25 965551738
27 621277015
46 47281145
45 47281155
28 47281303
9 518627158
7 12099200
34 47281245
25 47281285
34 350614401
12 215781239
2 240009280
48 165582947
42 239641910
32 618313056
10 574490963
1 47281505
12 47281424
43 47281146
9 364144836
4 621487930
32 627319027
6 47281480
25 47281292
36 47281234
41 47281181
48 293478882
19 709293315
47 47281145
30 662881878
9 47281491
44 748517372
37 100113537
15 999021850
46 124572004
10 943678353
41 381629171
15 55326235
5 47281510
2 131593915
31 910423199
40 922839508
35 47281236
30 775774602
14 939543027
7 47281477
10 504455031
21 47281380
31 47281244
16 29757526
45 47281149
25 820541888
3 47281494
36 123378185
7 702768315
28 47281315
24 47281368
40 485604178
13 47281416
46 557736305
4 47281493
31 747973867
11 551566595
15 33728824
9 480841003
40 718145313
3 47281493
46 847660664
30 717221469
24 47281382
9 811227133
46 47281148
6 1399005
28 47281322
44 47281148
26 47281278
3 951639356
48 981646588
8 63811958
32 818795416
35 173815501
38 390561694
47 650261253
10 880251520
40 688052471
21 908992577
28 47281292
44 6781946
31 198997455
11 686165397
32 891847250
23 47281385
45 321465908
35 533631859
39 177548466
45 797594535
36 117947046
3 143574451
42 666917429
21 919404911
19 868447695
45 978383420
42 47281169
25 47281351
29 628064880
25 47281291
6 928823134
1 626475378
28 47281328
3 424145745
16 27713552
12 933048705
13 708872835
40 535644311
6 262229440
31 102572594
13 24617355
38 120967595
43 969542079
5 922243388
35 504230342
1 47281511
19 379864205
26 47281288
10 907836002
7 773351704
42 813149149
10 226138040
46 25727400
2 858617352
2 839211981
15 47281413
28 47281308
45 882425948
15 680341874
16 47281403
8 47281487
14 47281412
16 440812267
44 982227955
38 47281192
12 220680878
46 930063969
46 444042219
37 47281226
14 511311654
35 315111751
28 899779468
34 739235946
23 47281384
29 186828382
2 925805397
4 787287569
16 455289275
7 908546004
31 47281246
27 761466623
26 47281297
12 47281418
11 47281425
37 47281225
24 952272396
26 47281295
45 692779667
40 945748944
30 386275694
5 214255715
13 282648646
26 416759461
1 47281500
40 175194907
45 47281169
2 795656917
10 415635206
30 47281269
7 47281476
25 47281340
38 902300635
42 356319034
38 638022999
46 47281149
33 643344502
22 319170881
9 568928165
4 47281492
45 47281152
13 51786735
1 853194977
25 414693401
23 929156626
44 47281149
25 47281380
38 460593955
44 47281168
30 47281261
2 47281505
48 824341250
9 621518728
39 338953597
12 47281423
17 47281415
36 148751697
17 642597818
4 47281491
35 256404939
45 993589315
41 47281179
7 47281473
7 140401395
44 492355655
2 185915244
24 47281362
2 667921934
30 47281262
30 47281266
16 887023494
7 404331216
25 47281277
25 362386395
7 47281472
29 461289219
39 330484957
48 306203620
25 47281345
33 409758222
37 47281210
30 404899090
34 540257786
6 944651505
31 547137254
45 47281158
42 365144168
30 47281287
40 399124350
28 47281314
13 3198712
4 886029282
9 325526594
33 405640395
36 47281220
44 47281150
17 474086447
18 223531553
17 47281414
4 942754842
17 47281397
32 729286821
21 600939186
11 47281435
45 256496975
37 749436587
33 414468512
20 721603974
31 374379022
26 47281289
39 199801807
3 47281506
15 941692095
10 271706150
25 47281289
46 367816377
15 596559055
26 47281296
1 779881614
8 724020250
30 47281267
43 231839805
43 615648794
10 798209638
9 47281442
6 47281506
18 47281395
41 441292870
43 194915649
29 47281253
34 793780747
2 47281501
8 82663597
46 945444805
2 966937719
4 399155982
4 293637317
13 441648951
37 47281204
9 47281457
31 252546117
24 47281369
32 4480425
9 47281446
41 339197930
48 189763577
25 47281276
24 47281359
39 191187342
26 130964573
35 852111797
16 47281407
45 512111916
29 47281257
29 242001739
20 445335825
26 418779697
18 438119573
1 226084998
42 18758879
25 492517223
25 47281342
41 47281184
3 978095008
48 327997777
3 404486076
25 47281381
26 357235072
5 436283381
12 47281430
20 807063924
16 47281409
31 861666160
38 516186638
37 872312141
2 262447476
38 903353261
1 8197478
33 223178195
6 886273037
29 14195387
21 651508541
43 320986510
6 866809657
13 699233394
29 47281248
3 47281500
25 47281377
20 877282700
33 47281270
4 72008022
35 584731126
2 47281511
2 917747611
46 348111978
26 47281279
18 797988631
1 269685441
46 47281167
36 741433001
4 47281495
26 47281277
2 819340484
46 749972230
27 129769569
19 141322170
30 629489315
35 854124959
24 319176198
18 173524004
47 631012407
23 598239533
35 475856675
26 826263128
36 985938771
7 267508443
42 208072276
10 812245440
11 47281439
16 47281417
31 623304456
29 47281250
47 940160263
39 444442811
11 168219599
40 918560063
14 883962868
4 163527055
9 882529900
45 47281157
27 788498435
25 114645040
28 47281332
28 812810582
30 845516981
30 47281284
46 47281162
6 606196472
5 47281508
8 662705478
10 552391782
5 885009925
20 47281383
27 280851329
8 47281498
12 580786493
17 177870268
33 588010756
30 816259592
29 857021443
3 677715877
46 47281150
30 256300007
46 415752980
4 47281497
25 661397735
12 625586920
10 47281443
5 47281513
33 315977932
21 315500577
9 47281453
6 47281505
10 547407920
25 223650513
6 303700916
12 102849918
38 289372734
13 919903246
26 302599765
31 773004994
32 903508841
11 10652028
9 640202488
32 404556743
29 376534233
27 852976074
31 281221622
1 953814960
35 120149369
40 47281185
24 325543507
3 47281502
13 247740493
32 609017676
14 809099854
40 903513686
10 96351923
12 170054157
40 514178720
44 937583796
7 966368991
15 47281415
7 47281463
7 581066229
46 102709332
25 795821961
24 707568659
25 227245085
4 47281511
28 409166023
33 60862525
24 506630193
33 914608792
7 47281503
15 47281411
23 44144139
23 477638710
9 482145600
1 47281503
20 217254751
6 949557925
7 655602341
18 350483857
47 671434554
38 848433722
37 622069364
37 800549655
33 132868690
28 47281290
32 47281279
8 782284614
22 219252417
24 47281366
8 47281488
7 708727015
18 938720669
45 468908248
44 47281145
36 736415523
12 597871031
43 927907994
45 47281159
12 47281421
25 47281344
3 917826149
45 275646096
19 71576100
22 351318279
31 857189297
48 96847189
28 47281316
8 47281465
12 47281422
32 47281277
6 501209994
3 47281501
26 192318998
4 47281510
19 323496131
47 189523992
11 622907916
19 100555695
5 47281512
42 500758290
12 386752263
10 235834442
19 995144748
38 949627730
42 47281171
13 602442825
44 288573575
15 94627593
8 905121033
37 47281213
9 47281451
38 825975963
4 337051251
4 47281512
12 6033295
19 69847159
48 572012627
28 47281299
18 940306762
6 447848063
21 653192503
41 317410490
41 96990318
44 47281152
23 515960736
26 47349280
37 47281232
18 499838800
6 769079653
30 597747689
27 862282137
24 200415278
39 716804716
1 362203455
12 562824717
19 197081468
43 508060415
47 38395797
20 37388535
35 850263538
15 926125343
18 752252550
24 182315171
6 901939624
35 781660605
29 47281255
11 158434675
28 47281309
27 47281291
26 556805223
2 47281496
9 847044330
36 630264043
45 221877908
7 47281485
29 255133178
1 408387029
24 264910713
17 849288583
15 835275070
37 47281227
30 981094819
10 303263494
29 642984668
24 47281277
21 492373462
37 47281202
16 409546024
34 612847537
44 752610549
35 602375838
11 604071690
2 47281509
25 47281379
17 47281395
42 780917570
19 47281393
8 855344305
23 894054258
18 589405903
34 68648104
18 329828551
34 47281243
28 47281324
17 47281411
10 601046580
36 47281223
7 47281470
32 713876434
16 537791784
27 782880501
31 75530408
28 47281320
7 47281475
17 704104650
19 1061551
8 727948866
19 165331087
31 950848378
9 47281455
28 47281333
38 629823808
25 47281349
12 486818525
32 871843199
4 47281503
22 440964708
5 49706911
42 504412242
3 353093604
3 47281503
47 135257398
12 47281427
23 630386297
41 600310691
46 272229822
9 47281496
48 11205142
30 771933137
8 798913559
17 108490752
4 47281490
40 599752703
29 728860903
39 144636743
30 47281285
30 65104071
13 47281417
40 41992128
35 461318272
2 569132248
3 915399841
11 47281441
36 251996812
28 61891465
40 859871692
35 688042447
2 347881676
12 628766159
13 532519656
33 301424138
8 263816491
2 937696809
1 631793749
16 47281416
46 518368550
42 620823547
16 992922084
35 305236436
24 47281282
39 560541530
14 848347534
4 812151759
3 144443415
32 47281275
16 71456310
28 47281336
9 377612860
4 47281506
27 513544568
3 47281492
35 889220535
2 133163564
20 728449984
9 47281443
20 48924004
5 745369382
27 497469954
44 47281151
8 47281467
45 47281151
32 848144562
32 948385546
1 47281509
35 241967365
29 389526104
20 68553563
38 165538514
32 47281274
11 47281443
24 569092423
19 723952480
45 62245230
10 104758227
28 47281321
15 69490119
28 47281327
16 737826685
45 747188269
29 123071166
32 549183104
42 595391375
4 47281507
25 47281347
44 939406870
6 358510454
9 47281449
24 47281356
13 586914684
5 663898494
15 668053136
11 47281433
46 47281166
4 989714121
2 701014964
26 333868150
3 892379221
16 945489407
32 47281280
27 153444497
26 47281339
36 47281224
10 817849066
46 423738819
11 462223697
41 47281177
32 47281278
43 945647690
40 47281184
30 238566819
10 832071613
29 165697982
2 678965784
4 366371119
24 47281361
9 47281444
30 47281264
37 47281228
33 302854521
33 643443681
39 142242718
28 47281313
32 47281270
38 583081563
42 47281175
29 768723144
4 47281489
4 47281501
28 47281302
30 47281258
14 437393904
25 111330427
44 36706087
32 84693081
19 47281386
28 47281306
43 123157155
42 163463464
17 230243834
16 47281406
6 113941286
39 47281186
48 266570281
33 47281271
35 408422321
10 906235945
9 47281445
27 65335983
26 362212170
13 572804197
41 615500622
6 47281502
36 86593936
35 195117252
19 118480069
45 861214380
3 47281511
3 280386213
43 960697350
30 455420777
19 47281388
23 505623303
37 47281206
18 572565443
30 85043800
11 47281426
33 47281242
9 161875671
31 442598388
22 47281381
25 47281374
43 409439610
41 47281178
37 443548852
36 47281219
28 47281331
32 73995050
32 47281242
42 107326368
1 47281501
27 703268334
27 731920198
9 47281456
4 530097976
35 890588350
28 47281323
45 625240619
45 47281162
1 47281508
7 203694030
8 652424419
38 47281216
12 483645204
1 127466544
17 19715104
25 47281298
14 868916590
14 47281415
47 448267024
14 694045949
21 263279695
27 47281298
43 32403860
46 859853879
44 966051509
30 143665823
47 47281143
5 707977212
24 47281278
23 630444444
32 619047947
35 929297079
14 11176518
3 727820485
34 617085531
7 167402736
25 699568879
34 383028794
7 89128758
21 47281382
2 557880274
2 867479867
38 47281193
10 466162425
8 47281500
7 47281484
35 490853605
42 433949841
16 959678802
5 303155054
35 919184717
45 47281156
7 881586381
43 881473276
17 70217314
40 65339745
5 357965819
38 407776182
43 47281145
9 49401249
28 912221524
10 990306680
45 47281153
44 56782995
38 47281200
16 972213105
15 761154259
26 47281282
48 709092709
9 47281489
32 420661150
47 998425914
43 473475358
28 663511369
16 485225296
9 47281494
15 47281417
7 649454276
45 160395790
3 168768203
35 696383241
42 47281176
3 47281508
27 47281289
17 579473215
34 184439410
22 47281380
19 47281392
42 182089988
14 193069630
34 501569369
17 603290485
36 453014459
32 917138836
34 274446583
25 47281350
25 47281288
4 766780983
45 338106465
4 333156182
20 665999965
44 50833098
37 47281217
7 632541960
20 534128554
46 24890819
4 521397272
27 845030212
37 47281200
36 59813808
43 246554522
3 47281495
4 47281513
3 47281497
44 104444548
31 47281243
26 617567978
40 512090402
30 29951003
39 557656498
5 713884124
9 47281447
13 42560574
24 47281281
6 771562147
12 47281417
36 47281221
39 500710758
6 47281479
36 708175515
6 248614918
11 47281440
14 490861684
9 47281450
26 168415098
7 81087339
13 47281415
37 47281230
48 735708541
8 480468358
2 650383614
20 190685014
37 47281214
46 235958773
29 47281254
25 47281286
44 66191264
28 47281251
2 180590429
11 485001353
35 100784842
8 97600105
21 853554365
14 158414349
3 47281489
7 908736114
25 732823120
27 653486434
1 245833925
42 195266037
30 378537724
29 47281252
21 129074345
45 795649092
7 681456024
30 47281281
13 470305134
40 47281186
38 47281195
23 238940338
39 47281188
19 617789963
24 47281372
24 47281355
8 418090598
25 531824261
7 391426617
47 833947369
37 47281216
19 507835048
47 548326475
10 327493997
37 47281205
11 107178494
37 259687829
22 850915256
5 47281506
33 211390695
23 867386048
8 694077358
39 577573755
39 961587433
6 5165052
39 47281189
12 47281433
21 47281381
21 296218937
22 345384579
14 47281411
33 969199502
14 47281413
22 107238769
21 652174360
24 233716683
33 47281272
27 47281297
24 932860893
16 753357229
19 47281389
27 758414125
28 47281252
28 47281310
37 47281203
10 712370690
29 665795092
26 47281286
13 807407750
18 47281394
23 546720918
26 937524799
32 842173682
29 89139162
34 654313584
13 244238620
35 75352767
26 154091083
19 574567062
31 28714664
27 47281295
27 795128983
3 47281509
15 755277594
26 964226319
16 527061834
25 47281283
24 47281367
15 10853335
28 296651073
44 844759193
41 47281182
9 133060547
3 645942679
35 36020793
43 47281167
14 919434667
8 38431533
31 227601713
24 318871718
45 47281170
22 426715905
27 710024358
45 47281154
14 967420167
5 716852443
45 756930802
9 47281495
24 47281373
24 47281353
17 47281402
16 12843716
35 950140097
46 47281163
2 293182487
28 47281317
24 47281370
18 304678261
41 798220227
3 47281499
11 278851421
12 141093313
40 949744162
10 188677109
24 454861248
2 551623648
17 617081066
35 47281239
35 47281238
21 462144850
36 47281222
3 812870041
24 47281363
19 47281384
32 347413519
8 47281466
46 47281146
42 47281172
6 715746952
2 47281499
8 47281486
24 685473190
42 639787724
24 735527473
24 47281364
47 469348353
34 303814794
18 419952230
18 725413479
1 166248596
34 503908178
35 47281240
36 47281232
32 971235466
24 990204929
17 648227904
4 47281505
11 47281434
41 434887525
7 47281469
25 47281290
22 235903391
29 46160697
19 99790282
29 47281246
26 47281280
8 47281464
3 72497831
43 406470913
24 47281360
13 467731204
48 172520028
18 576079592
34 198983728
19 47281387
31 47281281
33 30880642
41 419404951
18 959112014
25 760955241
26 967282089
40 331074627
11 662351185
22 867880451
33 517324568
25 896570319
48 556958121
33 47281244
37 483528616
27 302219348
46 860677102
28 47281301
24 656876235
1 47281497
32 549179102
22 120536760
17 47281412
44 736365606
16 55351104
15 348078819
24 47281280
33 98533923
8 47281485
8 962005792
38 788384776
11 305898644
39 779495
24 829100186
9 47281461
48 506353990
2 47281492
25 32450221
37 47281207
24 479982550
34 785218681
41 844965705
39 47281190
25 663587857
39 217173068
39 955838480
46 171859772
7 127292958
21 852237748
38 568519667
12 549066898
37 106201594
15 696261001
33 945492085
30 243007949
5 949211477
24 47281283
37 964634522
19 377525786
42 47281173
9 47281490
19 118977468
7 780912930
23 188358854
20 47281384
19 307811692
44 148711426
13 261326668
40 689060975
40 248922615
30 47281247
2 735891684
44 984414308
31 98008814
11 647993676
35 277070730
29 283762371
9 632551384
27 385455669
36 462893711
1 47281502
17 47281413
4 47281499
41 604398293
22 153997734
30 47281280
6 47281478
40 841062575
25 908628938
45 47281161
8 37688751
36 201982020
1 47281496
36 580143808
44 534436760
17 47281400
19 147839352
23 528773060
5 47281509
29 729912438
7 218047362
3 55710164
34 47281241
44 91487788
15 898305888
7 496022264
11 725376134
28 47281335
25 392628288
10 938797157
26 47281276
14 777649037
7 568074586
2 47281508
7 47281464
26 242249354
44 47281169
11 423332856
5 586098496
25 497176788
41 359441193
24 332391385
43 435791680
4 293484964
1 47281510
14 604623971
24 47281365
13 203953505
9 47281458
20 967159065
32 487959685
46 182422222
23 852824845
2 943985389
46 655852633
32 47281276
35 162058613
37 56915412
33 299257037
38 47281215
7 47281502
8 360898789
5 47281507
26 47281287
40 405943626
24 47281384
12 47281425
39 240749811
5 778123474
30 47281279
22 641654198
19 414803793
19 772719837
4 47281509
13 471212781
30 47281283
14 387459498
28 47281319
26 253196424
25 47281378
38 426534068
20 593559291
34 127964610
7 151465774
42 689097099
5 552638036
10 36131011
8 47281461
29 75368675
29 47281288
47 791899765
28 47281300
11 249501795
33 885433221
10 84934423
40 436421901
13 724247372
8 47281503
21 348305434
27 47281337
19 192966075
44 763663424
5 55609414
3 47281498
39 16712163
10 173041717
