1000 1000000000 2000
768 235677012
965 536823969
830 402063267
662 452938734
937 770669378
695 240256684
858 192718361
197 747370359
424 250326039
668 546837925
633 173973834
714 263622231
750 190408570
35 148085571
144 580426841
429 284937861
198 122885551
471 299956090
148 458390654
814 364166738
372 409887492
790 85641239
628 792592077
862 28363204
798 594153506
1 599675411
843 355223829
670 419599104
829 564049512
930 670412487
945 538099978
836 566456689
759 810477978
648 525816313
255 53521392
29 380381520
347 94529217
638 410154534
766 382462849
677 800040566
817 578401372
969 972347957
231 153821494
368 3424184
630 469145072
540 571643366
81 335422354
184 344154672
65 287903650
227 872293663
886 990136412
126 138050998
866 491233756
718 858722426
975 506619468
327 802271463
156 247657774
4 936920241
350 895244916
981 431689859
222 917544287
169 426554592
46 611810415
701 792345900
722 805543153
664 283171140
865 397974586
404 965808467
622 307236451
848 508078501
22 953517795
809 135067950
900 149355355
668 540679844
751 51258602
625 998182207
798 774409836
531 443507154
792 262570988
589 685627408
860 756567183
580 448984761
582 520404665
795 65283847
144 253065436
715 667608873
714 448808476
130 499347651
635 415696297
140 5470711
795 543288839
500 38875802
706 462877760
70 113799620
16 94011931
873 477958011
838 535624317
781 11040746
975 729550406
503 335023798
854 824039110
133 932265204
62 417326962
357 551536259
716 971656898
407 393588424
485 962396077
664 399670094
452 894172754
348 942404427
839 340299548
132 612384396
580 288358226
72 858050561
972 964670474
554 877109651
744 974030888
282 53317481
995 25895724
343 514202636
873 223480739
893 336825737
878 757143143
637 42435619
914 540748604
546 149069997
513 174450661
433 385583447
424 114277835
881 100855770
424 800344451
370 68224980
766 182892507
912 316909110
189 883007588
178 91452945
751 976872592
816 281435643
10 167991582
13 232210407
739 961685981
930 59246394
663 572124773
378 271385318
213 787825988
664 949831804
636 63198732
996 451810185
835 968509411
626 771827398
522 376620183
979 260344026
327 61308147
828 890490411
50 89442810
787 309029597
95 694612433
345 781173658
596 318319361
966 567950482
973 190314300
303 357207244
608 105678615
72 616697308
271 381850865
391 807772794
139 646810182
295 843989284
348 480048595
368 784673768
184 166128324
860 507129025
366 482238694
75 644536151
143 419385435
180 787370269
11 541168659
385 354983600
660 339484783
604 200637319
693 923342739
423 592128319
102 428761805
268 568035911
895 552125144
561 573837272
828 70485701
522 342231336
650 967807094
538 408369843
834 936377958
189 962144240
248 152005020
644 23367431
330 458734583
855 348993824
126 509422561
424 525403507
119 267387612
742 654604147
835 323583887
435 396917235
482 62832856
628 253971826
756 358462153
496 686872968
782 618597469
678 615525811
860 108357537
943 870237473
459 810088175
649 488536789
935 25554815
406 694475537
845 311297794
526 658489457
240 755893627
987 85337348
365 403049269
809 208423677
785 161435434
864 320492788
969 492135070
884 583800521
814 556287967
447 452488923
897 548968652
224 803405542
650 536095018
168 215331584
9 825325149
625 739656654
223 113569533
88 100789674
352 524532050
909 843056973
372 562809658
254 370133343
642 593717426
766 329845195
563 954251103
370 730385701
691 471337745
998 97544184
997 97544184
997 97544185
996 97544185
995 97544185
994 97544185
994 97544184
993 97544184
993 97544183
992 97544183
992 97544184
991 97544184
991 97544185
991 97544186
991 97544187
990 97544187
989 97544187
988 97544187
987 97544187
986 97544187
985 97544187
984 97544187
983 97544187
983 97544188
983 97544189
982 97544189
981 97544189
980 97544189
979 97544189
979 97544190
978 97544190
978 97544191
977 97544191
976 97544191
976 97544192
975 97544192
975 97544193
974 97544193
973 97544193
972 97544193
972 97544194
971 97544194
970 97544194
970 97544193
970 97544192
969 97544192
968 97544192
967 97544192
967 97544191
966 97544191
965 97544191
964 97544191
963 97544191
962 97544191
961 97544191
960 97544191
960 97544190
960 97544189
959 97544189
958 97544189
957 97544189
956 97544189
956 97544190
955 97544190
954 97544190
953 97544190
952 97544190
951 97544190
951 97544191
951 97544192
952 97544192
952 97544193
952 97544194
951 97544194
950 97544194
950 97544195
949 97544195
948 97544195
947 97544195
946 97544195
945 97544195
944 97544195
943 97544195
943 97544194
942 97544194
941 97544194
940 97544194
939 97544194
938 97544194
937 97544194
937 97544193
937 97544192
936 97544192
936 97544193
935 97544193
935 97544192
934 97544192
933 97544192
933 97544193
932 97544193
932 97544192
932 97544191
931 97544191
930 97544191
929 97544191
928 97544191
927 97544191
927 97544192
928 97544192
928 97544193
928 97544194
929 97544194
930 97544194
930 97544195
929 97544195
929 97544196
929 97544197
928 97544197
927 97544197
926 97544197
925 97544197
924 97544197
923 97544197
922 97544197
921 97544197
921 97544196
921 97544195
920 97544195
919 97544195
918 97544195
918 97544194
917 97544194
917 97544195
916 97544195
916 97544196
917 97544196
917 97544197
916 97544197
915 97544197
914 97544197
914 97544196
913 97544196
912 97544196
911 97544196
910 97544196
909 97544196
908 97544196
908 97544195
907 97544195
906 97544195
906 97544194
906 97544193
905 97544193
904 97544193
903 97544193
903 97544194
904 97544194
904 97544195
903 97544195
902 97544195
901 97544195
901 97544196
901 97544197
900 97544197
899 97544197
898 97544197
897 97544197
896 97544197
896 97544196
895 97544196
894 97544196
893 97544196
893 97544197
893 97544198
892 97544198
892 97544199
891 97544199
891 97544198
890 97544198
890 97544197
889 97544197
888 97544197
887 97544197
886 97544197
885 97544197
884 97544197
883 97544197
882 97544197
882 97544198
881 97544198
880 97544198
880 97544199
880 97544200
879 97544200
879 97544199
878 97544199
877 97544199
877 97544200
876 97544200
876 97544201
875 97544201
874 97544201
874 97544202
873 97544202
872 97544202
871 97544202
870 97544202
869 97544202
869 97544203
868 97544203
867 97544203
866 97544203
866 97544204
865 97544204
864 97544204
863 97544204
862 97544204
862 97544203
863 97544203
863 97544202
862 97544202
861 97544202
861 97544203
860 97544203
860 97544202
859 97544202
858 97544202
858 97544203
857 97544203
857 97544204
856 97544204
855 97544204
854 97544204
853 97544204
853 97544205
852 97544205
852 97544204
851 97544204
850 97544204
850 97544203
850 97544202
849 97544202
849 97544203
848 97544203
847 97544203
847 97544202
847 97544201
847 97544200
846 97544200
846 97544201
845 97544201
844 97544201
844 97544200
845 97544200
845 97544199
844 97544199
844 97544196
844 97544197
844 97544198
845 97544198
846 97544198
846 97544199
847 97544199
848 97544199
848 97544198
848 97544197
847 97544197
846 97544197
845 97544197
845 97544196
846 97544196
846 97544195
845 97544195
844 97544195
843 97544195
843 97544194
842 97544194
842 97544193
841 97544193
841 97544192
841 97544191
840 97544191
840 97544190
839 97544190
838 97544190
838 97544189
837 97544189
836 97544189
835 97544189
834 97544189
833 97544189
832 97544189
831 97544189
831 97544187
831 97544188
832 97544188
832 97544187
832 97544186
831 97544186
830 97544186
830 97544184
830 97544185
831 97544185
831 97544184
831 97544183
830 97544183
829 97544183
828 97544183
827 97544183
826 97544183
826 97544182
825 97544182
824 97544182
823 97544182
822 97544182
821 97544182
821 97544183
820 97544183
819 97544183
818 97544183
818 97544182
819 97544180
818 97544180
818 97544181
819 97544181
819 97544182
820 97544182
820 97544181
820 97544180
821 97544180
821 97544179
820 97544179
819 97544179
818 97544179
817 97544179
816 97544179
815 97544179
814 97544179
814 97544180
815 97544180
815 97544181
814 97544181
813 97544181
813 97544180
812 97544180
811 97544180
810 97544180
809 97544180
809 97544179
808 97544179
808 97544178
807 97544178
806 97544178
805 97544178
804 97544178
803 97544178
802 97544178
801 97544178
800 97544178
799 97544178
798 97544178
797 97544178
796 97544178
795 97544178
795 97544177
794 97544177
794 97544176
794 97544175
793 97544175
792 97544175
791 97544175
790 97544175
789 97544175
789 97544174
788 97544174
788 97544173
788 97544172
788 97544171
787 97544171
787 97544172
786 97544172
785 97544172
785 97544173
784 97544173
784 97544172
783 97544172
782 97544172
782 97544173
783 97544173
783 97544174
782 97544174
781 97544174
780 97544174
779 97544174
778 97544174
777 97544174
777 97544173
776 97544173
776 97544174
776 97544175
775 97544175
775 97544176
774 97544176
773 97544176
773 97544175
772 97544175
772 97544176
771 97544176
770 97544176
770 97544177
770 97544178
770 97544179
769 97544179
768 97544179
768 97544180
767 97544180
766 97544180
766 97544179
765 97544179
765 97544180
765 97544181
764 97544181
763 97544181
762 97544181
762 97544182
761 97544182
761 97544183
760 97544183
759 97544183
758 97544183
757 97544183
756 97544183
756 97544182
755 97544182
754 97544182
753 97544182
752 97544182
751 97544182
751 97544181
750 97544181
749 97544181
749 97544182
748 97544182
747 97544182
746 97544182
745 97544182
745 97544183
744 97544183
743 97544183
743 97544184
744 97544184
744 97544185
743 97544185
743 97544186
742 97544186
741 97544186
741 97544187
740 97544187
740 97544186
739 97544186
738 97544186
737 97544186
736 97544186
735 97544186
734 97544186
733 97544186
732 97544186
732 97544185
731 97544185
730 97544185
730 97544186
729 97544186
728 97544186
727 97544186
726 97544186
726 97544187
726 97544188
725 97544188
724 97544188
723 97544188
722 97544188
721 97544188
720 97544188
720 97544187
719 97544187
718 97544187
718 97544186
717 97544186
717 97544185
716 97544185
716 97544186
716 97544187
715 97544187
714 97544187
714 97544188
714 97544189
714 97544190
713 97544190
713 97544189
713 97544188
712 97544188
712 97544189
711 97544189
710 97544189
710 97544188
710 97544187
709 97544187
708 97544187
708 97544188
707 97544188
707 97544187
706 97544187
705 97544187
704 97544187
703 97544187
702 97544187
702 97544186
703 97544186
703 97544185
702 97544185
701 97544185
701 97544184
700 97544184
699 97544184
699 97544183
699 97544182
698 97544182
697 97544182
697 97544181
696 97544181
695 97544181
694 97544181
693 97544181
692 97544181
691 97544181
690 97544181
690 97544182
690 97544183
689 97544183
688 97544183
688 97544184
687 97544184
686 97544184
685 97544184
685 97544183
684 97544183
683 97544183
683 97544184
682 97544184
682 97544185
681 97544185
680 97544185
679 97544185
678 97544185
678 97544184
677 97544184
677 97544183
677 97544182
677 97544181
676 97544181
676 97544180
675 97544180
674 97544180
673 97544180
672 97544180
671 97544180
670 97544180
669 97544180
668 97544180
667 97544180
666 97544180
665 97544180
665 97544179
664 97544179
663 97544179
662 97544179
661 97544179
660 97544179
660 97544180
660 97544181
659 97544181
659 97544182
658 97544182
658 97544183
657 97544183
656 97544183
656 97544182
657 97544182
657 97544181
656 97544181
655 97544181
655 97544182
654 97544182
653 97544182
652 97544182
651 97544182
650 97544182
650 97544183
649 97544183
648 97544183
648 97544184
647 97544184
647 97544185
646 97544185
645 97544185
644 97544185
643 97544185
642 97544185
641 97544185
641 97544184
641 97544183
640 97544183
639 97544183
639 97544182
640 97544182
640 97544181
640 97544180
640 97544179
639 97544179
638 97544179
638 97544178
639 97544178
639 97544177
639 97544176
638 97544176
637 97544176
636 97544176
636 97544175
636 97544174
635 97544174
635 97544171
635 97544172
635 97544173
636 97544173
636 97544172
636 97544171
637 97544170
637 97544171
637 97544172
637 97544173
637 97544174
638 97544174
638 97544173
638 97544172
638 97544171
639 97544171
639 97544170
638 97544170
638 97544169
637 97544169
636 97544169
636 97544170
635 97544170
634 97544170
633 97544170
633 97544169
633 97544168
632 97544168
631 97544168
631 97544167
630 97544167
629 97544167
629 97544168
628 97544168
628 97544169
627 97544169
626 97544169
625 97544169
625 97544168
624 97544168
624 97544169
623 97544169
622 97544169
621 97544169
620 97544169
620 97544168
619 97544168
618 97544168
618 97544167
618 97544166
619 97544166
619 97544165
618 97544165
617 97544165
616 97544165
615 97544165
614 97544165
613 97544165
612 97544165
612 97544164
611 97544164
610 97544164
609 97544164
609 97544163
608 97544163
608 97544164
608 97544165
607 97544165
606 97544165
605 97544165
605 97544164
605 97544163
604 97544163
604 97544162
603 97544162
602 97544162
601 97544162
600 97544162
599 97544162
599 97544163
598 97544163
597 97544163
596 97544163
595 97544163
594 97544163
593 97544163
593 97544164
594 97544164
594 97544165
593 97544165
592 97544165
592 97544164
592 97544163
591 97544163
591 97544162
590 97544162
589 97544162
588 97544162
587 97544162
586 97544162
586 97544161
586 97544160
585 97544160
584 97544160
583 97544160
583 97544161
583 97544162
582 97544162
582 97544163
581 97544163
580 97544163
579 97544163
578 97544163
578 97544164
577 97544164
577 97544165
576 97544165
576 97544164
575 97544164
575 97544163
574 97544163
574 97544164
573 97544164
572 97544164
571 97544164
571 97544163
570 97544163
569 97544163
569 97544162
568 97544162
568 97544161
567 97544161
566 97544161
565 97544161
564 97544161
563 97544161
563 97544162
562 97544162
561 97544162
560 97544162
560 97544161
560 97544160
559 97544160
558 97544160
558 97544159
557 97544159
556 97544159
555 97544159
554 97544159
553 97544159
553 97544160
553 97544161
553 97544162
553 97544163
554 97544163
554 97544162
554 97544161
554 97544160
555 97544160
555 97544161
555 97544162
556 97544162
556 97544163
555 97544163
555 97544164
555 97544165
556 97544165
556 97544166
555 97544166
554 97544166
554 97544165
553 97544165
553 97544166
552 97544166
552 97544165
551 97544165
551 97544166
550 97544166
550 97544167
549 97544167
548 97544167
548 97544166
547 97544166
547 97544165
546 97544165
545 97544165
544 97544165
543 97544165
542 97544165
542 97544164
541 97544164
540 97544164
539 97544164
539 97544165
540 97544165
540 97544166
539 97544166
538 97544166
538 97544165
537 97544165
537 97544166
536 97544166
535 97544166
534 97544166
533 97544166
533 97544167
532 97544167
531 97544167
530 97544167
529 97544167
528 97544167
528 97544166
527 97544166
527 97544167
526 97544167
526 97544166
526 97544165
525 97544165
525 97544164
526 97544164
526 97544163
525 97544163
524 97544163
523 97544163
523 97544162
522 97544162
521 97544162
520 97544162
519 97544162
519 97544161
519 97544160
518 97544160
517 97544160
516 97544160
515 97544160
515 97544161
514 97544161
514 97544162
513 97544162
512 97544162
511 97544162
510 97544162
509 97544162
508 97544162
508 97544163
508 97544164
507 97544164
506 97544164
505 97544164
504 97544164
503 97544164
502 97544164
501 97544164
501 97544165
500 97544165
499 97544165
499 97544166
498 97544166
498 97544165
497 97544165
497 97544164
496 97544164
495 97544164
495 97544165
494 97544165
494 97544166
494 97544167
495 97544167
495 97544166
496 97544166
496 97544167
496 97544168
495 97544168
494 97544168
493 97544168
492 97544168
491 97544168
491 97544169
491 97544170
490 97544170
489 97544170
488 97544170
487 97544170
486 97544170
485 97544170
484 97544170
484 97544171
484 97544172
483 97544172
482 97544172
482 97544171
482 97544170
481 97544170
481 97544169
481 97544168
481 97544167
480 97544167
479 97544167
478 97544167
477 97544167
477 97544166
477 97544165
476 97544165
476 97544166
475 97544166
474 97544166
473 97544166
473 97544165
472 97544165
472 97544164
471 97544164
471 97544163
470 97544163
470 97544164
469 97544164
469 97544165
468 97544165
467 97544165
466 97544165
465 97544165
464 97544165
463 97544165
462 97544165
462 97544164
461 97544164
460 97544164
460 97544165
459 97544165
458 97544165
458 97544166
459 97544166
459 97544167
458 97544167
457 97544167
457 97544166
456 97544166
455 97544166
454 97544166
453 97544166
452 97544166
452 97544165
451 97544165
450 97544165
450 97544166
451 97544166
451 97544167
451 97544168
450 97544168
449 97544168
449 97544167
448 97544167
447 97544167
446 97544167
446 97544168
445 97544168
444 97544168
443 97544168
443 97544167
442 97544167
441 97544167
440 97544167
439 97544167
439 97544168
438 97544168
438 97544167
437 97544167
436 97544167
436 97544168
436 97544169
435 97544169
434 97544169
433 97544169
433 97544170
432 97544170
431 97544170
430 97544170
429 97544170
428 97544170
428 97544171
429 97544171
429 97544172
428 97544172
427 97544172
426 97544172
425 97544172
424 97544172
423 97544172
422 97544172
422 97544171
421 97544171
420 97544171
419 97544171
419 97544172
418 97544172
418 97544171
417 97544171
416 97544171
415 97544171
414 97544171
413 97544171
412 97544171
411 97544171
410 97544171
410 97544172
409 97544172
408 97544172
407 97544172
406 97544172
406 97544171
405 97544171
404 97544171
403 97544171
402 97544171
401 97544171
400 97544171
400 97544170
400 97544169
400 97544168
399 97544168
399 97544167
398 97544167
397 97544167
396 97544167
395 97544167
395 97544168
394 97544168
393 97544168
393 97544169
394 97544169
394 97544170
394 97544171
393 97544171
393 97544170
392 97544170
391 97544170
391 97544169
390 97544169
389 97544169
389 97544170
388 97544170
387 97544170
386 97544170
386 97544171
385 97544171
385 97544172
386 97544172
386 97544173
385 97544173
384 97544173
383 97544173
383 97544172
381 97544172
382 97544172
382 97544173
381 97544173
380 97544173
379 97544173
378 97544173
377 97544173
376 97544173
379 97544171
378 97544171
377 97544171
376 97544171
376 97544172
377 97544172
378 97544172
379 97544172
380 97544172
380 97544171
381 97544171
381 97544170
380 97544170
379 97544170
378 97544170
377 97544170
376 97544170
375 97544170
374 97544170
373 97544170
372 97544170
372 97544169
372 97544168
372 97544167
373 97544167
373 97544166
372 97544166
371 97544166
370 97544166
370 97544165
369 97544165
369 97544166
368 97544166
367 97544166
366 97544166
366 97544167
365 97544167
364 97544167
364 97544168
363 97544168
362 97544168
362 97544169
362 97544170
361 97544170
360 97544170
360 97544171
361 97544171
361 97544172
360 97544172
359 97544172
358 97544172
357 97544172
356 97544172
355 97544172
354 97544172
353 97544172
353 97544171
352 97544171
351 97544171
350 97544171
350 97544170
349 97544170
348 97544170
347 97544170
347 97544171
348 97544171
349 97544171
349 97544172
348 97544172
347 97544172
346 97544172
345 97544172
345 97544173
344 97544173
343 97544173
342 97544173
342 97544174
341 97544174
340 97544174
339 97544174
339 97544175
338 97544175
337 97544175
336 97544175
335 97544175
335 97544174
334 97544174
333 97544174
333 97544173
332 97544173
332 97544172
331 97544172
330 97544172
330 97544173
329 97544173
328 97544173
327 97544173
326 97544173
326 97544172
325 97544172
325 97544171
325 97544170
324 97544170
323 97544170
322 97544170
321 97544170
320 97544170
319 97544170
318 97544170
317 97544170
317 97544169
316 97544169
315 97544169
315 97544168
315 97544167
314 97544167
313 97544167
313 97544166
312 97544166
312 97544167
311 97544167
310 97544167
309 97544167
309 97544166
308 97544166
308 97544167
307 97544167
307 97544168
306 97544168
306 97544167
305 97544167
305 97544168
304 97544168
303 97544168
302 97544168
301 97544168
301 97544169
301 97544170
300 97544170
300 97544169
299 97544169
298 97544169
298 97544168
297 97544168
296 97544168
295 97544168
294 97544168
293 97544168
293 97544169
292 97544169
292 97544170
291 97544170
291 97544171
292 97544171
292 97544172
291 97544172
290 97544172
289 97544172
289 97544171
288 97544171
288 97544170
287 97544170
286 97544170
286 97544169
285 97544169
285 97544168
284 97544168
283 97544168
283 97544167
282 97544167
281 97544167
281 97544166
281 97544165
280 97544165
279 97544165
278 97544165
278 97544166
277 97544166
276 97544166
275 97544166
275 97544167
274 97544167
273 97544167
272 97544167
272 97544168
271 97544168
270 97544168
270 97544167
269 97544167
268 97544167
268 97544168
267 97544168
266 97544168
265 97544168
264 97544168
263 97544168
263 97544167
262 97544167
262 97544168
261 97544168
261 97544169
260 97544169
259 97544169
258 97544169
257 97544169
256 97544169
256 97544170
255 97544170
254 97544170
254 97544171
255 97544171
256 97544171
256 97544172
255 97544172
254 97544172
253 97544172
252 97544172
251 97544172
250 97544172
249 97544172
249 97544173
249 97544174
248 97544174
248 97544173
247 97544173
247 97544172
246 97544172
245 97544172
244 97544172
244 97544171
243 97544171
243 97544172
242 97544172
241 97544172
240 97544172
240 97544171
239 97544171
239 97544172
238 97544172
238 97544171
237 97544171
236 97544171
235 97544171
234 97544171
233 97544171
233 97544170
232 97544170
232 97544169
233 97544169
233 97544168
232 97544168
231 97544168
230 97544168
229 97544168
228 97544168
227 97544168
226 97544168
225 97544168
225 97544167
225 97544166
224 97544166
223 97544166
222 97544166
221 97544166
221 97544165
220 97544165
219 97544165
218 97544165
218 97544166
217 97544166
217 97544167
217 97544168
216 97544168
216 97544169
215 97544169
215 97544168
215 97544167
214 97544167
213 97544167
213 97544166
212 97544166
211 97544166
210 97544166
210 97544167
209 97544167
209 97544168
208 97544168
207 97544168
207 97544169
206 97544169
205 97544169
205 97544168
206 97544168
206 97544167
207 97544167
207 97544166
206 97544166
205 97544166
205 97544167
204 97544167
203 97544167
203 97544168
202 97544168
201 97544168
201 97544167
202 97544167
202 97544166
201 97544166
200 97544166
200 97544167
200 97544168
199 97544168
198 97544168
197 97544168
197 97544169
196 97544169
196 97544170
195 97544170
194 97544170
194 97544169
195 97544169
195 97544168
194 97544168
193 97544168
193 97544167
192 97544167
191 97544167
190 97544167
189 97544167
188 97544167
188 97544168
187 97544168
187 97544167
186 97544167
186 97544166
185 97544166
185 97544165
184 97544165
183 97544165
182 97544165
182 97544164
181 97544164
181 97544165
180 97544165
180 97544166
179 97544166
178 97544166
177 97544166
177 97544165
176 97544165
175 97544165
174 97544165
173 97544165
173 97544166
174 97544166
175 97544166
175 97544167
174 97544167
173 97544167
172 97544167
171 97544167
170 97544167
169 97544167
169 97544165
169 97544166
170 97544166
170 97544165
170 97544164
169 97544164
168 97544164
167 97544164
166 97544164
165 97544164
165 97544165
164 97544165
164 97544166
163 97544166
162 97544166
162 97544165
161 97544165
160 97544165
160 97544164
159 97544164
158 97544164
157 97544164
156 97544164
155 97544164
155 97544163
154 97544163
153 97544163
153 97544162
153 97544161
152 97544161
152 97544160
151 97544160
151 97544159
150 97544159
149 97544159
149 97544158
148 97544158
148 97544157
149 97544157
149 97544156
148 97544156
147 97544156
146 97544156
145 97544156
145 97544155
144 97544155
143 97544155
142 97544155
142 97544154
141 97544154
141 97544155
140 97544155
140 97544154
139 97544154
139 97544155
139 97544156
138 97544156
137 97544156
137 97544157
137 97544158
136 97544158
135 97544158
134 97544158
133 97544158
133 97544157
133 97544156
132 97544156
131 97544156
131 97544155
130 97544155
129 97544155
128 97544155
128 97544156
127 97544156
126 97544156
125 97544156
125 97544155
126 97544155
127 97544155
127 97544154
126 97544154
125 97544154
124 97544154
123 97544154
122 97544154
121 97544154
120 97544154
119 97544154
119 97544155
119 97544156
120 97544156
120 97544157
119 97544157
118 97544157
117 97544157
116 97544157
116 97544158
117 97544158
117 97544159
116 97544159
115 97544159
115 97544158
115 97544157
114 97544157
114 97544156
113 97544156
113 97544157
112 97544157
111 97544157
111 97544156
112 97544156
112 97544155
111 97544155
111 97544154
111 97544153
110 97544153
109 97544153
108 97544153
107 97544153
107 97544152
106 97544152
105 97544152
104 97544152
103 97544152
102 97544152
101 97544152
100 97544152
99 97544152
99 97544153
98 97544153
97 97544153
96 97544153
95 97544153
95 97544152
94 97544152
93 97544152
93 97544153
94 97544153
94 97544154
93 97544154
92 97544154
92 97544155
91 97544155
90 97544155
89 97544155
88 97544155
88 97544156
87 97544156
86 97544156
85 97544156
85 97544157
84 97544157
83 97544157
83 97544156
83 97544152
83 97544153
83 97544154
83 97544155
84 97544155
84 97544154
84 97544153
84 97544152
84 97544151
83 97544151
82 97544151
82 97544152
81 97544152
80 97544152
79 97544152
78 97544152
78 97544151
79 97544151
79 97544150
78 97544150
77 97544150
76 97544150
76 97544149
75 97544149
74 97544149
74 97544148
74 97544147
74 97544146
73 97544146
72 97544146
71 97544146
70 97544146
69 97544146
68 97544146
68 97544147
68 97544148
67 97544148
66 97544148
65 97544148
64 97544148
64 97544147
65 97544147
65 97544146
64 97544146
63 97544146
62 97544146
62 97544145
61 97544145
61 97544144
60 97544144
59 97544144
58 97544144
57 97544144
57 97544143
56 97544143
55 97544143
54 97544143
53 97544143
52 97544143
52 97544144
51 97544144
50 97544144
49 97544144
48 97544144
47 97544144
46 97544144
46 97544145
46 97544146
45 97544146
44 97544146
43 97544146
42 97544146
41 97544146
40 97544146
39 97544146
39 97544145
38 97544145
37 97544145
37 97544144
37 97544143
36 97544143
36 97544142
37 97544142
37 97544141
36 97544141
35 97544141
34 97544141
34 97544142
35 97544142
35 97544143
34 97544143
34 97544144
33 97544144
32 97544144
31 97544144
30 97544144
29 97544144
29 97544143
28 97544143
28 97544142
27 97544142
26 97544142
25 97544142
24 97544142
23 97544142
23 97544141
22 97544141
22 97544142
22 97544143
21 97544143
20 97544143
19 97544143
18 97544143
17 97544143
17 97544144
16 97544144
15 97544144
14 97544144
13 97544144
13 97544145
12 97544145
11 97544145
10 97544145
10 97544144
9 97544144
8 97544144
8 97544143
8 97544142
9 97544142
9 97544143
10 97544143
10 97544142
11 97544142
11 97544141
10 97544141
9 97544141
8 97544141
7 97544141
7 97544142
7 97544143
7 97544144
6 97544144
5 97544144
5 97544143
4 97544143
4 97544144
3 97544144
2 97544144
1 97544144
1 97544143
