500 1000000000 2000
308 596392427
125 765983322
83 984810077
24 995804583
176 756987996
18 957554061
451 982515956
407 745572312
303 130327178
495 283802052
432 109117821
364 353839567
301 305227779
195 990353533
214 560034303
254 967086467
455 109446808
1 343433388
330 681432632
330 351343597
409 612968669
204 595414057
404 72597587
486 422910987
428 671103534
464 138616705
406 552112506
121 984933411
472 336613865
47 648778626
280 910782523
482 754491021
44 376893495
372 516440322
3 998903567
322 518225390
486 744385691
196 122352445
102 787176654
357 798964964
362 825823904
482 50649458
257 445347983
291 251677664
424 385367076
47 831601779
332 597474758
5 302736434
243 254350569
417 718077406
285 752316966
87 662367714
128 752455563
157 708597203
299 273193310
388 648341137
17 293029149
149 936494167
184 778319880
122 507745586
171 68736787
5 82611912
39 202938128
268 514896100
83 510078585
481 512787195
431 385974636
497 48314311
60 516652582
378 35309459
320 710913767
150 44907563
107 549962016
95 160624523
318 429036321
74 199761758
290 246697064
164 332032659
366 524228521
119 94687257
470 312042967
78 212752928
375 378174169
7 895483381
5 753586107
346 491490994
361 79773417
118 279010274
378 74891725
474 511295592
408 545204932
391 589302735
19 463874454
185 203546932
493 756975997
119 63287284
212 190436798
384 54385933
9 966723922
96 165499643
70 540374206
230 564663979
289 244427908
216 55992552
41 491684530
490 145366975
351 458296106
249 609628637
278 302603016
408 251182155
25 503630660
103 307649767
91 793249486
399 932381889
15 55059826
90 603713763
366 330208508
471 47075514
160 5768439
357 804778148
118 801960808
453 611400976
485 905271643
257 635892780
119 735079519
184 497061954
229 954918973
359 804141254
491 691956910
320 828372600
82 715005310
269 466490590
467 70374128
177 912931690
324 80310585
321 159177287
182 888465211
232 752529422
273 241432406
184 97453145
63 743414235
435 518683033
218 205351011
379 935015803
269 631216465
82 933172607
459 653109458
86 434241101
135 709353503
459 209089004
102 521915380
239 948966044
395 322080339
145 687675170
474 539437893
428 955564080
132 463674831
282 834984712
87 799056938
123 321242761
333 337682121
158 655020028
335 183492814
193 666531276
273 151971834
30 378056726
272 153538302
179 726559633
322 130829120
483 128962791
386 604712628
361 794832079
324 669446091
397 201224177
426 654066529
51 117285681
1 946685074
270 29750650
479 50138188
54 877818215
10 480159309
326 267070015
84 990438016
124 146102694
480 543045808
483 683174417
266 732132381
385 932600725
372 920862516
202 345557644
206 90930314
97 281750333
139 291568333
495 787830830
296 792634359
434 753841224
90 412639021
47 91397444
20 673874973
179 161760914
409 312209802
77 550036459
220 51629708
418 74017814
189 942697555
148 130285423
247 574858283
486 185665278
74 613127555
458 356954340
446 932751167
96 198376830
317 349997556
140 395895925
51 933648385
354 419554580
366 32081015
315 130200667
10 730933302
56 775085909
250 727403233
215 349166860
475 301935773
70 779062841
27 738445348
80 426401027
449 268817516
153 224690651
409 107461529
419 711349242
121 312285600
94 387208960
72 622274620
280 330262684
7 238858617
10 810115168
298 623728122
93 772055537
238 50015152
275 734355105
234 543479782
491 115814382
177 472700372
256 639006611
417 921686980
292 80595540
88 127352328
220 823175364
107 350489437
240 827804901
4 208550832
29 62849500
82 752165356
329 752615714
211 267055520
467 953091865
79 927941010
194 126017843
237 576157029
318 277830392
195 898931877
181 724976559
252 779489679
394 830342632
382 113636525
150 779285633
326 196551147
233 656347420
329 209010020
13 781113035
109 913049382
334 425599156
288 977804666
10 737569948
288 666617435
265 273120271
487 239818741
497 217801756
124 568240325
481 693080410
113 771675080
85 31046732
488 253320687
58 524711008
293 804904473
321 549060515
281 953969250
347 185294452
260 54109943
162 379375431
449 487784170
462 703970934
456 154546764
351 8332527
157 637000624
469 256569786
272 918779428
379 402351856
207 852735231
338 981785635
109 820684736
34 816314322
485 557452865
214 342667037
191 880857744
263 80058214
136 669244696
421 630883000
311 606255801
437 914904289
215 754532023
186 546172072
119 255326217
328 364280053
141 191476426
114 84007828
35 508788286
96 653612294
255 328481803
366 429298344
361 658837789
254 76118272
105 339045948
10 567968110
208 97214282
357 668868463
188 765525144
477 328958353
127 346383450
153 756134556
497 901765125
57 176118297
227 697100790
469 874592216
222 304059813
367 8589149
250 484974386
316 589514340
287 564560181
315 209397536
97 981467980
28 337442270
44 912888597
436 474497701
26 617345155
269 37841077
107 345537365
210 910339223
30 962395286
63 723127381
469 63903748
107 135619949
66 777644651
424 715313487
490 89111887
381 508380337
88 655666534
107 861233362
361 805647597
73 163705618
346 747606748
254 84274120
8 761402315
63 306074382
179 648543071
172 61183493
19 520657340
11 636250167
371 909264860
64 561040690
142 378906026
172 614948161
60 604766610
177 686133144
109 985408035
26 713464895
242 111365647
482 896448797
30 70642606
238 385367725
206 497947839
134 784195824
39 452017873
492 888532929
131 718634314
9 544970749
52 134609699
78 843904061
300 126929577
468 386028014
79 206185315
310 67592048
219 39087644
65 235767911
465 129411706
105 59010888
128 803627454
156 452024682
75 639160589
78 226017375
497 310572110
108 128544085
479 228152341
309 781053064
167 360888876
182 970173459
187 640620237
469 865023219
288 369378425
27 648700357
74 498191854
414 554642165
19 210612573
45 892235468
343 450620369
432 860486956
111 8019395
138 863546140
36 139242658
26 841980641
488 512205551
213 444261076
169 411515671
430 764085535
233 532404371
457 977359041
96 469847892
74 870524128
213 558321426
209 92447607
109 706629595
313 77505745
265 862071819
467 736539144
257 59886100
406 236614453
113 435379034
250 736439246
126 76088914
214 259851375
65 262130358
308 280046255
395 784844273
114 596133644
6 516842131
1 742636461
382 512898720
304 767088990
202 93951499
294 794444655
389 416338386
9 551596117
386 494182748
345 492909045
154 275847293
228 258150542
314 39321615
487 15386113
135 64193899
198 534781046
356 685238771
132 398556260
370 664980976
34 594958603
17 787318137
96 714256747
82 496978189
456 234476688
221 182857845
41 962487133
1 856494842
498 634869634
497 634869634
496 634869634
495 634869634
494 634869634
494 634869635
494 634869636
494 634869637
493 634869637
493 634869636
493 634869635
492 634869635
492 634869636
491 634869636
490 634869636
490 634869637
489 634869637
489 634869638
489 634869639
488 634869639
487 634869639
486 634869639
486 634869638
485 634869638
485 634869637
485 634869636
485 634869635
484 634869635
483 634869635
483 634869636
482 634869636
482 634869637
481 634869637
480 634869637
479 634869637
479 634869638
479 634869639
479 634869640
479 634869641
478 634869641
478 634869642
478 634869643
479 634869643
480 634869643
480 634869644
479 634869644
479 634869645
478 634869645
478 634869644
477 634869644
476 634869644
475 634869644
475 634869643
475 634869642
474 634869642
474 634869641
473 634869641
473 634869642
473 634869643
472 634869643
472 634869644
471 634869644
470 634869644
470 634869645
469 634869645
469 634869644
469 634869643
468 634869643
467 634869643
466 634869643
466 634869644
467 634869644
467 634869645
467 634869646
468 634869646
469 634869646
469 634869647
470 634869647
470 634869648
469 634869648
469 634869649
468 634869649
467 634869649
467 634869650
468 634869650
468 634869651
467 634869651
466 634869651
466 634869650
465 634869650
465 634869651
464 634869651
464 634869652
464 634869653
464 634869654
464 634869655
463 634869655
462 634869655
462 634869656
461 634869656
460 634869656
460 634869655
459 634869655
459 634869656
459 634869657
459 634869658
458 634869658
457 634869658
457 634869659
457 634869660
457 634869661
457 634869662
456 634869662
456 634869663
455 634869663
454 634869663
453 634869663
453 634869664
452 634869664
451 634869664
450 634869664
450 634869665
449 634869665
448 634869665
448 634869666
448 634869667
447 634869667
447 634869668
447 634869669
447 634869670
447 634869671
446 634869671
446 634869672
446 634869673
445 634869673
445 634869672
444 634869672
444 634869673
443 634869673
443 634869672
442 634869672
441 634869672
441 634869673
440 634869673
440 634869672
439 634869672
439 634869673
438 634869673
438 634869672
437 634869672
437 634869671
437 634869670
437 634869669
437 634869668
437 634869667
437 634869666
436 634869666
435 634869666
435 634869667
434 634869667
434 634869668
433 634869668
432 634869668
432 634869669
431 634869669
431 634869670
431 634869671
430 634869671
430 634869672
431 634869672
431 634869673
430 634869673
430 634869674
429 634869674
429 634869673
429 634869672
428 634869672
428 634869673
428 634869674
427 634869674
427 634869673
427 634869672
426 634869672
425 634869672
425 634869673
424 634869673
424 634869672
424 634869671
423 634869671
423 634869672
422 634869672
421 634869672
420 634869672
420 634869673
420 634869674
420 634869675
419 634869675
418 634869675
418 634869676
418 634869677
418 634869678
418 634869679
417 634869679
417 634869680
417 634869681
416 634869681
416 634869682
417 634869682
417 634869683
417 634869684
417 634869685
417 634869686
417 634869687
417 634869688
417 634869689
417 634869690
416 634869690
415 634869690
414 634869690
414 634869689
414 634869688
414 634869687
413 634869687
413 634869688
412 634869688
412 634869687
411 634869687
410 634869687
410 634869686
410 634869685
410 634869684
411 634869681
410 634869681
410 634869682
410 634869683
411 634869683
411 634869682
412 634869682
412 634869681
412 634869680
411 634869680
410 634869680
409 634869680
408 634869680
408 634869681
409 634869681
409 634869682
408 634869682
408 634869683
408 634869684
408 634869685
408 634869686
407 634869686
407 634869687
406 634869687
406 634869688
405 634869688
405 634869689
405 634869690
405 634869691
405 634869692
404 634869692
403 634869692
403 634869693
402 634869693
401 634869693
401 634869694
400 634869694
399 634869694
398 634869694
398 634869695
397 634869695
397 634869696
396 634869696
396 634869697
395 634869697
395 634869698
395 634869699
394 634869699
394 634869700
393 634869700
393 634869701
393 634869702
392 634869702
392 634869701
392 634869700
391 634869700
391 634869699
390 634869699
390 634869698
389 634869698
388 634869698
388 634869699
387 634869699
386 634869699
386 634869700
385 634869700
384 634869700
383 634869700
383 634869699
383 634869698
383 634869697
382 634869697
381 634869697
381 634869696
380 634869696
380 634869697
380 634869698
379 634869698
379 634869697
378 634869697
378 634869696
379 634869696
379 634869695
378 634869695
378 634869694
378 634869693
377 634869693
377 634869692
378 634869692
379 634869692
379 634869691
378 634869691
377 634869691
377 634869690
376 634869690
375 634869690
374 634869690
373 634869690
372 634869690
371 634869690
370 634869690
370 634869689
370 634869688
370 634869687
369 634869687
369 634869686
368 634869686
368 634869685
369 634869685
369 634869684
368 634869684
367 634869684
367 634869685
366 634869685
365 634869685
365 634869684
365 634869683
365 634869682
366 634869682
366 634869681
365 634869681
365 634869680
365 634869679
364 634869679
364 634869680
364 634869681
364 634869682
364 634869683
363 634869683
363 634869682
362 634869682
362 634869683
361 634869683
360 634869683
360 634869684
359 634869684
359 634869685
360 634869685
360 634869686
359 634869686
359 634869687
359 634869688
360 634869688
360 634869687
361 634869687
362 634869687
363 634869687
363 634869686
362 634869686
361 634869686
361 634869685
361 634869684
362 634869684
363 634869684
364 634869684
364 634869685
364 634869686
364 634869687
365 634869687
365 634869688
364 634869688
363 634869688
362 634869688
361 634869688
361 634869689
360 634869689
360 634869690
360 634869691
360 634869692
361 634869692
361 634869693
360 634869693
359 634869693
359 634869694
359 634869695
359 634869696
359 634869697
360 634869697
360 634869698
359 634869698
358 634869698
358 634869699
357 634869699
357 634869698
356 634869698
356 634869697
355 634869697
354 634869697
354 634869698
354 634869699
353 634869699
352 634869699
351 634869699
350 634869699
349 634869699
349 634869698
348 634869698
347 634869698
346 634869698
345 634869698
345 634869697
344 634869697
344 634869698
343 634869698
342 634869698
341 634869698
341 634869699
340 634869699
340 634869698
340 634869697
341 634869697
342 634869697
343 634869697
343 634869696
342 634869696
342 634869695
341 634869695
341 634869696
340 634869696
339 634869696
339 634869695
339 634869694
339 634869693
339 634869692
340 634869692
340 634869691
339 634869691
339 634869690
339 634869689
338 634869689
338 634869688
337 634869688
337 634869689
336 634869689
336 634869688
336 634869687
335 634869687
334 634869687
334 634869688
333 634869688
332 634869688
332 634869689
331 634869689
330 634869689
330 634869690
329 634869690
328 634869690
328 634869691
328 634869692
327 634869692
327 634869691
326 634869691
326 634869690
326 634869689
325 634869689
325 634869690
325 634869691
324 634869691
324 634869692
324 634869693
325 634869693
325 634869694
325 634869695
326 634869695
326 634869696
325 634869696
325 634869697
326 634869697
327 634869697
328 634869697
328 634869698
327 634869698
327 634869699
326 634869699
326 634869698
325 634869698
324 634869698
323 634869698
323 634869697
322 634869697
322 634869696
321 634869696
321 634869697
320 634869697
319 634869697
319 634869698
319 634869699
318 634869699
318 634869700
317 634869700
316 634869700
316 634869701
316 634869702
316 634869703
316 634869704
315 634869704
315 634869705
315 634869706
315 634869707
314 634869707
313 634869707
312 634869707
312 634869708
313 634869708
314 634869708
315 634869708
315 634869709
315 634869710
314 634869710
313 634869710
312 634869710
312 634869711
311 634869711
311 634869710
310 634869710
310 634869711
310 634869712
309 634869712
308 634869712
307 634869712
307 634869713
306 634869713
306 634869714
306 634869715
305 634869715
305 634869716
304 634869716
303 634869716
303 634869715
303 634869714
304 634869714
304 634869713
303 634869713
302 634869713
302 634869712
303 634869712
303 634869711
302 634869711
301 634869711
301 634869712
300 634869712
299 634869712
299 634869713
298 634869713
298 634869712
297 634869712
296 634869712
295 634869712
295 634869713
294 634869713
294 634869714
293 634869714
293 634869713
292 634869713
292 634869714
291 634869714
291 634869713
291 634869712
291 634869711
290 634869711
290 634869712
289 634869712
289 634869713
290 634869713
290 634869714
289 634869714
288 634869714
288 634869715
287 634869715
287 634869714
287 634869712
287 634869713
288 634869713
288 634869712
288 634869711
287 634869711
287 634869710
286 634869710
286 634869711
286 634869712
286 634869713
285 634869713
284 634869713
284 634869714
283 634869714
283 634869715
282 634869715
281 634869715
280 634869715
280 634869714
279 634869714
279 634869715
279 634869716
279 634869717
280 634869717
280 634869718
280 634869719
280 634869720
280 634869721
280 634869722
280 634869723
280 634869724
279 634869724
279 634869725
278 634869725
278 634869724
277 634869724
277 634869723
276 634869723
276 634869724
275 634869724
275 634869723
275 634869722
274 634869722
274 634869721
273 634869721
273 634869722
272 634869722
271 634869722
271 634869721
270 634869721
270 634869722
269 634869722
269 634869721
269 634869720
269 634869719
269 634869718
268 634869718
267 634869718
267 634869719
266 634869719
265 634869719
265 634869720
266 634869720
267 634869720
267 634869721
267 634869722
267 634869723
266 634869723
266 634869724
266 634869725
265 634869725
264 634869725
264 634869726
263 634869726
263 634869727
262 634869727
262 634869726
261 634869726
260 634869726
260 634869727
260 634869728
260 634869729
259 634869729
258 634869729
258 634869728
259 634869728
259 634869727
258 634869727
257 634869727
257 634869728
257 634869729
256 634869729
255 634869729
255 634869730
255 634869731
254 634869731
254 634869732
254 634869733
253 634869733
253 634869734
254 634869734
255 634869734
255 634869733
256 634869733
256 634869734
257 634869734
257 634869733
258 634869733
258 634869734
258 634869735
257 634869735
256 634869735
256 634869736
255 634869736
255 634869737
254 634869737
253 634869737
252 634869737
252 634869736
253 634869736
253 634869735
252 634869735
251 634869735
250 634869735
250 634869736
250 634869737
249 634869737
249 634869738
249 634869739
248 634869739
248 634869740
247 634869740
247 634869741
246 634869741
246 634869742
245 634869742
245 634869741
245 634869740
245 634869739
244 634869739
244 634869740
244 634869741
243 634869741
243 634869740
242 634869740
241 634869740
240 634869740
239 634869740
238 634869740
238 634869741
237 634869741
237 634869740
236 634869740
235 634869740
234 634869740
234 634869739
233 634869739
232 634869739
231 634869739
230 634869739
230 634869740
230 634869741
229 634869741
228 634869741
227 634869741
227 634869740
227 634869739
227 634869738
227 634869737
227 634869736
226 634869736
226 634869737
225 634869737
225 634869738
225 634869739
225 634869740
225 634869741
224 634869741
223 634869741
223 634869742
222 634869742
221 634869742
221 634869743
220 634869743
220 634869744
219 634869744
218 634869744
218 634869743
218 634869742
218 634869741
217 634869741
217 634869742
216 634869742
216 634869741
215 634869741
215 634869742
214 634869742
214 634869743
213 634869743
212 634869743
211 634869743
211 634869744
210 634869744
209 634869744
209 634869745
208 634869745
208 634869744
207 634869744
206 634869744
206 634869743
205 634869743
204 634869743
204 634869742
203 634869742
202 634869742
202 634869741
202 634869739
202 634869740
203 634869740
203 634869739
203 634869738
202 634869738
202 634869737
202 634869736
201 634869736
201 634869735
200 634869735
200 634869736
200 634869737
201 634869737
201 634869738
201 634869739
201 634869740
200 634869740
200 634869741
200 634869742
199 634869742
199 634869743
198 634869743
198 634869744
197 634869744
196 634869744
196 634869745
197 634869745
198 634869745
198 634869746
197 634869746
197 634869747
197 634869748
196 634869748
195 634869748
195 634869749
196 634869749
196 634869750
196 634869751
195 634869751
194 634869751
194 634869752
194 634869753
194 634869754
193 634869754
193 634869753
193 634869752
193 634869751
192 634869751
192 634869752
191 634869752
190 634869752
190 634869753
190 634869754
189 634869754
189 634869753
189 634869752
187 634869751
187 634869752
188 634869752
188 634869751
188 634869750
187 634869750
187 634869749
186 634869749
186 634869750
186 634869751
185 634869751
185 634869752
185 634869753
184 634869753
184 634869754
185 634869754
185 634869755
186 634869755
186 634869754
186 634869753
187 634869753
187 634869754
187 634869755
187 634869756
186 634869756
185 634869756
185 634869757
184 634869757
184 634869758
184 634869759
184 634869760
183 634869760
182 634869760
181 634869760
181 634869761
181 634869762
180 634869762
179 634869762
179 634869763
178 634869763
178 634869764
178 634869765
177 634869765
176 634869765
175 634869765
175 634869766
175 634869767
174 634869767
174 634869768
174 634869769
174 634869770
174 634869771
175 634869771
175 634869772
174 634869772
174 634869773
174 634869774
173 634869774
173 634869775
174 634869775
175 634869775
175 634869774
176 634869774
176 634869775
176 634869776
175 634869776
175 634869777
174 634869777
173 634869777
173 634869778
172 634869778
172 634869779
171 634869779
171 634869778
171 634869777
170 634869777
170 634869778
170 634869779
169 634869779
169 634869780
169 634869781
169 634869782
169 634869783
169 634869784
169 634869785
169 634869786
168 634869786
167 634869786
167 634869787
166 634869787
166 634869788
166 634869789
166 634869790
165 634869790
165 634869791
164 634869791
164 634869790
163 634869790
163 634869789
162 634869789
161 634869789
161 634869788
160 634869788
159 634869788
159 634869787
159 634869786
159 634869785
158 634869785
158 634869786
157 634869786
157 634869787
156 634869787
156 634869786
156 634869785
156 634869784
155 634869784
155 634869783
156 634869783
156 634869782
156 634869781
156 634869780
155 634869780
155 634869779
156 634869779
156 634869778
155 634869778
154 634869778
153 634869778
153 634869777
153 634869776
153 634869775
153 634869774
153 634869773
154 634869772
154 634869773
155 634869773
155 634869772
155 634869771
154 634869771
153 634869771
153 634869772
152 634869772
152 634869773
152 634869774
151 634869774
151 634869773
151 634869772
151 634869771
150 634869771
150 634869770
150 634869769
151 634869769
151 634869770
152 634869770
152 634869769
152 634869768
152 634869767
151 634869767
151 634869768
150 634869768
150 634869767
150 634869766
149 634869766
149 634869767
149 634869768
148 634869768
147 634869768
146 634869768
145 634869768
145 634869769
144 634869769
143 634869769
143 634869770
144 634869770
144 634869771
143 634869771
143 634869772
143 634869773
142 634869773
142 634869774
142 634869775
141 634869775
140 634869775
140 634869777
140 634869776
141 634869776
141 634869777
141 634869778
140 634869778
139 634869778
139 634869777
138 634869777
138 634869776
137 634869776
137 634869775
136 634869775
136 634869776
136 634869777
137 634869777
137 634869778
136 634869778
135 634869778
135 634869779
134 634869779
133 634869779
133 634869780
132 634869780
132 634869779
131 634869779
131 634869780
131 634869781
132 634869781
132 634869782
132 634869783
131 634869783
130 634869783
129 634869783
129 634869782
128 634869782
128 634869783
127 634869783
127 634869784
126 634869784
125 634869784
124 634869784
124 634869783
123 634869783
122 634869783
122 634869784
122 634869785
122 634869786
122 634869787
121 634869787
121 634869786
121 634869785
121 634869784
121 634869783
120 634869783
119 634869783
118 634869783
117 634869783
116 634869783
115 634869783
114 634869783
113 634869783
113 634869784
112 634869784
112 634869785
112 634869786
111 634869786
111 634869787
111 634869788
111 634869789
111 634869790
111 634869791
110 634869791
110 634869792
110 634869793
111 634869793
111 634869792
112 634869792
112 634869793
112 634869794
111 634869794
111 634869795
112 634869795
113 634869795
113 634869796
112 634869796
111 634869796
110 634869796
110 634869797
109 634869797
109 634869796
108 634869796
107 634869796
107 634869797
108 634869797
108 634869798
109 634869798
109 634869799
109 634869800
109 634869801
108 634869801
108 634869800
107 634869800
107 634869801
106 634869801
106 634869802
106 634869803
105 634869803
105 634869804
104 634869804
104 634869803
104 634869802
103 634869802
103 634869801
102 634869801
101 634869801
101 634869800
101 634869799
104 634869799
103 634869799
102 634869799
102 634869800
103 634869800
104 634869800
104 634869801
105 634869801
105 634869800
105 634869799
105 634869798
104 634869798
103 634869798
103 634869797
102 634869797
101 634869797
100 634869797
100 634869796
100 634869795
100 634869794
99 634869794
99 634869795
98 634869795
98 634869794
97 634869794
97 634869795
96 634869795
95 634869795
95 634869796
94 634869796
94 634869797
94 634869798
93 634869798
93 634869799
93 634869800
92 634869800
91 634869800
90 634869800
90 634869801
90 634869802
89 634869802
88 634869802
88 634869803
88 634869804
87 634869804
87 634869803
87 634869802
87 634869801
86 634869801
85 634869801
85 634869800
84 634869800
83 634869800
83 634869799
83 634869798
83 634869797
84 634869797
84 634869798
84 634869799
85 634869799
85 634869798
85 634869797
86 634869797
86 634869798
87 634869798
87 634869797
87 634869796
86 634869796
85 634869796
84 634869796
83 634869796
82 634869796
81 634869796
81 634869795
81 634869794
80 634869794
79 634869794
78 634869794
78 634869795
77 634869795
77 634869796
76 634869796
76 634869795
75 634869795
75 634869796
75 634869797
75 634869798
76 634869798
76 634869797
77 634869797
78 634869797
78 634869798
77 634869798
77 634869799
76 634869799
75 634869799
74 634869799
74 634869800
73 634869800
72 634869800
71 634869800
70 634869800
70 634869801
70 634869802
70 634869803
69 634869803
68 634869803
67 634869803
67 634869804
66 634869804
65 634869804
65 634869803
65 634869802
65 634869801
65 634869800
65 634869799
64 634869799
64 634869800
63 634869800
63 634869799
62 634869799
62 634869800
62 634869801
63 634869801
63 634869802
64 634869802
64 634869803
64 634869804
63 634869804
63 634869805
62 634869805
62 634869806
62 634869807
62 634869808
61 634869808
60 634869808
60 634869807
60 634869806
59 634869806
58 634869806
57 634869806
57 634869807
58 634869807
59 634869807
59 634869808
59 634869809
60 634869809
61 634869809
62 634869809
62 634869810
61 634869810
61 634869811
60 634869811
60 634869812
61 634869812
61 634869813
60 634869813
60 634869814
61 634869814
61 634869815
60 634869815
59 634869815
59 634869814
58 634869814
58 634869811
58 634869812
58 634869813
59 634869813
59 634869812
59 634869811
59 634869810
58 634869810
57 634869810
57 634869811
55 634869811
56 634869811
56 634869810
55 634869810
54 634869810
54 634869811
54 634869812
55 634869812
55 634869813
54 634869813
54 634869814
53 634869814
52 634869814
52 634869813
52 634869812
52 634869811
52 634869810
51 634869810
50 634869810
50 634869811
49 634869811
48 634869811
48 634869812
47 634869812
47 634869813
47 634869814
46 634869814
46 634869815
46 634869816
47 634869816
47 634869817
47 634869818
46 634869818
46 634869819
45 634869819
45 634869820
44 634869820
43 634869820
43 634869821
43 634869822
43 634869823
42 634869823
41 634869823
41 634869824
40 634869824
40 634869825
41 634869825
41 634869826
40 634869826
40 634869827
39 634869827
38 634869827
37 634869827
37 634869826
37 634869825
36 634869825
36 634869826
35 634869826
35 634869827
34 634869827
33 634869827
32 634869827
32 634869828
32 634869829
32 634869830
31 634869830
30 634869830
29 634869830
28 634869830
28 634869831
27 634869831
27 634869830
27 634869829
27 634869828
26 634869828
26 634869829
25 634869829
25 634869828
24 634869828
24 634869829
24 634869830
23 634869830
23 634869829
22 634869829
21 634869829
21 634869830
20 634869830
20 634869829
19 634869829
19 634869826
19 634869827
19 634869828
20 634869828
20 634869827
20 634869826
20 634869825
19 634869825
18 634869825
18 634869826
18 634869827
18 634869828
17 634869828
17 634869827
17 634869826
17 634869825
16 634869825
15 634869825
14 634869825
14 634869826
13 634869826
12 634869823
13 634869823
13 634869824
13 634869825
12 634869825
12 634869824
11 634869824
10 634869824
10 634869823
11 634869823
11 634869822
12 634869822
13 634869822
13 634869821
12 634869821
12 634869820
13 634869820
13 634869819
14 634869819
14 634869820
14 634869821
14 634869822
14 634869823
14 634869824
15 634869824
15 634869823
15 634869822
15 634869821
16 634869821
16 634869820
17 634869820
17 634869819
16 634869819
15 634869819
15 634869818
14 634869818
13 634869818
12 634869818
12 634869819
11 634869819
11 634869820
11 634869821
10 634869821
9 634869821
9 634869820
8 634869820
8 634869821
8 634869822
9 634869822
9 634869823
9 634869824
9 634869825
8 634869825
7 634869825
7 634869824
6 634869824
6 634869823
5 634869823
5 634869824
5 634869825
5 634869826
5 634869827
5 634869828
4 634869828
4 634869829
3 634869829
2 634869829
1 634869829
1 634869830
