100 1000000000 2000
56 154320004
94 973860179
81 431793678
54 871955175
97 373100586
3 931065049
56 261705930
68 846139043
35 705244892
97 234114451
57 659873758
24 833362255
48 93251894
85 499954165
73 580339924
51 142164326
30 798848237
76 80227531
20 226303973
38 575408613
40 462660279
13 952222348
97 640183200
97 929804054
72 157714661
1 82988761
15 738613635
76 82829297
3 707106062
34 818499431
73 776160354
51 262178820
82 743669509
74 914372234
87 889850002
92 157520755
5 714692713
89 759170376
89 99123068
3 276453069
65 478358790
21 590657869
94 30409347
8 204880660
54 791912295
25 56659896
15 351642468
88 297139568
76 43651944
12 52022641
7 412379007
63 741762893
28 654898348
60 694176315
5 322160714
29 538971612
19 549753530
57 140737420
84 677237027
40 246893849
21 425732276
60 676187623
66 325978118
49 466661865
60 819406525
33 710048309
92 186546655
71 689155565
98 262372374
33 112150869
19 706204877
78 321987222
52 675404286
8 880356706
97 35864901
31 351965852
51 63997894
89 276027260
74 577961204
62 125261540
50 581639207
66 348789945
68 400765539
48 644408322
1 321536256
53 65458271
59 453808406
67 627593904
45 438538572
59 237844852
86 859147514
27 885052180
65 590224943
36 8957388
4 414465224
13 706346899
67 5362365
82 631839924
25 749555953
50 386075464
73 690638223
48 390738413
82 508043754
32 565279957
35 557157131
85 274123944
13 557531532
52 195815138
32 315645064
83 28229719
37 679904825
25 332476371
21 525866916
51 881755251
67 586759542
20 141155054
49 929330404
69 71204159
88 46948608
60 663699518
6 882976529
48 783497744
5 971897538
61 646312600
68 203903262
17 494333644
44 207539557
6 786356279
36 430916190
39 352025180
82 940417775
76 347245680
18 406035915
86 103206808
73 880786669
3 345376231
80 32190452
87 579708078
32 693849649
85 696485996
51 360219947
43 377744501
32 44340728
33 993775060
37 472059702
32 968037954
62 473685911
84 88708525
38 50231392
62 884746104
91 887820049
94 22146798
6 70063497
54 12455068
18 251585965
76 649069607
33 432533496
4 850842286
30 840862866
16 82056252
15 915848804
41 539980076
56 693984464
46 516990382
11 875522843
8 417368103
5 692173105
53 118639391
23 638137834
40 749560362
9 25737580
52 47954296
81 279858601
87 795135195
93 264246960
3 952891670
71 691055390
24 796977955
45 736737604
20 672546465
10 156252121
10 430398434
50 129658947
67 612822551
51 47890457
72 534220266
12 163935141
10 651260825
15 794678184
17 438103222
31 555590647
54 457512238
71 175961252
1 131732399
82 604794079
53 660289617
69 623111024
68 981152923
30 660105811
93 200109511
65 325190672
86 42281288
32 591741128
26 267970426
42 282251197
87 435709468
77 330177902
91 511961548
32 675977645
25 347458433
70 890976218
72 307102515
32 262010770
5 185400502
68 265500636
35 212916835
58 549906803
21 864766981
27 698799131
77 223530301
83 175965176
41 963083382
87 666499522
41 193317547
38 776016074
22 556298566
96 638889516
38 621484495
80 165373510
92 667119395
26 271620477
61 716980862
2 249847745
30 292311010
66 310898019
98 371776028
20 9982301
84 798494360
92 565754468
40 782510890
48 51007960
50 91060687
27 529358007
32 187550851
58 696180990
6 316631681
94 844791255
88 641323910
97 238504859
74 766248004
90 312876575
36 780160647
70 952619745
98 810923126
22 139757054
47 947741075
31 507662632
59 160664414
19 580972668
65 434356639
40 328697210
80 235272935
18 675682254
84 117583626
92 58163971
44 737694666
17 490098485
75 633149538
37 973620065
66 723592413
52 910299926
60 119901338
15 330445801
58 190092842
68 379716124
76 58796976
15 853888218
44 205301309
76 275076768
46 936143748
53 807185715
15 619172699
13 278625796
52 273917100
65 199928791
26 372003032
37 821237862
17 371746786
38 322180103
56 183478636
70 691309255
7 512093139
30 674369962
82 320611345
74 372614557
80 225716314
66 521011716
63 266364779
3 437699591
46 601854148
59 678045025
46 708725804
42 984319974
93 448906865
80 148315773
28 322790837
37 116159936
88 642390446
39 622944375
82 705449005
98 514980408
70 630232750
90 45727358
78 905551897
58 468745899
94 313518130
24 787574754
10 774786807
74 247879961
74 959086466
88 448245786
37 96949790
23 805835331
69 163315509
55 518197441
47 263377442
52 980709031
17 260643649
14 864494717
74 454832179
39 79694139
35 652695068
76 804348429
44 653882901
60 891828815
48 910735637
69 167279781
22 52380937
20 122610237
63 928619169
20 594581962
18 369275696
14 683509266
62 917595828
63 277264532
80 610364367
35 870870982
93 63943039
72 30146104
47 718043209
73 247819583
89 544694535
18 899134164
22 265309288
46 264549771
32 403411803
36 500107404
89 296245745
91 218731340
75 129980848
91 683761798
92 252504153
67 767280969
22 88542608
41 549275625
68 967570255
78 2136051
73 953299135
58 479206615
37 479018223
60 807999318
87 781929485
42 470782728
3 976492656
94 499028241
64 869075626
27 827664489
97 525089006
60 48613323
70 302969534
90 318523680
90 253993037
95 921628521
65 308770883
78 659173266
58 318721927
95 141165732
43 154464829
91 894327410
26 925641834
23 155330379
29 430676575
6 972277926
16 173641546
92 110232837
9 295374812
57 163273655
8 456788818
10 545435498
3 923329203
81 750854232
22 158484592
96 177597188
30 754799657
10 481378015
83 552835359
72 61729194
65 194375529
69 540836550
27 452292615
77 366360389
77 56797561
20 831020670
3 158220603
72 816998727
92 85377235
55 556825728
11 217794858
57 346645030
89 650704781
33 634957585
83 781081923
2 131712026
52 925132042
2 58931560
27 594248522
18 738625561
64 510164738
10 56904797
40 592716095
89 922246424
80 191534554
34 375548657
29 999486196
75 498770524
20 413138302
36 635972601
53 195367268
9 616330227
14 953560771
25 418843056
6 397079379
25 179893996
54 536172139
7 29820990
53 214701805
47 924604227
93 850688332
3 108678944
4 345595292
35 906367026
29 908647921
79 509787503
68 168025363
69 955388409
36 323486401
64 216656600
56 885201520
11 345273114
71 212994478
22 896492845
10 413553092
98 675452387
33 962168453
35 334390341
88 139217189
1 273710058
3 648251244
93 822385754
52 582694515
82 91557118
38 879272619
46 825524976
28 60447684
42 938672153
43 150458972
13 582857619
61 671968027
55 582476498
9 527793522
11 856217868
37 178612552
31 143067834
21 834279826
25 370620721
70 268944700
73 841046502
70 293407463
66 781635853
16 131054468
10 405266116
9 975326747
69 409700475
72 140012760
81 241366567
7 14801930
86 667701011
38 37309989
73 289128117
35 918588817
97 854228373
79 926166716
82 8012149
21 629463650
5 740518489
47 337204904
65 337409765
78 374588703
46 311953523
43 726988887
4 953131192
60 213200879
93 250117051
38 444099231
25 320912616
10 750209736
97 66607526
63 720684901
53 673427520
33 956828387
94 941281122
18 328205948
72 463227603
43 17421202
83 12110264
52 763028900
53 932650115
53 179857013
62 733232848
73 726686696
21 758140214
59 142058946
11 25208556
20 610175411
79 993590524
41 361967334
4 588252226
52 220804355
74 936599068
13 220419582
12 974241916
34 639236894
85 428651059
38 216802411
63 914541576
85 39468819
98 600151197
75 864657393
80 372019513
5 449134990
39 496888906
82 780329417
56 788588382
98 98857399
57 739859218
13 492993559
93 770038002
34 840643124
65 261884125
69 868222884
28 252231104
87 862301536
71 850761589
12 29302880
91 783503381
35 372592119
82 662524412
44 456982399
34 204318668
2 149079635
84 26599193
60 662999405
26 981946529
94 638423713
19 60778238
15 561433624
50 445530802
67 357295963
88 855537535
98 131528121
87 486438585
34 151781091
82 610416841
94 227503664
33 245764659
9 2518495
35 110165055
6 459131207
45 675927375
76 392743513
26 477553972
80 829188413
46 331874074
58 67306450
95 913789771
17 272650147
40 582610243
59 785096556
25 549787182
90 627288833
44 219520722
73 7789858
51 47688326
95 298170804
20 144064169
74 489115165
24 972529338
10 387241834
34 922516949
82 158043872
2 891166700
51 363013819
79 529233829
33 353649368
64 556851267
22 666396219
51 651449636
18 525824201
14 326440587
57 901778913
75 372149177
97 366470238
80 936128794
35 121065423
13 114589440
73 16966002
50 535344652
3 96249707
50 778171391
56 570546457
98 335049827
28 862285403
61 38941407
79 680838656
90 146931508
76 319736492
98 422202726
60 514727311
89 447701083
55 180124219
83 956465562
4 834667238
16 655088782
93 718090449
61 981124598
53 760641877
7 442235125
2 482374539
31 189705041
27 518459323
30 12271263
3 256367920
23 605820693
83 838700280
34 971882140
10 932375687
53 881161381
14 117796642
59 504800238
19 543644552
44 687483189
79 110691317
71 921369679
79 120126076
1 97532614
90 816949140
22 381343577
6 994521412
9 491670878
69 576299904
60 138123385
8 35456121
50 704492625
95 644397406
45 930852101
81 31614576
5 774972396
52 881802357
66 22550280
44 465257456
78 548600112
60 265284854
84 614994450
27 339249960
73 764175676
68 833502660
34 345248169
30 833749081
71 126523191
73 485322906
51 802174957
95 445137096
50 143724336
53 883683239
79 644028927
13 919898104
16 803688079
71 525824506
4 934434417
27 985857233
58 722477629
59 407844059
64 670128192
69 655568077
52 729917233
28 463156518
65 341528126
43 847707774
24 493065181
96 388328423
37 513978187
9 746996193
95 3500832
34 928011890
5 589935242
56 117016243
94 107190216
4 647855481
40 585354498
52 611195459
18 829827664
2 7159283
23 367319993
82 956433348
60 685630384
18 945827897
68 152351063
97 545067509
89 822218822
15 525351158
34 324622424
42 280681314
27 406295475
19 694625936
54 509136553
42 242020044
29 550730220
71 835973092
13 357080456
71 108497477
58 749318770
70 241181675
88 639000774
55 59775631
22 840283152
46 369362643
58 392535173
32 717568297
73 361211201
98 647970045
69 586154696
16 564365163
62 144708230
60 814115483
15 677148274
30 550457094
17 231385240
79 71907457
74 515300119
65 802655073
87 54822989
34 429893953
44 393889262
69 454576259
46 175384063
66 222396792
61 436366283
91 415297040
64 779724007
16 324419132
58 743742954
69 290851156
72 296862076
50 235161463
80 308231477
26 90756082
20 57061678
1 722026737
6 719887900
31 417729586
23 117090481
33 780420792
69 562657040
4 402325776
80 565411187
9 35512550
68 500047690
29 991535513
74 624494767
57 407284155
39 115192937
52 418116262
39 404296959
47 948027973
26 505465129
78 35155023
43 72606824
8 396550632
3 637166931
91 614025939
52 1244180
35 867738627
58 456093678
2 732225310
20 497132375
43 416682592
61 857062750
92 519830610
52 899445988
27 235096714
10 703103880
26 139966406
15 739007282
85 679260741
50 653295620
18 239503249
59 394459876
39 647617602
88 927920235
47 351034544
1 84655613
94 300411977
70 763859621
17 23373766
57 48774453
28 3046477
62 671652794
7 701315928
14 673963405
54 616707955
76 905010777
19 85913570
39 492393937
32 127428762
26 606209999
32 739128808
98 743026846
1 734334320
78 907900992
51 362904828
20 499126337
96 803306478
11 275347494
77 850932256
93 49196769
10 94111525
22 295780867
39 987622276
46 14729136
72 326208508
69 18887001
44 996685478
5 786191135
59 990980498
74 129434095
9 962965075
60 406811506
9 42736596
93 442992340
57 833497609
28 46335832
95 77647197
14 796216929
86 264046358
47 578509999
55 837139843
39 717276191
19 710037455
26 898911082
6 717647084
45 428781659
53 377753556
45 557979448
2 748327989
13 389534668
94 463249988
9 813482874
66 841557525
90 363596555
50 696704862
92 951906289
97 793872754
22 78320724
63 691521502
67 822364141
47 741798783
41 540432948
73 471356604
40 669245312
26 269835475
15 35410224
65 889918188
62 651444962
61 626891353
3 394905900
29 189240587
17 939745036
56 942481101
38 379756628
86 272948135
89 653899577
58 692512394
8 678870695
38 858133728
12 731418410
29 533703900
72 664749127
20 895233166
58 918144174
68 902709763
51 225039673
91 459465243
50 333537251
6 176839921
4 602580038
27 616353304
44 451498758
37 443734381
34 721126377
50 477944417
66 690507479
35 627980734
74 299119811
60 627839733
48 788558317
25 311004408
71 137333859
78 29857555
25 618949807
15 860984235
85 185471429
2 349404831
46 308378669
98 532122596
19 137079829
51 17481549
34 75047843
97 615451249
95 438236260
48 342505128
25 450383240
98 12827587
51 597688158
2 967436387
66 428196548
83 99766798
79 131204509
30 563540477
69 483915328
96 684336620
45 554745830
76 654127255
2 652782819
47 305588610
19 582956670
1 10828182
87 539987094
70 215725184
38 15162504
55 269066858
11 842549120
20 103110488
28 549976350
30 798851898
6 528075939
55 40462062
18 302989516
16 201061742
41 198444712
47 488085359
17 944621468
2 556618736
82 973812320
90 980074742
19 688129840
34 830181552
52 842052795
59 322482069
6 895520943
29 87671630
87 786834123
50 993125617
88 160937448
42 347613696
44 206518795
50 427071755
26 419043878
11 468376159
40 309364101
85 492230776
92 701020700
26 586768156
40 65420
70 936723428
77 121161509
69 53190118
30 594924755
44 265675518
41 992943380
57 658515478
75 872678231
24 49109129
35 39358545
96 658728093
8 36912521
6 591245809
42 380760109
29 739184865
88 92646071
80 24794896
53 676197797
1 149492984
4 559059705
91 412642375
62 125695351
49 136557926
68 43626618
9 296746482
52 305185607
23 103470925
82 691804253
13 617054545
32 250488332
49 179868316
86 317695744
65 410756071
57 1876254
54 579419155
20 32489724
2 695548189
15 633554963
45 773176700
30 192948612
64 70134604
94 998679987
74 688246094
66 593137921
87 467466343
37 388632015
9 874843025
55 31260019
33 27648511
59 671849231
8 942412495
44 553593298
88 476078469
79 449932388
85 215299181
77 470916893
59 186416537
34 886421224
21 503458910
66 129646127
9 394975367
60 407774995
27 541884709
76 149035523
40 457630186
30 346077533
27 93024067
87 656904064
98 272676172
96 578613042
77 762605874
54 127759427
6 912450424
84 239101939
46 960027532
17 913186282
19 782756542
42 194515268
76 568237375
95 355594424
48 467327370
67 187322219
11 895222316
57 220292183
76 20406226
91 254188494
68 910974057
6 375021168
54 794956528
11 884107952
1 375516151
66 781540120
6 244402974
54 298416604
79 981840119
9 116167751
59 665933512
43 284816173
61 891675450
4 586637581
86 184651623
66 118725093
13 114704983
79 612758132
7 354946666
90 613700403
43 797285024
1 478879581
31 931222885
62 640125816
71 326205826
3 726149374
39 90916926
51 401176945
20 963887853
65 568725424
47 988632710
11 995193830
88 135326081
56 230406565
91 744302539
21 575442203
44 887764898
57 631824658
67 555002100
84 930212313
97 163986378
73 671513307
46 436054987
53 470162084
15 159248613
16 513255866
82 684363077
32 219887651
85 996197320
42 69167853
39 137019838
7 368023914
18 598497659
27 160980537
52 568089288
43 61696032
45 315219012
25 85246424
27 887966698
58 8578162
7 852274633
94 802346574
70 807387850
1 842631736
25 14914014
65 874132769
24 605716426
27 368337620
37 213754865
70 699204085
51 683534999
83 460763977
30 398303810
74 844610099
51 652796109
89 724391593
91 955635828
98 631925338
97 631925338
97 631925339
96 631925339
96 631925340
96 631925341
96 631925342
96 631925343
96 631925344
96 631925345
96 631925346
95 631925346
95 631925347
95 631925348
95 631925349
95 631925350
95 631925351
95 631925352
95 631925353
95 631925354
94 631925354
93 631925354
93 631925355
92 631925355
92 631925356
91 631925356
91 631925357
90 631925357
90 631925356
89 631925356
89 631925357
88 631925357
88 631925356
88 631925355
87 631925355
86 631925355
86 631925354
86 631925353
86 631925350
86 631925351
86 631925352
87 631925352
87 631925351
88 631925345
88 631925346
88 631925347
88 631925348
89 631925348
89 631925349
88 631925349
87 631925349
87 631925350
88 631925350
88 631925351
88 631925352
88 631925353
88 631925354
89 631925354
89 631925355
90 631925355
90 631925354
90 631925353
89 631925353
89 631925352
89 631925351
89 631925350
90 631925350
90 631925349
90 631925348
91 631925348
91 631925347
92 631925347
92 631925348
92 631925349
93 631925349
93 631925348
93 631925347
93 631925346
93 631925345
93 631925344
92 631925344
92 631925345
92 631925346
91 631925346
91 631925345
91 631925344
91 631925343
91 631925340
93 631925342
93 631925341
92 631925341
91 631925341
91 631925342
92 631925342
92 631925343
93 631925343
94 631925343
94 631925342
94 631925341
95 631925341
95 631925340
95 631925339
94 631925339
94 631925340
93 631925340
92 631925340
92 631925339
91 631925339
90 631925339
90 631925340
90 631925341
90 631925342
90 631925343
90 631925344
90 631925345
90 631925346
90 631925347
89 631925347
89 631925346
89 631925345
89 631925344
89 631925343
88 631925343
88 631925344
87 631925344
87 631925345
87 631925346
87 631925347
87 631925348
86 631925348
86 631925349
85 631925349
84 631925349
84 631925350
84 631925351
84 631925352
84 631925353
83 631925353
82 631925353
82 631925354
82 631925355
82 631925356
82 631925357
81 631925357
81 631925356
81 631925355
81 631925354
81 631925353
80 631925353
80 631925350
80 631925351
80 631925352
81 631925352
81 631925351
81 631925350
81 631925349
80 631925349
79 631925349
79 631925350
79 631925351
79 631925352
79 631925353
79 631925354
78 631925354
78 631925355
78 631925356
77 631925356
77 631925357
76 631925357
75 631925357
75 631925358
75 631925359
75 631925360
75 631925361
75 631925362
76 631925362
76 631925363
77 631925363
77 631925364
77 631925365
76 631925365
76 631925366
76 631925367
76 631925368
74 631925368
75 631925368
75 631925369
75 631925370
75 631925371
76 631925372
76 631925371
76 631925370
76 631925369
77 631925369
77 631925370
77 631925371
78 631925371
79 631925371
80 631925371
80 631925372
79 631925372
79 631925373
79 631925374
79 631925375
78 631925375
78 631925374
78 631925373
78 631925372
77 631925372
77 631925373
76 631925373
76 631925374
76 631925375
76 631925376
75 631925376
75 631925375
75 631925374
75 631925373
75 631925372
74 631925372
74 631925371
74 631925370
74 631925369
73 631925369
73 631925370
73 631925371
73 631925372
73 631925373
73 631925374
72 631925374
72 631925373
72 631925372
72 631925371
72 631925370
72 631925369
72 631925368
71 631925368
71 631925367
72 631925367
72 631925366
72 631925365
73 631925365
73 631925366
73 631925367
74 631925367
74 631925366
74 631925365
74 631925364
73 631925364
72 631925364
71 631925364
71 631925365
71 631925366
70 631925366
70 631925367
70 631925368
70 631925369
70 631925370
70 631925371
69 631925371
69 631925372
69 631925373
68 631925373
68 631925374
69 631925374
69 631925375
69 631925376
68 631925376
67 631925376
67 631925377
66 631925377
66 631925378
67 631925378
67 631925379
66 631925379
66 631925380
67 631925380
67 631925381
66 631925381
65 631925381
65 631925380
64 631925380
64 631925379
63 631925379
63 631925380
63 631925381
62 631925381
62 631925380
62 631925379
62 631925378
62 631925377
62 631925376
62 631925375
62 631925374
61 631925374
61 631925373
60 631925373
60 631925374
59 631925374
59 631925375
59 631925376
59 631925377
59 631925378
59 631925379
60 631925379
60 631925380
59 631925380
59 631925381
59 631925382
58 631925382
58 631925383
58 631925384
59 631925384
59 631925385
59 631925386
59 631925387
59 631925388
58 631925388
58 631925389
57 631925389
57 631925390
57 631925391
57 631925392
56 631925392
56 631925393
55 631925393
54 631925393
53 631925393
53 631925392
52 631925392
52 631925391
53 631925391
53 631925390
52 631925384
52 631925385
54 631925388
54 631925387
53 631925387
53 631925386
52 631925386
52 631925387
52 631925388
53 631925388
53 631925389
54 631925389
54 631925390
54 631925391
54 631925392
55 631925392
55 631925391
55 631925390
55 631925389
55 631925388
55 631925387
55 631925386
54 631925386
54 631925385
53 631925385
53 631925384
53 631925383
53 631925382
53 631925381
52 631925381
52 631925382
52 631925383
51 631925383
51 631925384
51 631925385
50 631925385
50 631925386
51 631925386
51 631925387
51 631925388
51 631925389
52 631925389
52 631925390
51 631925390
51 631925391
51 631925392
51 631925393
51 631925394
51 631925395
51 631925396
51 631925397
52 631925397
52 631925398
52 631925399
52 631925400
53 631925400
53 631925401
53 631925402
53 631925403
54 631925403
54 631925404
55 631925404
55 631925405
55 631925406
56 631925406
56 631925407
57 631925407
57 631925408
57 631925409
57 631925410
56 631925410
56 631925411
57 631925411
57 631925412
58 631925412
58 631925413
57 631925413
57 631925414
58 631925414
58 631925415
59 631925415
59 631925416
59 631925417
58 631925417
57 631925417
57 631925418
57 631925419
56 631925419
55 631925419
55 631925418
54 631925418
53 631925418
53 631925419
54 631925419
54 631925420
54 631925421
54 631925422
54 631925423
54 631925424
55 631925424
55 631925425
56 631925425
56 631925424
56 631925423
55 631925423
55 631925422
55 631925421
55 631925420
56 631925420
56 631925421
56 631925422
57 631925422
57 631925423
57 631925424
57 631925425
57 631925426
56 631925426
56 631925427
56 631925428
56 631925429
56 631925430
55 631925430
55 631925429
55 631925428
55 631925427
55 631925426
54 631925426
54 631925425
53 631925425
53 631925426
53 631925427
53 631925428
52 631925428
52 631925429
52 631925430
52 631925431
52 631925432
52 631925433
52 631925434
52 631925435
52 631925436
52 631925437
51 631925437
51 631925438
50 631925438
49 631925438
49 631925439
49 631925440
49 631925441
49 631925442
49 631925443
49 631925444
48 631925444
48 631925443
48 631925442
48 631925441
48 631925440
47 631925440
47 631925441
47 631925442
46 631925442
46 631925443
45 631925443
45 631925442
44 631925442
44 631925441
44 631925440
44 631925439
43 631925439
42 631925439
42 631925440
41 631925440
41 631925439
41 631925438
41 631925437
41 631925436
41 631925435
41 631925434
41 631925433
41 631925432
41 631925431
41 631925430
41 631925429
40 631925429
40 631925430
39 631925430
39 631925431
38 631925431
38 631925432
38 631925433
38 631925434
37 631925434
37 631925435
36 631925435
36 631925436
35 631925436
35 631925435
35 631925434
35 631925433
34 631925433
34 631925434
34 631925435
34 631925436
33 631925436
32 631925436
32 631925435
32 631925434
31 631925434
30 631925434
29 631925434
29 631925435
29 631925436
28 631925436
28 631925437
28 631925438
28 631925439
27 631925439
26 631925439
26 631925440
27 631925440
27 631925441
27 631925442
26 631925442
26 631925443
26 631925444
25 631925444
24 631925444
24 631925445
24 631925446
24 631925447
24 631925448
24 631925449
24 631925450
24 631925451
23 631925451
23 631925452
23 631925453
22 631925453
22 631925454
23 631925454
23 631925455
23 631925456
23 631925457
23 631925458
23 631925459
23 631925460
24 631925460
25 631925460
25 631925461
24 631925461
24 631925462
23 631925462
23 631925463
23 631925464
24 631925464
24 631925463
25 631925463
25 631925464
26 631925464
26 631925463
26 631925462
26 631925461
26 631925460
26 631925459
26 631925458
26 631925457
26 631925456
26 631925455
26 631925454
26 631925453
26 631925446
27 631925446
27 631925447
27 631925448
28 631925448
28 631925449
31 631925450
30 631925450
30 631925451
30 631925452
30 631925453
29 631925453
29 631925452
29 631925451
29 631925450
28 631925450
28 631925451
28 631925452
28 631925453
27 631925453
27 631925452
27 631925451
27 631925450
27 631925449
26 631925449
26 631925448
26 631925447
25 631925447
25 631925446
25 631925445
26 631925445
29 631925445
28 631925445
27 631925445
27 631925444
28 631925444
28 631925443
28 631925442
28 631925441
29 631925441
29 631925442
30 631925442
30 631925441
30 631925440
30 631925439
30 631925438
31 631925438
32 631925438
32 631925439
32 631925440
32 631925441
31 631925441
31 631925442
31 631925443
30 631925443
29 631925443
29 631925444
30 631925444
30 631925445
30 631925446
29 631925446
28 631925446
28 631925447
29 631925447
29 631925448
29 631925449
30 631925449
31 631925449
31 631925448
31 631925447
31 631925446
31 631925445
31 631925444
32 631925444
32 631925445
34 631925439
34 631925440
34 631925441
34 631925442
35 631925446
35 631925445
35 631925444
35 631925443
34 631925443
34 631925444
34 631925445
33 631925445
33 631925444
33 631925443
33 631925442
33 631925441
33 631925440
33 631925439
33 631925438
33 631925437
34 631925437
34 631925438
35 631925438
35 631925439
35 631925440
35 631925441
35 631925442
36 631925442
36 631925443
36 631925444
36 631925445
36 631925446
36 631925447
36 631925448
35 631925448
35 631925447
34 631925447
34 631925446
33 631925446
32 631925446
32 631925447
33 631925447
33 631925448
33 631925449
32 631925449
32 631925450
32 631925451
31 631925451
31 631925452
31 631925453
31 631925454
30 631925454
29 631925454
29 631925455
28 631925455
28 631925454
27 631925454
27 631925455
27 631925456
27 631925457
27 631925458
27 631925459
27 631925460
27 631925461
27 631925462
27 631925463
27 631925464
27 631925465
27 631925466
27 631925467
27 631925468
26 631925468
26 631925467
26 631925466
26 631925465
25 631925465
25 631925466
24 631925466
23 631925466
23 631925467
22 631925467
22 631925468
22 631925469
21 631925469
21 631925470
21 631925471
21 631925472
21 631925473
21 631925474
21 631925475
20 631925475
20 631925476
20 631925477
19 631925477
19 631925476
19 631925475
19 631925474
18 631925474
17 631925474
17 631925472
17 631925473
18 631925473
18 631925472
18 631925471
18 631925470
17 631925470
17 631925471
16 631925471
16 631925472
15 631925472
15 631925471
15 631925470
14 631925470
14 631925471
13 631925471
13 631925470
13 631925469
14 631925469
14 631925468
13 631925468
12 631925468
12 631925467
11 631925467
11 631925466
10 631925466
10 631925467
10 631925468
9 631925468
9 631925469
9 631925470
10 631925470
10 631925471
10 631925472
9 631925472
8 631925472
8 631925471
7 631925471
7 631925472
7 631925473
7 631925474
6 631925474
6 631925475
6 631925476
6 631925477
6 631925478
5 631925478
5 631925479
5 631925480
4 631925480
4 631925479
3 631925479
3 631925480
3 631925481
2 631925481
2 631925482
2 631925483
1 631925483
1 631925484
1 631925485
1 631925486
1 631925487
2 631925487
2 631925488
2 631925489
1 631925489
1 631925490
