10 1000000000 2000
1 987104968
7 913196457
7 963707516
4 861459368
8 124933843
3 893095775
5 361824541
1 119196311
8 91360397
3 461464273
4 277286482
2 994555041
5 557777996
5 813754310
5 740594772
1 1294730
4 239609471
7 751404899
3 25083243
3 805817831
1 313308520
4 141810392
8 78974952
6 497460559
5 890427545
5 204573596
7 577333954
4 387943735
4 34105203
6 337262680
1 106779268
4 972801452
4 571469699
5 434812143
2 67107536
8 428571154
8 980460851
1 70040817
7 792995880
3 955935976
8 535630611
6 298670914
3 558963213
7 320531223
8 738918754
7 98114735
3 231417134
5 308782770
1 42884769
4 695668086
1 290675385
4 854864001
8 203113310
7 293810371
2 40120004
8 109040268
8 698831859
7 631349896
3 21641434
5 15918424
6 827792428
4 122798157
4 378238508
8 967968990
5 333575972
4 81586480
2 385052466
6 480203112
2 446299691
4 423760598
1 204441693
3 147234565
8 160459886
7 742477271
6 517569211
6 970904744
5 590452301
8 200764325
3 648603891
1 287510985
2 876683702
7 659061057
2 263691357
1 160848145
5 826879721
2 734050068
7 426832112
1 80402528
8 524099107
8 103798320
7 879832250
2 57773445
1 897935198
7 834107812
6 317383554
7 580455455
7 676314077
6 652246082
2 68247933
4 159359004
1 604282014
3 496997805
8 174764824
8 268946792
8 405792016
8 747756588
3 360274666
7 54311241
1 177777889
5 724206090
3 210649312
2 191025839
7 672259362
6 652404445
5 204778902
5 903369000
6 421515088
5 494889376
1 149182390
5 700094610
7 603759111
7 53218881
4 801989966
1 988699349
2 218785923
1 51136959
3 228997224
6 127325047
4 978418171
6 592879144
7 20990131
6 914554265
6 912453275
4 316408322
7 384631846
1 735333274
2 811569518
6 39513697
1 86858745
7 250608115
1 288353203
6 87168688
4 443541218
2 462337432
6 550645058
6 962603916
2 861052095
5 703728972
3 853114155
3 428762552
5 512176421
8 444633346
4 91291449
5 48963677
5 887334633
7 966688822
4 44994208
3 337025021
3 957340190
5 219868594
1 380016205
2 665567879
5 847452918
2 469524972
3 185577816
3 879478466
5 199867543
2 767830038
3 902324737
4 542587172
8 226392208
3 4388908
7 677941947
3 936381286
3 571119168
6 791416504
2 851604349
5 322065399
1 85399462
3 788166715
5 71659088
8 171225800
1 602269262
1 635756932
4 508442887
5 996563025
8 599362157
6 175050844
4 398531155
4 440171295
4 250763772
2 808595368
7 348840671
2 882128980
5 189481378
6 503537837
1 851302041
2 67558132
4 488120560
4 35547351
2 4807632
5 939556128
4 509730250
5 632920141
3 583597472
8 986269130
1 5358293
5 253235235
5 519441434
8 89126033
1 747596884
5 852877790
2 566041993
6 952194602
5 143491536
4 490163581
6 444307113
5 654512142
5 103162932
6 535157436
3 607519477
2 476328114
1 467453441
3 645652903
3 398686080
1 843514411
1 402100291
1 296302189
2 621143006
4 822316980
8 87634786
7 752466581
4 607867852
5 98391105
2 19076613
1 119243388
4 440593003
3 888872972
4 162239136
1 604932367
2 34133565
7 15619899
1 922006080
6 700533147
2 651776879
4 688263179
4 457890175
4 162528006
7 797508977
4 64572060
6 804169438
4 156909847
8 199234811
4 107367454
7 638819713
8 799003391
8 767144346
1 828996816
1 88197927
6 682337161
3 490137133
4 39697172
7 767435937
3 651937977
2 106238089
4 274369392
8 558048268
6 238906635
3 535236792
6 799072512
5 391753151
6 495399643
3 479933629
5 723157572
7 878960189
7 695312443
8 550911681
3 351777720
7 264904012
1 877154736
3 640646880
3 786625937
2 524523293
8 50570947
5 870550667
1 606011612
8 562844789
7 26516421
2 956154109
5 506699839
1 841251635
3 441272017
7 257671786
7 842977890
7 268683426
8 917230006
8 437572656
3 322146316
8 634129393
2 511577542
2 375971437
4 527139017
7 83032165
1 79993306
8 949761786
5 425318826
6 901628442
8 456464355
7 118914213
4 602536415
8 78202975
4 622072559
4 659744970
8 106649741
2 893579377
3 569796509
4 69057934
4 998957550
5 261380153
8 741131962
4 446873942
1 332021742
1 533396118
6 561360192
4 134921204
4 840450940
4 475841868
4 483407928
1 481435936
6 917358625
6 825627512
5 753346800
4 596859095
6 894772670
1 351944512
6 171035756
5 745095471
5 617200828
5 461460329
4 345467792
4 7895388
8 851077388
3 152086717
5 53564432
4 334228979
4 695593935
1 457925166
6 41565156
8 242240765
6 746513764
1 193679588
3 675652716
6 833959444
8 92533584
8 915960034
8 193798656
6 164946726
8 83918625
2 396690163
7 343916208
7 647005786
3 952317856
3 743401994
8 440971891
3 936062602
4 841984289
5 720260894
7 812427473
2 569315188
1 623037947
3 249332278
7 102510330
3 854641493
3 121832700
5 124420246
4 784059811
1 227675274
1 304339804
3 418279942
4 131780078
5 51240329
6 106424997
7 833867342
8 896679622
2 740080004
4 886386157
6 192287230
3 426112828
6 231911037
8 311229220
7 729157346
5 150215084
1 510370569
1 154527181
6 428442797
6 504946264
6 533832098
1 588933275
5 757727631
7 211043223
6 965828979
7 641712720
2 917984578
7 990679303
3 767460414
8 280185933
1 859614544
5 997266013
3 993617323
4 55558373
1 76091303
6 462708454
7 377180683
4 321602299
2 352800393
3 453147537
1 404286471
5 377513430
2 839199238
8 863185605
2 334129496
1 753965065
7 980446589
3 859883242
6 59061013
8 477071769
1 27898346
8 900780390
5 249517498
2 827624749
4 71585232
8 311191165
6 14777501
5 966836066
4 530624983
3 886510356
8 932233152
5 557997916
7 194189061
5 46367346
2 850015300
2 572318354
7 898003694
4 135576000
6 827271479
3 81953083
5 249778712
8 98236553
1 86714208
1 679275578
3 256144407
1 899570155
1 252715036
8 862858409
7 188965379
1 327380424
5 623833085
7 649063509
8 300994696
2 488195280
8 580857686
3 494590803
3 111422177
2 81294973
3 617726669
4 828316608
7 351472732
6 900583397
4 276276575
1 184538876
1 469648408
6 956713855
3 484379035
5 401481114
8 547352498
1 230260405
4 421986935
6 748627283
4 469678522
1 323921278
8 672982371
4 595678079
5 923158524
3 114294508
3 477653005
2 263748748
6 825853129
8 804947623
8 730608107
2 629557849
4 19320193
8 467315469
7 294433460
5 607062371
8 589440401
8 784379165
8 337842836
4 56934646
1 383272715
5 161080661
3 478277979
6 282769516
2 583950201
5 872207122
6 87660087
5 992098715
1 409448377
7 718260125
6 665597513
1 905500181
2 773211806
2 957998518
5 306740177
8 594461537
8 584314647
1 340759245
1 201197827
1 444578875
5 638183673
2 152922266
6 884435649
2 907897467
6 690320074
6 610367661
8 772037621
5 177355978
2 645013287
5 800652217
5 555545632
6 474507601
8 402394661
8 539484761
4 581260672
1 133808281
1 135180303
7 158221503
5 231650684
4 598392393
5 408046724
4 289145991
4 948499876
3 597057498
3 38572033
5 580289702
5 285558710
5 352513359
5 979178876
4 18826040
4 781310490
3 947015232
1 83124847
1 100445598
4 983423944
3 585127276
5 804930426
6 947171873
2 537404577
7 587607731
1 438807428
8 880733978
8 73340535
5 675457285
8 751377003
8 30560953
8 432456185
6 618863608
8 56765792
4 466303899
7 946562425
6 621393717
1 371612343
8 537629101
2 321339999
3 194057033
4 544489998
6 786033310
1 355728275
2 526074904
1 543790444
3 214086236
7 971550900
2 634114230
3 54334627
2 746885050
5 211277779
4 864809299
2 222469103
4 713350204
6 689494785
5 873886867
8 671410908
4 587704172
4 844127670
2 645177034
2 814264408
4 678630226
2 673520332
5 12361524
7 133171821
8 980373127
1 96369943
4 833907690
4 397884290
1 450343826
5 519447620
8 240603410
4 583382385
4 160088506
6 389508453
4 990171154
5 239109321
2 45685867
7 585118733
2 352409614
8 624199944
7 594415246
4 918336785
1 308060800
1 398534919
6 185299623
6 141719638
2 523164920
5 787056858
8 259843162
2 697221898
1 409183671
3 664036240
5 224488742
3 933884975
5 107232222
6 426454100
2 242914775
2 915449492
4 720892143
6 531649894
8 559102951
7 124854142
7 92974954
1 923794857
8 411095241
5 586170238
4 518012210
3 842422397
4 939010576
4 480626482
1 969427211
5 528113159
8 332835601
3 781723996
1 470162406
7 238367963
6 856813792
6 327320184
8 391923661
2 859013689
1 319259859
6 503311941
2 757653556
5 934078195
5 184580915
2 619494962
7 25862987
2 862123493
2 712549332
8 4713748
4 384516771
3 978508413
6 797579057
8 298275109
6 244441783
6 496927412
1 583271846
3 422735399
1 723716458
3 305760009
7 858232091
1 839455555
8 539852424
6 182709832
3 410572597
2 101803332
5 165232440
5 679899046
6 612639410
3 896406954
5 490914505
7 178050756
2 524269102
4 415578525
6 908737202
4 115001404
3 926489095
4 761243682
6 540268231
3 454649592
2 115290057
6 415111828
2 688441561
4 275162872
8 431066058
7 629630931
8 953543620
5 688362276
3 619411186
8 373599651
3 509849763
8 511013217
5 813319106
6 850295393
7 665372805
7 273978288
6 812481824
3 29507770
5 648307341
2 550503540
2 163076661
8 610426147
3 347197740
8 371479876
7 982971298
6 504177229
3 839859394
7 863217628
1 139331290
7 341876822
2 231234322
4 472527997
3 878855763
5 339726740
3 948227373
2 223802530
1 734560610
3 73288650
6 695615994
4 819484546
2 510823246
4 602735992
2 390696892
6 513002407
7 120340753
5 773445524
2 656983960
2 651876187
3 33108557
8 864731733
8 177296590
8 585917882
8 394515443
2 408388326
1 702816184
8 535643266
8 290947443
2 305237280
5 781177198
8 17618245
4 420002168
4 652859012
5 927107540
5 552563645
5 74343951
5 697583452
5 349626669
8 593000201
5 780948955
7 491772273
3 635212770
4 23357129
1 91598589
2 584799339
6 977440191
4 215317425
4 341072101
4 380652418
3 478064600
2 133268098
1 554576579
3 905146989
2 240895705
8 213894358
4 901644681
5 240718822
3 222627647
4 897667102
2 931254919
2 252797744
3 276065368
8 599312320
5 169397524
4 216272252
7 224642204
3 541451454
2 408708563
2 724749401
1 518120023
8 561524474
5 411153002
6 5422042
3 227270639
7 201719141
6 664463144
8 214659560
2 774999900
3 860651053
7 362735376
8 374703815
7 103284955
7 402603628
2 625240647
8 209375135
3 714720140
1 813197641
1 53502775
2 23777962
4 753312657
4 308314665
3 254998413
4 268988568
2 584866036
6 352911534
4 515625650
1 444944518
3 857334463
6 346814986
7 581867254
6 4023661
3 223055030
7 922613880
4 704857670
7 810351319
6 875512130
5 646302469
2 683163457
2 140637859
2 580992293
8 535940063
8 629531735
4 433667091
3 35303120
3 92613347
8 303998321
6 103576230
7 960649425
1 913842269
2 893264797
7 863916326
3 684720737
2 26477227
2 921179425
4 778390161
4 645828040
7 113835319
6 940262281
3 79752569
4 970641192
3 946222973
4 445994582
8 138863419
1 108967522
2 798368367
4 232813376
6 56544955
4 837914986
3 136341194
4 49787787
7 45194202
5 466432517
1 550386932
1 427976527
5 230111756
4 846922117
5 376601193
4 508627219
8 268701393
1 145871822
7 446930066
8 803939971
5 264943150
3 48898190
6 753790901
2 130942241
4 377872031
5 304436837
4 96870506
2 784904878
8 333123445
4 77184902
8 142760029
1 226426236
4 133873929
8 274733508
1 33894770
7 262250981
6 56442124
3 165780393
6 14158475
4 143580745
8 292233236
4 579174240
4 77076138
3 214331674
5 981991511
5 55488409
2 986718328
4 796768178
2 117092006
3 405347590
1 546028581
6 925651711
1 830294701
1 667989622
7 692035583
8 721737841
7 990429856
6 77417091
8 93983144
8 23252709
2 766975421
7 171849138
7 537547189
7 147856696
6 724857528
4 808560549
3 51279038
8 716294642
5 206532794
7 460182639
5 422124339
5 702253368
5 222121855
4 945106859
3 796689478
5 380322389
3 872431575
1 212618164
6 701590201
4 246007172
4 792643218
4 339304147
8 719290018
1 710930868
7 559207887
3 927309568
7 914161260
1 342988309
2 109010061
1 652202271
5 506488012
7 266682655
4 560061546
1 248661873
2 353423706
2 887645528
3 972166689
5 165940763
1 665464118
8 858341526
2 686714031
6 978946277
2 813102696
2 270560208
6 116762249
6 84808176
6 318748681
2 274392345
6 297706328
5 628847870
3 516531699
7 957334174
7 900719583
3 26340558
4 475337943
6 327490556
7 217539992
2 468351017
5 224166616
8 636076587
6 675679768
1 988339440
6 331496679
6 544116958
3 528477475
6 381330642
6 50004328
1 974761310
4 856184236
4 149192944
2 728430090
7 504624892
4 228230749
8 952348623
5 120775572
3 220258291
3 102957365
6 156907749
8 903213965
6 393177783
1 955945731
5 56861737
2 463969010
1 503934146
8 685805739
8 196631906
1 643891580
3 768560527
8 911393357
6 221829628
8 465079633
3 344810667
1 314216753
6 409102372
3 333314521
2 666111151
8 941489765
6 453301432
4 369127785
6 291871083
2 697695203
1 25309623
8 682929656
3 890335968
5 859056910
5 317532955
3 802170368
5 748947995
7 843451330
6 416995320
6 936003503
8 149306376
5 345399488
7 932403797
8 227330432
2 687331932
7 151348406
3 563468959
3 377217546
8 415852303
4 345704268
2 753543889
3 808751600
1 716482426
8 256688909
3 331122404
2 332861724
7 688395812
6 156514641
1 87528265
2 654940369
8 747553341
1 360406240
7 788443531
6 543455043
8 165767463
3 780989842
4 510742055
5 932388491
3 432592890
5 703102243
1 918992020
6 152483324
2 679094953
1 700796325
7 475850008
2 930643271
8 701951027
5 2855743
3 658637255
5 622312402
5 849054471
3 270116981
1 105699505
6 584705128
2 621443366
6 286306681
5 56172881
7 184662651
8 106266525
5 815454700
2 704175822
5 270112263
2 724577449
8 13532910
4 988642807
8 761792113
2 98743642
8 271479795
4 903548779
1 142604262
5 680827981
6 356199092
5 330318210
3 547636130
3 911252284
2 763452962
1 501268993
4 807158247
6 843609175
1 662612943
6 341353394
5 200775388
2 134953648
4 928764260
8 936086293
8 654983091
7 452224214
4 635782749
6 617820001
4 592081162
1 457526560
6 3384422
3 259773672
6 51463976
7 843215275
4 484964562
3 258227474
7 791389130
8 28770977
8 335116131
5 580607026
4 574356902
2 840695759
5 309062272
3 302410252
7 320709468
1 850616259
8 57454915
7 17008704
4 188489898
6 507798161
3 597585164
6 282885075
5 283324239
1 996440151
8 696983760
7 704843061
7 436311978
4 375844749
7 652017740
8 235142070
6 591349815
5 794228999
1 368559483
4 342888996
1 281921861
7 186180868
6 914896547
6 328131244
8 118574829
7 749043294
6 778260758
3 51250852
5 865791455
5 902142775
2 320216489
7 546730917
2 640253534
2 882869708
7 930112555
7 871820119
2 10054501
2 268283004
2 251959208
2 652860231
4 179521478
2 125063546
3 316981053
4 768453007
3 9957007
2 704601674
1 341046163
3 216567705
3 529664288
1 306444415
4 614083430
2 961400223
3 99159709
5 376409021
1 765942633
8 691255282
1 974476471
2 650435712
3 440022726
8 214409169
6 262484210
8 243196080
5 28930130
3 387460768
2 441815554
4 911508967
1 280643027
2 290020871
1 869571535
3 672209279
8 219396002
8 969980116
5 8439473
6 511003010
5 734056606
2 232340828
3 761437653
6 527343566
7 33934709
8 517647088
1 278150045
1 738454302
5 203504764
5 419283590
2 487923015
4 261552727
5 801530600
1 731880087
2 354668510
3 527324528
6 496267692
7 987741060
7 666951690
4 403189034
1 458154568
2 362208941
8 616265969
7 88241621
8 901465025
2 444600891
2 67314054
4 360418352
8 622901649
8 292566972
4 410772678
5 438774193
1 463800360
4 854523282
4 433016156
5 338433204
5 404176534
6 781036429
2 761368951
1 511932822
6 557024434
7 477114167
1 866872458
6 199033571
2 832185892
8 925497281
1 382280669
5 750878782
8 585314196
6 983579772
3 635020208
3 798678228
3 338820566
3 466745256
4 962713128
6 387677192
5 333266403
8 809420123
3 101786292
8 22977252
6 185765505
1 671036804
1 975902587
2 297802487
5 166572877
1 315344713
8 215255841
4 588638053
8 479776727
8 607497972
5 630299556
7 443770934
6 472907199
7 936468022
7 745890273
7 486740956
4 665603050
1 383345763
3 864618395
2 563781682
5 486660255
4 938992554
2 92986025
3 326013933
2 594597564
8 824957584
2 183525633
2 830783900
8 132084466
7 905027545
8 219645372
1 546346832
7 200910709
4 325742364
2 200133451
7 976284649
2 925037765
6 446201076
6 355546194
1 635438681
1 528851398
8 292629214
1 752649703
1 189677350
5 61019678
3 342486715
8 782327440
1 613360812
2 465555183
7 745159949
1 1881161
5 131679862
7 377871591
5 534498011
7 998549655
3 858402514
5 864431288
1 867588783
5 453791937
1 165036613
6 372390564
7 129693028
7 492575227
8 382652931
2 87876118
2 391421891
8 524291005
2 447125683
2 71524545
1 341127608
1 656255552
4 290229893
8 166419921
7 790548374
7 225223212
3 848178775
4 355508486
8 116611519
7 822953927
5 320732986
1 604402432
1 883044367
4 22674014
1 860061834
6 389642262
5 557978603
6 939265382
8 464115931
2 549700087
4 273846168
5 293737988
8 170486824
4 148953171
8 52416829
4 226960553
4 397918205
6 902686402
7 269016661
8 667788499
1 514008199
1 905578751
6 767745680
2 661386552
1 215339872
4 686541811
8 811301763
1 384503331
3 474226201
2 37655115
3 761426101
4 881493813
5 958910804
8 645555553
7 780654193
8 243933502
8 325036281
7 369944815
3 399227151
1 419953762
8 902111827
6 850931595
5 115161681
1 703258741
8 328968897
2 213063945
1 288313329
1 817048946
6 912054358
3 94619543
7 872420332
2 834832673
4 259952439
7 900507110
2 405353363
8 563533271
2 987904611
8 5562931
8 924955275
5 337373833
5 749625222
2 933271098
3 177545767
4 487573685
7 371225081
1 649618272
8 456799617
2 137865942
1 932583121
3 563047116
4 234763065
2 571330277
5 403571059
3 630319116
6 577499284
1 850645554
4 843030841
3 998457191
6 935506802
3 112366471
5 96122824
7 665580572
7 292521501
8 697133091
6 198415156
7 110982103
8 875506117
2 570902311
5 791119601
2 116249345
7 791714554
3 583368423
6 971861419
1 353567419
7 414572897
5 937418856
8 553057781
4 931885117
5 748113883
1 148448270
7 834280824
1 546255121
1 32071883
1 130099565
5 129458213
3 870604042
5 634970663
7 798605899
8 804759309
4 884612279
2 40608681
4 825724754
1 910480487
5 39351483
1 604034231
8 520876208
6 720585647
1 831683446
6 403665495
3 460079698
1 184914786
7 102355225
7 409756215
7 453188387
2 732840112
1 31462003
7 996009763
7 125855356
2 782608015
1 716732679
8 306229827
4 727697731
7 970298440
2 283978541
7 207386169
8 681188446
4 883848108
2 489889317
1 780776877
2 277043596
6 610773356
4 137199922
6 893604272
1 610366851
1 632115087
4 540292877
7 918843946
1 644552949
6 303710528
8 942928984
2 147907504
3 353444881
2 45363207
5 874585939
6 158891301
3 369467657
7 779409061
4 220525381
6 503216969
5 813899180
2 670572926
8 7992228
5 856870611
1 899653000
5 943852684
3 63026658
3 12993699
7 953438000
6 839285551
4 600969745
6 12611546
4 41701853
6 227323062
5 466076287
7 21013400
4 511751173
5 869475120
7 321699912
4 716554960
1 853445461
3 505127939
6 129830471
8 528040503
5 847800516
7 892960327
1 783549405
6 541639571
7 269825280
6 989537336
3 666865233
1 34769783
5 526511872
4 950090508
2 436212828
2 327629375
6 433979091
6 85460746
1 478818703
1 224209234
2 18986343
2 633965102
5 870539189
1 591504012
1 431821835
6 566846421
3 496620531
6 825899150
7 186986467
8 486834995
2 557974683
5 559267578
5 90112035
8 584756847
2 345266331
1 625895348
7 864623477
4 764916419
7 889129990
4 397740015
8 610510214
6 248519490
2 221316842
6 758236888
7 734622115
7 5095653
5 733659851
2 923352767
4 220192876
3 290693598
2 39922322
3 501919091
5 162344145
5 731222671
4 499019591
6 416859838
3 238940198
4 787630364
3 547577621
3 148509177
4 70836984
7 492841031
7 519281249
1 499706138
6 401760169
8 185844726
1 964794930
4 337745406
2 651297815
8 384114009
2 204798037
7 598423427
1 14262095
5 494283590
2 189834375
8 199071537
1 227154127
6 179069819
6 640183324
3 76551959
6 150652572
6 852747219
2 703366417
3 110199177
2 934132257
7 136251083
8 424401355
8 880259714
7 73560276
7 231420421
5 203845114
5 200688565
6 618163091
6 83826628
2 380543546
4 324215832
1 20197833
6 860168711
3 991879658
1 986426944
5 411470787
6 732941266
6 358318939
8 132128571
3 767532109
5 449735487
5 241320860
2 631651521
8 147535017
5 708345061
6 509414416
8 319509931
3 890947930
2 986344679
1 86160658
6 369919828
2 44124437
5 886762803
3 337995215
8 46274113
8 549893880
6 947499865
4 512779368
1 870362564
1 438897837
1 714310066
8 39283766
1 964231784
4 238626439
3 411525104
7 337043678
5 474133884
1 940465143
4 568864303
2 903384831
5 897307162
5 994871492
3 3373636
8 43067782
8 455695986
4 307773586
7 297695397
2 465046479
4 716406789
1 321482604
6 518747844
6 723339002
7 334266818
4 45139153
4 15205562
2 953564142
5 371597565
5 312497082
7 727178358
7 562684143
7 21056758
8 703470367
8 896297739
5 361713311
3 446798708
2 639227525
1 166170573
3 220378884
2 250663951
7 918923043
2 842279401
8 841916584
2 593071689
7 775261330
3 214228958
8 725497332
2 138066487
7 529302732
6 296122544
4 196066996
1 600278051
3 312868274
8 605893686
2 620489146
7 393230705
8 760873958
6 726474579
2 402295479
7 526825423
2 774029579
2 561681269
3 681116213
8 866079889
1 207957164
8 738147187
7 264543150
5 282801838
7 382107456
5 121717659
2 370619198
6 684113376
8 574963064
7 542586740
2 399045177
1 209752488
1 459558214
8 975036741
4 918677896
8 111826285
7 861258484
8 137412744
6 942750796
5 143430
6 853285752
8 645087163
3 848788486
2 46301443
4 938661512
2 318405807
1 33410609
3 6661329
8 72254376
4 273409360
4 38435197
2 873053851
3 272147357
2 611821365
3 248723919
7 623328522
2 288634197
6 491395831
3 956061943
6 689575162
8 502134601
7 264468696
7 643870350
1 445391813
7 603754597
1 82207066
1 303584093
5 714492050
6 992020709
7 693762786
6 147840993
5 162244063
8 789715482
3 175049003
2 787048605
7 624922260
2 700289226
6 856476767
2 681342121
7 421072133
8 40150622
8 282473231
8 883868234
2 183891129
8 16588415
8 466178598
8 391200281
8 537489817
5 542075597
6 842435280
6 537436981
5 173018458
3 908211448
7 97919888
4 349770453
3 228149269
1 898397842
1 336722180
7 165163664
5 364579665
4 12683224
2 356303313
4 679062642
2 104872801
1 603896855
5 984020879
5 696458259
4 564518408
8 252718964
1 294508223
4 633656885
3 490500501
3 198481790
4 670614336
4 587990026
2 377384278
5 832101239
4 825787563
8 319935717
4 843374512
5 780703157
8 535800256
5 809000778
5 87585068
5 127413723
2 536212304
4 593218173
3 672532963
2 900437665
3 2324265
1 396096216
1 486792184
6 726123514
7 401059170
5 69922960
4 964891804
4 357027124
2 423222056
4 648504826
1 186450945
4 702313670
7 437941207
2 192508068
8 203039014
8 51205722
5 851017742
1 250306499
4 113897635
7 995967522
2 125687815
7 764709302
7 52908109
4 488647287
6 613846728
5 756685417
6 781941015
6 880493564
8 46364019
2 521300797
5 495568902
7 487074863
1 455534044
1 780593070
1 388933736
1 529716472
4 720960595
2 162609973
1 151655339
1 552881676
2 492399408
4 644277817
1 271103085
4 377832174
4 167715062
3 592836852
3 152255761
5 362556026
8 38119878
6 127776424
5 517974945
1 327811580
1 879862205
2 183064527
4 331129127
8 591523064
7 921869888
5 804578645
7 371715596
3 191138109
3 671450292
8 8875317
7 45445567
5 604955876
2 739694156
5 627034732
7 232080435
5 885479301
4 445777708
2 429749120
2 802932053
8 825989253
7 732971016
2 106491680
2 479195138
1 163101178
4 753105344
3 620940254
7 792999077
8 233118538
2 320524151
3 976316893
5 538434896
2 820775230
8 684601473
8 14899497
8 697628568
2 208345336
6 499837127
3 291902785
8 380970957
1 118183253
8 25079844
4 352569735
3 819545449
6 982362998
5 195632005
1 275762604
8 509663561
6 547823878
7 107779428
7 157977936
7 930117813
5 70065841
6 941405242
2 135065568
7 274605783
6 484024631
4 803735167
2 773074980
7 196392959
2 588078339
2 751545461
3 38700097
7 804744821
1 849082091
4 47069958
3 40535368
5 206223059
2 136778270
8 725570567
6 847461721
1 938297225
1 707794930
7 837922383
1 675542274
1 680669501
3 504277528
3 546476317
8 559620237
6 765052871
3 800925346
2 860439901
4 455311921
6 871197205
7 233843078
7 566342401
3 800447033
8 695020759
2 591445140
1 127278187
1 591782771
6 139451513
2 470707599
5 551458257
6 695294640
4 734945673
7 761707461
8 512836022
2 916582515
3 291279744
8 998918385
4 131814280
3 698885335
5 993945814
2 6441590
8 247488011
7 247488011
7 247488012
7 247488013
6 247488013
6 247488014
6 247488015
5 247488015
5 247488016
4 247488016
4 247488017
4 247488018
4 247488019
4 247488020
4 247488021
4 247488022
4 247488023
4 247488024
4 247488025
4 247488026
4 247488027
4 247488028
4 247488029
4 247488030
4 247488031
3 247488031
3 247488032
3 247488033
2 247488033
2 247488032
2 247488031
1 247488031
1 247488032
