1000 1000000000 2000
584 486794576
584 486794575
584 486794577
583 486794577
583 486794578
582 486794578
582 486794577
585 486794577
581 486794577
581 486794576
581 486794575
580 486794575
580 486794574
580 486794573
581 486794574
579 486794574
578 486794574
577 486794574
576 486794574
577 486794575
578 486794575
578 486794576
580 486794576
582 486794576
583 486794576
583 486794579
584 486794579
584 486794578
584 486794580
585 486794580
586 486794580
586 486794579
586 486794578
586 486794577
585 486794576
586 486794576
586 486794575
587 486794575
587 486794576
587 486794577
585 486794575
585 486794574
587 486794574
588 486794574
589 486794574
590 486794574
589 486794573
589 486794572
590 486794572
591 486794572
591 486794573
591 486794571
591 486794570
591 486794569
591 486794568
592 486794569
592 486794570
592 486794571
590 486794569
590 486794570
590 486794571
593 486794569
593 486794568
593 486794567
592 486794567
592 486794566
592 486794565
591 486794565
592 486794564
592 486794563
592 486794562
591 486794563
591 486794562
590 486794562
591 486794561
591 486794560
592 486794561
592 486794560
593 486794560
593 486794559
592 486794559
592 486794558
592 486794557
593 486794558
593 486794557
594 486794557
594 486794558
595 486794558
596 486794558
596 486794557
597 486794557
597 486794556
597 486794555
596 486794555
595 486794555
598 486794555
599 486794555
600 486794555
599 486794556
598 486794556
598 486794557
594 486794559
595 486794559
594 486794560
594 486794561
596 486794556
597 486794558
598 486794558
596 486794559
596 486794560
597 486794559
598 486794559
595 486794557
595 486794560
595 486794561
595 486794562
596 486794561
594 486794562
593 486794562
593 486794561
593 486794563
594 486794563
593 486794564
594 486794564
595 486794563
595 486794564
595 486794565
594 486794565
593 486794565
593 486794566
590 486794565
590 486794566
589 486794566
589 486794567
589 486794568
589 486794569
590 486794568
590 486794567
589 486794565
590 486794564
590 486794563
591 486794567
591 486794566
589 486794570
588 486794570
592 486794568
594 486794568
595 486794568
595 486794569
596 486794569
597 486794569
598 486794569
598 486794568
598 486794567
599 486794567
600 486794567
600 486794566
601 486794566
601 486794565
600 486794565
599 486794565
599 486794566
600 486794568
600 486794569
601 486794569
601 486794570
600 486794570
602 486794570
602 486794569
603 486794569
604 486794569
604 486794570
605 486794570
605 486794569
605 486794568
606 486794568
606 486794569
605 486794567
606 486794567
606 486794570
607 486794570
605 486794571
606 486794571
606 486794572
605 486794572
605 486794573
606 486794573
607 486794573
607 486794574
606 486794574
608 486794574
609 486794574
609 486794573
610 486794573
611 486794573
612 486794573
613 486794573
613 486794574
613 486794572
614 486794572
208 486794574
429 486794574
293 486794574
400 486794574
942 552969128
780 167027687
551 486794574
338 486794574
495 486794574
574 486794574
516 486794574
54 564984579
518 444727162
934 486794572
837 486794572
705 486794572
860 486794572
807 75416172
330 486794574
294 879300374
58 486794574
558 486794574
530 486794574
992 929744976
123 290073887
496 486794574
863 486794572
854 486794572
897 486794572
473 486794574
487 486794574
858 486794572
104 902552407
479 829866019
993 486794572
311 486794574
348 486794574
245 533787136
405 95276532
567 142618061
657 204017820
651 486794572
468 910002147
858 464150318
1 485579100
552 486794574
657 486794572
847 126986131
820 486794572
173 516328213
257 486794574
309 908612291
315 486794574
959 486794572
505 486794574
887 486794572
902 486794572
423 19632265
172 486794574
144 486794574
474 486794574
589 846900336
485 486794574
47 739022105
730 24782266
321 486794574
475 486794574
253 486794574
512 168389561
431 487828810
285 983704245
893 486794572
135 586280547
519 486794574
525 578434245
752 486794572
641 486794572
836 720514543
832 486794572
776 486794572
882 606232857
725 486794572
14 486794574
553 486794574
664 4416313
714 479394936
491 486794574
447 486794574
899 873431910
996 486794572
339 580620095
627 557966164
547 496107899
963 486794572
690 486794572
809 486794572
10 486794574
720 751656984
493 486794574
271 885446496
718 266565085
396 665275435
663 444733122
227 486794574
554 695806692
285 486794574
717 948861702
615 723129300
243 486794574
472 85566975
902 631421273
177 486794574
692 486794572
353 486794574
862 486794572
718 199112113
969 246248670
446 486794574
162 486794574
341 486794574
97 486794574
76 486794574
958 560761714
750 486794572
756 888548009
666 486794572
896 126168721
667 486794572
889 486794572
428 365448281
855 847510804
251 486794574
466 486794574
473 938456411
834 589883849
594 547558244
85 321426590
983 486794572
531 486794574
689 689560882
451 486794574
75 486794574
309 75513391
744 486794572
467 486794574
268 490073110
872 759980165
649 486794572
114 711790436
41 486794574
483 486794574
216 806224817
141 486794574
731 486794572
95 487047901
96 561054746
382 865945128
678 486794572
636 341115999
219 920998817
769 242758177
660 703923017
50 89932699
283 486794574
740 486794572
452 486794574
239 486794574
464 486794574
383 486794574
16 486794574
781 486794572
335 984169627
119 486794574
577 819119426
785 486794572
399 486794574
346 365332315
146 486794574
654 486794572
242 486794574
238 486794574
745 486794572
830 486794572
486 486794574
723 486794572
111 656845594
228 578336046
480 486794574
222 520071556
538 853178904
728 486794572
205 256370150
271 559554486
903 486794572
813 486794572
331 486794574
935 992042889
313 985595741
484 486794574
302 486794574
176 486794574
926 351003976
952 486794572
105 117026755
455 111303210
825 976030232
380 486794574
920 486794572
157 486794574
438 218715152
356 486794574
532 486794574
39 486794574
975 486794572
846 182183610
309 486794574
268 454063271
994 486794572
105 292945577
586 470185468
770 24282327
780 871464326
473 284361997
218 486794574
161 486794574
152 486794574
108 787659628
653 486794572
382 486794574
210 613492549
445 486794574
59 486794574
681 486794572
443 217169992
501 486794574
132 486794574
7 111949113
514 486794574
22 574613176
730 918155200
275 540107819
186 14182014
385 516086076
693 486794572
607 955948069
300 486794574
500 486794574
733 486794572
482 451624126
791 911265858
557 237034407
638 840428846
335 486794574
336 692675357
714 694131344
185 384492830
344 486794574
435 972341935
375 486794574
617 486794572
139 486794574
62 486794574
17 486794574
958 788972997
494 341615808
762 486794572
866 486794572
912 679876701
167 486794574
879 486794572
142 486794574
717 267208112
416 486794574
541 486794574
800 584195478
313 661058208
213 486794574
383 718672751
108 486794574
783 486794572
347 486794574
13 486794574
718 486794572
209 799441114
147 486794574
88 486794574
892 486794572
371 557766691
80 486794574
719 361073826
122 832131212
24 71022886
477 486794574
123 486794574
73 637389016
183 486794574
21 486794574
1 486794574
317 260074108
121 486794574
423 683775682
938 191097991
800 503059851
615 486794572
494 309892793
898 47951302
411 486794574
680 596192042
98 451560899
566 486794574
952 901250709
764 486794572
968 486794572
629 469188691
774 96488185
783 495293672
89 486794574
342 486794574
53 248893715
468 486794574
265 86288629
304 599203318
567 486794574
917 486794572
492 486794574
892 59804571
957 486794572
40 98860959
274 486794574
816 486794572
316 924573136
229 772615117
663 486794572
428 341271949
384 838426810
310 985617496
834 486794572
407 325399405
116 486794574
984 486794572
874 486794572
590 819781108
241 690840326
63 486794574
236 381812737
794 486794572
812 486794572
482 486794574
441 486794574
845 809405452
455 950930895
176 610346133
836 486794572
138 486794574
380 134047373
404 486794574
886 486794572
759 486794572
633 486794572
415 266466781
82 486794574
324 158289187
226 486794574
660 236415336
827 132044531
83 486794574
669 734521401
687 971164427
74 486794574
232 486794574
322 486794574
192 486794574
554 307061001
849 123520248
53 486794574
462 435743635
583 321363593
933 87255539
943 486794572
366 478497919
185 486794574
78 486794574
32 486794574
490 486794574
220 486794574
186 486794574
225 486794574
979 486794572
845 486794572
866 781349086
499 486794574
852 184173494
238 143892969
787 486794572
738 486794572
625 840878762
97 914852477
664 351957380
488 486794574
664 486794572
124 593808699
850 636512773
370 486794574
844 486794572
861 486794572
509 486794574
550 486794574
990 218143056
772 486794572
797 486794572
352 486794574
117 262889580
178 486794574
852 168402944
34 486794574
946 486794572
91 344072653
225 652290107
885 486794572
627 343750060
439 256560039
71 885868137
117 486794574
664 93710650
960 486794572
624 486794572
795 624149025
882 486794572
576 295136838
660 486794572
223 486794574
85 871988065
582 95351591
744 208491791
628 486794572
548 123059589
337 486794574
195 486794574
550 769050905
709 486794572
274 91497998
763 486794572
638 486794572
286 486794574
114 684286849
640 486794572
957 722284151
26 486794574
354 486794574
296 486794574
719 486794572
69 474244937
118 486794574
156 861364665
798 45665389
193 486794574
469 486794574
43 486794574
739 486794572
892 842586350
623 76162635
466 240298740
115 486794574
280 392898666
976 231484330
998 486794572
68 486794574
778 380457178
774 486794572
163 486794574
275 486794574
61 486794574
49 486794574
338 670073841
117 695567313
622 956984073
903 763793792
365 61605665
806 486794572
96 486794574
197 486794574
120 486794574
299 124376750
498 563920652
388 511404046
499 87539686
48 55000553
87 486794574
127 486794574
537 528350791
881 486794572
510 486794574
194 73105411
768 79850338
973 486794572
106 206854106
529 486794574
894 673153374
810 486794572
101 486794574
386 486794574
749 486794572
573 486794574
78 815867
652 486794572
812 224863969
544 486794574
733 187773822
348 865561508
581 976508255
529 718086090
23 591259101
688 486794572
415 486794574
471 914059234
442 345280032
870 561472291
366 486794574
711 486794572
932 931858804
562 486794574
267 465042059
937 486794572
109 486794574
425 783490080
419 329311009
336 902455320
297 486794574
420 486794574
563 93856154
622 486794572
782 486794572
396 926890353
413 426741284
156 264236801
518 486794574
825 486794572
244 486794574
36 190347408
508 486794574
398 486794574
210 912657362
346 486794574
175 486794574
614 643814690
973 164855785
48 93052603
443 486794574
935 486794572
992 486794572
277 486794574
517 486794574
24 765202256
179 647057148
797 38444803
508 506332679
762 202517570
391 486794574
129 486794574
228 107350880
29 486794574
600 61510373
437 486794574
268 486794574
868 373855487
715 934424821
420 788751744
913 486794572
818 943443881
976 669282100
481 486794574
156 486794574
350 291189188
176 833343869
441 974117917
849 486794572
713 486794572
943 999957209
652 215433442
210 486794574
506 310970972
507 486794574
919 486794572
520 486794574
333 486794574
28 926191619
69 89460513
179 486794574
134 257372514
86 486794574
416 780052007
516 98636432
423 486794574
675 486794572
961 583188201
377 904002354
270 668646508
926 486794572
535 486794574
44 466074660
116 221183892
555 486794574
957 256513573
384 911020939
560 486794574
435 486794574
838 486794572
798 748544487
922 305546708
976 486794572
432 486794574
114 486794574
941 486794572
642 862953994
324 961941774
170 486794574
801 486794572
85 486794574
292 362105983
824 368280868
66 57385248
547 486794574
98 486794574
291 486794574
313 965304783
746 486794572
805 486794572
56 353477455
413 486794574
484 413459177
514 315754348
164 486794574
995 486794572
2 486794574
101 597974522
711 995090929
536 486794574
358 27362847
298 486794574
168 590633542
35 486794574
832 451494833
989 486794572
570 486794574
313 486794574
85 567166532
608 526489620
861 768291717
202 486794574
137 258232754
60 466470807
812 555593450
533 486794574
217 524816231
961 486794572
95 486794574
906 693739442
694 811880745
459 438646163
734 486794572
36 486794574
913 259231274
921 486794572
966 486794572
833 321272470
714 577255466
77 486794574
226 355257928
470 486794574
6 486794574
128 615802338
271 486794574
848 486794572
454 444319715
188 486794574
217 486794574
150 486794574
478 486794574
724 486794572
222 486794574
230 530088223
283 149120136
444 963459906
186 944715214
811 486794572
112 486794574
928 486794572
803 486794572
598 754956409
852 486794572
756 486794572
689 486794572
191 486794574
485 806066884
896 486794572
560 588964722
154 486794574
476 486794574
924 170779181
317 486794574
569 408080146
952 316469594
48 486794574
469 600714809
234 486794574
930 192766415
45 486794574
199 486794574
694 486794572
800 486794572
373 112803750
100 234190535
262 953971988
916 486794572
12 275600805
20 486794574
249 486794574
732 621247554
37 252088633
324 486794574
212 205635847
755 486794572
704 137761502
431 486794574
946 414737472
843 418748954
586 226433224
436 486794574
473 376716137
646 486794572
179 443406567
752 744499153
54 486794574
188 364061045
325 486794574
662 486794572
910 486794572
399 576960372
512 486794574
979 876568922
949 677310354
458 221030606
135 486794574
732 655518191
516 114476104
729 486794572
224 348681411
362 949600929
260 486794574
471 486794574
498 486794574
724 430953812
476 664176351
791 486794572
910 518271185
911 486794572
165 486794574
143 617867874
978 486794572
737 486794572
702 486794572
190 93060536
586 813154523
369 486794574
17 930231900
787 860563386
911 999278082
371 486794574
947 486794572
348 894126648
279 486794574
329 169955013
796 959868337
187 854492003
932 725294298
55 945901513
961 653128508
465 486794574
368 486794574
5 486794574
442 986763858
433 486794574
970 770775239
299 477363979
392 486794574
247 486794574
554 486794574
193 864848021
169 372799670
868 486794572
570 90431623
674 486794572
273 486794574
853 486794572
532 372221683
107 486794574
350 453028569
173 486794574
757 486794572
110 486794574
173 435324469
998 581220867
883 486794572
759 534895178
495 828467665
729 220087930
435 712505935
395 486794574
573 854030036
985 486794572
731 454798251
261 486794574
72 486794574
976 729141616
276 486794574
620 486794572
275 966093679
701 293276153
479 486794574
704 811979229
667 380122584
260 992228499
438 765657191
934 820389177
363 486794574
14 559956049
187 75492245
641 840194245
781 234637626
169 486794574
541 85711091
922 486794572
376 486794574
831 820315503
182 486794574
854 903385813
264 486794574
397 486794574
102 486794574
765 486794572
289 486794574
977 486794572
751 486794572
407 363619579
775 192713116
978 747766516
537 486794574
444 486794574
630 486794572
927 486794572
822 11964097
357 486794574
141 31753979
56 486794574
686 905089003
969 935220220
101 130316506
454 661134419
980 486794572
209 510429460
583 98206477
380 392701165
158 486794574
928 834692151
965 486794572
254 556534408
788 486794572
184 486794574
767 486794572
527 486794574
191 736222360
453 486794574
572 486794574
886 841380386
479 460518892
406 735804018
731 768262168
302 167280578
568 486794574
177 419639030
938 486794572
953 486794572
27 486794574
873 486794572
469 168955033
206 947601316
347 257713050
747 337628710
942 486794572
680 873045411
429 744356438
33 486794574
499 875330557
37 486794574
199 482671448
108 245065675
421 486794574
802 486794572
578 903282429
699 878647362
634 693413620
336 874903694
237 486794574
245 486794574
407 828185342
824 486794572
43 461544449
133 486794574
869 486794572
873 383893389
903 161466735
166 486794574
725 442348117
906 486794572
964 952862906
624 190362890
256 486794574
557 486794574
543 486794574
87 695598070
907 318262861
390 486794574
769 486794572
644 486794572
911 719984072
864 486794572
194 486794574
538 486794574
405 486794574
870 704826298
913 687602180
327 486794574
100 689168571
385 486794574
776 476427172
67 486794574
378 486794574
978 686345409
841 962572184
964 486794572
792 486794572
93 486794574
334 600769341
672 850385727
643 486794572
832 219310970
288 486794574
439 486794574
82 356334315
789 486794572
199 648235476
422 486794574
82 265812021
364 486794574
997 486794572
234 274442031
428 486794574
931 486794572
966 527096047
365 486794574
969 486794572
635 486794572
401 150390747
949 486794572
822 486794572
459 389309864
669 486794572
622 647814581
908 486794572
552 374893617
214 486794574
798 486794572
332 486794574
779 486794572
462 486794574
545 914634577
359 486794574
400 950060019
193 531657650
702 717069152
472 751454455
276 913389185
122 486794574
294 486794574
259 486794574
204 486794574
905 301848491
781 978544016
914 486794572
134 486794574
105 486794574
706 486794572
907 476507418
410 486794574
625 997097693
460 486794574
123 964274621
575 24041250
840 486794572
126 380762965
471 656613447
804 187935525
760 715464383
194 200076806
670 486794572
724 60916372
64 486794574
688 663886548
481 216489415
366 480141181
461 486794574
426 486794574
549 486794574
211 486794574
636 486794572
314 923971618
42 486794574
656 274717197
113 486794574
736 195310473
991 674821028
528 486794574
252 486794574
358 486794574
747 486794572
367 486794574
23 486794574
876 486794572
511 394212989
891 339853115
703 778027576
519 869242182
124 486794574
525 27287881
930 475427199
60 486794574
520 869996974
28 486794574
297 35606535
384 486794574
287 486794574
40 486794574
181 765837196
438 486794574
689 857379595
642 486794572
683 405915955
618 88623362
272 916421380
784 486794572
457 486794574
229 486794574
403 486794574
962 596436845
419 486794574
518 373325176
717 486794572
707 486794572
673 486794572
155 486794574
710 486794572
272 956210473
282 486794574
679 486794572
174 486794574
705 855287711
126 486794574
839 268646697
620 839038635
748 444710418
502 486794574
237 472473639
882 128794500
387 486794574
22 486794574
736 486794572
316 278999410
409 486794574
648 486794572
871 943593581
654 432747552
696 836119882
833 486794572
296 331726194
884 486794572
177 415202525
228 486794574
301 486794574
871 813383737
546 20609389
56 259795801
149 294100295
896 25743751
730 455926990
658 486794572
424 486794574
686 486794572
379 486794574
219 486794574
329 486794574
878 215384688
920 939463531
684 486794572
804 992675350
829 486794572
266 486794574
262 486794574
898 486794572
715 486794572
81 486794574
248 251779299
111 486794574
647 486794572
915 486794572
440 486794574
680 486794572
361 486794574
982 486794572
940 132458779
200 486794574
968 385849579
265 486794574
964 428201551
290 486794574
886 304012518
44 486794574
545 486794574
735 45972836
558 377444744
379 6047886
206 486794574
994 645562674
328 486794574
211 746746152
485 21131432
126 843974707
608 798523749
209 27161638
766 486794572
751 40996920
987 486794572
929 486794572
722 486794572
587 252483578
720 727114684
584 333842353
760 486794572
656 486794572
508 563071272
378 559571432
267 486794574
878 486794572
99 486794574
326 598603075
655 186452347
402 486794574
310 486794574
542 486794574
539 486794574
869 858855957
977 310690442
186 128883610
619 486794572
47 486794574
173 49381027
91 486794574
236 486794574
921 635084572
947 718933510
534 486794574
131 486794574
635 695221010
445 561275052
327 821547569
498 895330485
526 486794574
334 486794574
408 486794574
513 486794574
930 486794572
570 73763516
661 486794572
25 486794574
925 486794572
128 708734494
294 208441669
241 486794574
165 677879446
311 439834669
598 859316626
95 785809821
351 486794574
159 486794574
523 486794574
38 540707126
304 486794574
532 474042695
916 699506384
645 486794572
413 515141406
740 225768768
416 15028862
312 486794574
699 486794572
314 553592840
581 752991731
721 486794572
414 486794574
755 666223929
583 382524720
275 212997486
758 486794572
695 486794572
687 486794572
230 486794574
819 486794572
561 486794574
72 30314368
240 486794574
872 486794572
181 789532189
196 554443092
796 486794572
55 486794574
489 486794574
720 486794572
224 185766765
677 486794572
362 486794574
956 486794572
205 486794574
815 486794572
992 176584229
672 486794572
171 486794574
289 354864250
197 149212835
796 117561946
389 486794574
79 854968333
31 486794574
146 865057399
923 167970824
775 486794572
103 486794574
511 486794574
626 861704864
18 811564718
224 486794574
355 486794574
986 486794572
12 486794574
974 486794572
752 294929732
140 486794574
263 486794574
71 704274411
211 59818629
569 486794574
933 288582672
939 486794572
850 486794572
515 486794574
839 427937939
179 145339663
38 486794574
449 486794574
912 486794572
799 486794572
753 486794572
857 486794572
865 892747434
418 486794574
276 179301019
151 32833769
213 615670493
106 486794574
703 486794572
441 236771659
307 220857327
297 760992762
570 369089569
349 486794574
6 797602921
600 6041185
828 486794572
582 919211964
867 486794572
463 292705507
953 210121652
425 486794574
737 172570132
497 486794574
472 785618090
52 486794574
396 486794574
32 273638564
11 200264026
231 486794574
592 824768720
8 592471753
459 552276448
215 486794574
450 486794574
177 329622406
50 486794574
241 392049969
818 486794572
285 965733022
210 662174564
504 486794574
611 149498395
492 738386351
962 486794572
940 486794572
851 486794572
109 165023504
850 885170919
859 486794572
388 486794574
61 696601772
650 486794572
454 486794574
73 486794574
3 116392889
941 749902861
550 714937536
131 88901283
104 486794574
509 402778044
778 486794572
50 410466646
316 486794574
243 297343874
603 911124761
525 486794574
801 150741092
637 486794572
571 486794574
206 330247274
598 653361476
698 486794572
618 486794572
700 486794572
470 695680748
577 515028547
821 486794572
46 486794574
456 187860201
524 294996050
909 486794572
480 779296320
564 486794574
500 835219803
894 486794572
933 486794572
407 486794574
246 486794574
592 700727586
881 337040139
217 445512514
306 486794574
826 486794572
336 766336083
761 486794572
442 486794574
704 486794572
993 181757131
935 550594015
201 486794574
18 486794574
793 486794572
490 963172885
14 129117714
455 486794574
213 592510250
208 442559109
273 875863554
314 40815622
145 486794574
347 997159234
963 397239269
575 486794574
945 486794572
345 486794574
325 163229260
934 688895568
757 428350920
457 80690272
712 486794572
19 486794574
820 953385185
2 889984068
278 486794574
795 655391349
256 137270808
412 486794574
7 857296729
726 486794572
209 486794574
376 953184763
727 486794572
701 486794572
528 766418295
625 486794572
666 934496360
668 486794572
448 486794574
522 486794574
901 691078449
100 486794574
786 486794572
665 230505766
823 486794572
880 429236377
785 475559369
168 486794574
426 77989371
503 486794574
4 486794574
988 486794572
843 486794572
841 486794572
193 508605427
353 761264156
255 486794574
399 309176272
700 468422648
232 187330258
394 210917298
888 486794572
325 897698501
466 274932893
838 609514265
478 739393804
846 486794572
965 230405536
795 486794572
617 661683322
623 486794572
842 486794572
297 380538632
110 352278228
924 486794572
3 486794574
65 486794574
712 819381321
441 839169882
618 300191255
632 522941139
682 486794572
68 235594771
330 324468308
51 486794574
871 486794572
272 486794574
754 486794572
945 922438880
998 768541921
717 738661690
119 976560386
394 486794574
250 486794574
884 477908333
532 395408331
698 662657598
284 486794574
411 568977109
107 616021423
770 486794572
525 845025848
326 486794574
373 486794574
679 384081843
560 676372461
756 717467815
857 701982043
196 486794574
323 486794574
552 37725973
499 163235492
971 486794572
319 486794574
275 778267928
955 486794572
32 657861750
11 486794574
398 795345427
492 858936763
427 486794574
685 486794572
406 486794574
857 841489487
421 194887364
84 486794574
307 410062965
891 486794572
626 486794572
846 122633630
343 486794574
128 486794574
730 486794572
330 379398695
27 407753555
348 586551784
921 643307177
198 486794574
780 486794572
300 339442396
499 24324248
392 296915812
89 963601699
556 486794574
703 87819291
707 957186455
516 495799605
305 486794574
367 502180397
977 789988835
221 486794574
835 486794572
113 127511187
72 420866618
231 105488442
627 231135574
350 486794574
15 486794574
518 102643484
708 486794572
901 486794572
791 968041914
90 486794574
659 486794572
160 486794574
187 257953155
811 546053395
240 305036479
554 514232192
634 486794572
403 69719625
990 486794572
92 486794574
904 486794572
71 486794574
494 486794574
825 768527413
743 486794572
224 752048885
328 693680426
54 522562199
398 828958327
451 717755798
234 293040976
183 33903270
130 486794574
683 486794572
895 486794572
830 677253402
374 486794574
192 262283171
777 486794572
621 486794572
697 486794572
524 486794574
740 368994667
380 298653195
614 233486398
203 486794574
847 486794572
546 486794574
770 482465260
696 486794572
831 486794572
44 515277158
575 986555331
444 283997823
778 26569048
378 557868889
691 486794572
741 486794572
258 486794574
865 486794572
295 486794574
7 486794574
650 185798388
308 486794574
903 547946914
248 486794574
671 486794572
215 949342696
401 486794574
271 54920348
304 225697041
187 67882528
867 715916089
241 752024673
814 486794572
746 708315762
952 851695683
207 486794574
9 486794574
303 486794574
880 486794572
30 486794574
235 486794574
267 724735008
24 486794574
837 894583621
10 959484938
458 486794574
664 780741563
340 486794574
270 486794574
280 486794574
554 657516749
190 486794574
855 486794572
137 486794574
807 486794572
665 486794572
417 486794574
632 486794572
750 446942918
877 486794572
748 486794572
38 743252159
808 486794572
136 486794574
149 486794574
565 486794574
372 486794574
639 486794572
744 768447455
360 486794574
260 745752228
732 486794572
8 486794574
292 486794574
149 276777045
936 486794572
986 350783592
622 37654430
944 486794572
15 889332903
701 243517962
444 373398960
548 486794574
153 486794574
367 815146537
377 486794574
447 599737872
280 590118318
298 418396583
395 322790154
245 517685566
391 201786095
365 642114277
872 212025952
31 547205741
849 558216660
923 486794572
434 454646851
144 946848194
629 486794572
856 486794572
269 486794574
786 740196777
735 486794572
281 486794574
70 486794574
143 486794574
970 649344204
314 364208978
817 486794572
786 133744891
561 827103881
967 486794572
187 486794574
360 530173338
299 486794574
295 383889998
1 633124829
839 486794572
212 486794574
166 790490206
716 486794572
254 486794574
264 612203657
452 644216587
701 382843610
733 219528046
320 486794574
291 286460480
314 486794574
790 486794572
422 73274173
655 486794572
57 486794574
216 486794574
905 743510678
288 732946422
981 486794572
456 486794574
887 557185259
870 486794572
303 64015349
189 486794574
972 486794572
64 665746362
676 486794572
506 486794574
860 489862351
381 486794574
521 486794574
559 550523058
107 757377490
430 486794574
233 486794574
804 486794572
318 486794574
144 281180901
932 486794572
540 486794574
463 486794574
899 486794572
950 486794572
20 546882727
270 957879017
907 486794572
559 486794574
954 486794572
434 486794574
627 486794572
426 460597164
948 486794572
620 42971110
645 481870196
200 456078519
109 244031560
970 486794572
94 486794574
307 486794574
768 486794572
744 84935201
79 486794574
69 486794574
855 690941071
918 486794572
900 486794572
911 517793545
771 486794572
336 486794574
66 486794574
905 486794572
459 486794574
148 486794574
183 61616913
779 285313608
381 182619547
339 486794574
563 486794574
151 486794574
910 156562497
751 349410134
472 486794574
714 486794572
797 274039882
875 486794572
890 486794572
951 486794572
439 674167482
153 452075227
607 305012263
742 486794572
945 606051818
349 887768404
937 4056966
687 2073536
958 486794572
676 345829109
442 94250786
565 691159528
411 191977699
856 388715579
773 486794572
616 486794572
393 486794574
976 57436703
991 486794572
181 486794574
827 486794572
632 484330225
180 486794574
600 621680596
917 839201851
125 486794574
491 506583734
662 773456960
484 432919901
631 486794572
