900 1000000000 2000
646 275295220
646 275295221
646 275295222
645 275295222
644 275295222
644 275295223
643 275295223
644 275295224
644 275295225
645 275295225
645 275295226
645 275295224
646 275295224
647 275295224
647 275295223
648 275295224
646 275295223
648 275295223
649 275295223
649 275295222
648 275295222
647 275295222
645 275295221
645 275295220
645 275295219
644 275295220
643 275295220
643 275295221
643 275295222
642 275295222
641 275295222
640 275295222
640 275295223
641 275295223
639 275295222
638 275295222
639 275295223
638 275295223
637 275295222
636 275295222
636 275295221
635 275295221
635 275295220
634 275295220
633 275295220
633 275295221
632 275295220
634 275295221
634 275295222
634 275295223
631 275295220
631 275295219
631 275295218
632 275295218
630 275295219
630 275295218
631 275295217
630 275295217
629 275295217
629 275295216
628 275295216
627 275295216
630 275295216
629 275295218
630 275295215
630 275295214
629 275295214
631 275295215
629 275295215
632 275295215
633 275295215
633 275295214
634 275295214
634 275295213
635 275295213
635 275295212
634 275295212
633 275295212
633 275295211
633 275295210
632 275295210
632 275295209
631 275295209
630 275295209
630 275295208
629 275295208
629 275295207
629 275295206
629 275295205
630 275295205
630 275295206
631 275295206
632 275295206
633 275295206
633 275295207
632 275295207
632 275295208
631 275295208
631 275295210
630 275295210
629 275295210
629 275295209
628 275295206
630 275295207
630 275295204
628 275295205
628 275295204
627 275295204
627 275295205
627 275295206
627 275295203
627 275295202
626 275295202
625 275295202
624 275295202
624 275295201
624 275295200
624 275295199
624 275295198
623 275295198
623 275295199
622 275295199
622 275295200
623 275295200
623 275295197
623 275295196
622 275295196
624 275295196
625 275295196
625 275295195
626 275295195
626 275295196
624 275295195
623 275295195
622 275295195
621 275295195
621 275295196
622 275295197
622 275295198
621 275295198
620 275295198
620 275295197
619 275295197
618 275295197
618 275295196
619 275295196
620 275295196
620 275295195
620 275295194
620 275295193
619 275295193
619 275295192
618 275295192
617 275295192
618 275295191
617 275295191
616 275295191
615 275295191
615 275295192
615 275295193
616 275295193
616 275295194
617 275295193
618 275295193
618 275295190
618 275295189
619 275295189
620 275295189
618 275295188
618 275295187
619 275295187
619 275295186
618 275295186
618 275295185
618 275295184
618 275295183
619 275295184
619 275295183
619 275295182
620 275295182
620 275295181
619 275295181
619 275295180
618 275295180
619 275295179
620 275295179
620 275295178
619 275295178
619 275295177
621 275295178
622 275295178
623 275295178
623 275295179
623 275295180
623 275295181
623 275295182
623 275295183
624 275295183
624 275295182
624 275295181
623 275295184
624 275295184
625 275295184
625 275295185
626 275295184
626 275295185
624 275295185
623 275295185
623 275295186
622 275295185
622 275295186
622 275295183
622 275295182
621 275295183
621 275295182
624 275295180
625 275295180
626 275295180
627 275295180
627 275295181
627 275295182
626 275295182
625 275295182
625 275295183
624 275295186
624 275295187
625 275295187
625 275295188
624 275295188
626 275295187
627 275295187
628 275295187
628 275295186
628 275295185
628 275295184
629 275295184
629 275295185
629 275295183
628 275295183
628 275295182
629 275295182
630 275295184
630 275295183
630 275295182
629 275295181
628 275295181
628 275295180
626 275295181
624 275295179
625 275295179
627 275295179
626 275295179
625 275295181
622 275295179
622 275295180
622 275295181
625 275295186
626 275295186
627 275295184
626 275295183
627 275295183
621 275295181
622 275295184
623 275295187
624 275295189
624 275295190
624 275295191
623 275295191
623 275295189
623 275295188
623 275295190
622 275295190
622 275295189
621 275295190
621 275295191
621 275295192
621 275295193
620 275295192
622 275295192
623 275295192
622 275295191
622 275295193
624 275295192
624 275295193
625 275295193
625 275295192
626 275295192
625 275295191
620 275295190
619 275295190
619 275295191
619 275295188
620 275295186
620 275295185
620 275295184
620 275295183
617 275295183
616 275295183
616 275295182
616 275295181
617 275295181
618 275295181
617 275295180
622 275295177
621 275295177
620 275295177
620 275295176
619 275295176
618 275295177
618 275295178
617 275295182
616 275295184
617 275295184
618 275295182
621 275295184
621 275295180
620 275295180
618 275295179
616 275295180
615 275295180
615 275295181
615 275295182
621 275295179
627 275295185
629 275295186
630 275295185
631 275295185
632 275295185
631 275295184
631 275295183
631 275295182
631 275295181
631 275295180
631 275295179
631 275295178
632 275295178
632 275295179
632 275295180
633 275295179
633 275295180
632 275295181
632 275295182
631 275295177
630 275295177
630 275295176
629 275295176
628 275295176
627 275295176
627 275295177
626 275295177
626 275295176
627 275295175
628 275295175
628 275295174
628 275295173
627 275295173
629 275295173
629 275295174
630 275295174
631 275295174
632 275295174
630 275295175
631 275295176
632 275295176
633 275295176
633 275295177
632 275295177
632 275295175
633 275295175
633 275295174
634 275295174
634 275295175
634 275295176
634 275295177
631 275295175
634 275295173
635 275295173
635 275295172
635 275295171
635 275295170
634 275295170
634 275295171
633 275295171
633 275295170
632 275295170
631 275295170
632 275295169
633 275295169
632 275295168
631 275295168
631 275295169
631 275295171
632 275295171
632 275295172
631 275295172
630 275295172
630 275295171
630 275295173
629 275295175
627 275295174
626 275295174
626 275295173
625 275295174
625 275295173
625 275295175
625 275295176
624 275295176
624 275295177
623 275295177
624 275295178
625 275295178
621 275295185
619 275295185
622 275295188
621 275295188
620 275295188
620 275295187
621 275295189
620 275295191
616 275295190
617 275295190
616 275295192
615 275295190
615 275295189
615 275295188
615 275295187
615 275295186
616 275295186
616 275295185
614 275295186
614 275295185
614 275295187
613 275295187
613 275295186
613 275295185
612 275295185
613 275295184
614 275295184
615 275295184
615 275295185
616 275295187
617 275295187
617 275295185
622 275295187
621 275295187
619 275295194
625 275295189
625 275295190
626 275295190
627 275295190
627 275295189
628 275295189
629 275295189
629 275295188
628 275295188
626 275295189
631 275295186
630 275295186
627 275295186
626 275295188
627 275295188
628 275295190
629 275295190
630 275295190
630 275295189
628 275295191
628 275295192
627 275295192
624 275295194
625 275295194
626 275295194
626 275295193
627 275295194
627 275295195
627 275295196
628 275295196
629 275295196
629 275295195
629 275295194
630 275295194
630 275295195
631 275295195
632 275295195
632 275295196
631 275295196
631 275295197
632 275295197
633 275295196
634 275295196
635 275295196
635 275295197
635 275295198
633 275295195
631 275295194
631 275295193
630 275295196
629 275295193
628 275295193
628 275295195
628 275295194
629 275295192
630 275295192
631 275295192
632 275295192
632 275295191
631 275295191
630 275295193
631 275295198
630 275295198
629 275295198
628 275295198
628 275295199
630 275295197
633 275295194
633 275295193
633 275295192
633 275295191
634 275295194
634 275295193
634 275295195
632 275295193
632 275295194
630 275295191
631 275295190
629 275295191
621 275295186
629 275295180
630 275295181
628 275295179
629 275295179
629 275295187
616 275295188
614 275295189
614 275295190
614 275295191
613 275295189
612 275295189
611 275295189
611 275295190
610 275295190
610 275295189
610 275295188
609 275295189
609 275295190
609 275295188
608 275295189
608 275295190
607 275295190
607 275295189
608 275295191
610 275295191
611 275295191
612 275295190
612 275295188
612 275295187
612 275295186
613 275295183
612 275295183
612 275295184
611 275295184
610 275295184
609 275295184
608 275295184
608 275295183
607 275295183
606 275295183
605 275295183
605 275295184
604 275295184
603 275295184
603 275295185
604 275295185
602 275295185
602 275295186
602 275295187
603 275295187
603 275295186
602 275295188
603 275295188
603 275295189
603 275295190
602 275295189
602 275295190
601 275295190
600 275295190
600 275295189
601 275295189
602 275295191
603 275295191
601 275295191
600 275295191
600 275295192
599 275295191
599 275295192
599 275295193
598 275295193
598 275295194
598 275295195
597 275295195
597 275295196
524 275295195
533 275295195
132 275295195
484 986615026
133 208833870
687 275295223
227 275295195
298 275295195
738 105936939
828 275295223
582 35243043
869 275295223
713 275295223
825 858780813
83 275295195
27 275295195
853 781950027
777 625297102
477 275295195
659 275295223
801 284838332
865 275295223
750 275295223
832 275295223
728 275295223
393 275706683
351 275295195
406 275295195
285 275295195
742 922279573
524 828677115
292 275295195
11 712138200
210 275295195
769 275295223
98 275295195
333 275295195
414 275295195
169 275295195
373 747172713
809 849594351
401 275295195
572 275295195
146 275295195
861 275295223
775 976914080
261 275295195
177 275295195
482 275295195
67 77451845
135 275295195
214 287466980
390 480908324
16 275295195
364 885051941
413 275295195
341 275295195
366 275295195
278 275295195
127 275295195
522 275295195
541 275295195
816 85261674
336 275295195
717 275295223
434 246447991
708 275295223
224 275295195
411 275295195
784 27298517
803 590457804
496 275295195
460 275295195
583 275295195
568 275295195
180 275295195
105 275295195
530 275295195
383 176146262
273 275295195
67 520602161
690 136043629
223 250717715
399 437429521
218 275295195
613 20962963
685 275295223
695 121183962
43 275295195
743 275295223
592 275295195
80 33038650
383 275295195
407 275295195
171 275295195
52 275295195
632 691926870
17 275295195
540 275295195
870 275295223
880 275295223
882 275295223
400 275295195
314 372482537
281 275295195
747 585327064
667 49115830
846 275295223
358 161287268
361 637223810
122 275295195
651 111542860
455 275295195
854 245050394
484 275295195
837 275295223
238 859509730
157 275295195
607 932844548
520 275295195
877 275295223
136 277157914
140 275295195
574 636354031
706 275295223
510 275295195
838 275295223
290 132503401
878 275295223
95 275295195
886 918660195
751 577753695
895 696872790
810 275295223
270 475302327
106 275295195
154 164160063
510 127801460
292 913148446
310 275295195
96 275295195
435 275295195
546 275295195
277 732938557
394 275295195
283 275295195
392 366277632
887 275295223
452 275295195
207 275295195
624 334441719
553 275295195
519 275295195
112 426997456
481 275295195
363 708175059
831 275295223
478 410730378
503 275295195
432 813490731
881 275295223
463 275295195
112 275295195
118 618643318
48 82641475
222 275295195
79 275295195
211 275295195
699 821794884
877 957316399
682 804131726
441 275295195
361 275295195
578 275295195
213 275295195
153 275295195
231 275295195
842 275295223
347 275295195
638 813389717
38 275295195
142 275295195
686 275295223
329 275295195
472 275295195
891 510893190
692 275295223
646 46491923
408 275295195
180 516282735
216 275295195
149 275295195
81 275295195
388 275295195
894 275295223
401 736709170
492 275295195
490 882784176
513 275295195
752 275295223
593 275295195
753 275295223
461 275295195
138 275295195
854 275295223
307 275295195
771 195170838
363 394230320
603 909882238
381 275295195
793 275295223
525 275295195
173 275295195
70 275295195
139 275295195
251 275295195
397 361054628
178 275295195
504 275295195
188 275295195
296 894870503
352 275295195
396 275295195
830 275295223
569 275295195
7 749869955
135 103033581
474 275295195
184 275295195
255 275295195
642 869012411
751 275295223
562 439166030
247 275295195
389 960181383
584 275295195
465 787046055
461 124771013
452 644878500
604 99838255
878 845890185
101 275295195
766 968648787
443 275295195
618 173398454
233 275295195
386 510044920
294 275295195
850 275295223
672 275295223
55 588392978
883 275295223
754 472310678
835 241396201
311 275295195
866 275295223
618 507049757
589 559763636
193 275295195
541 421143904
383 418287439
631 862540536
402 309690462
395 212448478
695 275295223
530 237827024
651 275295223
119 128465715
669 438802876
420 252790769
125 275295195
189 275295195
286 275295195
377 275295195
871 275295223
550 275295195
130 275295195
491 275295195
427 275295195
122 259372394
812 774836382
381 194082782
440 275295195
12 275295195
141 275295195
897 275295223
323 275295195
137 355895557
357 275295195
812 209490293
883 507594378
493 278458196
702 275295223
5 275295195
89 275295195
76 275295195
209 17336606
418 275295195
348 151249840
882 922869155
183 275295195
577 275295195
34 278438116
469 275295195
46 275295195
859 275295223
304 275295195
345 275295195
438 166069640
288 275295195
58 275295195
121 275295195
394 175885156
226 275295195
875 275295223
660 957047685
680 496485024
538 275295195
254 275295195
336 113033852
11 646353292
120 275295195
203 297351242
792 121026607
224 334292195
202 275295195
576 275295195
15 275295195
555 434862201
693 275295223
462 275295195
785 275295223
378 275295195
801 275295223
555 275295195
312 275295195
757 906543963
512 424699801
269 275295195
417 275295195
350 275295195
252 275295195
336 284650553
515 275295195
579 592732566
151 108363338
454 428317341
333 129799250
266 275295195
220 275295195
825 275295223
296 275295195
78 275295195
835 275295223
717 64209369
236 922880147
267 275295195
33 275295195
325 275295195
675 275295223
220 998561577
657 275295223
204 275295195
889 275295223
722 858567655
129 275295195
794 353711731
321 885331870
674 6688399
432 275295195
107 275295195
300 275295195
349 275295195
466 951342846
807 275295223
195 64919586
527 275295195
821 275295223
160 275295195
770 275295223
879 275295223
684 275295223
554 275295195
893 275295223
756 95230482
136 559097140
490 275295195
166 941865731
301 275295195
811 400818459
324 160426187
324 275295195
816 275295223
54 408888634
827 326049154
473 275295195
172 275295195
763 275295223
620 861596920
295 275295195
726 275295223
707 275295223
580 275295195
150 275295195
683 407819700
376 143602900
282 202196805
555 530349861
734 275295223
272 338867355
863 275295223
191 275295195
64 275295195
579 904676044
485 475646477
264 275295195
774 275295223
631 131515256
709 275295223
810 947684217
330 275295195
691 601473787
531 374896089
780 571065618
14 275295195
306 222423934
436 275295195
392 47771799
757 275295223
64 226516588
654 309794088
443 120960263
808 275295223
532 275295195
146 310337913
253 275295195
889 80760410
2 275295195
665 275295223
719 275295223
731 275295223
196 986855507
364 353265881
450 275295195
818 275295223
512 924610180
765 275295223
30 275295195
109 263661280
815 66988257
509 599947424
375 275295195
236 275295195
470 275295195
237 275295195
137 275295195
895 951605826
199 275295195
187 275295195
16 462748102
487 275295195
737 275295223
803 275295223
221 275295195
879 652927229
809 275295223
174 275295195
163 275295195
683 275295223
80 275295195
90 275295195
34 899497666
518 987797141
484 892439630
151 275295195
670 530573948
567 183365657
718 275295223
658 275295223
529 275295195
666 275295223
24 275295195
42 275295195
501 972879197
287 275295195
516 593954388
836 34757126
501 47909567
287 755860506
19 704596788
284 770946321
797 275295223
167 275295195
87 275295195
271 874887530
685 735809519
712 561777663
715 275295223
509 275295195
84 275295195
348 275295195
867 275295223
819 275295223
176 275295195
166 275295195
71 275295195
857 275295223
747 275295223
852 275295223
124 428454277
353 794857719
64 958390055
333 771203625
662 275295223
75 275295195
718 358925032
185 275295195
779 372492090
835 770241256
41 871696153
255 825770275
123 275295195
559 275295195
593 283817465
778 689176525
518 229997455
653 970149532
243 958242363
836 275295223
50 275295195
394 743139013
561 275295195
312 499271245
833 275295223
493 158014574
448 275295195
53 590232807
618 684955329
788 275295223
780 275295223
500 444460191
271 275295195
356 275295195
653 275295223
311 22285349
661 275295223
70 750850328
431 339275362
876 275295223
164 998181686
442 275295195
156 644850295
209 275295195
563 275295195
741 275295223
39 275295195
536 275295195
535 275295195
242 275295195
495 275295195
458 275295195
74 462516376
354 275295195
148 275295195
469 322125397
404 275295195
102 275295195
223 275295195
872 275295223
446 73655708
476 275295195
257 275295195
293 53513654
511 48633171
373 275295195
798 788238666
125 575891971
677 275295223
139 315915979
766 955220600
856 794769135
459 976158040
892 601633805
320 402858809
38 377677940
896 275295223
447 275295195
393 782174450
73 666859943
581 275295195
579 275295195
401 497045861
464 962746550
315 275295195
701 690771158
519 332552711
282 275295195
296 462019092
108 275295195
771 275295223
86 275295195
405 275295195
268 275295195
459 822885742
700 275295223
279 275295195
655 275295223
766 275295223
457 275295195
116 275295195
834 200979683
608 924866603
838 843975819
272 275295195
748 850914439
597 394972094
667 275295223
858 275295223
594 275295195
34 275295195
866 942668618
302 455520049
759 275295223
588 275295195
376 100687051
433 275295195
885 275295223
403 421944778
444 275295195
690 275295223
380 275295195
250 275295195
35 275295195
410 155241199
49 275295195
20 275295195
445 275295195
326 275295195
706 255198081
388 425269708
13 275295195
421 500672497
849 275295223
853 275295223
518 275295195
155 275295195
625 690369094
834 275295223
259 264024724
573 275295195
240 275295195
64 60868602
573 27807845
434 141721546
839 469691531
781 320914453
26 275295195
159 76856596
340 632923408
28 275295195
214 275295195
701 275295223
804 10533258
344 275295195
466 275295195
827 268886399
215 275295195
353 275295195
790 275295223
815 275295223
848 551960439
461 610870201
660 275295223
561 787365304
888 275295223
562 275295195
201 275295195
644 932535013
88 275295195
339 275295195
256 266236950
755 275295223
234 275295195
777 775601627
165 84650714
6 275295195
804 275295223
93 530341716
694 275295223
468 275295195
570 275295195
67 275295195
874 275295223
534 726486939
745 275295223
228 275295195
341 868772007
158 378804123
459 275295195
714 275295223
507 275295195
789 275295223
802 275295223
238 275295195
724 275295223
833 223650866
194 275295195
576 85031662
505 275295195
578 40638051
144 275295195
230 275295195
566 275295195
143 275295195
204 513711378
438 275295195
864 275295223
699 275295223
48 389423883
270 275295195
444 407338230
27 143057588
705 194544304
688 275295223
742 275295223
213 80923530
245 275295195
711 275295223
31 562346993
822 275295223
55 229702090
197 275295195
355 890634947
358 275295195
246 275295195
72 263731588
525 466911619
534 275295195
204 685832555
403 275295195
165 275295195
718 121139157
136 275295195
792 275295223
485 483795300
762 275295223
855 275295223
339 976083061
877 681455061
284 275295195
365 275295195
696 275295223
701 418958305
110 243445494
114 275295195
186 275295195
793 554027189
9 275295195
744 141431369
173 244709742
777 275295223
318 275295195
241 275295195
744 275295223
200 275295195
131 275295195
663 275295223
799 862805753
249 275295195
740 275295223
493 275295195
195 275295195
136 845405580
8 275295195
326 927929089
398 3296174
813 275295223
511 102674077
805 275295223
229 717077489
425 715544265
732 275295223
289 275295195
759 999041233
170 275295195
590 275295195
212 275295195
397 275295195
42 413361934
502 162456803
409 275295195
846 743495477
19 275295195
839 275295223
274 971683583
632 453447686
63 493473012
829 275295223
370 814002801
500 275295195
92 891584259
729 275295223
133 275295195
739 275295223
367 275295195
382 275295195
227 941417718
41 275295195
676 99115481
415 972091398
103 275295195
784 275295223
396 252659196
824 275295223
864 992811603
723 870190334
337 187235228
158 275295195
512 275295195
817 275295223
267 403459080
147 275295195
543 275295195
480 275295195
453 275295195
596 275295195
691 275295223
845 275295223
48 72100932
168 275295195
693 699559600
813 992855982
898 275295223
266 856101754
91 275295195
704 275295223
364 275295195
321 17932163
390 275295195
362 977253618
723 275295223
23 275295195
625 363940061
823 55506967
328 908010851
13 539009008
735 670338185
689 271104027
434 666674818
895 275295223
561 727917024
372 275295195
650 275295223
154 275295195
233 638943838
113 275295195
759 760245034
103 95122317
671 275295223
73 275295195
643 938298204
306 275295195
494 275295195
754 275295223
263 275295195
727 275295223
681 275295223
654 275295223
502 231485978
613 805301274
419 275295195
48 275295195
578 200001435
29 275295195
773 647025476
424 242810493
51 275295195
57 275295195
124 442400033
781 968838866
21 275295195
812 275295223
52 442398667
556 275295195
746 275295223
333 969584158
748 275295223
892 683401338
55 275295195
664 275295223
206 275295195
761 275295223
842 628058345
234 832220974
517 275295195
360 275295195
374 275295195
561 394653924
252 880456958
595 275295195
54 547058872
309 275295195
33 540653450
557 275295195
588 48325522
734 345343345
332 855584641
335 275295195
534 5037958
391 275295195
651 916116812
582 275295195
212 690956963
248 275295195
44 275295195
228 130276961
161 502720928
56 589130383
806 275295223
364 423774407
832 277538789
303 275295195
425 275295195
552 616574451
28 469696133
420 275295195
426 275295195
337 275295195
179 275295195
539 497461725
843 275295223
479 275295195
498 570627829
256 275295195
164 275295195
656 275295223
313 275295195
497 275295195
389 275295195
96 967067159
18 275295195
346 275295195
308 275295195
56 275295195
262 275295195
316 275295195
486 275295195
386 275295195
867 52908666
589 275295195
679 275295223
847 182390355
159 920015237
800 275295223
519 409796734
871 345427948
813 770933393
93 275295195
478 275295195
214 697854091
675 971893418
434 275295195
111 648265539
585 275295195
149 761959975
521 275295195
63 275295195
115 275295195
39 164251375
156 275295195
128 275295195
575 275295195
248 579073497
119 275295195
331 275295195
89 367513024
548 275295195
134 275295195
31 275295195
42 122732496
305 275295195
888 592113612
290 275295195
288 742541966
16 436701237
151 169229912
66 275295195
22 275295195
773 204146506
422 741877539
328 224702317
697 6345399
159 275295195
882 285075881
482 887800018
503 883131606
340 275295195
830 681367706
328 275295195
408 304011351
722 275295223
760 275295223
412 275295195
371 275295195
120 734080671
287 451792909
219 275295195
814 955801448
883 540466382
332 275295195
545 275295195
368 275295195
339 640284756
775 275295223
680 275295223
362 897497486
239 830436692
335 749494147
652 275295223
24 634077659
5 84372105
293 275295195
869 655902030
549 275295195
653 668429975
416 275295195
467 275295195
238 897829213
45 439189476
118 275295195
77 275295195
287 303280164
756 275295223
868 275295223
769 768347910
428 275295195
716 275295223
16 351840539
511 275295195
692 395512720
40 275295195
787 275295223
181 275295195
799 548684153
150 707157188
117 565456428
799 275295223
82 275295195
101 46398540
768 966171214
423 275295195
244 275295195
59 275295195
36 275295195
827 275295223
205 275295195
362 275295195
400 345587205
72 275295195
355 275295195
523 1333248
323 402701120
758 275295223
841 275295223
616 488963020
465 275295195
68 275295195
783 275295223
393 275295195
370 275295195
701 574634795
632 200543286
325 879835129
778 275295223
560 275295195
459 632466637
456 275295195
54 779545258
6 518659941
430 719906265
674 275295223
730 275295223
395 275295195
465 12538712
225 275295195
860 275295223
45 275295195
716 355654534
399 275295195
726 586839028
293 504809465
190 275295195
528 275295195
265 275295195
333 803270151
720 275295223
779 275295223
416 925205260
565 275295195
126 935295738
301 477292183
501 275295195
639 731656957
544 275295195
410 275295195
429 275295195
69 275295195
145 567324124
828 325449282
388 187555347
147 280468096
792 103410500
635 931727343
235 275295195
343 275295195
321 275295195
240 560480023
638 271381970
851 275295223
276 275295195
334 275295195
830 694287272
124 275295195
343 61084966
786 275295223
293 139651757
856 275295223
703 275295223
322 275295195
104 275295195
534 864091266
450 640346899
112 590739983
198 275295195
552 275295195
422 275295195
269 368673362
54 275295195
697 275295223
781 260290332
710 275295223
621 786112781
152 275295195
320 275295195
767 275295223
514 275295195
415 275295195
721 275295223
342 275295195
379 275295195
95 207250171
678 275295223
252 88105307
21 490136481
175 275295195
314 275295195
61 275295195
53 275295195
338 275295195
430 275295195
539 275295195
510 382086913
603 116271930
234 480859539
439 275295195
464 275295195
791 275295223
110 275295195
862 275295223
106 672670162
126 275295195
790 689221464
805 122437500
819 940366818
683 927986777
291 275295195
547 275295195
840 275295223
201 241527413
369 976415744
192 275295195
431 275295195
812 535407051
384 275295195
759 610955878
162 275295195
352 449987398
844 275295223
531 275295195
669 275295223
295 705621020
676 465507279
668 275295223
486 968806539
1 275295195
182 275295195
432 187335231
170 496685830
13 613939438
375 543255939
260 275295195
738 275295223
794 275295223
502 275295195
229 275295195
4 275295195
796 275295223
449 275295195
489 516026523
847 275295223
652 869201578
197 494170662
773 275295223
776 275295223
385 275295195
10 275295195
3 275295195
99 275295195
516 275295195
232 275295195
255 111177965
564 275295195
288 197387464
639 97684117
884 275295223
551 275295195
402 275295195
17 186887342
820 275295223
567 275295195
436 771533194
259 275295195
388 782811067
782 275295223
297 275295195
437 275295195
812 742277244
274 275295195
196 196341912
301 417493372
698 275295223
692 317216804
447 54806171
554 264277900
281 84847371
203 275295195
546 118257448
664 958693035
359 275295195
25 275295195
100 275295195
466 681571987
794 383483675
667 910659549
725 275295223
217 275295195
323 725087038
65 275295195
574 275295195
641 964840226
278 326342621
37 275295195
369 275295195
586 275295195
676 275295223
814 275295223
299 275295195
811 275295223
97 275295195
673 484385109
62 275295195
483 275295195
196 275295195
848 275295223
734 590670588
280 275295195
317 275295195
11 275295195
387 275295195
454 275295195
421 275295195
244 940324191
94 275295195
277 275295195
826 275295223
758 156598651
673 275295223
558 275295195
295 759351770
60 275295195
451 312646681
111 275295195
844 370642836
363 275295195
243 275295195
244 878405301
489 275295195
499 256583555
571 275295195
291 226658309
154 89098966
109 275295195
359 872977569
892 275295223
705 275295223
566 956583316
392 275295195
451 275295195
693 727410848
488 275295195
498 275295195
446 275295195
398 275295195
891 275295223
74 275295195
319 275295195
718 637638119
835 483926971
43 747802893
146 832191774
506 275295195
712 275295223
471 275295195
764 275295223
678 480313831
743 584583891
736 275295223
258 275295195
772 275295223
508 275295195
890 275295223
526 275295195
588 620623095
865 559165006
75 880622005
542 275295195
537 275295195
890 153794539
161 275295195
591 275295195
682 275295223
583 828578652
499 275295195
12 469690435
822 162082074
327 275295195
733 275295223
749 275295223
376 275295195
742 986020085
196 929319317
523 275295195
253 866357499
485 275295195
275 275295195
768 275295223
145 275295195
7 275295195
32 275295195
239 275295195
179 521982205
886 275295223
401 486671564
748 126813540
208 275295195
424 275295195
601 467920915
302 275295195
587 275295195
670 275295223
475 275295195
293 646503408
201 273871488
795 275295223
873 275295223
57 68486945
567 31877953
874 12281108
340 676976040
400 205539502
480 250243749
735 275295223
823 275295223
382 784867120
724 938175487
47 275295195
327 802395903
406 50731575
579 176314880
117 275295195
85 275295195
312 397548201
689 275295223
92 275295195
781 275295223
143 909712744
189 862540519
672 665857467
437 278055303
798 275295223
