700 1000000000 2000
546 431443112
545 431443112
546 431443111
547 431443111
548 431443111
548 431443112
547 431443112
549 431443112
549 431443113
550 431443112
550 431443113
551 431443113
552 431443113
553 431443113
552 431443114
552 431443115
553 431443115
552 431443116
553 431443116
553 431443117
554 431443116
554 431443115
555 431443115
556 431443115
557 431443115
557 431443116
556 431443114
557 431443114
555 431443114
554 431443114
553 431443114
552 431443117
551 431443117
551 431443118
552 431443118
552 431443119
552 431443120
552 431443121
551 431443121
551 431443122
552 431443122
552 431443123
553 431443122
553 431443121
554 431443121
554 431443120
554 431443119
553 431443119
553 431443118
554 431443118
554 431443122
555 431443122
555 431443123
554 431443123
555 431443121
555 431443120
555 431443119
554 431443117
555 431443118
556 431443118
556 431443117
555 431443117
557 431443117
558 431443117
556 431443116
557 431443118
558 431443118
559 431443118
559 431443117
560 431443118
560 431443117
560 431443119
559 431443119
558 431443116
555 431443116
556 431443119
557 431443119
557 431443120
558 431443120
558 431443119
551 431443115
551 431443114
550 431443114
549 431443114
549 431443115
548 431443114
548 431443113
549 431443111
547 431443110
548 431443110
549 431443110
550 431443111
551 431443111
551 431443112
554 431443113
555 431443113
555 431443112
555 431443111
554 431443111
553 431443111
553 431443112
554 431443112
554 431443110
553 431443110
554 431443109
555 431443109
554 431443108
555 431443108
556 431443108
556 431443107
555 431443107
555 431443106
556 431443106
555 431443105
556 431443105
554 431443105
554 431443106
557 431443107
557 431443106
554 431443107
553 431443108
553 431443107
552 431443108
551 431443108
551 431443107
553 431443109
552 431443109
552 431443107
552 431443106
551 431443106
551 431443105
552 431443105
553 431443105
553 431443104
552 431443104
551 431443104
553 431443106
550 431443107
550 431443108
549 431443108
549 431443107
549 431443106
548 431443106
548 431443105
548 431443104
547 431443104
549 431443105
550 431443106
550 431443105
549 431443104
548 431443107
547 431443107
551 431443109
556 431443109
558 431443107
558 431443106
557 431443108
558 431443108
558 431443109
559 431443109
559 431443110
559 431443111
559 431443112
558 431443112
558 431443113
557 431443113
558 431443114
558 431443115
559 431443114
560 431443114
560 431443113
559 431443113
559 431443115
559 431443116
550 431443121
551 431443120
553 431443120
551 431443119
559 431443120
560 431443120
560 431443121
559 431443121
558 431443121
557 431443121
557 431443122
557 431443123
556 431443120
556 431443122
550 431443122
550 431443120
549 431443121
549 431443122
549 431443123
549 431443124
549 431443125
548 431443124
547 431443124
547 431443125
546 431443125
545 431443125
546 431443124
548 431443125
547 431443126
548 431443126
548 431443127
547 431443127
547 431443128
546 431443127
546 431443128
549 431443126
550 431443124
550 431443125
550 431443126
550 431443127
549 431443127
549 431443128
548 431443128
550 431443128
549 431443129
548 431443129
549 431443130
548 431443130
548 431443131
550 431443129
551 431443128
552 431443128
552 431443129
553 431443129
552 431443130
553 431443130
552 431443127
552 431443126
551 431443126
551 431443127
547 431443129
546 431443129
545 431443129
545 431443130
546 431443130
546 431443131
547 431443131
546 431443132
547 431443132
547 431443133
546 431443133
546 431443134
545 431443134
544 431443134
544 431443135
545 431443135
545 431443136
545 431443137
546 431443137
546 431443138
546 431443139
544 431443137
546 431443136
546 431443135
547 431443135
548 431443135
548 431443134
549 431443134
549 431443135
549 431443136
550 431443136
550 431443137
550 431443138
551 431443138
551 431443137
551 431443139
550 431443139
550 431443140
549 431443140
549 431443141
548 431443141
547 431443141
547 431443140
546 431443140
546 431443141
547 431443142
546 431443142
546 431443143
547 431443143
545 431443141
545 431443142
548 431443142
549 431443142
549 431443143
548 431443143
546 431443144
547 431443144
547 431443145
548 431443145
548 431443144
549 431443144
550 431443144
550 431443143
551 431443143
551 431443144
549 431443145
550 431443145
550 431443146
551 431443146
551 431443145
552 431443145
552 431443146
551 431443142
552 431443142
552 431443143
552 431443144
553 431443144
553 431443145
554 431443145
553 431443143
550 431443142
550 431443141
551 431443147
550 431443147
552 431443141
551 431443141
552 431443140
551 431443140
549 431443138
548 431443138
548 431443137
547 431443137
548 431443139
548 431443140
545 431443140
547 431443139
545 431443138
545 431443139
544 431443141
543 431443141
542 431443141
543 431443140
542 431443140
542 431443139
541 431443140
544 431443140
544 431443139
543 431443139
542 431443138
542 431443137
541 431443138
541 431443139
540 431443139
539 431443139
540 431443138
540 431443140
539 431443140
538 431443140
537 431443140
537 431443141
538 431443141
536 431443141
535 431443141
534 431443141
536 431443142
537 431443142
536 431443143
537 431443143
538 431443143
539 431443143
540 431443143
535 431443143
535 431443142
534 431443143
533 431443143
533 431443144
533 431443145
532 431443145
533 431443146
533 431443147
532 431443146
531 431443146
532 431443147
532 431443148
531 431443148
531 431443147
530 431443146
530 431443145
530 431443144
530 431443143
531 431443143
530 431443142
529 431443144
530 431443147
533 431443148
534 431443146
535 431443146
535 431443147
536 431443147
534 431443147
535 431443148
534 431443148
532 431443149
533 431443149
534 431443149
535 431443149
535 431443150
535 431443151
535 431443152
535 431443153
536 431443153
536 431443154
537 431443154
538 431443154
538 431443153
538 431443155
538 431443156
538 431443157
538 431443158
537 431443157
536 431443157
537 431443156
536 431443156
537 431443158
536 431443158
535 431443158
535 431443157
534 431443157
534 431443158
533 431443158
533 431443159
533 431443160
532 431443160
532 431443158
532 431443157
532 431443156
533 431443156
533 431443155
533 431443154
533 431443153
532 431443153
532 431443154
532 431443155
531 431443156
530 431443156
529 431443156
529 431443157
528 431443157
527 431443157
527 431443158
528 431443158
529 431443158
530 431443157
531 431443157
531 431443158
531 431443155
530 431443155
531 431443154
531 431443153
530 431443153
529 431443153
528 431443153
527 431443153
526 431443153
525 431443153
525 431443154
525 431443152
524 431443153
524 431443154
524 431443152
523 431443153
522 431443153
521 431443153
523 431443152
524 431443151
524 431443150
523 431443150
523 431443149
522 431443149
523 431443148
524 431443148
524 431443147
523 431443147
522 431443148
522 431443147
521 431443148
522 431443150
521 431443149
523 431443151
526 431443154
527 431443154
526 431443152
527 431443152
525 431443151
526 431443151
528 431443152
527 431443155
528 431443154
524 431443155
523 431443155
523 431443154
525 431443155
526 431443155
528 431443155
529 431443155
527 431443156
526 431443157
526 431443156
528 431443156
530 431443158
530 431443159
529 431443159
529 431443160
528 431443160
528 431443161
529 431443161
527 431443160
528 431443162
529 431443162
530 431443162
530 431443163
530 431443164
529 431443164
528 431443164
528 431443163
529 431443163
530 431443165
527 431443164
527 431443165
527 431443166
528 431443166
528 431443167
529 431443167
529 431443166
529 431443165
526 431443164
527 431443162
527 431443163
525 431443164
525 431443165
526 431443165
526 431443163
526 431443162
527 431443161
528 431443159
530 431443154
532 431443152
532 431443151
533 431443151
533 431443152
534 431443154
534 431443153
534 431443155
537 431443153
534 431443152
536 431443152
537 431443152
536 431443151
537 431443151
536 431443150
537 431443150
538 431443150
538 431443149
538 431443148
537 431443148
537 431443147
536 431443148
536 431443149
537 431443149
536 431443146
536 431443145
535 431443145
536 431443144
537 431443144
538 431443144
539 431443144
539 431443145
541 431443143
541 431443142
542 431443142
542 431443143
541 431443141
540 431443142
540 431443141
543 431443142
544 431443142
543 431443143
544 431443143
543 431443144
543 431443145
543 431443146
544 431443145
545 431443145
544 431443146
543 431443147
543 431443148
543 431443149
542 431443149
541 431443149
541 431443150
541 431443151
540 431443151
539 431443151
540 431443150
540 431443149
540 431443148
539 431443149
539 431443150
542 431443150
541 431443152
540 431443152
541 431443153
541 431443154
542 431443154
542 431443153
542 431443152
542 431443151
539 431443152
539 431443153
538 431443152
537 431443155
538 431443151
534 431443151
533 431443150
534 431443150
532 431443150
531 431443151
531 431443152
530 431443152
535 431443154
536 431443155
536 431443159
539 431443156
539 431443158
539 431443157
540 431443157
541 431443157
541 431443158
542 431443158
543 431443158
542 431443157
542 431443156
543 431443157
535 431443159
534 431443159
533 431443157
537 431443159
538 431443159
538 431443160
538 431443161
538 431443162
539 431443162
539 431443161
540 431443161
541 431443161
541 431443162
541 431443163
540 431443163
540 431443162
540 431443164
540 431443165
539 431443165
538 431443165
537 431443165
537 431443166
536 431443165
535 431443165
536 431443164
536 431443166
536 431443167
535 431443167
535 431443168
535 431443169
534 431443169
534 431443170
533 431443170
533 431443169
533 431443171
534 431443171
535 431443171
535 431443172
534 431443172
533 431443172
532 431443171
532 431443170
532 431443169
531 431443169
531 431443168
532 431443168
533 431443168
533 431443167
534 431443167
534 431443168
536 431443169
536 431443170
537 431443169
537 431443168
538 431443168
539 431443168
540 431443168
540 431443169
540 431443170
539 431443169
538 431443169
538 431443167
537 431443167
538 431443166
536 431443168
540 431443167
541 431443167
542 431443167
543 431443167
539 431443167
539 431443166
538 431443170
537 431443170
536 431443171
535 431443170
531 431443170
537 431443164
537 431443163
538 431443163
539 431443163
537 431443162
537 431443161
536 431443161
535 431443161
535 431443162
536 431443162
534 431443161
534 431443160
535 431443160
536 431443160
536 431443163
535 431443163
535 431443164
534 431443165
534 431443163
534 431443164
534 431443156
535 431443156
533 431443161
531 431443160
532 431443159
531 431443159
526 431443158
525 431443156
527 431443159
526 431443159
526 431443160
526 431443161
525 431443162
524 431443162
523 431443162
522 431443162
521 431443162
521 431443163
521 431443164
521 431443165
521 431443166
520 431443166
520 431443167
519 431443167
519 431443168
518 431443168
518 431443167
517 431443167
517 431443166
516 431443167
518 431443166
517 431443165
516 431443165
515 431443165
516 431443166
515 431443167
515 431443168
514 431443168
514 431443167
514 431443166
514 431443165
513 431443166
513 431443165
513 431443164
514 431443164
515 431443164
515 431443163
516 431443163
515 431443162
513 431443163
513 431443162
513 431443161
512 431443161
511 431443161
510 431443161
511 431443160
510 431443160
509 431443161
510 431443159
509 431443159
509 431443158
509 431443157
508 431443157
507 431443157
507 431443158
508 431443158
508 431443159
507 431443159
507 431443160
506 431443159
505 431443159
504 431443159
503 431443159
503 431443158
504 431443158
504 431443157
505 431443157
505 431443156
504 431443156
503 431443156
503 431443157
502 431443157
502 431443158
503 431443155
504 431443155
504 431443154
505 431443154
506 431443154
507 431443154
507 431443155
506 431443155
505 431443155
508 431443155
509 431443155
510 431443155
510 431443156
511 431443156
511 431443155
511 431443157
512 431443157
512 431443156
512 431443155
513 431443156
511 431443158
510 431443157
509 431443154
509 431443153
510 431443153
510 431443154
510 431443152
509 431443152
509 431443151
508 431443151
508 431443152
510 431443151
511 431443151
511 431443152
511 431443153
511 431443154
508 431443150
508 431443149
509 431443149
509 431443148
510 431443148
510 431443147
510 431443146
510 431443145
510 431443144
509 431443144
509 431443145
511 431443145
512 431443145
512 431443146
511 431443146
512 431443147
512 431443148
511 431443147
513 431443148
512 431443149
513 431443149
514 431443149
513 431443150
512 431443150
514 431443150
512 431443151
513 431443151
514 431443151
511 431443148
513 431443147
509 431443147
513 431443146
512 431443144
512 431443143
511 431443143
511 431443142
511 431443141
512 431443141
512 431443140
513 431443140
514 431443140
515 431443140
515 431443141
514 431443141
514 431443139
513 431443139
512 431443139
511 431443140
511 431443139
512 431443138
511 431443138
513 431443138
513 431443137
513 431443136
514 431443136
515 431443136
515 431443135
514 431443135
515 431443134
516 431443134
514 431443134
516 431443133
516 431443132
516 431443135
516 431443136
517 431443135
517 431443134
517 431443133
517 431443132
518 431443132
519 431443132
519 431443133
520 431443132
520 431443131
519 431443131
519 431443130
519 431443129
519 431443128
519 431443127
519 431443126
518 431443126
517 431443126
518 431443125
518 431443124
518 431443127
517 431443125
517 431443124
516 431443124
515 431443124
515 431443125
514 431443124
516 431443125
517 431443123
516 431443123
518 431443123
518 431443122
518 431443121
519 431443121
520 431443121
520 431443120
521 431443120
521 431443121
521 431443122
520 431443122
521 431443119
521 431443118
521 431443117
520 431443117
520 431443116
519 431443116
519 431443117
521 431443116
521 431443115
522 431443115
522 431443114
522 431443113
523 431443113
523 431443112
523 431443111
522 431443111
522 431443112
522 431443110
521 431443111
521 431443112
521 431443113
521 431443114
520 431443119
517 431443122
517 431443121
516 431443121
516 431443120
517 431443120
518 431443120
519 431443120
522 431443119
522 431443120
519 431443119
518 431443119
520 431443118
522 431443118
523 431443118
524 431443118
525 431443118
525 431443119
524 431443119
524 431443120
525 431443117
523 431443119
552 608774206
237 500960611
141 431443157
461 431443157
83 431443157
676 431443118
256 431443157
654 431443118
266 431443157
313 57831376
65 146734006
409 431443157
575 431443118
154 580459296
637 627155081
389 431443157
29 431443157
2 876091894
213 431443157
279 599629375
588 431443118
649 431443118
412 379895713
329 431443157
257 431443157
681 616738745
174 423018497
407 431443157
593 431443118
291 769617298
493 431443157
227 59956243
678 431443118
225 431443157
129 431443157
486 431443157
402 431443157
149 786981433
227 348889753
107 431443157
74 715359612
466 431443157
181 431443157
349 431443157
77 431443157
284 431443157
121 431443157
180 431443157
406 594004091
642 431443118
118 431443157
618 680763823
252 431443157
309 431443157
442 431443157
519 118530920
697 431443118
578 53866693
201 431443157
190 431443157
615 431443118
270 896817374
359 431443157
669 91695215
480 431443157
682 431443118
437 431443157
586 431443118
302 431443157
484 704970244
171 786250756
616 431443118
390 366382640
155 431443157
16 431443157
348 114913042
56 431443157
310 431443157
223 988048525
690 250038038
429 431443157
452 431443157
391 132010839
609 431443118
251 431443157
80 586869415
54 431443157
186 431443157
443 431443157
611 431443118
556 699149480
624 431443118
442 959474059
38 431443157
207 431443157
636 883482255
278 431443157
348 932539061
660 431443118
123 431443157
605 431443118
639 431443118
499 431443157
69 431443157
519 989241296
240 431443157
662 431443118
130 431443157
386 431443157
462 431443157
244 431443157
58 431443157
66 431443157
315 431443157
293 431443157
666 431443118
566 594679873
124 431443157
388 431443157
664 431443118
323 44543873
250 431443157
399 431443157
695 453227164
278 120504830
476 802459416
684 165821803
562 951296284
405 431443157
560 700960130
103 213347553
4 431443157
198 431443157
295 431443157
509 323322940
296 431443157
564 431443118
631 847551442
344 117562183
439 600596422
41 431443157
463 95455394
195 431443157
697 206074588
148 628034446
421 431443157
305 431443157
138 431443157
658 971031963
641 431443118
695 431443118
160 431443157
607 431443118
467 431443157
453 95425208
84 431443157
625 431443118
418 690013586
394 431443157
22 497822235
35 431443157
213 964742407
601 431443118
340 975899932
592 431443118
341 431443157
519 920339940
301 431443157
493 859788867
655 431443118
199 80786770
484 431443157
10 431443157
220 431443157
236 431443157
233 431443157
273 431443157
574 431443118
283 555129028
588 523292787
457 431443157
287 431443157
185 431443157
628 431443118
617 431443118
169 452587065
445 431443157
120 506321129
42 431443157
236 830282100
92 431443157
147 431443157
211 895904232
163 431443157
93 431443157
37 431443157
197 431443157
271 431443157
314 491353723
23 377423854
57 431443157
591 523113306
15 431443157
144 431443157
432 803384662
327 994149768
102 431443157
71 531649233
556 606132855
408 406501987
316 5915855
113 431443157
378 431443157
410 431443157
630 431443118
427 431443157
623 431443118
464 431443157
103 350408255
450 431443157
498 431443157
504 53870379
464 380285910
8 431443157
492 514360317
63 431443157
264 431443157
151 506912297
372 431443157
633 709521925
235 401991494
574 893853712
446 431443157
235 569258019
58 100273715
665 318281508
576 431443118
384 431443157
686 306042818
196 431443157
133 431443157
439 431443157
375 40376908
334 431443157
473 431443157
594 431443118
575 387748475
431 431443157
125 431443157
290 719994628
428 266308386
415 431443157
379 431443157
81 431443157
330 431443157
692 431443118
66 526954032
473 652663279
413 431443157
140 431443157
67 431443157
614 431443118
117 697029235
585 431443118
87 431443157
149 240841897
406 496348030
134 431443157
587 431443118
224 508669314
282 431443157
173 431443157
357 431443157
132 431443157
434 357651518
115 431443157
249 431443157
304 98403975
613 781162110
97 899254410
356 575091888
217 521207493
440 431443157
621 431443118
422 431443157
105 799241442
259 431443157
444 431443157
96 431443157
435 431443157
404 431443157
653 431443118
229 431443157
261 431443157
560 105766549
485 431443157
622 893019670
31 431443157
671 891323372
221 431443157
136 431443157
492 359965267
610 587140379
697 623108821
457 898179417
638 431443118
203 431443157
577 431443118
89 431443157
46 431443157
152 431443157
22 431443157
48 431443157
632 431443118
5 431443157
675 431443118
477 24831679
423 431443157
669 431443118
90 431443157
652 431443118
474 431443157
34 431443157
120 431443157
230 431443157
294 431443157
520 272728763
381 864067552
488 431443157
383 431443157
97 431443157
337 320543273
403 431443157
212 190055244
18 431443157
629 431443118
304 431443157
413 352097910
82 200645298
611 829158000
179 431443157
19 431443157
222 278503952
419 431443157
239 431443157
332 431443157
344 431443157
565 763341364
82 431443157
644 691834152
578 209619389
2 431443157
447 431443157
61 431443157
170 431443157
133 499294118
376 854792791
578 6688278
658 431443118
11 431443157
202 431443157
482 431443157
475 431443157
209 431443157
433 431443157
158 431443157
175 431443157
656 79843693
183 131770623
465 431443157
578 431443118
390 431443157
459 431443157
420 431443157
21 431443157
111 431443157
80 431443157
258 431443157
603 431443118
182 659490764
166 529866386
151 374948781
560 930376947
327 320532056
355 456211464
169 42122763
62 431443157
73 93492190
253 980410829
45 431443157
453 634156151
53 431443157
572 572554371
641 254504226
595 431443118
212 431443157
94 431443157
60 431443157
684 431443118
396 431443157
365 431443157
118 892041635
500 616784978
560 639500299
377 431443157
286 822093505
210 431443157
454 431443157
79 431443157
191 53769814
268 431443157
566 431443118
513 814209967
533 137505437
690 431443118
174 431443157
316 431443157
325 431443157
368 431443157
272 308266251
606 431443118
110 431443157
456 431443157
674 431443118
582 431443118
105 431443157
463 431443157
132 966974459
497 934664959
426 431443157
276 431443157
306 431443157
603 490836156
317 431443157
328 19671220
313 431443157
495 431443157
234 615803854
533 985533130
13 641689959
184 431443157
385 431443157
380 431443157
228 431443157
143 431443157
626 431443118
416 65563642
211 431443157
680 431443118
478 431443157
215 431443157
591 431443118
298 431443157
428 431443157
392 431443157
676 34252199
289 303182200
569 431443118
570 246657646
73 431443157
322 431443157
437 921984956
4 660448330
418 431443157
97 661876642
12 431443157
299 435980228
139 431443157
401 161785069
114 874641742
456 502664400
668 431443118
281 431443157
233 4220374
614 592781231
76 431443157
427 653126689
597 431443118
169 431443157
627 431443118
272 431443157
679 431443118
39 706702778
458 780192395
346 431443157
179 699660377
413 368284668
362 431443157
376 431443157
595 359603959
643 431443118
337 431443157
206 431443157
21 210285827
469 431443157
485 884901730
88 431443157
568 431443118
347 431443157
476 431443157
561 431443118
678 203056881
492 431443157
248 212541654
669 176634870
224 431443157
282 589232613
579 431443118
304 372479243
126 431443157
580 554379690
183 431443157
205 431443157
508 589472220
100 431443157
110 830188859
477 413307712
283 431443157
167 431443157
176 431443157
299 431443157
369 431443157
670 431443118
449 431443157
477 431443157
320 431443157
390 486792966
351 893550605
119 431443157
391 431443157
484 761379687
388 649611725
218 431443157
410 596618748
693 470102880
165 431443157
373 431443157
227 665853144
401 431443157
6 431443157
176 169317908
204 431443157
436 431443157
393 431443157
13 957998974
247 431443157
399 581213307
263 431443157
307 431443157
9 310167218
159 431443157
311 431443157
537 129739420
634 431443118
659 431443118
483 431443157
274 431443157
142 431443157
221 82721700
114 431443157
255 431443157
635 431443118
318 631624349
636 735720686
14 431443157
681 431443118
355 431443157
381 431443157
363 431443157
687 431443118
7 431443157
450 937367880
335 431443157
357 134070695
290 96223479
348 431443157
360 384467740
236 705636887
13 431443157
618 431443118
275 431443157
243 871079548
232 431443157
657 431443118
108 431443157
447 151786697
471 431443157
168 431443157
693 431443118
24 431443157
689 431443118
269 431443157
698 431443118
661 385406586
280 431443157
495 24892500
479 431443157
243 431443157
442 518993691
135 431443157
86 431443157
387 431443157
566 465145661
323 431443157
318 431443157
230 433419584
435 619568172
109 181468723
59 431443157
130 811841420
324 431443157
400 431443157
435 874767704
291 930879210
27 431443157
4 340226276
458 431443157
340 431443157
694 56757254
51 431443157
428 490356865
219 52069440
285 431443157
308 431443157
9 287471529
55 431443157
412 431443157
277 431443157
685 431443118
665 155489721
543 602658222
501 431443157
373 29836517
29 315220124
602 431443118
300 431443157
135 6355059
171 431443157
319 431443157
478 838646117
54 214699970
588 905042792
470 431443157
690 11188260
438 431443157
184 386377029
177 431443157
234 431443157
620 431443118
94 504646472
9 431443157
194 431443157
217 431443157
661 337941904
479 332532303
65 431443157
178 431443157
128 277857562
141 750850893
637 431443118
263 794687210
96 779429151
187 994003624
109 431443157
661 431443118
33 616101838
146 431443157
601 139333099
382 431443157
241 431443157
297 431443157
589 431443118
284 258595970
398 431443157
145 431443157
267 211490841
237 650796974
343 431443157
562 431443118
468 431443157
151 431443157
367 431443157
346 797435188
665 522334297
72 431443157
551 647784171
95 809301161
102 781167173
161 529494593
92 518393749
340 543003797
650 431443118
153 431443157
187 431443157
487 431443157
264 708248586
342 431443157
242 431443157
489 431443157
181 88614685
371 431443157
290 431443157
441 431443157
572 431443118
330 730545729
688 431443118
126 875053562
265 431443157
64 431443157
289 431443157
448 431443157
610 431443118
112 527993060
500 431443157
644 431443118
291 431443157
521 529302839
33 431443157
545 981221754
408 431443157
162 431443157
215 810978217
370 431443157
32 431443157
286 431443157
598 431443118
695 679620041
28 277485416
600 431443118
414 398630811
664 532299850
366 431443157
246 431443157
647 431443118
677 807319241
222 431443157
47 431443157
237 543340891
573 431443118
125 853524427
251 233559125
87 823009108
89 136269231
127 431443157
249 25125759
164 492122758
656 431443118
295 836958374
678 415233729
248 431443157
648 486900559
289 76430170
677 431443118
603 252407650
348 710700908
231 431443157
193 431443157
172 431443157
696 232217363
673 431443118
388 740921033
585 261329583
266 393443083
424 431443157
599 184077798
36 431443157
663 431443118
356 431443157
322 639268718
78 431443157
619 431443118
284 113991727
71 431443157
187 182226965
312 431443157
649 279490413
331 431443157
365 957695767
352 431443157
553 520001604
686 431443118
68 679004564
658 89428598
646 886680757
267 431443157
3 431443157
434 431443157
519 796839927
25 431443157
50 431443157
544 152258281
570 431443118
127 410644326
453 431443157
353 431443157
694 431443118
9 542293867
189 431443157
223 431443157
192 431443157
648 431443118
613 431443118
321 431443157
199 431443157
39 462497902
326 431443157
313 604047417
149 431443157
583 870514532
40 431443157
98 431443157
351 317962980
122 431443157
104 431443157
659 660335179
195 426929539
75 442204524
440 912836918
314 431443157
105 189581288
472 431443157
95 397251047
375 877750193
131 431443157
260 431443157
157 535949321
336 431443157
101 431443157
17 431443157
432 431443157
645 431443118
691 431443118
204 42200348
633 431443118
99 431443157
683 431443118
154 431443157
472 328454912
177 184976555
631 431443118
339 431443157
650 789800460
75 431443157
455 431443157
651 431443118
156 431443157
68 431443157
351 431443157
217 338510842
254 431443157
26 431443157
606 375852779
401 709980295
397 431443157
200 431443157
253 431443157
279 431443157
350 431443157
150 431443157
30 431443157
167 379982212
481 431443157
214 431443157
128 431443157
446 513140911
643 184763939
137 431443157
686 946375831
646 431443118
640 431443118
33 842949062
188 431443157
262 431443157
39 431443157
563 431443118
116 431443157
150 842155090
680 586259026
93 267086740
43 431443157
28 431443157
417 431443157
117 431443157
44 431443157
641 99322789
375 431443157
85 431443157
683 355725943
665 431443118
374 431443157
672 431443118
361 431443157
691 889683828
85 203349506
175 553061372
341 180401005
584 431443118
683 827557963
91 431443157
491 431443157
451 431443157
460 431443157
622 431443118
99 871530424
425 431443157
245 431443157
327 431443157
567 668271318
23 327300399
181 368436561
538 374804905
95 431443157
164 431443157
667 431443118
161 431443157
532 709452104
303 243843526
248 230129078
571 431443118
106 431443157
590 431443118
23 431443157
483 756979446
651 578767736
237 431443157
240 949755623
576 866010435
696 431443118
354 431443157
360 431443157
103 431443157
565 431443118
378 693852621
416 431443157
303 431443157
497 431443157
581 431443118
292 431443157
222 368523678
216 431443157
675 613662183
148 431443157
686 244977502
20 431443157
364 431443157
494 431443157
249 343898645
226 431443157
406 431443157
238 431443157
208 431443157
288 431443157
604 431443118
70 431443157
608 431443118
567 431443118
326 182331992
270 431443157
157 431443157
358 431443157
112 431443157
496 431443157
466 871105790
671 431443118
74 431443157
208 426319618
411 431443157
194 263330074
580 431443118
328 431443157
672 444211335
430 431443157
166 431443157
490 431443157
636 431443118
227 431443157
49 431443157
247 519459059
583 431443118
599 431443118
395 431443157
349 415910750
52 431443157
573 34430624
338 431443157
235 431443157
1 431443157
281 966621117
596 431443118
414 431443157
182 431443157
191 431443157
345 431443157
612 431443118
219 431443157
416 447543329
333 431443157
297 302955678
448 805653223
172 199125954
