500 1000000000 2000
183 186258648
184 186258648
184 186258647
185 186258647
185 186258646
186 186258646
187 186258646
187 186258645
188 186258645
189 186258645
189 186258644
189 186258643
189 186258642
190 186258642
190 186258643
191 186258643
191 186258642
192 186258643
192 186258642
193 186258642
194 186258642
194 186258641
195 186258641
195 186258642
196 186258642
196 186258643
196 186258644
196 186258645
195 186258645
195 186258646
196 186258646
197 186258645
198 186258645
199 186258645
200 186258645
200 186258644
199 186258644
199 186258643
199 186258642
199 186258641
200 186258641
200 186258643
198 186258643
197 186258643
198 186258641
198 186258642
200 186258642
199 186258640
200 186258640
198 186258640
199 186258639
200 186258639
201 186258639
201 186258638
202 186258638
202 186258637
203 186258637
203 186258636
204 186258636
205 186258636
205 186258635
206 186258635
206 186258634
206 186258636
207 186258636
207 186258637
206 186258637
206 186258638
208 186258637
208 186258638
207 186258638
208 186258636
209 186258637
209 186258638
208 186258639
209 186258639
208 186258640
208 186258641
207 186258641
207 186258640
207 186258639
206 186258639
206 186258640
206 186258641
208 186258642
207 186258642
210 186258637
211 186258637
212 186258637
213 186258637
214 186258637
214 186258636
215 186258636
215 186258637
214 186258638
215 186258638
213 186258638
216 186258637
217 186258637
217 186258638
217 186258639
216 186258638
216 186258639
216 186258640
217 186258640
217 186258641
218 186258640
218 186258639
219 186258639
220 186258639
220 186258640
221 186258640
221 186258639
221 186258641
216 186258636
215 186258635
214 186258635
214 186258634
218 186258637
218 186258638
218 186258636
217 186258636
219 186258637
220 186258637
220 186258636
220 186258635
220 186258634
219 186258635
218 186258635
218 186258634
217 186258634
217 186258635
219 186258634
219 186258633
219 186258632
219 186258631
220 186258631
221 186258631
221 186258630
222 186258630
220 186258630
219 186258630
219 186258629
218 186258629
218 186258628
217 186258628
217 186258629
217 186258630
217 186258631
218 186258631
218 186258632
218 186258633
221 186258635
221 186258634
222 186258634
223 186258634
223 186258633
224 186258633
223 186258632
223 186258631
224 186258631
224 186258632
222 186258632
222 186258633
224 186258634
222 186258631
221 186258632
221 186258629
221 186258628
222 186258628
222 186258629
220 186258628
220 186258627
221 186258627
221 186258626
222 186258626
222 186258625
223 186258625
224 186258625
225 186258625
224 186258624
225 186258624
224 186258623
223 186258623
223 186258624
222 186258624
221 186258624
220 186258624
220 186258625
221 186258625
219 186258625
218 186258625
217 186258625
216 186258625
217 186258626
219 186258626
218 186258624
218 186258623
217 186258624
217 186258623
219 186258624
220 186258623
220 186258622
219 186258622
218 186258622
217 186258622
217 186258621
218 186258621
217 186258620
217 186258619
217 186258618
216 186258618
215 186258618
215 186258617
215 186258616
214 186258617
214 186258618
215 186258619
215 186258620
213 186258618
214 186258616
213 186258617
212 186258617
211 186258617
211 186258616
210 186258616
210 186258617
211 186258615
210 186258615
212 186258615
213 186258615
213 186258616
212 186258616
209 186258616
209 186258617
208 186258617
208 186258618
208 186258619
207 186258619
206 186258619
206 186258618
207 186258618
205 186258618
204 186258618
204 186258617
203 186258617
202 186258617
202 186258618
203 186258618
201 186258617
201 186258616
200 186258616
201 186258618
201 186258619
200 186258619
200 186258620
201 186258620
201 186258621
201 186258622
201 186258623
202 186258622
203 186258622
203 186258621
202 186258621
204 186258621
205 186258621
206 186258621
206 186258622
206 186258623
205 186258623
204 186258623
204 186258624
204 186258622
202 186258623
203 186258623
200 186258622
199 186258622
199 186258621
200 186258621
199 186258623
200 186258623
199 186258624
198 186258624
197 186258624
196 186258624
196 186258625
195 186258624
195 186258625
194 186258625
193 186258625
192 186258625
191 186258625
192 186258626
193 186258626
191 186258626
190 186258626
189 186258626
189 186258625
188 186258625
187 186258625
186 186258625
187 186258626
187 186258624
186 186258626
186 186258627
186 186258628
187 186258627
186 186258629
185 186258629
184 186258629
184 186258628
184 186258630
183 186258630
183 186258629
183 186258628
182 186258628
182 186258629
184 186258627
183 186258627
182 186258627
181 186258627
181 186258626
182 186258626
180 186258627
179 186258627
179 186258628
180 186258628
180 186258629
179 186258629
179 186258630
180 186258630
179 186258631
179 186258632
180 186258631
178 186258631
177 186258631
176 186258631
175 186258631
174 186258631
173 186258631
173 186258632
172 186258632
171 186258632
171 186258633
171 186258634
172 186258634
173 186258634
173 186258633
172 186258633
171 186258631
170 186258631
170 186258632
169 186258631
169 186258630
168 186258631
168 186258630
167 186258631
167 186258632
166 186258632
165 186258632
165 186258633
164 186258633
164 186258632
164 186258631
165 186258631
166 186258631
165 186258630
166 186258630
167 186258630
174 186258632
174 186258633
173 186258635
173 186258636
174 186258636
172 186258636
172 186258637
172 186258635
171 186258636
171 186258637
171 186258635
170 186258635
170 186258634
169 186258634
169 186258633
168 186258633
168 186258632
169 186258632
168 186258634
168 186258635
167 186258635
167 186258634
167 186258633
169 186258635
170 186258633
170 186258636
170 186258637
169 186258636
169 186258637
168 186258636
168 186258637
167 186258637
167 186258638
166 186258638
166 186258639
166 186258640
167 186258640
166 186258637
165 186258637
164 186258637
166 186258636
166 186258635
166 186258634
165 186258634
167 186258636
165 186258638
165 186258639
165 186258640
165 186258641
166 186258641
167 186258641
167 186258639
164 186258641
165 186258642
166 186258642
168 186258640
168 186258639
164 186258638
163 186258638
162 186258638
162 186258637
163 186258637
163 186258636
164 186258636
165 186258636
165 186258635
164 186258634
164 186258635
163 186258635
163 186258634
162 186258634
161 186258634
161 186258633
162 186258633
162 186258635
162 186258636
161 186258637
163 186258639
164 186258639
164 186258640
162 186258639
160 186258637
160 186258638
161 186258638
160 186258633
160 186258632
161 186258632
159 186258632
158 186258632
158 186258633
159 186258633
159 186258634
160 186258634
161 186258635
163 186258633
163 186258632
164 186258630
164 186258629
164 186258628
165 186258628
165 186258627
164 186258627
163 186258627
165 186258629
166 186258629
166 186258628
166 186258627
166 186258626
167 186258626
167 186258627
167 186258625
166 186258625
165 186258625
164 186258625
165 186258626
164 186258626
163 186258626
166 186258624
165 186258624
164 186258624
163 186258625
168 186258625
168 186258624
168 186258626
167 186258624
168 186258623
167 186258623
166 186258623
166 186258622
167 186258622
165 186258622
164 186258622
163 186258622
162 186258622
161 186258622
161 186258623
160 186258623
160 186258622
159 186258623
159 186258622
158 186258622
159 186258621
160 186258621
161 186258621
162 186258621
161 186258620
157 186258622
157 186258623
156 186258623
156 186258624
155 186258624
155 186258623
154 186258623
154 186258622
154 186258621
155 186258621
154 186258620
155 186258622
156 186258622
157 186258624
158 186258623
156 186258621
155 186258620
156 186258620
157 186258621
156 186258619
156 186258618
157 186258618
157 186258617
157 186258619
158 186258617
158 186258618
156 186258617
155 186258617
155 186258616
154 186258616
154 186258615
155 186258615
156 186258616
157 186258616
155 186258619
155 186258618
154 186258617
154 186258618
153 186258618
153 186258619
153 186258620
153 186258621
153 186258622
152 186258622
158 186258621
158 186258624
156 186258625
155 186258625
156 186258626
157 186258626
157 186258627
157 186258625
158 186258625
158 186258626
159 186258626
159 186258627
160 186258626
158 186258627
158 186258628
158 186258629
157 186258629
156 186258629
156 186258630
157 186258628
156 186258628
155 186258628
155 186258629
154 186258628
154 186258627
154 186258629
154 186258630
155 186258630
155 186258627
156 186258627
157 186258630
157 186258631
156 186258631
155 186258631
155 186258632
156 186258632
154 186258631
154 186258632
157 186258632
157 186258633
156 186258633
158 186258634
157 186258634
158 186258631
158 186258630
159 186258629
159 186258630
159 186258628
160 186258629
161 186258629
161 186258630
162 186258629
162 186258628
163 186258628
162 186258626
162 186258625
162 186258624
163 186258624
164 186258623
162 186258623
162 186258620
162 186258619
163 186258620
164 186258620
164 186258619
163 186258619
162 186258618
161 186258618
163 186258618
164 186258618
164 186258617
163 186258617
163 186258616
164 186258616
162 186258617
161 186258617
160 186258617
159 186258617
161 186258616
162 186258616
162 186258615
161 186258615
161 186258614
162 186258614
161 186258613
160 186258613
160 186258614
160 186258615
160 186258616
160 186258612
160 186258611
163 186258614
164 186258614
164 186258613
163 186258613
163 186258612
163 186258611
164 186258612
165 186258612
166 186258612
167 186258612
166 186258611
166 186258610
165 186258611
165 186258610
164 186258611
163 186258610
162 186258613
159 186258614
163 186258615
165 186258616
164 186258615
165 186258614
165 186258613
165 186258615
161 186258619
160 186258619
160 186258620
159 186258625
160 186258625
161 186258625
161 186258624
160 186258624
161 186258626
160 186258627
160 186258628
153 186258630
159 186258631
160 186258631
161 186258631
160 186258630
158 186258635
157 186258635
160 186258635
161 186258636
172 186258631
173 186258630
173 186258629
174 186258629
174 186258634
174 186258635
173 186258637
173 186258638
173 186258639
172 186258639
174 186258639
174 186258640
173 186258640
172 186258640
174 186258638
175 186258638
175 186258637
174 186258637
172 186258638
171 186258639
171 186258640
171 186258641
171 186258642
170 186258642
169 186258642
168 186258642
167 186258642
168 186258641
169 186258639
169 186258638
168 186258638
163 186258640
163 186258641
162 186258641
162 186258640
161 186258640
161 186258641
160 186258641
160 186258642
160 186258643
161 186258643
161 186258644
162 186258644
162 186258643
162 186258645
161 186258645
160 186258645
163 186258645
163 186258644
162 186258646
164 186258644
165 186258644
165 186258643
165 186258645
164 186258645
164 186258646
164 186258647
164 186258648
164 186258649
165 186258647
166 186258647
166 186258648
167 186258648
167 186258649
168 186258649
169 186258649
167 186258650
167 186258651
168 186258651
168 186258650
169 186258648
170 186258648
171 186258648
172 186258648
172 186258647
173 186258647
173 186258646
174 186258647
174 186258648
175 186258648
176 186258648
176 186258649
175 186258649
177 186258649
177 186258648
177 186258647
176 186258647
178 186258647
178 186258646
179 186258646
178 186258645
178 186258644
176 186258646
175 186258647
175 186258646
175 186258645
176 186258645
173 186258648
172 186258646
171 186258646
171 186258645
170 186258645
172 186258645
174 186258646
174 186258645
173 186258645
174 186258649
173 186258649
172 186258649
172 186258650
172 186258651
172 186258652
172 186258653
173 186258653
173 186258652
171 186258653
171 186258652
170 186258652
170 186258653
170 186258654
169 186258654
168 186258654
168 186258655
170 186258655
170 186258656
170 186258657
170 186258658
170 186258659
171 186258659
169 186258659
169 186258658
169 186258657
168 186258657
168 186258658
172 186258659
170 186258660
170 186258661
170 186258662
169 186258662
169 186258661
168 186258661
168 186258660
167 186258661
166 186258661
166 186258660
165 186258660
165 186258661
164 186258661
164 186258660
163 186258660
163 186258659
162 186258659
162 186258660
161 186258660
161 186258661
162 186258661
162 186258662
161 186258662
163 186258662
163 186258661
165 186258659
166 186258659
167 186258659
168 186258659
169 186258660
167 186258658
167 186258660
164 186258659
165 186258658
165 186258662
166 186258662
166 186258663
166 186258664
165 186258664
165 186258663
167 186258662
164 186258663
164 186258662
163 186258663
160 186258661
160 186258660
160 186258659
160 186258658
159 186258659
161 186258659
161 186258658
158 186258659
158 186258658
158 186258657
158 186258656
159 186258656
159 186258657
160 186258657
161 186258657
162 186258657
162 186258658
162 186258656
162 186258655
163 186258655
164 186258655
164 186258656
164 186258657
163 186258657
164 186258658
163 186258658
161 186258663
162 186258663
165 186258657
165 186258656
165 186258655
166 186258655
167 186258655
166 186258657
167 186258657
171 186258661
172 186258661
173 186258661
174 186258661
174 186258660
174 186258659
175 186258660
174 186258662
173 186258662
172 186258662
172 186258663
171 186258663
171 186258664
170 186258664
170 186258663
169 186258663
171 186258665
172 186258665
171 186258666
170 186258666
172 186258666
172 186258664
173 186258664
173 186258663
174 186258663
174 186258664
173 186258660
175 186258659
175 186258658
176 186258658
176 186258659
177 186258659
177 186258658
177 186258660
176 186258660
175 186258661
175 186258662
175 186258663
175 186258664
171 186258662
169 186258664
168 186258663
167 186258663
164 186258664
164 186258665
164 186258666
165 186258666
165 186258667
166 186258667
164 186258667
163 186258666
163 186258665
165 186258665
166 186258665
163 186258664
162 186258664
161 186258664
160 186258663
160 186258662
159 186258662
159 186258661
159 186258663
160 186258664
159 186258664
159 186258665
158 186258664
160 186258665
158 186258665
158 186258666
158 186258667
158 186258668
159 186258668
160 186258668
160 186258667
159 186258667
159 186258669
160 186258669
160 186258670
159 186258670
159 186258671
161 186258670
162 186258670
163 186258670
164 186258670
164 186258671
164 186258672
163 186258672
163 186258671
162 186258671
161 186258671
160 186258671
161 186258672
161 186258673
161 186258674
160 186258674
162 186258672
165 186258670
165 186258671
165 186258672
165 186258673
164 186258673
165 186258674
164 186258674
166 186258674
165 186258675
163 186258669
161 186258669
158 186258669
157 186258668
157 186258667
156 186258667
155 186258667
155 186258666
154 186258666
154 186258667
154 186258665
154 186258664
155 186258665
155 186258664
155 186258663
156 186258663
157 186258663
157 186258664
157 186258665
156 186258665
156 186258666
153 186258664
153 186258663
153 186258662
152 186258663
154 186258662
154 186258663
157 186258662
157 186258661
158 186258661
159 186258660
158 186258660
157 186258659
159 186258658
156 186258661
157 186258660
162 186258665
161 186258665
160 186258666
161 186258666
161 186258668
161 186258667
162 186258667
162 186258666
164 186258668
163 186258667
163 186258668
162 186258668
158 186258670
158 186258671
157 186258671
157 186258670
157 186258672
158 186258672
156 186258671
156 186258672
156 186258673
156 186258674
155 186258674
154 186258674
153 186258674
153 186258673
152 186258673
152 186258674
155 186258675
155 186258676
154 186258676
154 186258677
155 186258677
156 186258677
157 186258677
157 186258676
158 186258676
159 186258676
160 186258676
161 186258676
161 186258677
161 186258678
162 186258677
162 186258678
160 186258678
160 186258677
159 186258677
158 186258677
161 186258675
162 186258675
162 186258674
162 186258676
159 186258675
160 186258675
163 186258676
158 186258675
160 186258673
163 186258677
162 186258673
157 186258669
156 186258670
155 186258670
154 186258670
153 186258670
153 186258671
154 186258671
155 186258671
157 186258673
157 186258674
158 186258673
158 186258674
156 186258675
156 186258676
155 186258678
155 186258679
154 186258678
153 186258678
152 186258678
152 186258679
151 186258679
152 186258680
152 186258681
151 186258678
150 186258679
150 186258680
150 186258681
151 186258681
153 186258681
151 186258680
149 186258680
149 186258679
149 186258678
148 186258679
148 186258678
148 186258677
149 186258677
149 186258676
150 186258676
150 186258677
150 186258678
148 186258676
147 186258676
147 186258677
147 186258678
146 186258678
146 186258679
146 186258677
147 186258679
147 186258680
146 186258680
147 186258681
146 186258681
146 186258682
145 186258682
145 186258683
144 186258682
144 186258681
143 186258681
143 186258680
144 186258680
142 186258680
142 186258681
142 186258682
141 186258681
140 186258681
140 186258680
139 186258681
140 186258679
141 186258679
141 186258678
139 186258679
138 186258679
138 186258680
138 186258678
138 186258677
137 186258677
138 186258676
139 186258676
139 186258677
140 186258677
140 186258676
140 186258675
140 186258674
140 186258673
140 186258672
139 186258672
139 186258673
139 186258674
141 186258675
141 186258674
141 186258673
142 186258673
141 186258672
140 186258671
141 186258671
141 186258670
141 186258669
140 186258669
142 186258669
142 186258670
143 186258670
140 186258668
139 186258668
138 186258668
137 186258668
136 186258668
136 186258667
137 186258667
138 186258667
138 186258669
138 186258670
137 186258669
137 186258670
138 186258671
138 186258672
137 186258671
139 186258671
143 186258673
143 186258672
144 186258673
144 186258672
143 186258671
142 186258672
144 186258670
145 186258670
146 186258670
146 186258669
146 186258668
147 186258668
146 186258667
145 186258667
145 186258666
145 186258665
144 186258665
144 186258664
144 186258663
143 186258663
143 186258664
142 186258664
143 186258665
144 186258666
143 186258666
142 186258665
141 186258665
142 186258666
144 186258667
141 186258664
140 186258664
140 186258663
141 186258663
140 186258665
140 186258666
141 186258666
139 186258664
139 186258663
139 186258665
139 186258666
138 186258663
138 186258664
137 186258664
137 186258665
137 186258666
138 186258666
138 186258665
139 186258667
140 186258667
141 186258667
136 186258664
135 186258664
135 186258665
136 186258665
141 186258668
142 186258668
143 186258669
144 186258669
145 186258669
147 186258669
147 186258670
147 186258671
146 186258671
146 186258672
145 186258672
142 186258671
144 186258671
145 186258671
143 186258668
143 186258667
142 186258667
142 186258663
143 186258662
142 186258662
143 186258661
143 186258660
144 186258660
145 186258660
146 186258660
147 186258660
147 186258659
148 186258659
149 186258659
149 186258658
149 186258660
149 186258661
150 186258661
151 186258661
152 186258661
151 186258660
148 186258661
149 186258662
148 186258662
147 186258661
146 186258661
146 186258662
146 186258663
147 186258663
147 186258664
146 186258664
146 186258665
145 186258664
145 186258663
145 186258662
145 186258661
145 186258659
146 186258659
147 186258658
148 186258658
150 186258660
150 186258659
148 186258660
147 186258662
150 186258662
150 186258663
150 186258664
150 186258665
150 186258666
150 186258667
149 186258667
149 186258666
149 186258665
151 186258667
152 186258667
151 186258666
150 186258668
148 186258665
148 186258664
149 186258664
151 186258664
153 186258661
155 186258662
152 186258664
151 186258663
151 186258662
152 186258662
153 186258660
152 186258660
151 186258659
152 186258659
150 186258658
151 186258658
151 186258657
150 186258657
152 186258658
154 186258660
155 186258660
155 186258659
154 186258659
153 186258659
155 186258661
156 186258659
156 186258658
157 186258658
162 186258654
162 186258653
163 186258653
162 186258652
163 186258652
163 186258654
164 186258654
161 186258654
161 186258655
160 186258655
160 186258654
161 186258653
160 186258653
159 186258653
159 186258652
160 186258652
159 186258651
158 186258651
158 186258652
158 186258653
305 186258625
259 186258625
31 186258664
391 186258625
291 186258625
335 186258625
81 111727077
82 65688243
83 168796661
437 754744949
45 186258664
112 627208619
58 186258664
340 186258625
477 198797534
462 186258625
234 186258625
466 186258625
321 521314556
82 186258664
486 186258625
82 236797948
345 186258625
388 186258625
270 775666145
281 186258625
328 186258625
30 186258664
387 186258625
199 271406827
323 186258625
73 186258664
372 186258625
98 186258664
15 186258664
381 186258625
427 186258625
301 186258625
251 186258625
134 186258664
337 622996146
316 186258625
407 186258625
238 186258625
236 684446247
347 186258625
399 186258625
319 186258625
25 186258664
419 186258625
186 584148390
125 186258664
375 186258625
445 186258625
114 186258664
377 186258625
274 186258625
21 161837424
362 186258625
437 186258625
492 550783928
406 492553625
484 186258625
281 96915613
60 61395675
423 186258625
337 545135941
336 186258625
362 883888809
269 186258625
111 186258664
292 186258625
179 933848354
290 186258625
426 186258625
312 186258625
429 186258625
298 423437044
45 719397363
304 186258625
244 186258625
363 186258625
289 609725035
253 186258625
303 186258625
433 186258625
283 186258625
482 186258625
427 287631897
463 186258625
369 186258625
229 910100975
147 709055747
408 186258625
275 186258625
332 999394857
58 87828532
411 390183964
343 186258625
161 343927250
271 186258625
171 830322391
277 186258625
421 186258625
126 631155829
405 268637537
133 186258664
84 186258664
418 216549956
7 252942659
25 285207028
196 745631656
228 186258625
318 186258625
14 253065102
430 186258625
337 186258625
411 885151863
252 186258625
132 186258664
208 106799819
68 186258664
446 410638063
493 186258625
47 186258664
235 186258625
290 472483509
242 186258625
346 186258625
396 186258625
36 186258664
473 186258625
461 186258625
99 186258664
321 186258625
341 879660528
433 426591931
448 282548916
119 186258664
6 186258664
91 186258664
356 247196748
111 583363965
118 186258664
256 186258625
451 186258625
249 186258625
69 186258664
438 186258625
432 186258625
77 186258664
7 186258664
385 186258625
92 186258664
325 186258625
280 186258625
9 186258664
446 186258625
413 913235612
83 186258664
385 809917249
18 186258664
24 186258664
11 186258664
355 186258625
293 186258625
273 186258625
16 186258664
294 879982408
212 955373980
476 186258625
31 20166015
120 186258664
472 186258625
354 132874283
78 186258664
341 500576093
409 186258625
156 338004418
67 186258664
405 186258625
293 497158361
1 420412004
349 186258625
490 186258625
415 186258625
93 329310650
122 186258664
496 186258625
48 186258664
233 68210317
96 186258664
431 186258625
41 186258664
456 775383259
301 430265032
268 186258625
338 186258625
26 186258664
5 186258664
303 230373282
113 186258664
250 441805504
330 164124657
266 186258625
413 186258625
288 186258625
264 787781025
329 186258625
376 894153952
489 470077639
401 386960150
272 925474430
417 973204665
130 186258664
28 186258664
206 507124380
290 256765714
479 186258625
294 186258625
104 356782066
108 186258664
264 186258625
125 74952814
471 61905576
477 186258625
59 186258664
255 186258625
65 673135429
267 186258625
468 811188507
80 458490106
94 615244023
444 554117292
251 244045441
483 186258625
339 186258625
4 186258664
458 186258625
3 186258664
264 255848938
446 456188683
86 186258664
488 186258625
343 999655516
258 186258625
87 845244827
54 186258664
298 186258625
124 186258664
39 186258664
73 960571316
367 186258625
359 81174075
100 186258664
239 186258625
50 186258664
366 186258625
451 373169700
211 194164324
392 186258625
429 832606769
233 186258625
115 186258664
397 186258625
79 186258664
455 186258625
286 186258625
299 186258625
206 489224317
272 796270261
108 104586415
89 186258664
56 186258664
401 186258625
16 712583830
276 259773198
17 186258664
437 457394986
439 186258625
40 186258664
276 186258625
152 71700652
154 175231645
347 125935051
52 524341338
417 186258625
373 186258625
23 186258664
14 186258664
26 968494761
265 296558694
95 186258664
75 186258664
262 186258625
404 186258625
22 631139025
382 186258625
378 186258625
32 186258664
465 691147907
121 186258664
51 186258664
117 186258664
414 285218000
322 769907334
422 186258625
284 186258625
492 186258625
46 186258664
414 186258625
126 186258664
435 186258625
357 186258625
230 186258625
22 186258664
475 186258625
240 831309352
370 186258625
16 182231097
21 186258664
43 626181690
37 186258664
103 186258664
71 186258664
440 964257235
216 975607184
356 448437185
231 906437573
350 186258625
459 186258625
247 186258625
345 116843749
402 233215526
344 26132986
341 186258625
334 186258625
171 915545568
43 186258664
471 186258625
60 186258664
245 186258625
74 186258664
243 186258625
170 433046574
65 274782876
278 186258625
467 186258625
149 329861638
368 186258625
473 119548852
206 622325825
64 186258664
474 186258625
489 186258625
442 186258625
295 186258625
109 769312110
285 186258625
260 186258625
44 186258664
386 186258625
287 186258625
87 186258664
172 843756528
433 999643538
498 186258625
164 850800527
379 186258625
479 230830299
20 660701824
128 186258664
491 186258625
400 186258625
82 443171652
469 186258625
53 395046854
52 186258664
2 186258664
475 453885873
146 669431784
302 186258625
261 186258625
184 465052323
351 186258625
101 186258664
31 509617444
416 186258625
452 186258625
402 186258625
315 186258625
473 912039481
213 745126887
461 858880810
487 186258625
107 186258664
453 186258625
282 186258625
412 186258625
381 106742518
63 186258664
127 186258664
81 186258664
80 186258664
441 186258625
33 143854263
441 990268373
288 274185389
411 186258625
202 559747475
460 186258625
1 186258664
53 186258664
55 186258664
72 186258664
20 186258664
356 186258625
444 186258625
70 186258664
443 186258625
398 670418758
361 186258625
440 186258625
365 186258625
480 186258625
38 186258664
254 186258625
104 186258664
94 186258664
314 186258625
289 284104185
231 186258625
425 186258625
62 186258664
85 186258664
232 186258625
410 186258625
115 380387527
241 696389774
93 186258664
438 329510691
358 186258625
40 804067098
270 186258625
398 186258625
485 186258625
376 186258625
240 186258625
66 186258664
227 186258625
229 186258625
330 186258625
116 186258664
341 486387292
348 186258625
371 186258625
27 186258664
10 186258664
5 629584880
322 186258625
497 186258625
310 271904388
123 186258664
289 186258625
42 186258664
384 186258625
29 186258664
470 186258625
35 186258664
279 186258625
330 114009529
109 186258664
420 186258625
307 186258625
297 186258625
393 186258625
102 186258664
279 903253301
92 534230320
360 186258625
424 186258625
320 186258625
361 991532012
226 186258625
63 162227256
103 503890667
341 845356089
450 186258625
216 251036400
481 186258625
390 186258625
395 186258625
447 186258625
324 186258625
364 186258625
106 186258664
394 186258625
365 674217126
88 186258664
353 186258625
131 186258664
443 395696040
494 186258625
90 186258664
406 186258625
253 603689544
246 186258625
468 186258625
434 186258625
448 186258625
61 186258664
334 609057271
190 699482356
464 186258625
278 776058015
247 887327982
33 186258664
465 186258625
310 186258625
389 186258625
12 186258664
300 186258625
333 186258625
241 186258625
308 186258625
8 186258664
205 387554944
354 186258625
436 186258625
57 186258664
50 579556246
456 186258625
478 186258625
76 186258664
251 382800172
272 360549590
418 186258625
380 186258625
308 581453563
65 186258664
454 186258625
309 186258625
344 186258625
97 186258664
313 186258625
114 222306789
110 186258664
90 245336344
13 186258664
258 468510060
311 186258625
105 186258664
145 75093261
34 651216578
312 429428150
34 186258664
428 186258625
49 186258664
342 186258625
374 186258625
352 186258625
449 186258625
366 930478879
161 328453723
129 186258664
495 186258625
250 186258625
364 370321671
317 186258625
97 672785293
128 706306330
263 186258625
326 186258625
383 186258625
498 591168143
26 353212353
457 186258625
299 88369968
327 186258625
216 716985526
19 186258664
331 186258625
257 186258625
108 300081538
265 186258625
28 489401305
332 186258625
272 186258625
359 186258625
112 186258664
364 490085380
237 186258625
275 995489614
296 186258625
403 186258625
306 186258625
288 554956342
221 22246941
236 186258625
248 186258625
