1000 1000000000 2000
193 193369787
135 214409570
451 607044071
286 302454866
249 352687561
341 731458184
451 939937874
189 649845824
260 825275556
455 145368859
405 419949799
433 51965468
411 611346663
37 781816596
327 490646692
125 744792070
164 226550274
36 455873161
310 163970880
211 946498868
325 439894438
297 644633506
381 438345163
460 641496525
500 403052546
186 392903558
457 160207554
110 910144722
322 328289508
259 303279954
379 18462635
8 382595909
393 882717658
226 29112258
221 946939380
89 909370775
111 191069749
83 259064177
392 789729909
357 35655730
347 715365239
345 858051148
200 204573682
105 944510582
454 433545322
306 722066836
136 439973707
117 519617080
436 536323949
454 259405658
360 761995356
468 612604748
147 151795489
382 173266886
325 347648457
151 464164010
479 68949633
396 937999127
222 134213830
231 13795264
224 877358029
334 393658916
378 289810460
294 699349262
451 95574233
1 98739512
266 299535757
183 716027083
399 124019931
315 5609893
282 701218583
23 543567747
103 854537244
234 681667738
79 160075893
472 171502955
389 268453607
275 585401875
227 432444174
251 926957693
313 639893189
92 104280882
227 390870701
382 436042882
384 231901368
284 448982834
331 256411176
91 344432569
465 967898099
448 575365881
177 636214389
110 609426901
326 29087368
306 921727439
121 949604991
67 355881771
196 19765152
491 75077977
415 458892412
236 291045047
241 342756994
480 284004021
425 652349470
406 440197325
237 198710301
161 794534014
478 382433575
255 439176104
273 12930949
488 721131299
147 492265508
446 240985375
173 360577359
272 685047220
32 281912383
3 430300889
194 366489282
463 841587963
454 183018223
74 919356074
157 944094201
63 475022191
465 959654047
30 875515384
13 340927750
176 43028377
327 453268711
296 619474714
478 249223882
319 536737699
41 271987049
262 968382717
429 627822482
346 790802519
277 40916859
446 764879421
324 453823035
452 791703556
335 841858160
88 550875925
192 763445110
240 869923412
435 555560638
428 322831717
379 139594882
33 409067846
279 297945233
356 841572130
39 210740721
311 616099610
140 812630682
240 507659905
29 103396752
236 466178291
138 392819759
60 888017762
131 128459847
291 9102015
14 250437542
471 962992987
34 685580085
285 781508523
157 553359084
251 283118986
267 967322257
261 211793392
67 137040543
391 399567411
161 310012160
259 585620356
130 607651700
198 261372331
98 33139031
429 351414604
288 190739287
438 569080495
12 489045699
333 495564831
23 902013747
349 535296262
164 581389604
374 472817825
302 791765117
71 617532410
227 965471620
129 394869612
402 262548618
340 89197503
120 757959397
135 181175818
435 412145729
489 339519469
75 433280739
387 238241163
21 223715277
295 660291126
108 957446760
256 819717227
133 532310275
70 177869852
231 203043330
467 269736883
382 12139671
482 84478173
7 211295440
162 172388829
205 372941237
241 778783266
37 293687675
47 892682493
435 810601875
79 187203063
427 937531085
228 785274091
207 225650505
442 698223999
136 327142796
359 22488351
375 828061718
263 59095997
262 229847498
380 689011997
158 31697496
32 278326598
241 533419225
385 899426508
378 145705440
80 701424068
236 894168889
298 832885622
246 801369105
253 874907688
408 476328366
55 103240253
384 963655189
370 804839995
102 391473737
321 114262765
346 38667896
315 223641163
81 424069917
179 937386489
127 609054967
73 841169992
36 318981689
46 881967857
169 80569285
417 479473996
471 830399719
241 986205515
292 934923580
201 970301616
66 839715300
193 213791496
65 637626315
85 192908751
463 318853805
22 346042117
61 232844589
1 464775400
248 56511686
223 614414288
167 571083037
131 882278991
171 224178497
475 102213095
31 335544842
157 932793215
96 734254738
224 51432620
39 716086420
226 897860768
494 54218894
9 65925726
397 684762846
276 217006153
21 706930236
348 64180960
308 83891685
23 560163466
366 30027664
197 965004952
138 788277868
428 262976104
212 427762692
34 644204269
410 859050779
199 210641215
31 672273714
143 715584034
194 801130509
374 69863798
41 87206378
78 49003452
192 887483189
204 876336997
336 414222030
299 44872148
318 996146474
442 280945267
366 153946373
131 43262463
147 369570898
24 2819052
5 542959272
425 349163688
482 16021895
384 531901076
208 913247887
49 563447757
201 18397522
169 370611016
356 318914181
167 227133275
493 939981113
191 182583546
232 178779880
79 395543171
312 157820806
194 372580185
104 244860584
463 267150738
75 882353951
176 781560942
265 682843238
419 700219029
212 63950973
375 452353603
66 155885718
445 723206052
37 926335209
5 184315847
442 350845108
239 398212562
435 344911748
390 51951237
117 59928666
12 168674498
361 111732744
334 730181863
462 511033022
189 624614560
53 77582853
46 36816412
196 705614523
218 834702692
217 210133390
262 414470864
133 805600158
178 123550210
412 284191521
62 897099146
490 515323936
4 246253536
304 935475374
399 39692163
180 996179540
204 454023947
220 515574619
398 416247607
412 714102603
47 237941955
422 833535079
338 565749900
242 385778187
50 193683956
456 867404232
107 75578074
270 571760824
390 685264344
326 583291630
258 18446111
25 632523597
445 294239695
27 406545570
258 413360199
57 816608036
487 204434741
215 799406222
134 546872856
237 832090092
366 662795451
293 320548111
438 976617149
15 422832034
43 487225721
33 30030757
483 760419301
343 375408675
121 856391941
375 687509998
284 417422188
232 32552820
480 583461027
456 904859938
252 902717239
53 960274246
126 395307604
202 168958254
155 429089246
483 10837905
63 446190858
269 427252634
487 815317200
292 529834354
46 849876674
404 950183173
421 589272102
236 110976163
146 424268186
261 558137187
88 644814546
383 966949493
428 512228368
462 988053683
478 354711896
365 324136894
423 817257443
365 796163141
200 1842984
156 121571691
444 358483324
165 187466612
22 806947881
76 809677434
32 134685582
334 859047428
107 684622554
296 40563248
364 387156300
460 237622285
259 709234301
261 347013822
18 213723974
433 523423393
37 125858458
35 719500492
176 394640757
32 920469017
373 567241801
226 493863360
358 377709745
141 787835992
433 302408663
247 822797107
297 174478980
495 547624397
440 496405264
262 510342060
135 667083894
412 287576752
348 603586143
249 341976624
461 142835615
379 207028483
261 183917392
347 120608965
476 562457469
207 370028376
175 938402050
231 764985198
206 771095002
146 634246873
362 605157575
57 721504414
266 544663996
225 141274295
206 587360163
467 67346270
308 262631158
221 204321161
439 601302079
125 947220623
130 919375441
388 714836022
345 939545329
384 358937532
310 782582853
319 311251320
127 813225317
450 352590945
352 525771107
52 345230867
402 228747473
209 166192437
101 556441220
296 373515721
277 597588910
251 177724550
126 501824386
280 391658655
381 796357328
274 471479793
150 505457255
216 989146126
39 793151885
318 72075017
449 54998147
17 985612982
338 575568057
53 751076052
220 949318908
46 598100804
237 217291818
195 725671822
459 872410507
395 451917296
235 725833940
55 392117214
492 149259465
16 978627813
237 319153121
182 210672607
45 910205405
462 527746988
497 251236086
385 50490527
471 607772677
453 214870211
337 680935586
125 117827552
132 987476574
45 929931427
482 880778465
308 635582083
230 91658541
292 117548000
194 452599906
183 386988952
346 948614459
110 939761144
415 926162092
105 284313898
425 638353908
148 300817232
157 306136395
480 724638357
37 122860328
198 552468884
419 742597235
81 383577543
388 943144556
458 595234274
51 630065837
151 220902121
387 650667455
39 350690095
3 929034185
57 109894543
482 483599501
392 476317012
36 815243484
214 64105273
404 101013937
352 305162643
122 138580296
417 302631944
183 383824432
16 331498776
154 672502720
392 694329922
344 960942188
271 242773248
96 43462011
104 742919426
334 237195548
111 795170270
23 352495066
421 204965130
270 747660478
393 989278734
17 442013300
260 389786074
140 168551149
339 954565060
436 271906856
361 347954170
172 97184678
38 398584605
201 502017395
44 771368221
477 335507820
429 936188843
442 930546985
165 256874090
211 505660143
405 251762044
189 660919166
168 875166310
273 784003179
147 580884259
53 125768304
402 226941800
168 195899702
202 224554190
256 294934914
171 213072129
28 841494245
285 644858637
214 83157630
404 37577041
55 589592403
473 742586160
253 285483324
205 945329490
484 455232177
121 607475707
170 345511467
3 848666653
217 252483342
309 590512341
160 12769048
151 545166778
316 981016359
74 567820712
264 157460825
5 701133281
487 460438750
243 418101612
474 450761886
59 245884117
236 741314023
425 779501088
274 855509105
140 348830493
402 998757458
151 731767849
34 585696973
272 279349061
114 450628757
99 644432263
216 671676315
46 285138756
436 752111830
423 675286683
63 827515077
86 998835603
366 853589685
32 642218872
483 900138438
15 79543731
476 962240591
222 150415632
110 668031703
342 773079229
177 866755708
176 526665378
466 691738444
210 750181998
228 928739193
488 817346596
260 37021356
21 274416221
299 969053291
173 510870465
294 325435861
388 694377956
76 755868888
350 988784383
337 478228907
438 601906162
123 617322444
400 474639069
174 115151439
388 488148707
314 659437093
320 206062130
250 749052903
420 33548077
107 247386634
301 711591648
212 521869438
330 743335252
83 257775830
490 833292861
429 149724135
276 845493617
16 545086041
498 996763984
243 438054813
290 88979739
62 179171035
345 832199600
221 572030282
271 143226129
209 920635351
437 823946212
218 748406811
344 107248716
89 56743868
140 837730927
376 13875442
382 846306289
201 17039292
184 856059967
452 815396563
300 710729905
193 708945288
302 227979219
51 965030001
95 318996585
53 497007040
332 378264364
271 698305937
237 751049729
12 480453739
174 372811158
435 7399072
39 106692096
426 201470970
129 806080857
128 914668873
466 292432149
400 258778004
62 963778549
369 467453490
314 853186678
327 263762512
473 375579813
220 49240075
355 289422092
30 385433059
329 152848060
192 758553496
269 349548800
12 882146823
436 951664308
226 942540115
312 368037165
57 587002710
341 947636292
457 228072148
333 637866280
252 454151170
255 56879402
85 607995488
62 769298199
162 175589066
296 612811933
202 640997396
247 329105586
157 132542186
361 591299246
439 428982495
265 301975698
280 260823463
253 342662732
90 68201570
293 804325448
445 863101563
324 272964237
139 682877132
245 115680362
373 629219901
413 148992907
64 977308647
88 340156349
495 289133970
197 111655515
280 863538975
34 105938600
297 374969684
73 277808979
403 578618831
454 140655317
428 857755480
197 59055592
416 868650739
302 153978636
449 387580553
87 971302871
329 710530358
355 251978316
90 975703817
338 134821936
88 294929099
85 143729219
54 37628434
109 804478821
330 604125683
115 916119140
493 352913114
7 363239652
255 274830736
227 174649049
443 444955388
14 817639603
163 867223865
267 91628329
73 692726695
224 772509966
465 353061875
101 149019368
95 680389694
181 617754837
341 558849722
356 696627236
473 787667391
347 343613942
317 209593234
368 578545919
300 515084234
324 958650798
220 307147527
287 325252740
148 686359734
180 545001029
108 522713328
175 58058004
181 118675980
126 314212930
291 80661143
366 233892822
484 672373052
495 617632125
192 972945469
446 913582320
243 388746755
287 728454225
155 507036865
168 963824210
452 40268980
454 970774802
441 639991852
161 186510060
417 587575949
382 570329084
378 711456919
236 130051708
321 618981309
231 133387372
182 687383132
268 507442986
47 450667465
117 83230665
421 528632607
104 224137152
393 503671090
259 413138946
30 834381088
365 107596442
151 765353729
490 150841740
418 90402740
436 888754749
47 436182127
444 747133225
402 377857790
463 889765681
119 696871338
126 900812032
176 831133325
312 487151271
122 254058107
268 324627345
171 923078347
421 108788692
382 759388385
480 888630818
377 320319022
63 861949108
359 297398908
96 680774554
449 733141393
28 415839811
127 101675777
493 66449934
189 728423952
449 29151925
58 848216962
217 153760443
41 925881591
400 35328489
235 957507054
415 909204572
31 712226296
119 415758444
258 558079995
232 160325247
362 30806333
210 411841876
255 786308010
428 606238868
41 438715992
150 252478972
395 849931155
291 846231272
117 107871293
206 685951028
493 938235707
349 402391124
199 589787402
303 37978707
325 207077036
149 900834784
190 837098066
208 52797659
253 22182994
152 766825788
358 506070008
496 657941246
462 576042124
472 828899871
462 114455139
245 201809184
460 99361894
118 172178062
317 341434219
436 103602740
369 483955835
269 503167523
38 973118736
97 422720686
107 833597932
123 568803535
289 731978231
3 186534660
449 160452339
170 488378711
383 775761590
411 150080974
401 836927015
409 389336507
235 207513304
438 731612499
299 395060280
355 799335123
326 130496056
485 327148525
414 462954203
290 641266027
183 817706248
62 414110091
122 358000010
107 590537491
154 330433737
469 23046612
267 782728682
47 780801525
260 655061353
62 191423625
46 712736472
62 102552730
205 544226220
31 175735121
399 434214311
201 323711395
106 427249584
57 269201693
410 232958560
450 853443890
151 348207155
69 392259290
17 173348574
395 428752206
432 437532287
435 589248328
108 668356541
112 769985814
176 115516250
462 480972887
178 143535231
479 329991322
215 831609126
3 924947465
284 715926577
143 170954177
302 853841373
259 544037762
129 176353526
346 239224220
431 757172655
105 470568773
70 652716386
437 397158555
43 114528233
346 646704148
50 77980737
438 644990899
124 326576048
270 28028559
133 745509430
338 554471496
285 852982699
153 183446327
359 788494866
247 202457113
475 166740677
211 857509462
96 947968802
373 689340184
451 616446482
207 256756616
498 194277226
110 201136666
424 215058671
355 158074796
348 860902703
465 617010640
438 947874304
131 813650212
224 253380994
1 10
2 10
3 10
4 10
5 10
6 10
7 10
8 10
9 10
10 10
11 10
12 10
13 10
14 10
15 10
16 10
17 10
18 10
19 10
20 10
21 10
22 10
23 10
24 10
25 10
26 10
27 10
28 10
29 10
30 10
31 10
32 10
33 10
34 10
35 10
36 10
37 10
38 10
39 10
40 10
41 10
42 10
43 10
44 10
45 10
46 10
47 10
48 10
49 10
50 10
51 10
52 10
53 10
54 10
55 10
56 10
57 10
58 10
59 10
60 10
61 10
62 10
63 10
64 10
65 10
66 10
67 10
68 10
69 10
70 10
71 10
72 10
73 10
74 10
75 10
76 10
77 10
78 10
79 10
80 10
81 10
82 10
83 10
84 10
85 10
86 10
87 10
88 10
89 10
90 10
91 10
92 10
93 10
94 10
95 10
96 10
97 10
98 10
99 10
100 10
101 10
102 10
103 10
104 10
105 10
106 10
107 10
108 10
109 10
110 10
111 10
112 10
113 10
114 10
115 10
116 10
117 10
118 10
119 10
120 10
121 10
122 10
123 10
124 10
125 10
126 10
127 10
128 10
129 10
130 10
131 10
132 10
133 10
134 10
135 10
136 10
137 10
138 10
139 10
140 10
141 10
142 10
143 10
144 10
145 10
146 10
147 10
148 10
149 10
150 10
151 10
152 10
153 10
154 10
155 10
156 10
157 10
158 10
159 10
160 10
161 10
162 10
163 10
164 10
165 10
166 10
167 10
168 10
169 10
170 10
171 10
172 10
173 10
174 10
175 10
176 10
177 10
178 10
179 10
180 10
181 10
182 10
183 10
184 10
185 10
186 10
187 10
188 10
189 10
190 10
191 10
192 10
193 10
194 10
195 10
196 10
197 10
198 10
199 10
200 10
201 10
202 10
203 10
204 10
205 10
206 10
207 10
208 10
209 10
210 10
211 10
212 10
213 10
214 10
215 10
216 10
217 10
218 10
219 10
220 10
221 10
222 10
223 10
224 10
225 10
226 10
227 10
228 10
229 10
230 10
231 10
232 10
233 10
234 10
235 10
236 10
237 10
238 10
239 10
240 10
241 10
242 10
243 10
244 10
245 10
246 10
247 10
248 10
249 10
250 10
251 10
252 10
253 10
254 10
255 10
256 10
257 10
258 10
259 10
260 10
261 10
262 10
263 10
264 10
265 10
266 10
267 10
268 10
269 10
270 10
271 10
272 10
273 10
274 10
275 10
276 10
277 10
278 10
279 10
280 10
281 10
282 10
283 10
284 10
285 10
286 10
287 10
288 10
289 10
290 10
291 10
292 10
293 10
294 10
295 10
296 10
297 10
298 10
299 10
300 10
301 10
302 10
303 10
304 10
305 10
306 10
307 10
308 10
309 10
310 10
311 10
312 10
313 10
314 10
315 10
316 10
317 10
318 10
319 10
320 10
321 10
322 10
323 10
324 10
325 10
326 10
327 10
328 10
329 10
330 10
331 10
332 10
333 10
334 10
335 10
336 10
337 10
338 10
339 10
340 10
341 10
342 10
343 10
344 10
345 10
346 10
347 10
348 10
349 10
350 10
351 10
352 10
353 10
354 10
355 10
356 10
357 10
358 10
359 10
360 10
361 10
362 10
363 10
364 10
365 10
366 10
367 10
368 10
369 10
370 10
371 10
372 10
373 10
374 10
375 10
376 10
377 10
378 10
379 10
380 10
381 10
382 10
383 10
384 10
385 10
386 10
387 10
388 10
389 10
390 10
391 10
392 10
393 10
394 10
395 10
396 10
397 10
398 10
399 10
400 10
401 10
402 10
403 10
404 10
405 10
406 10
407 10
408 10
409 10
410 10
411 10
412 10
413 10
414 10
415 10
416 10
417 10
418 10
419 10
420 10
421 10
422 10
423 10
424 10
425 10
426 10
427 10
428 10
429 10
430 10
431 10
432 10
433 10
434 10
435 10
436 10
437 10
438 10
439 10
440 10
441 10
442 10
443 10
444 10
445 10
446 10
447 10
448 10
449 10
450 10
451 10
452 10
453 10
454 10
455 10
456 10
457 10
458 10
459 10
460 10
461 10
462 10
463 10
464 10
465 10
466 10
467 10
468 10
469 10
470 10
471 10
472 10
473 10
474 10
475 10
476 10
477 10
478 10
479 10
480 10
481 10
482 10
483 10
484 10
485 10
486 10
487 10
488 10
489 10
490 10
491 10
492 10
493 10
494 10
495 10
496 10
497 10
498 10
499 10
500 10
501 10
502 10
503 10
504 10
505 10
506 10
507 10
508 10
509 10
510 10
511 10
512 10
513 10
514 10
515 10
516 10
517 10
518 10
519 10
520 10
521 10
522 10
523 10
524 10
525 10
526 10
527 10
528 10
529 10
530 10
531 10
532 10
533 10
534 10
535 10
536 10
537 10
538 10
539 10
540 10
541 10
542 10
543 10
544 10
545 10
546 10
547 10
548 10
549 10
550 10
551 10
552 10
553 10
554 10
555 10
556 10
557 10
558 10
559 10
560 10
561 10
562 10
563 10
564 10
565 10
566 10
567 10
568 10
569 10
570 10
571 10
572 10
573 10
574 10
575 10
576 10
577 10
578 10
579 10
580 10
581 10
582 10
583 10
584 10
585 10
586 10
587 10
588 10
589 10
590 10
591 10
592 10
593 10
594 10
595 10
596 10
597 10
598 10
599 10
600 10
601 10
602 10
603 10
604 10
605 10
606 10
607 10
608 10
609 10
610 10
611 10
612 10
613 10
614 10
615 10
616 10
617 10
618 10
619 10
620 10
621 10
622 10
623 10
624 10
625 10
626 10
627 10
628 10
629 10
630 10
631 10
632 10
633 10
634 10
635 10
636 10
637 10
638 10
639 10
640 10
641 10
642 10
643 10
644 10
645 10
646 10
647 10
648 10
649 10
650 10
651 10
652 10
653 10
654 10
655 10
656 10
657 10
658 10
659 10
660 10
661 10
662 10
663 10
664 10
665 10
666 10
667 10
668 10
669 10
670 10
671 10
672 10
673 10
674 10
675 10
676 10
677 10
678 10
679 10
680 10
681 10
682 10
683 10
684 10
685 10
686 10
687 10
688 10
689 10
690 10
691 10
692 10
693 10
694 10
695 10
696 10
697 10
698 10
699 10
700 10
701 10
702 10
703 10
704 10
705 10
706 10
707 10
708 10
709 10
710 10
711 10
712 10
713 10
714 10
715 10
716 10
717 10
718 10
719 10
720 10
721 10
722 10
723 10
724 10
725 10
726 10
727 10
728 10
729 10
730 10
731 10
732 10
733 10
734 10
735 10
736 10
737 10
738 10
739 10
740 10
741 10
742 10
743 10
744 10
745 10
746 10
747 10
748 10
749 10
750 10
751 10
752 10
753 10
754 10
755 10
756 10
757 10
758 10
759 10
760 10
761 10
762 10
763 10
764 10
765 10
766 10
767 10
768 10
769 10
770 10
771 10
772 10
773 10
774 10
775 10
776 10
777 10
778 10
779 10
780 10
781 10
782 10
783 10
784 10
785 10
786 10
787 10
788 10
789 10
790 10
791 10
792 10
793 10
794 10
795 10
796 10
797 10
798 10
799 10
800 10
801 10
802 10
803 10
804 10
805 10
806 10
807 10
808 10
809 10
810 10
811 10
812 10
813 10
814 10
815 10
816 10
817 10
818 10
819 10
820 10
821 10
822 10
823 10
824 10
825 10
826 10
827 10
828 10
829 10
830 10
831 10
832 10
833 10
834 10
835 10
836 10
837 10
838 10
839 10
840 10
841 10
842 10
843 10
844 10
845 10
846 10
847 10
848 10
849 10
850 10
851 10
852 10
853 10
854 10
855 10
856 10
857 10
858 10
859 10
860 10
861 10
862 10
863 10
864 10
865 10
866 10
867 10
868 10
869 10
870 10
871 10
872 10
873 10
874 10
875 10
876 10
877 10
878 10
879 10
880 10
881 10
882 10
883 10
884 10
885 10
886 10
887 10
888 10
889 10
890 10
891 10
892 10
893 10
894 10
895 10
896 10
897 10
898 10
899 10
900 10
901 10
902 10
903 10
904 10
905 10
906 10
907 10
908 10
909 10
910 10
911 10
912 10
913 10
914 10
915 10
916 10
917 10
918 10
919 10
920 10
921 10
922 10
923 10
924 10
925 10
926 10
927 10
928 10
929 10
930 10
931 10
932 10
933 10
934 10
935 10
936 10
937 10
938 10
939 10
940 10
941 10
942 10
943 10
944 10
945 10
946 10
947 10
948 10
949 10
950 10
951 10
952 10
953 10
954 10
955 10
956 10
957 10
958 10
959 10
960 10
961 10
962 10
963 10
964 10
965 10
966 10
967 10
968 10
969 10
970 10
971 10
972 10
973 10
974 10
975 10
976 10
977 10
978 10
979 10
980 10
981 10
982 10
983 10
984 10
985 10
986 10
987 10
988 10
989 10
990 10
991 10
992 10
993 10
994 10
995 10
996 10
997 10
998 10
