1
84 295
100
0 317
0 41
0 117
0 249
0 55
0 16
0 400
0 258
0 205
0 33
0 175
0 80
0 320
0 282
0 255
0 254
0 150
0 70
0 83
0 142
0 372
0 285
0 193
0 348
0 227
0 321
0 365
0 342
0 174
0 396
0 71
0 320
0 178
0 180
0 233
0 130
0 17
0 36
0 356
0 62
0 239
0 57
0 241
0 219
0 253
0 149
0 349
0 269
0 125
0 334
0 392
0 125
0 258
0 243
0 88
0 55
0 134
0 378
0 313
0 86
0 287
0 46
0 349
0 7
0 219
0 216
0 327
0 136
0 215
0 28
0 391
0 56
0 147
0 261
0 57
0 243
0 56
0 366
0 205
0 334
0 362
0 257
0 344
0 2
0 298
0 19
0 157
0 224
0 380
0 172
0 231
0 117
0 374
0 358
0 388
0 378
0 296
0 244
0 268
0 95
