400
0 220
0 261
0 144
0 381
0 72
0 7
0 260
0 353
0 163
0 303
0 257
0 16
0 176
0 367
0 221
0 221
0 399
0 206
0 278
0 369
0 118
0 302
0 169
0 324
0 26
0 173
0 122
0 255
0 20
0 97
0 3
0 135
0 53
0 122
0 236
0 319
0 313
0 65
0 398
0 285
0 206
0 48
0 107
0 127
0 245
0 309
0 255
0 227
0 380
0 149
0 373
0 25
0 298
0 400
0 335
0 23
0 106
0 381
0 51
0 66
0 62
0 62
0 384
0 44
0 4
0 210
0 187
0 293
0 177
0 335
0 367
0 15
0 366
0 267
0 281
0 109
0 154
0 75
0 182
0 214
0 7
0 100
0 23
0 207
0 2
0 331
0 21
0 222
0 361
0 22
0 396
0 319
0 368
0 250
0 372
0 400
0 214
0 364
0 244
0 350
0 3
0 205
0 321
0 302
0 21
0 357
0 15
0 196
0 193
0 99
0 32
0 206
0 375
0 340
0 246
0 197
0 247
0 309
0 370
0 6
0 317
0 217
0 130
0 113
0 298
0 161
0 261
0 40
0 134
0 395
0 52
0 389
0 173
0 153
0 53
0 151
0 369
0 265
0 171
0 294
0 298
0 224
0 101
0 107
0 391
0 283
0 339
0 178
0 7
0 63
0 315
0 144
0 215
0 141
0 368
0 32
0 393
0 294
0 133
0 252
0 138
0 42
0 191
0 218
0 236
0 170
0 321
0 145
0 369
0 35
0 131
0 337
0 377
0 188
0 281
0 21
0 88
0 151
0 271
0 201
0 152
0 80
0 102
0 112
0 331
0 384
0 293
0 249
0 41
0 243
0 236
0 211
0 134
0 320
0 300
0 240
0 221
0 274
0 26
0 38
0 301
0 280
0 114
0 81
0 393
0 325
0 180
0 216
0 63
0 218
0 180
0 272
0 90
0 227
0 338
0 316
0 320
0 257
0 246
0 382
0 368
0 351
0 389
0 345
0 279
0 161
0 250
0 97
0 87
0 128
0 174
0 308
0 138
0 160
0 382
0 55
0 109
0 235
0 385
0 137
0 96
0 389
0 73
0 331
0 86
0 109
0 295
0 268
0 160
0 286
0 45
0 364
0 58
0 369
0 157
0 49
0 375
0 341
0 237
0 390
0 267
0 304
0 29
0 108
0 137
0 130
0 210
0 128
0 260
0 228
0 128
0 92
0 226
0 349
0 126
0 2
0 366
0 214
0 87
0 245
0 54
0 136
0 177
0 254
0 49
0 103
0 51
0 222
0 374
0 323
0 399
0 379
0 180
0 114
0 238
0 121
0 296
0 116
0 338
0 44
0 137
0 245
0 130
0 8
0 241
0 262
0 312
0 165
0 211
0 162
0 142
0 277
0 95
0 151
0 28
0 44
0 34
0 65
0 147
0 249
0 68
0 11
0 204
0 59
0 371
0 289
0 68
0 133
0 285
0 65
0 57
0 194
0 67
0 47
0 179
0 66
0 344
0 230
0 97
0 211
0 4
0 260
0 209
0 58
0 151
0 256
0 29
0 388
0 385
0 254
0 307
0 326
0 339
0 23
0 379
0 170
0 336
0 277
0 337
0 197
0 211
0 209
0 305
0 389
0 194
0 100
0 258
0 291
0 343
0 94
0 366
0 270
0 354
0 183
0 65
0 180
0 126
0 131
0 100
0 215
0 210
0 99
0 11
0 143
0 222
0 334
0 38
0 321
0 3
0 145
0 260
0 3
0 64
0 392
0 337
0 156
0 101
0 178
0 78
0 181
10
0 81785
0 114379
0 86290
0 75553
0 11352
0 32155
0 66484
0 46610
0 115559
0 159334
