1
83 144
100
707 0
6 0
283 0
428 0
861 0
774 0
28 0
1080 0
1541 0
176 0
633 0
1275 0
785 0
1459 0
661 0
1387 0
299 0
114 0
576 0
383 0
1022 0
1464 0
609 0
495 0
761 0
895 0
745 0
1294 0
1375 0
1298 0
176 0
1337 0
1314 0
1136 0
1465 0
1170 0
458 0
399 0
118 0
753 0
1589 0
46 0
523 0
1097 0
621 0
1583 0
1590 0
1306 0
1334 0
1143 0
1292 0
381 0
730 0
389 0
817 0
1189 0
241 0
1441 0
1144 0
858 0
1159 0
795 0
610 0
1296 0
895 0
211 0
350 0
404 0
759 0
1319 0
1381 0
153 0
1413 0
1010 0
1063 0
1260 0
664 0
361 0
1518 0
1319 0
104 0
23 0
1591 0
15 0
64 0
1465 0
738 0
1455 0
410 0
20 0
1528 0
829 0
898 0
690 0
137 0
261 0
826 0
604 0
714 0
1475 0
