175
127 19 0
19 173 0
173 41 0
41 138 0
138 52 0
52 106 0
106 152 0
152 39 0
39 76 0
76 144 0
144 134 0
134 137 0
137 80 0
80 145 0
145 8 0
8 47 0
47 100 0
100 88 0
88 42 0
42 87 0
87 53 0
53 159 0
159 156 0
156 150 0
150 55 0
55 116 0
116 68 0
68 10 0
10 165 0
165 154 0
154 114 0
114 111 0
111 119 0
119 64 0
64 3 0
3 14 0
14 155 0
155 35 0
35 170 0
170 101 0
101 157 0
157 72 0
72 160 0
160 133 0
133 13 0
13 86 0
86 59 0
59 129 0
129 23 0
23 69 0
69 167 0
167 97 0
97 38 0
38 32 0
32 147 0
147 166 0
166 149 0
149 163 0
163 44 0
44 33 0
33 174 0
174 168 0
168 9 0
9 21 0
21 103 0
103 141 0
141 130 0
130 118 0
118 71 0
71 161 0
161 172 0
172 148 0
148 123 0
123 56 0
56 105 0
105 18 0
18 61 0
61 108 0
108 96 0
96 132 0
132 24 0
24 11 0
11 82 0
82 65 0
65 131 0
131 91 0
91 15 0
15 63 0
63 57 0
57 20 0
20 48 0
48 94 0
94 128 0
128 30 0
30 124 0
124 40 0
40 107 0
107 98 0
98 17 0
17 164 0
164 140 0
140 117 0
117 45 0
45 37 0
37 89 0
89 95 0
95 102 0
102 67 0
67 0 0
0 136 0
136 29 0
29 122 0
122 2 0
2 112 0
112 79 0
79 126 0
126 7 0
7 54 0
54 4 0
4 70 0
70 113 0
113 146 0
146 143 0
143 99 0
99 139 0
139 60 0
60 115 0
115 50 0
50 84 0
84 46 0
46 135 0
135 75 0
75 27 0
27 25 0
25 151 0
151 31 0
31 66 0
66 92 0
92 85 0
85 43 0
43 36 0
36 51 0
51 62 0
62 5 0
5 169 0
169 121 0
121 93 0
93 109 0
109 110 0
110 158 0
158 90 0
90 12 0
12 153 0
153 28 0
28 73 0
73 171 0
171 78 0
78 22 0
22 142 0
142 1 0
1 49 0
49 125 0
125 120 0
120 74 0
74 83 0
83 162 0
162 16 0
16 26 0
26 58 0
58 81 0
81 6 0
6 104 0
104 34 0
34 77 0
