175
153 138 0
164 153 0
156 164 0
169 156 0
118 169 0
103 118 0
133 103 0
149 133 0
17 149 0
45 17 0
62 45 0
25 62 0
108 25 0
1 108 0
35 1 0
23 35 0
128 23 0
5 128 0
84 5 0
160 84 0
69 160 0
115 69 0
47 115 0
79 47 0
96 79 0
26 96 0
97 26 0
130 97 0
124 130 0
0 124 0
154 0 0
109 154 0
161 109 0
29 161 0
7 29 0
61 7 0
68 61 0
48 68 0
40 48 0
66 40 0
120 66 0
162 120 0
43 162 0
140 43 0
93 140 0
15 93 0
132 15 0
89 132 0
94 89 0
85 94 0
24 85 0
11 24 0
114 11 0
87 114 0
100 87 0
56 100 0
129 56 0
131 129 0
60 131 0
59 60 0
127 59 0
148 127 0
52 148 0
106 52 0
121 106 0
83 121 0
91 83 0
143 91 0
151 143 0
64 151 0
41 64 0
173 41 0
50 173 0
167 50 0
126 167 0
144 126 0
170 144 0
75 170 0
117 75 0
171 117 0
88 171 0
46 88 0
13 46 0
80 13 0
71 80 0
58 71 0
74 58 0
158 74 0
168 158 0
122 168 0
157 122 0
116 157 0
141 116 0
3 141 0
19 3 0
152 19 0
65 152 0
90 65 0
63 90 0
163 63 0
145 163 0
31 145 0
16 31 0
30 16 0
166 30 0
67 166 0
125 67 0
165 125 0
172 165 0
111 172 0
134 111 0
99 134 0
4 99 0
81 4 0
123 81 0
21 123 0
139 21 0
49 139 0
76 49 0
98 76 0
28 98 0
6 28 0
155 6 0
150 155 0
20 150 0
10 20 0
174 10 0
44 174 0
38 44 0
72 38 0
107 72 0
136 107 0
77 136 0
119 77 0
14 119 0
137 14 0
39 137 0
146 39 0
42 146 0
18 42 0
113 18 0
102 113 0
135 102 0
12 135 0
78 12 0
55 78 0
57 55 0
37 57 0
70 37 0
101 70 0
110 101 0
142 110 0
159 142 0
86 159 0
92 86 0
147 92 0
2 147 0
82 2 0
33 82 0
95 33 0
32 95 0
104 32 0
54 104 0
36 54 0
51 36 0
8 51 0
22 8 0
53 22 0
105 53 0
73 105 0
27 73 0
9 27 0
112 9 0
34 112 0
