175
27 76 217490958
76 171 669497931
171 118 646915204
118 140 791098027
140 150 878011219
150 99 551497865
99 130 884570566
130 129 650736869
129 4 252468631
4 0 802401624
0 168 581963727
168 172 271756550
172 97 790104972
97 131 210020335
131 136 364447106
136 21 26789037
21 37 784429871
37 141 805269220
141 115 454215117
115 169 654946542
169 67 445437206
67 144 176521367
144 145 783863346
145 75 43892836
75 92 856145014
92 77 694236524
77 152 804348773
152 111 641177061
111 1 601957950
1 102 663132151
102 63 59314990
63 89 131573787
89 56 868173943
56 146 600789763
146 62 327852481
62 120 674407040
120 90 307037503
90 143 989295447
143 138 416428965
138 15 825038700
15 98 435823998
98 164 16061954
164 38 532816352
38 2 67145584
2 45 835769155
45 42 928241844
42 157 434938168
157 22 660982133
22 40 859254722
40 113 252225273
113 133 748265267
133 158 640990598
158 68 874912182
68 127 545116591
127 88 490712054
88 132 944941250
132 35 903548650
35 32 908124555
32 165 792856868
165 128 95473430
128 153 740885490
153 66 56410470
66 80 519058632
80 26 3378083
26 167 629562741
167 126 918248126
126 137 517671423
137 31 548920377
31 44 16574762
44 108 313997393
108 50 870358992
50 13 574680470
13 163 632798943
163 48 863242890
48 116 150608814
116 149 840761022
149 160 598232957
160 51 291368061
51 34 690848901
34 55 291637032
55 155 996359484
155 83 746144826
83 52 876075637
52 148 619219014
148 7 232423712
7 151 357836515
151 122 156146923
122 103 356404694
103 20 76284642
20 114 399162045
114 60 601225393
60 30 305059052
30 41 716574835
41 106 670248028
106 72 389143538
72 28 90875356
28 57 264353053
57 23 197223213
23 8 465409954
8 161 263466333
161 100 928181712
100 10 256740115
10 59 763456755
59 65 316043659
65 47 704253421
47 110 920648358
110 84 869571915
84 93 789740224
93 105 558447326
105 121 791856486
121 95 510971203
95 11 824279433
11 166 109756096
166 69 300243431
69 12 956296970
12 112 665262080
112 3 348551671
3 54 569982126
54 82 458623992
82 117 583837206
117 174 703585327
174 79 3552477
79 104 961665841
104 16 472498864
16 91 16563088
91 46 291543705
46 94 134921074
94 101 397247927
101 36 92609628
36 139 907156897
139 74 22299845
74 119 70787032
119 147 750547933
147 71 622384421
71 123 648096279
123 5 334769030
5 85 816057175
85 17 558345970
17 78 684464852
78 170 48614111
170 25 350476744
25 39 28422070
39 14 581324484
14 86 577546665
86 156 582141670
156 9 309787153
9 109 269856481
109 29 924490163
29 173 854198604
173 162 623065581
162 73 500592464
73 43 848722742
43 58 884196713
58 81 51838316
81 87 894523705
87 96 836804563
96 142 554177638
142 19 568092128
19 18 474700813
18 107 716740604
107 61 249750032
61 125 482548637
125 49 53770651
49 124 940991677
124 53 73119620
53 70 98813269
70 135 431347091
135 134 328451289
134 159 954564350
159 6 840797775
6 64 570841863
64 33 935724717
33 24 747076098
24 154 576948186
