175
62 33 0
62 1 0
1 94 0
1 60 0
60 144 0
62 75 0
75 16 0
16 27 0
75 76 0
94 74 0
16 134 0
27 8 0
8 78 0
74 6 0
76 123 0
8 93 0
74 22 0
78 4 0
6 84 0
94 7 0
76 165 0
93 82 0
33 145 0
27 109 0
6 34 0
82 26 0
60 14 0
33 5 0
165 113 0
134 149 0
123 79 0
149 148 0
78 48 0
144 108 0
165 67 0
148 90 0
26 121 0
5 40 0
7 161 0
4 56 0
79 114 0
5 58 0
114 146 0
22 151 0
146 49 0
93 20 0
113 91 0
26 81 0
81 115 0
58 61 0
81 99 0
7 50 0
48 25 0
14 164 0
20 137 0
145 85 0
113 71 0
14 63 0
115 169 0
84 44 0
50 15 0
4 92 0
149 102 0
123 0 0
92 116 0
115 172 0
108 104 0
91 125 0
169 112 0
137 30 0
85 64 0
169 89 0
137 46 0
48 97 0
97 18 0
84 119 0
91 136 0
112 3 0
30 37 0
125 107 0
164 155 0
151 77 0
0 98 0
161 95 0
95 103 0
58 126 0
82 80 0
102 138 0
46 86 0
112 68 0
68 140 0
95 162 0
146 156 0
144 19 0
3 23 0
85 174 0
89 163 0
90 111 0
111 11 0
134 13 0
30 101 0
63 57 0
121 35 0
164 69 0
103 118 0
151 31 0
89 9 0
19 43 0
104 52 0
126 83 0
114 167 0
90 142 0
31 160 0
108 171 0
125 168 0
18 147 0
49 2 0
103 17 0
22 21 0
118 41 0
168 29 0
44 117 0
69 73 0
79 55 0
55 133 0
37 130 0
119 158 0
147 159 0
104 45 0
67 42 0
160 24 0
107 88 0
158 150 0
158 70 0
97 59 0
34 106 0
55 129 0
24 105 0
159 28 0
64 173 0
159 72 0
130 32 0
150 47 0
116 96 0
92 153 0
138 39 0
126 53 0
121 66 0
50 100 0
49 54 0
37 128 0
2 135 0
117 12 0
69 141 0
102 143 0
45 38 0
73 51 0
163 154 0
45 157 0
66 36 0
32 152 0
80 110 0
141 10 0
36 132 0
29 131 0
72 124 0
2 139 0
118 170 0
100 166 0
83 120 0
51 122 0
145 127 0
18 87 0
86 65 0
