175
62 163 751592761
163 156 940729586
163 60 549888465
60 98 332217602
156 117 454219171
60 40 717292148
62 146 21477771
40 128 686896532
40 84 859980979
62 65 758765676
117 5 757611609
98 115 77004433
65 114 458489034
117 149 510640723
128 83 198753582
84 93 679619713
83 171 640743824
98 77 308372321
115 121 822046964
171 45 773391330
83 138 738525340
115 13 322233249
121 30 358301479
171 118 197418077
65 75 317540709
75 141 437634206
5 105 553022267
84 91 116269355
156 145 368381660
121 151 755900891
13 26 412600302
141 109 459812124
149 34 165529471
26 4 952459890
5 166 636781706
4 127 74105050
114 8 556864149
114 150 146624373
8 96 205947206
145 107 670232780
4 161 34567613
141 32 950953808
161 140 73372968
146 103 572785359
45 131 26655044
145 126 880449116
131 71 250101353
75 92 21954127
109 133 812429710
166 78 903276512
13 170 58555514
105 58 651749416
58 55 391842028
34 174 975707242
170 135 767374447
71 1 110438899
149 51 144431429
133 36 931351356
118 11 780791691
8 66 947532903
96 54 917630233
109 24 140055188
11 25 236300388
34 74 255662441
24 28 481325618
78 68 146146876
1 94 61649056
55 9 589337622
140 130 906936731
74 90 380684527
58 56 543466553
93 35 932632833
140 69 686453671
51 53 273822793
105 113 900614065
30 42 119094317
35 157 706353530
9 165 16110847
174 172 480644174
133 97 831144377
71 61 907529444
9 134 675676965
107 129 303157784
157 15 202593592
172 59 230795204
55 46 102199444
66 100 478658491
127 104 834681342
66 136 652544437
100 21 902293624
30 29 991192274
35 95 751477452
100 20 711117157
150 164 621498457
131 0 669243881
21 79 744116899
46 3 292142791
164 89 470600738
92 63 617962518
0 153 6200269
90 43 723968291
130 22 295940910
138 102 561719227
69 124 227591941
26 50 497903747
78 159 605852433
46 10 670620400
28 116 884191130
166 73 765999369
69 7 570074361
128 173 694325940
36 27 761486256
138 19 489351164
172 14 480818573
21 80 151851231
104 38 444962431
118 111 77676764
135 125 603222933
32 33 471332647
33 18 132033642
134 67 198873348
18 6 868726303
10 158 138422158
7 123 965147926
36 23 363445587
94 106 370401603
59 108 259280936
126 2 178140242
174 132 621960400
23 168 175425649
108 52 596630036
80 142 340871434
56 99 923723889
97 31 470744450
22 88 414699620
142 82 222511906
1 101 557816151
45 144 193719234
158 110 856258408
50 37 176410317
37 86 384342363
95 119 202944839
101 147 667822159
42 41 472179380
107 112 248502834
52 160 36493937
132 152 404347711
82 87 645673333
157 169 914849953
119 12 553776845
101 44 428121495
88 167 668277904
102 16 424840876
94 76 240530915
92 137 624275015
16 57 984340967
7 154 492926920
96 143 891886580
77 155 909650098
73 17 763745978
31 70 407482371
19 81 22619760
44 47 195212010
87 48 385722707
147 85 576984369
155 120 660799665
67 72 276765300
57 148 98954761
150 162 809010273
90 49 604825780
85 139 888241373
123 64 486761790
11 39 30145014
93 122 121758926
