175
153 155 0
86 54 0
36 14 0
120 137 0
112 173 0
167 165 0
149 171 0
104 134 0
48 115 0
16 48 0
94 147 0
79 99 0
29 157 0
28 94 0
100 86 0
122 98 0
97 11 0
145 119 0
4 70 0
112 26 0
84 28 0
107 108 0
152 49 0
153 144 0
9 2 0
4 156 0
158 97 0
45 109 0
76 4 0
146 31 0
164 130 0
47 123 0
116 127 0
105 133 0
90 1 0
113 135 0
55 0 0
83 116 0
56 20 0
105 100 0
39 83 0
76 104 0
146 145 0
161 10 0
43 68 0
15 153 0
62 88 0
55 122 0
148 9 0
81 124 0
65 160 0
24 128 0
73 169 0
18 167 0
59 77 0
118 27 0
174 114 0
90 42 0
40 162 0
143 131 0
40 55 0
143 151 0
62 174 0
140 150 0
51 96 0
12 146 0
118 90 0
140 172 0
136 112 0
120 110 0
95 35 0
41 39 0
82 132 0
43 129 0
46 30 0
29 13 0
84 61 0
37 113 0
73 12 0
22 105 0
5 62 0
59 41 0
37 7 0
158 3 0
67 84 0
117 101 0
168 37 0
51 23 0
93 81 0
38 8 0
111 79 0
47 76 0
91 51 0
152 111 0
136 118 0
159 140 0
75 65 0
92 158 0
82 59 0
103 43 0
95 120 0
52 56 0
78 74 0
16 75 0
38 73 0
87 29 0
121 95 0
63 78 0
15 40 0
32 47 0
46 22 0
19 18 0
32 46 0
57 67 0
71 168 0
103 21 0
164 103 0
102 143 0
125 148 0
80 71 0
57 36 0
92 16 0
107 32 0
121 87 0
102 45 0
139 117 0
163 161 0
5 53 0
72 92 0
33 93 0
139 5 0
142 121 0
142 82 0
72 44 0
34 66 0
60 142 0
126 139 0
138 152 0
25 15 0
60 57 0
19 102 0
69 33 0
141 60 0
85 69 0
80 136 0
154 19 0
126 38 0
159 24 0
6 125 0
17 126 0
85 107 0
106 72 0
163 166 0
34 163 0
58 149 0
91 34 0
106 159 0
63 85 0
138 164 0
52 91 0
6 138 0
58 106 0
64 141 0
154 58 0
64 52 0
89 6 0
25 64 0
17 80 0
50 63 0
89 25 0
50 154 0
170 17 0
170 50 0
170 89 0
