175
84 142 0
68 173 0
141 113 0
0 56 0
30 53 0
102 168 0
145 21 0
62 158 0
154 1 0
60 40 0
50 134 0
7 19 0
72 15 0
66 33 0
121 88 0
59 163 0
88 26 0
67 27 0
150 154 0
61 174 0
97 139 0
155 99 0
11 63 0
126 93 0
45 146 0
18 41 0
171 55 0
105 120 0
159 148 0
3 166 0
158 171 0
137 38 0
80 75 0
168 131 0
113 136 0
29 117 0
51 69 0
12 37 0
135 62 0
32 85 0
0 45 0
80 119 0
44 70 0
150 127 0
34 155 0
91 11 0
115 145 0
127 133 0
51 135 0
171 100 0
53 48 0
168 122 0
36 39 0
125 71 0
27 130 0
138 165 0
119 60 0
39 110 0
66 4 0
116 83 0
141 82 0
35 43 0
33 109 0
9 143 0
40 111 0
69 137 0
84 17 0
5 157 0
24 32 0
99 169 0
170 159 0
13 160 0
82 5 0
43 28 0
88 153 0
74 51 0
44 12 0
131 156 0
173 128 0
99 140 0
17 76 0
15 150 0
36 14 0
83 167 0
82 3 0
31 8 0
135 90 0
18 72 0
109 29 0
122 118 0
41 103 0
5 116 0
163 104 0
90 66 0
9 78 0
112 9 0
70 42 0
13 58 0
46 96 0
102 35 0
173 64 0
59 47 0
128 49 0
68 149 0
48 91 0
56 102 0
153 95 0
148 138 0
143 52 0
119 81 0
18 141 0
107 101 0
27 59 0
170 13 0
158 112 0
108 67 0
153 123 0
146 73 0
75 97 0
108 74 0
57 65 0
54 125 0
34 132 0
149 44 0
56 57 0
41 106 0
78 126 0
12 164 0
62 30 0
67 24 0
70 121 0
136 46 0
77 151 0
1 115 0
128 147 0
144 105 0
72 108 0
31 34 0
94 162 0
4 61 0
60 152 0
118 10 0
130 20 0
131 7 0
20 92 0
48 2 0
100 22 0
136 144 0
17 114 0
74 68 0
8 16 0
130 54 0
149 0 0
65 89 0
30 77 0
54 50 0
38 161 0
92 25 0
24 80 0
154 36 0
35 107 0
77 31 0
81 84 0
81 94 0
32 98 0
26 79 0
75 23 0
69 6 0
37 129 0
113 86 0
15 170 0
78 124 0
52 87 0
46 172 0
