175
17 87 0
17 125 0
87 167 0
87 107 0
125 115 0
125 37 0
167 8 0
167 174 0
107 42 0
107 47 0
115 60 0
115 33 0
37 157 0
37 1 0
8 83 0
8 118 0
174 46 0
174 79 0
42 141 0
42 93 0
47 154 0
47 78 0
60 23 0
60 67 0
33 155 0
33 70 0
157 100 0
157 135 0
1 170 0
1 165 0
83 81 0
83 3 0
118 28 0
118 133 0
46 143 0
46 44 0
79 164 0
79 172 0
141 71 0
141 73 0
93 32 0
93 14 0
154 80 0
154 113 0
78 86 0
78 38 0
23 105 0
23 156 0
67 65 0
67 114 0
155 134 0
155 13 0
70 58 0
70 169 0
100 117 0
100 92 0
135 62 0
135 64 0
170 52 0
170 59 0
165 88 0
165 162 0
81 122 0
81 89 0
3 82 0
3 69 0
28 54 0
28 120 0
133 126 0
133 160 0
143 98 0
143 20 0
44 103 0
44 136 0
164 72 0
164 132 0
172 94 0
172 21 0
71 90 0
71 5 0
73 101 0
73 48 0
32 49 0
32 22 0
14 25 0
14 27 0
80 7 0
80 41 0
113 106 0
113 140 0
86 74 0
86 153 0
38 29 0
38 152 0
105 30 0
105 127 0
156 15 0
156 43 0
65 66 0
65 111 0
114 142 0
114 166 0
134 18 0
134 63 0
13 112 0
13 9 0
58 68 0
58 163 0
169 16 0
169 50 0
117 10 0
117 57 0
92 96 0
92 19 0
62 40 0
62 104 0
64 161 0
64 168 0
52 12 0
52 99 0
59 139 0
59 6 0
88 95 0
88 0 0
162 150 0
162 34 0
122 158 0
122 116 0
89 149 0
89 61 0
82 55 0
82 151 0
69 109 0
69 56 0
54 35 0
54 75 0
120 124 0
120 173 0
126 123 0
126 138 0
160 146 0
160 159 0
98 53 0
98 147 0
20 102 0
20 2 0
103 36 0
103 11 0
136 26 0
136 85 0
72 51 0
72 91 0
132 31 0
132 108 0
94 84 0
94 45 0
21 128 0
21 121 0
90 97 0
90 131 0
5 145 0
5 171 0
101 144 0
101 4 0
48 137 0
48 39 0
49 24 0
49 77 0
22 110 0
22 129 0
25 130 0
25 76 0
27 148 0
27 119 0
