175
77 158 0
77 71 0
31 63 0
31 10 0
94 128 0
94 30 0
113 130 0
113 150 0
87 12 0
87 116 0
108 172 0
108 144 0
67 131 0
67 154 0
54 146 0
54 55 0
100 15 0
100 38 0
139 44 0
139 52 0
48 42 0
48 171 0
34 23 0
34 133 0
66 104 0
66 8 0
110 121 0
110 141 0
59 136 0
59 112 0
101 135 0
101 167 0
1 159 0
1 64 0
2 50 0
2 36 0
25 86 0
25 140 0
160 96 0
160 69 0
120 173 0
120 45 0
68 46 0
68 125 0
164 19 0
164 18 0
75 20 0
75 163 0
26 56 0
26 115 0
91 49 0
91 29 0
62 33 0
62 97 0
90 145 0
90 82 0
107 5 0
107 126 0
28 166 0
28 114 0
80 43 0
80 148 0
65 118 0
65 32 0
81 161 0
81 152 0
3 16 0
3 119 0
129 60 0
129 88 0
127 4 0
127 74 0
47 70 0
47 83 0
169 7 0
169 35 0
9 14 0
9 98 0
143 123 0
143 78 0
162 155 0
162 51 0
40 89 0
40 61 0
85 17 0
85 6 0
174 106 0
174 157 0
76 77 0
76 31 0
73 94 0
73 113 0
102 87 0
102 108 0
170 67 0
170 54 0
153 100 0
153 139 0
105 48 0
105 34 0
93 66 0
93 110 0
72 59 0
72 101 0
84 1 0
84 2 0
21 25 0
21 160 0
156 120 0
156 68 0
0 164 0
0 75 0
39 26 0
39 91 0
27 62 0
27 90 0
142 107 0
142 28 0
13 80 0
13 65 0
22 81 0
22 3 0
11 129 0
11 127 0
58 47 0
58 169 0
122 9 0
122 143 0
117 162 0
117 40 0
109 85 0
109 174 0
151 76 0
151 73 0
92 102 0
92 170 0
132 153 0
132 105 0
41 93 0
41 72 0
111 84 0
111 21 0
99 156 0
99 0 0
134 39 0
134 27 0
37 142 0
37 13 0
147 22 0
147 11 0
138 58 0
138 122 0
168 117 0
168 109 0
24 151 0
24 92 0
79 132 0
79 41 0
57 111 0
57 99 0
137 134 0
137 37 0
95 147 0
95 138 0
149 168 0
149 24 0
103 79 0
103 57 0
124 137 0
124 95 0
53 149 0
53 103 0
165 124 0
165 53 0
