175
82 46 305574833
82 167 322578647
82 135 272509952
173 46 496029722
68 174 859260506
68 84 89416719
68 5 190100966
173 174 486348106
34 129 661998278
34 60 394921854
34 102 636484758
173 129 539445059
92 167 758310713
33 97 722226791
33 14 933424374
33 7 948874063
144 97 121686399
141 119 6500306
141 164 438224376
141 50 166193671
144 119 488586730
99 19 648995695
99 140 646911474
99 80 41514560
144 19 160429192
92 14 339368015
73 44 563403420
73 170 687031215
73 161 727684861
67 44 509227878
95 118 634566131
95 35 790515304
95 128 837156671
67 118 335680414
89 158 164095788
89 155 303294008
89 150 695598891
67 158 438678588
92 170 489331688
78 84 807242477
66 27 381664077
66 69 222236624
66 116 414287566
114 27 579143794
43 72 588843913
43 74 153940005
43 23 774644579
114 72 906609006
142 172 362479124
142 94 224631749
142 110 269856360
114 172 391260444
61 69 465677240
147 2 556084667
147 145 970545189
147 138 93260997
39 2 250741417
58 107 98296541
58 71 408440422
58 125 913066467
39 107 673018319
169 38 562817854
169 132 961347452
169 12 374471793
39 38 10456881
61 145 410763227
6 22 605276384
6 105 161824774
6 104 14266038
15 22 134876303
29 24 228837953
29 139 870860585
29 98 675249270
15 24 104964683
62 106 305322927
62 42 742124639
62 122 173972732
15 106 264438071
61 105 339395201
78 74 619074289
56 85 404274797
56 36 433407228
56 79 657557260
10 85 928433618
156 9 997635130
156 108 437162160
156 0 21847968
10 9 485668534
103 93 296927263
103 16 317090554
103 163 305656414
10 93 991625524
65 36 39762430
124 31 23014743
124 81 845699665
124 101 509761515
55 31 832148219
165 59 115868314
165 137 110356897
165 63 963038991
55 59 803008902
152 88 207013969
152 70 19618257
152 32 961413630
55 88 523072421
65 81 411571696
113 54 942043375
113 64 735412920
113 136 144962819
148 54 735754905
123 154 169559142
123 45 657688149
123 153 59971491
148 154 153728499
86 91 586987137
86 77 950159313
86 111 714536485
148 91 987391254
65 64 580257672
78 108 859041484
162 164 105318180
115 26 589427150
115 52 575379266
115 109 933117483
87 26 607094279
160 30 130614567
160 126 740528271
160 131 954418231
87 30 783218902
96 18 110764917
96 40 453987099
96 133 239684608
87 18 975854616
47 52 314143793
8 130 675212683
8 11 402662408
8 48 314674308
20 130 752344464
25 13 566992728
25 49 877268988
25 143 987918876
20 13 546031322
100 166 113394502
100 3 674270162
100 112 37662122
20 166 326679907
47 11 278266840
127 4 963733299
127 83 247779243
127 146 841193185
37 4 346872923
51 21 663728347
51 1 104722961
51 57 283666787
37 21 67760764
41 121 919898793
41 134 882918962
41 171 89017168
37 121 29158823
47 83 465899229
76 126 147948905
149 53 621371265
149 75 951034227
149 151 724642533
17 53 811146058
90 120 728319808
90 168 286808265
90 28 71489575
17 120 588503687
17 117 654249162
157 75 359405004
76 168 501595968
162 49 10532772
159 71 157905404
