1000 512212747
653086 53216879 821295868
625277 251996425 573749256
953951 607173131 339847509
622999 497383073 112087112
862064 793791892 964426223
759256 629650792 354074987
347298 496751447 254069831
213535 257291845 787349088
249234 939732401 759138491
62028 65529943 257792432
639498 125086150 250909708
101180 912560709 499852094
580947 229622435 721590943
163219 391480307 16504329
558257 149553433 844313488
298079 953798381 727163591
18612 744119849 129614990
872936 692141386 995310076
524082 139712331 460181577
957062 857757020 633356122
382440 38319750 282857436
959261 489613881 163069900
506952 79960079 917104704
416140 452017806 160848983
305044 986991619 631016574
587068 430673294 220637938
943183 642027267 634250968
573434 640940926 368915299
144061 558790369 685747552
99067 778753937 87058947
535638 854444418 695848756
912670 16224876 611530293
812093 103297040 207257483
648478 369135314 395964796
97148 238029812 690564119
934144 703317594 435376135
220198 623184328 531270378
158224 853266282 947656165
458166 367107438 804264907
438647 724100959 369236684
420207 671093174 212580162
607014 756171075 425788474
590182 762515735 900610157
168297 579824575 530627785
217771 709714706 574061616
832295 210070585 634101403
54098 173085427 883090030
402599 970163429 522652237
884924 323821736 385713656
927944 460903993 309426578
173777 663891368 345395815
715276 755435277 609430692
79625 124743598 370798757
264584 947817653 694628322
870664 471992946 528430439
921694 630608057 580532924
884930 851261235 884137768
501944 913418682 622220256
432512 232252365 133201070
729291 286707209 951315826
966618 523298573 192231792
150619 281852322 839809837
30536 931397308 80695884
285803 190452625 301370321
942217 489992020 361083669
95165 152370777 457466529
667998 732304604 47942915
243649 359622357 594520099
14302 464835615 800521648
50080 22367779 849296255
355485 133057004 475258460
673359 459109084 765091222
669778 472664498 205958719
261689 680061634 480651029
435929 639613599 585964001
45386 926286362 57890890
23635 428370850 903605159
554940 867077770 491333062
568004 373892896 351845730
501950 56545456 909191254
754469 477202270 581111570
493640 316254433 61768710
263185 395753088 833892003
2200 301771733 59405478
716068 550986032 107786299
359976 597057583 982974494
282368 15509585 871343695
417439 272339491 429797016
853890 275811718 119198885
391913 402101064 45743477
110273 794275920 402137869
44184 757751384 967043463
715004 374990926 268856412
171456 326265509 265890778
648553 565223068 126654012
866740 70632535 740481897
999805 613281383 485701276
107986 196317614 808349556
697615 722024504 891287563
749191 558984780 630296604
101075 38930194 918726641
331647 181807406 494298744
66604 239161607 25912519
962406 592827566 418216539
539289 731721809 652093033
181790 109042983 758577091
587305 263296523 165035936
838213 759910859 49610434
350904 29038457 160821249
970691 70288102 988627028
996861 694381672 436209981
134148 45503903 599054866
281138 668794257 894785405
288650 467972970 188113089
267105 142737295 528361563
95173 861424010 343731758
315291 21418312 109946177
773904 719478688 350223120
430400 204855907 301110304
458618 952963237 755895810
157602 733526101 570300755
603753 272578958 723625041
487549 955765060 470721853
615833 753693005 210529076
140430 250715050 78433028
863539 730101918 730472383
959518 739485584 580531512
432850 419701619 820472166
484844 821661855 979057218
935324 16120834 160257026
205118 9245539 785379481
646182 403027933 438234738
546868 245247894 707240735
810352 288269621 993998015
671061 154405475 90629711
385173 331860564 6316624
153917 888188268 969099176
747436 586848653 767147302
889639 212792029 692849848
852352 934096448 280500730
489816 305512996 185649293
495389 96610964 335070170
576209 754277464 408744284
375411 496603961 996701032
266270 667716100 93275583
591164 440051737 399396186
411278 643278337 449881467
596746 916824065 128602661
937667 955390798 862630710
91789 546918871 950105573
817123 993668424 124904777
19446 145034606 237513970
656452 603196578 614168746
379879 652270200 598997266
949660 561740844 130348367
766980 297525022 73392761
571020 232622698 345661975
849774 589884895 620044927
356421 594683094 552555113
864177 465190486 191293622
937572 137694259 796516131
646307 869765770 118877750
675022 750347548 743116618
650170 619651648 955147886
882629 606100729 856946034
11217 659231656 734597339
498875 79621090 782017647
868686 261096830 874630395
198926 52903967 419054981
594061 599327516 152934969
210676 158126938 704948607
305946 186602160 304594124
745042 149864198 666955478
538079 735355498 673517971
135560 674000944 592656040
996536 334359163 774896148
431741 339623248 917798547
562469 73517350 45931734
942279 560139005 156604151
284149 472157111 642149396
372136 385708611 878044254
561150 887749261 727804993
888083 395953858 609605682
31817 244450408 710884598
124568 68482665 812720463
776181 217772450 481214444
72380 672413106 358751335
916365 283336104 351037748
659494 563616153 620681509
270426 339303583 733612079
626542 205989980 37510802
343816 127898386 425190416
143828 531336080 655438333
882408 622188330 696564517
632198 305674147 409461559
116387 691592766 134022954
705615 829738208 396326445
566789 190175164 202271243
981659 395922844 721034563
567643 853980927 620071782
386659 754724296 643264207
893052 630953261 953132392
210806 235810129 834921281
359579 937462597 290686085
617695 141368375 457659493
459179 12012548 531973674
947905 569927743 906248153
524409 14992516 231955935
38096 49794638 745416969
107863 414608434 752249902
299954 441438045 848300295
656561 721217914 796593812
98159 472231073 219633371
615865 964819376 920753944
644348 763134837 252270316
55218 523057222 974456387
312652 921172248 55730151
278025 437800742 774396809
579796 800874501 757157136
425539 114773882 788591451
304688 664881332 991943222
981707 842343607 672832845
638412 971798871 791741095
625489 889690393 310095332
85195 909112675 631143384
913821 742323332 212538425
335721 770204953 741428182
770295 536944819 548735800
898198 139085234 296806470
476678 326902287 332773345
89571 895725855 107136685
278234 534561238 125479947
736485 623672741 784774230
909511 585680102 81082188
363904 416784420 672299872
704226 929888813 756672851
709064 897657220 645629543
160886 399494916 475522468
423973 233369934 350032409
327787 883520220 713464580
372181 781144163 183502918
195384 788460397 275508276
842546 905679192 103280953
974456 656981441 630150628
613363 655766652 407405392
644688 951968556 758767126
731746 13053716 281951774
459365 679537503 479535126
372439 39697685 799340349
890731 864101234 640925845
272810 634334631 747860868
998823 413758664 972726488
493854 961969363 813559423
812789 927376576 745443381
719764 289180414 881544905
403298 619710530 562534751
737835 281915667 994392542
765860 763086731 697287610
671304 908172721 914145048
386388 500863128 577692685
153247 926885579 863607334
679489 734637068 519130554
123942 771833058 72102327
337446 242721778 704278846
866522 149066468 871067993
46096 302609773 316181902
472746 500349473 679640843
830780 295904381 544597216
199400 582279735 776410930
824320 664303080 729808121
757222 297839737 383922979
899867 171224455 711008690
553979 315650739 427133712
605034 886219717 734897766
757808 295650398 448310033
225174 903657177 616592881
339574 19072938 195735291
973873 212698894 297475690
845407 572941555 247217278
780402 872976269 551394888
58466 34299378 70064942
484853 336447517 980517563
449825 583737310 439854702
380915 429952196 352438429
621978 988068600 850358867
949171 432859913 197247022
408919 36815443 804529449
194219 79737084 89018286
57171 438700845 398304843
344465 668586152 629130562
454303 213300348 444334563
873813 613364589 642385824
850033 952895032 970904131
345857 312819441 904280174
173682 961115733 752193824
976384 878243747 961244214
957002 907669590 804320734
85470 755350956 852187786
688602 725615515 417169983
200553 914294216 810155861
924608 575616087 81262872
124703 514162206 805606440
824523 859659960 888776228
416042 820469067 823075934
159321 81889293 438219009
250264 428719857 188306699
49242 484816191 239145763
22214 160628767 779597768
34700 489377260 384074682
309072 700405995 245857166
410453 906603780 722608638
374527 267303221 822446078
577789 254566713 499553942
517104 137393173 555830771
635841 140573455 570053379
834036 123358414 716615358
300328 370076573 453275609
281966 928058100 417759622
485104 503880760 94674900
143438 29577362 476951235
605674 316156954 325194163
251773 426830731 489756821
232642 60427892 977231703
573153 789667620 24612665
2395 750306616 229990135
154410 156248455 53593494
651115 203578580 689370020
23473 418756314 495518879
107968 742747724 765143246
418544 449440335 261616084
883008 107566370 998685637
468011 538135880 108016426
622527 266349406 625802945
203041 763247116 908982184
914617 944080396 148184007
379236 252406249 162160355
589453 588563261 411558254
946396 866823181 793479020
804916 701973564 838959256
496343 972870143 6513150
498418 348333362 875210821
684427 757429734 505246212
555205 809111910 42820395
79548 353388481 374702968
353661 238742214 193375306
860142 300594372 759522320
533102 364685128 132026110
601827 990896571 648543241
931772 192379518 782711248
231302 385492702 398209790
121147 805338940 483736076
349137 966403450 705790036
810443 167671608 656023205
39045 780153900 741775854
761465 280367789 448818
697518 195734489 728270572
937839 410380338 123707970
180700 886986666 701606893
905252 540529941 111223432
587498 706285348 59865382
868981 78989437 550197356
195951 622455191 481728761
737864 827075612 854633072
637813 223014139 694557348
675057 848999635 980853051
322086 900960424 968973636
973570 909676917 291368292
321346 908624851 962254507
363700 465557798 760669895
951026 708254790 707837044
874461 221827590 736569424
666864 465975399 94948781
279831 799992196 662038407
423944 854891283 447710805
708252 693342481 161630448
34528 122282287 195259074
546703 881902660 419137152
965276 945839931 978765484
677927 545938673 941296104
722081 308706548 207009492
15263 515548450 56695330
482047 665160219 526813207
194246 230991929 253822727
708845 364978523 780947928
935057 97566526 311285416
763025 203990599 733633500
708003 689984501 335364825
690444 815383067 839637379
665798 491310589 213281815
8947 341237389 256634190
657087 622690272 642174598
488374 256608271 636724817
891213 322213196 818591933
17251 727239822 693869221
425633 526840486 346770556
787660 586864082 575249529
794465 266796379 277109154
590967 617363349 241313939
923660 7234601 52504431
866529 784499353 217994531
680006 122080947 966293417
883617 836170621 564296190
65673 720243776 917735083
727574 34812970 696331755
803192 83289180 200438495
954978 15892162 685898239
553096 492665714 976756140
110541 948998766 484269544
359389 988410247 3682500
939719 156378957 563631135
253561 238940038 370921258
327256 729251216 318026251
334909 108579984 514471753
429790 504543573 655004898
39589 486006042 57266355
217681 132511076 209098825
459483 864255085 322037574
391935 861904862 702638960
956391 706125693 981047320
758086 208151646 493832019
78064 730502909 702349986
816475 298949473 214417956
880378 712806852 303001352
529586 63238155 691434695
470590 591597494 761745314
170193 9739465 149399206
872883 499538161 733086856
40950 431438421 72881371
560572 776309142 502913160
178704 687251438 988287078
934379 369549542 479195982
982170 422824868 37356338
519157 614970780 492055281
570142 530165799 771335416
350443 284802260 731890903
727539 920312410 401780640
481418 895812937 751612492
416803 88114590 256937041
587258 603899557 403175694
154476 656448595 352117195
240417 573044631 912771012
657561 800350247 101031114
1147 890069709 207275780
548709 614451481 322286082
813048 5931222 326224855
614498 766003847 990530322
910131 425589778 310927613
371930 809384953 109791407
537414 509272281 249868359
632444 798920621 648772283
242922 714566942 647968690
774204 361900101 687201183
463377 116941525 745087287
78641 638336553 815763382
722484 947149325 501384029
667205 497089952 136080379
768238 530168777 820608907
443133 654573053 110730262
910906 366023727 102615078
990265 839528996 784510767
257050 625318131 780957500
537706 521232844 473029216
302281 327401463 916446677
432348 628034906 589540478
296026 800270002 169064968
344186 880518557 747823566
586257 500085862 22637921
266372 98572669 312061114
617745 699974975 958828162
968324 921735758 265243252
163713 463532613 512800555
570237 804456360 193067806
390211 616367943 60536211
405696 987709094 807980131
890613 304206123 606616622
654312 998193806 67669979
604570 408389571 764684783
346202 647839399 200486680
584684 874607778 882847268
406527 662603648 962898013
640706 457151950 784244313
543244 87571941 39314739
959105 73452143 194103431
528777 763528243 862363396
337934 63802554 508319794
444394 531733149 913397482
795992 631960318 79386148
637714 974782101 266958854
789784 120245241 4353013
904826 732656220 973277120
700423 318507044 977003683
533221 55961386 239387602
630028 493828661 945423768
71494 637411582 843755401
965107 766083950 910951292
904155 32675961 412651803
939656 766789857 501347863
173737 568977196 4116106
863069 853890173 713205111
193284 617814659 579795848
222837 474960733 32448179
108710 592016726 833853509
308122 137451931 282534146
81048 699357358 814855816
955801 520378972 998574610
282106 347887790 324427006
693418 456578528 840201479
646759 385911130 571185279
504588 776997498 300245467
82274 419451117 882144021
533262 513568048 585514022
580410 932708391 146496664
583307 679942355 666096384
171324 749207361 182907847
983986 340045790 992220840
549199 962641479 886562710
401717 926311573 725380027
407384 581106372 748614616
402448 741387379 278446649
313351 919825294 275731165
601103 330919186 984725791
764480 612196586 412141235
819959 421995607 295688712
145627 203520145 420179770
8720 970177701 511007669
196156 894491934 727590430
210867 299524740 160242064
821187 482754675 738175500
558516 540396458 540238539
95956 41148953 778116592
142656 261377304 160268029
120933 135133112 150142974
157073 731965111 507290610
454084 220055402 818090984
264822 10700072 508154493
422661 624474042 53437817
921266 723114563 158303898
757494 621478950 56735140
888148 28430863 872811038
431174 431078206 307312971
888795 835676349 462369672
343308 801271352 698616183
140623 674565398 812188497
711195 381897027 915140449
458927 340732827 835351178
209374 835989949 862693925
42184 635269355 789690335
853201 832817909 788507658
724649 257274233 890487678
712553 104085143 643374843
126195 801497979 952253236
429391 695346645 621180569
223062 152195350 61736401
490473 305583722 616762572
341288 166843580 300270755
191393 467389669 236789355
591594 323040697 31424971
170867 736382792 288920322
899384 173559569 241490473
578992 522809060 341548980
928944 633492828 782570157
694575 265244858 489808321
987200 251944693 807209979
240145 620872023 371308853
526532 933462486 191385572
743350 183219213 509080659
938344 929553578 304775859
317705 508686870 435984158
40876 376984845 19583899
781576 149223298 527619574
725963 78999082 445666305
2255 484979630 318609245
47743 727085913 376417754
697679 276291288 369171237
819811 954968043 292747043
475902 788648932 950770529
631133 947537474 472682621
711165 309031687 649162604
547309 531608643 712388643
277441 48251299 873555420
560946 570608488 136909049
134368 314968511 446416779
874005 534509010 78804924
775082 918907966 308136181
55261 823237566 311325340
797918 445673551 978763460
88060 100186205 779699795
662146 860498560 59769031
721798 471677485 376756766
181900 880084582 430449358
767918 438993940 858100086
93096 455499471 50326630
596469 998561957 334774711
71106 585396223 10838137
417544 615873388 707061937
254474 353756169 776832137
3335 269560818 114894941
67831 415652701 608581206
786285 116643306 861718150
734471 511342265 700377435
502320 59070956 997418488
314229 619289911 638447145
541052 365212512 997930745
282046 867649107 966246086
48693 853313964 409304967
633892 203709106 828336734
735381 202734770 201984149
829538 742586710 600883316
242325 163746851 468564859
647040 694914155 210781755
935484 119762931 668282545
89842 694838219 653916204
341874 168032964 101483366
471952 678198997 970026921
990873 844345793 86811335
14789 649324785 94863934
479416 674099723 159130904
34040 908508245 672978866
320573 204127511 53756836
542654 812799568 113040238
718683 226489804 959885141
395667 285975656 449528524
672377 501364593 467751834
867028 967167301 486759910
339870 889485024 687699088
999466 75803757 345930004
918020 930535452 620829148
843497 493198737 693229530
206914 771829049 280280411
573022 797283408 423481141
725490 115329256 27866829
915118 750196536 301356801
801534 800028188 247423626
947577 275649986 447906212
434058 235490689 579831816
846982 509680864 486900235
830244 210931631 850808038
814249 531962676 691187021
126166 783537605 52296417
891915 495982785 888768525
785607 118489731 738607357
875063 11737619 105488401
472689 156546097 832081911
943551 314770306 302078078
645583 160920592 357400466
818612 693462222 293583176
300761 770981322 713824825
320086 43591514 622653627
662172 330667426 757548869
762754 62406525 405437180
810153 487023189 370809371
116826 965098178 722403147
833052 95682685 741514376
923222 598124919 482084340
23500 90184465 661062807
749592 468575033 581779269
646956 239180958 239390689
322215 834958273 485694368
882632 146703406 424254676
915163 588012887 948871662
858166 817438830 775772118
427855 776567419 645426905
760144 236671625 434187239
904098 647253231 628140815
948875 455230205 595712504
666717 751024547 448325168
854500 175346206 454511435
382076 98974080 746216696
792769 263649347 926818669
259650 123020560 567760689
752609 706280397 135753882
517602 353617609 323595903
51477 536254546 397863
139932 942761556 564406710
742400 83781849 120756776
333467 592640358 404857990
523746 258003167 768605237
120444 526411616 432906403
829106 850014812 951199405
814774 631345394 479040553
442190 983400966 403650229
179161 530495869 803005085
542078 705278046 910926899
186207 916408008 818082793
614726 410675305 927865007
575310 236123897 626585829
824367 738392115 69193089
300232 878068545 739219576
838561 225664926 655132145
753030 47024425 390620792
664794 549667221 358624952
965577 116734001 873049396
799161 505124636 119748155
200184 806887061 367424880
683914 285824541 343445040
484450 224717354 640076559
124442 489170058 501016731
929660 206952338 867807620
507762 375632342 95677334
642850 43808093 604259894
65435 612819000 78356958
636841 331975466 1744637
703042 152759884 390551977
601038 574168318 13133362
45940 463096949 327420012
173936 875834574 349092667
163976 887079951 345685388
992616 520016736 857445684
186203 212822826 136753262
369971 481792695 626303019
629737 973884742 244394439
172925 628541662 310470237
887183 116617415 602109616
774632 438609415 911497246
554880 261995997 296439032
650947 393035260 904102689
209056 655588718 976890790
779314 49639132 845596728
722892 926513174 787138343
771435 216067480 235908027
884559 291036340 137888386
985815 185188288 903373790
369704 399927352 744639707
39622 164224019 55935432
850714 891114203 944575049
4476 710795801 699099490
390198 810002096 216674038
578346 407377904 778390029
504778 212502608 427461029
945404 372045220 318335596
198123 795304104 53048231
193930 328507733 840420048
196681 148773792 186402200
324140 483928913 662138765
497605 560308389 31685526
837767 962536568 410810764
97647 291917960 488281110
964583 293895455 368600234
772102 839080373 757196097
646975 819740329 17311082
667896 913475621 73319210
273180 58261704 378810899
250120 672499476 351879150
901409 447826047 711586644
408440 891273755 896970989
605759 142721282 683595270
16423 984409275 655938615
468247 243960859 85475671
922000 141387278 369242613
395105 18961938 268571585
299477 156405985 668624504
464121 753659663 263938494
593430 182078257 325948370
972827 165835358 153359098
494774 490972833 674617792
214185 616114712 337945714
526755 282667855 557124693
378431 427833399 721913969
324312 512393271 56977063
817347 754523650 502105116
214229 816219514 136633869
896022 198076568 622112397
355334 86683375 245564528
606853 32419571 7513953
815893 989658522 782767516
68433 542578162 120784362
250426 453275903 337779369
266275 110724805 927712777
517107 859545931 742092892
577537 779811298 926849654
475198 456335547 137526547
783988 734823126 733113444
975769 133585054 484446612
864606 141111346 243521238
448153 472282228 972024415
532335 602740086 463745588
675955 633962698 588519466
778484 947875057 177453613
627703 521212105 260399122
512395 937437677 532867194
564338 783397497 447331219
250837 97575715 437205041
757352 488610428 917534046
432952 610016936 677966313
504535 883297103 957113246
332710 511492362 665861753
715690 745480663 73231438
758245 225538451 581911732
757280 653222891 687849558
445388 149597889 365924279
879186 703612451 850563699
176514 471630179 722865955
373822 940976883 166894728
465249 947037767 862967665
798554 370085482 433047278
322026 442142307 107084359
741073 630316231 409305329
986087 78992215 362934584
324604 425793106 905446141
428365 371575641 166281901
776501 188010298 351583594
30618 974753741 935257397
540232 947367383 417632514
700749 120568106 459952573
55815 230584515 806655418
159467 508634251 385486385
922676 680732359 235961064
207688 331588373 110720910
581459 79381951 742587664
639045 651994348 659523481
949351 473713611 861051973
445877 579477403 498896313
531839 241349067 144032122
896529 225627342 36337874
777282 324640482 724202141
193273 48479631 861428761
443607 490042641 666453862
978495 577642816 255941194
890436 60179235 296297401
951596 248613444 780042592
723703 3594261 732831521
948996 163949452 801692079
369636 618902654 714731774
959846 383734439 231355429
794164 141876524 791121213
917067 140728692 456995905
451426 513849092 75227045
142449 118770592 509995050
524418 954841135 93061865
323473 847497385 99292412
404167 440598544 377223120
185861 52274375 119338384
297384 247205783 391365204
375260 501456340 494443489
255405 639942867 769301144
190013 551191274 632362137
396595 993942198 160574399
876569 241278087 884924533
291661 665573523 756395732
336021 99211529 845872039
910967 952996566 898971365
490441 967910998 70423169
311263 560378769 857957685
710271 253877307 304543980
5946 993287886 588967111
523502 145828352 124697128
861561 770237554 584347100
606930 305017509 496417117
368643 570980908 682868687
551055 440338136 390724546
147371 987467684 398536544
454425 547380855 418100983
987976 43585127 544595526
451237 723695386 691226561
185315 339692220 394273203
64755 754868589 167830851
70944 271299805 753140479
140956 836099945 643027348
858629 589745253 846274245
145274 632637516 170050087
902454 421421449 98702731
154935 287198886 855927568
808209 505933368 543134378
375179 517294766 609543795
24335 152960711 557545932
2784 644952669 127230604
109702 475387135 790345076
21213 197219809 928191871
165056 656317321 629890290
53937 295562448 261025481
594315 975453955 652031788
170063 897980353 914404887
919896 290137044 11695420
468627 507862353 13490732
901300 322031591 345783839
792159 527298155 245785704
558013 11925915 89163678
18622 357801260 162557032
274202 869785881 714020424
561526 34658064 40491100
134724 643817662 688452868
810535 819354339 507356460
778715 389086598 75946769
134062 213670883 630334075
337921 79524342 620786223
107383 849302622 985346126
334411 175810377 998961734
245669 296296200 393509211
305263 875919514 845789261
520466 609983909 840495479
494028 625032393 874815333
649333 298228156 14733861
479769 393687407 921590867
786432 808995761 561905619
395524 260138903 457882855
423133 628369843 591252449
386006 932069130 989685197
514784 513239739 308426083
360856 915515935 661727459
422749 520465823 517947675
701740 902267369 651506757
343111 350464882 394024234
526852 284679153 372928887
395181 112778140 629148762
603180 559779144 554325523
655752 662002001 871841077
553143 956952558 690246982
218595 771088292 709032874
622321 608876713 699864289
52016 715655266 994216038
27327 851001024 786941
40323 365326535 904452710
711631 716995590 579765078
547212 369431978 264959775
545259 253852220 743848790
846601 507126971 45089689
467632 656148201 366777607
530000 675191985 225041181
895822 89414457 254834941
758710 849886295 848891234
106352 96861185 251861855
454214 726062640 953849193
169228 912887485 773045703
537003 722804440 108964962
527432 626563337 353356761
760399 925042595 56268486
563128 575859394 642114768
894699 3640886 483517952
914920 943432818 545370452
282738 12849860 340831753
644629 342673955 449596535
654530 757398441 527684723
84975 80094664 919000909
951482 876583474 102771245
499410 310837450 702514201
956540 311089936 189459775
864103 747632284 295933663
947667 234217030 371221030
75528 69406923 653182404
134599 798011795 919414153
972241 834095968 442096796
801021 615230579 355999649
482279 475284484 447753876
772751 999090779 886130378
749309 341198168 801185370
473655 376508688 108140807
980188 849212033 876260635
399922 373367884 252687934
660811 432541435 607414013
673869 376557907 205607890
132772 502311170 287267413
399425 501808881 725459956
661353 130397062 300899786
534126 420113512 830205433
279348 719785369 786966497
83517 492231086 93636527
321499 365575404 385626632
202419 605433897 287068871
109186 587655893 836064363
641647 264476433 614253084
423206 355515677 694729906
525286 339197360 453291170
221964 542151540 67216412
205622 49004529 351311449
813990 653735644 512660552
707940 602071331 662193370
3634 425098193 658059791
13359 548553780 182343302
129070 963636378 509738378
365357 695588336 88696076
488383 598855437 410541309
991483 110467903 589430280
873714 883269260 186993552
792434 58145728 8215082
133583 831050613 839260896
745174 160253191 56969382
279049 607435683 183553440
503076 304365117 187622251
88462 930087816 231522635
463541 71150600 257590144
355438 706758487 476487618
35099 238559672 953222833
138142 982004034 172167566
71367 868771432 958294603
316400 524171524 544525347
131425 305501694 343121708
929066 494887207 56012879
363100 289497335 868680792
344149 352262651 538570546
393381 859592519 23291591
261873 971029034 728761129
781836 995779940 54664506
985374 635978692 125014011
817781 491644946 140083391
896750 514800460 183106949
263957 482941375 569399128
64030 508001743 863895321
303704 278860990 559558186
426796 761388340 802608586
747846 190120997 25884389
