1000 522269137
621191 944247676 861191407
514465 584659360 173307651
326318 781908906 623117229
780779 460006734 319778654
508870 46616993 46328500
230918 507187245 827385881
156205 858213615 841847192
65856 806029858 404013297
193929 173644944 995096861
86750 752494043 814478332
878066 790882538 656074699
52766 908177106 210724369
668498 797242912 559704711
74440 880701653 755433487
581691 793485892 160190149
903493 566498601 188341151
80510 647297621 329707455
977872 199155535 698418576
195933 284898698 480608101
79436 588361800 124400866
704978 97787891 689474400
154587 756021903 688269152
975643 354843180 465239754
786579 617853758 551268150
473472 144956968 228411076
100361 290143903 281946352
581652 59692751 541555556
1101 54713753 743027403
603328 325472024 932539034
606353 110654283 782340820
902248 755759173 624819835
739429 453604706 643243881
876564 505877741 14235807
200948 55464638 902840992
541573 71096902 718261090
449122 195470805 26019137
741194 360133177 635199804
118639 426705718 103362529
551703 57416719 812455084
936065 174166750 397597324
308070 216026555 161711465
239799 689259732 578596563
577494 109361965 329485724
109004 697888236 345217750
217441 735703030 13853515
463005 117284530 463580368
363518 747185029 590384360
677564 360041087 332954003
937666 811474942 296530441
388523 304439727 695026961
59550 484621848 986589118
290504 999735634 932745431
650780 487085286 983036147
2076 243415004 197932319
189926 537935799 112085598
83720 662287616 989649737
344904 303816648 89143501
354330 291973751 469885882
886128 799207923 116525221
82787 957621987 570373251
727452 683434148 27400943
385604 266129296 990279669
316431 94785570 430529973
210869 965641532 298419193
745960 632843186 740473221
141602 216276934 196307292
321018 92802285 772313118
572862 831625401 748159509
230328 399302577 789660347
826191 698674180 340854251
260904 553045693 531778017
433678 543939046 246539310
618032 528259579 176201480
419933 411867083 276974865
945350 383923373 354081112
633583 817384181 42695565
94012 238361011 401040101
110659 718649408 171809756
68093 576224190 711257242
178810 491491671 733087315
961493 811414680 597385223
610554 659481330 700320441
728539 822696509 317447413
707188 25246612 236652073
626562 789832087 766023650
505270 617189072 309658826
316284 302641599 211792796
175183 383286533 553346723
744598 523715200 840801619
8545 339336294 289870921
557449 223733742 477744889
277777 188663763 394125918
762043 778606671 66569397
936202 536282475 151636663
871102 242127476 828720775
34300 153673835 426930670
711586 722627776 76678276
456367 867840470 756759158
746557 568517454 896989280
132322 197641905 847811653
171238 534680503 786283934
171760 97593603 892170151
455576 994260276 871668062
399637 599576715 893274129
363346 703303335 151080902
206139 873599932 335108578
798547 826024304 73809959
430219 677705804 375034511
205702 888245738 251423599
503564 197017373 88304433
81531 694237867 869403864
580925 360479101 691380484
899081 980222812 499123138
34863 390633862 569627162
439387 264001542 989496315
933484 967300901 979857441
98466 429142082 49891821
219132 668161543 987791818
272913 257032307 556838252
955167 896744861 608196982
392172 410816602 806706356
321826 842214154 461681772
957973 799918162 464806058
924606 975948847 19223093
754182 438177937 744752439
225455 780869985 82461247
883866 748830330 60191932
168937 999397119 409342991
442016 355123014 463234180
605891 286875476 105592798
379199 685793687 749944657
232138 876149634 68680585
677753 194291171 366160841
892476 591542912 989620869
198256 968845768 802474380
171264 381913589 628504374
839662 962379488 688281592
432598 543570771 108959447
980409 161076670 141393911
343370 169226029 429346467
140836 191920869 41465645
902440 302358904 664209559
102057 535864590 319190720
906683 781072990 575926539
585885 292663511 503739072
793432 616635558 79402031
213877 180868415 414549568
586385 473584317 411449807
299056 816608221 140233923
904891 630497033 628282067
750477 661689300 47493116
529908 14092927 282298825
789363 100258752 498631181
104389 488613386 390678635
832564 148750961 628675436
213084 425908725 533370504
294504 433860393 552629175
841666 442244895 895114755
604956 592867006 381677028
988796 767501032 634015435
758842 362303599 453252038
284906 497993644 554871788
400394 707980727 737891899
242365 352866028 294385482
367399 880662338 177271923
674030 786942753 814885271
392916 232101156 446414724
134210 367889802 464873706
76696 865841820 470446122
410249 686435120 602610167
610153 72990345 149828556
756868 860552924 833550759
593724 193236504 852062644
695572 931981520 275453967
19617 765208521 626557619
531894 445482476 237655122
674350 320499589 241302484
873441 380269768 580499483
722891 318586594 70283957
336153 168064356 838496182
291080 767464896 322891806
264396 405736231 454959435
962261 114250013 438667689
73542 58139052 960470712
596146 755073031 456811688
516106 128902668 717973884
615091 499336224 684981318
592986 891069674 773417054
415741 771859766 157588774
653141 974623339 386421864
885867 222290572 245062840
708325 487867905 568294246
563585 985195822 983602420
417538 201223632 429077034
619451 983458643 308586599
959815 476760372 117102382
164349 897481167 324922234
826636 18822245 158977812
371212 818995086 207698040
255719 431103331 144644079
888784 598975916 540592136
569898 807064776 956710091
239129 601321177 642919009
128223 206900720 914669336
819682 896686518 819152179
527387 159733683 327416711
667925 185637758 878733198
945305 810713924 423236653
622577 994079824 899412469
240114 691672926 490418542
152686 672803448 948384447
192273 815492291 119910419
684638 39579465 550143026
636891 175524324 315936509
224440 127793095 690487843
946865 561658680 790999197
860387 704119855 522861903
36272 891035788 350490088
813496 166163940 49162058
347128 3412895 815370373
593047 263869133 177198511
378624 700975607 575045950
743401 545068337 523924261
552187 218369549 742890662
728075 829424059 507963939
96887 761708298 79208171
521091 804347945 957208940
652469 398061561 512191577
292109 725462339 106510818
519626 412965486 717855545
808322 898316144 34001117
542969 428346510 176620509
150227 867029191 114154291
189113 347429125 393324073
325925 296635133 602667326
294737 891173570 930543503
421383 52022549 755658490
169924 558231979 924691120
331981 775296029 673446504
774649 294260929 90533056
720763 777500588 164492351
399195 781408271 762167811
584116 452092385 978570860
822159 997853792 916371760
597294 432725604 671150135
400557 543218841 490742660
853595 725386226 616573613
434958 594515248 38172715
940485 287615650 842054121
959166 954922264 909445615
813696 61797375 932566526
522389 905669953 63096743
210618 111295798 398697156
932326 483661446 644521591
717401 291310252 459234392
73942 72915846 581962818
977871 933843167 571743863
545210 73275452 717111298
687251 318805295 75454349
52055 582151568 885676823
999116 701128369 131201723
32724 249635098 683086058
234120 971558736 648150438
434307 695127281 188317799
761733 876047502 100276735
66924 520447675 977848447
611643 994295698 468471395
25865 924271512 198224497
831757 749850170 126490234
228823 402935338 824094688
972983 604346753 759586714
760512 661036857 724854549
612182 879381040 995991337
437375 419933099 865450416
758683 458098854 107124868
832793 922379007 164832964
297897 402347380 165459331
245394 774760958 118828380
535998 776331524 416098025
494889 470964009 610094308
937924 343955067 433739889
707001 80355395 764794863
854188 63676428 159267293
921480 656606828 666453321
520716 859377113 710590456
987089 575686497 672984590
756674 311163033 266925246
890334 312715457 714501241
665459 109939077 907827001
468718 706469412 955545840
874865 191515719 917617932
654015 365910605 354964563
281198 180558362 217929932
23050 887285362 639919062
861975 926590074 484782025
972964 1895690 624869701
959154 832293946 83011436
959157 752418826 901622437
208601 300048666 912830375
993988 416886196 806482642
163098 411848961 910115317
124451 243296518 220411518
76552 951446724 982017009
719376 519077374 457212477
227748 16527598 302779161
995992 596355953 83309306
838488 11239415 195033109
431184 553717819 722126465
199416 77352574 500624716
526522 791612148 895794370
633699 287378348 482871933
145563 642702729 176581890
251595 771998185 487826560
337745 716115999 631175387
693525 257037224 437256784
698948 871354351 194687303
9208 172721251 230709176
785646 851984507 839368406
3998 254716670 268357423
607131 657422929 179406673
114082 147615200 327203667
550788 138938609 945728561
112231 503550041 590433547
801781 92881797 665388122
116580 51594844 259067153
871435 921086448 603171440
927338 787299397 952029246
507126 674671636 535289912
555470 477697001 82220788
924338 514625556 164291387
347058 156942807 575346453
996516 251611782 855114594
882990 425202562 655527030
131613 598022087 967631447
772453 610744382 385949103
582313 435687295 735928812
826935 471401477 425024035
757814 564762820 556547573
990137 709513892 746055212
509188 373148511 679326041
371292 394273698 750569849
948939 237814571 612890956
355536 856226725 843091013
984710 868227934 650140736
506777 581785974 222109186
688231 396797356 398697604
997924 108116849 645520022
911209 19215905 857855216
827812 103006686 230610664
958102 63810569 222194369
358979 542378297 272025796
243744 169218517 439504409
516905 19340183 691265193
914175 782418112 920771103
395479 237705361 550526684
739417 848623730 154448614
677349 120438092 347182792
868836 712884103 574715906
254320 395400458 529877393
386079 101090637 93179969
297439 614699375 219475161
799254 213708054 172743200
362542 292977847 153333528
48925 392964203 818523733
408823 505766375 588624852
946683 634688689 557906429
271190 608282358 673562843
979990 82358787 471027449
987668 10440859 295647591
430269 326220694 710901080
143178 193141667 243278846
37534 261838655 24420145
946703 823389329 864270442
470926 88660749 9914916
993925 511143768 72061479
514838 865669152 261978894
870087 667950642 695199040
738659 950788190 984439136
147021 344290185 902126009
943818 6216992 223870231
344214 586690745 969876403
221769 639550482 761198145
531905 397691881 965084546
230643 759070452 750497018
583326 421294068 31797256
874452 276296322 669764715
411403 637916535 277789439
151869 252557536 417019099
92119 456210130 587543104
99895 35579571 888091960
936126 201624193 656708923
596480 821185905 582136024
609334 151267718 309512681
451776 741434723 835155045
509137 90599451 92758375
810787 86744022 226385947
962120 58324853 46881938
405975 847501339 280630747
629504 336479432 601274678
653716 556496371 691050915
537756 565830573 94896911
33695 813380938 455819260
518083 400969532 386430603
214257 682797981 205984363
923625 39411347 567699043
32396 859566819 671179718
223243 503802541 331538317
564236 798374761 804548319
432083 871291477 422524325
788421 752002054 817278521
635750 824647088 973205698
575012 726932388 258346076
900102 706441230 946005769
895940 305912943 287865843
96054 555412888 405990964
772765 633733597 249986362
478500 263739519 607787316
554253 713508062 129996915
911078 385473341 719362692
974171 694046811 290144584
426025 788808674 881234405
988920 797216596 444651769
636197 612605723 150328
898838 211774258 387827641
903380 419294578 807667211
252170 17787586 314319786
724805 470177440 283636397
544377 124588247 306868362
731031 801239365 482237915
875634 855093137 405521251
368617 925553270 973731636
978228 909901452 885278817
434429 536174700 790017462
896750 630964115 969536872
714976 878934217 981492168
511282 598716865 140274248
854165 65886619 141789197
336969 971628865 115072256
962233 518779389 458500089
260895 437744987 69024696
338020 383786605 399655961
262376 61717650 649553005
109229 369151818 70177703
772835 375940231 92024810
887801 102015808 685615114
724408 303500743 461787037
170652 714487627 628938798
657371 72279294 240084260
613510 107493528 275316839
780015 63789823 485505829
907108 317482489 575669851
558212 538716570 992278624
595680 973921349 68412111
591541 363767785 564318441
482356 978390888 25503744
545172 249811248 956308898
532951 492892668 563756389
623072 680112655 75655921
483294 361095339 748869855
402119 290787639 615719179
577500 359761052 790568041
272362 801097970 51811542
792273 564835118 178562591
751985 954721553 504880882
245459 271580556 603163278
794038 774067295 839479950
818069 129586442 785404386
458911 618444545 257778123
118678 277654395 557428325
89803 963518736 198630681
323286 659123176 114338528
930608 241421773 360923186
386414 690035415 604987793
818641 575072258 123915579
137964 328209030 346745788
388207 999053443 822937073
66072 330126246 683551369
259360 253732521 762969118
636446 839492617 747458100
997018 199172877 835487696
593091 328481592 951506239
489292 666127678 617274824
851990 993249911 885130098
9125 502531723 930297319
636167 434960492 39711926
253961 526678661 176446855
645968 844352548 285122304
700156 6428700 286943282
626397 725362659 288600270
741842 210243865 956290552
520151 767757797 458095603
301669 645311538 231639704
926701 165253936 483012100
516497 262900968 647153990
770511 687997794 618417726
843590 183374363 763310046
913948 746992874 651526976
695287 721043857 224351548
614131 313864846 162978573
384132 687306068 849832259
348546 964571876 113535635
320359 707183734 23910026
179934 947716213 261818108
995942 34548255 704007891
699908 777201248 271062451
38614 118155227 978468066
729832 326818885 428022908
957073 642089855 930054824
569302 572881858 47574318
409194 472649673 611105287
604120 418600619 748189125
922476 338856876 686844782
21455 889866551 160228201
669230 847047288 277355404
131046 582335590 410304540
217145 863472728 923051991
13295 274252541 659234649
224447 776271925 170998300
329469 93992040 226885157
501309 431018891 76742388
563711 11831360 321232760
500974 469731186 215876533
999547 108856521 319034339
600960 713211184 31126058
745870 99899726 370669383
153731 998165945 719621038
999109 307767205 710095882
768934 242635143 693680824
230695 224968917 221228311
715036 346458143 202183297
674408 356136507 313800266
413106 631349103 343571821
728363 794251470 567356771
983999 708558187 586153880
313722 718659747 451597619
944590 734273414 708420682
869924 132787366 847614278
558308 374667085 364389904
254005 528939717 255563146
543587 248698759 640576789
769062 629061029 51558158
653404 331457465 552329771
558497 694822610 20133613
6936 175434212 828294110
903114 291484199 11456069
837716 757301787 34922433
194272 945731377 776787512
679691 864315213 401312139
596740 805417843 156795583
82209 951109749 188665163
549817 599494185 826979097
607537 301328267 831165526
597211 966461905 624432365
495296 760840394 233895405
833530 717016242 279908414
402890 872511774 623704784
671076 683450232 72116548
967229 523605837 783813014
411183 725359634 303621309
599643 195018698 704319301
532969 47922813 608259289
155320 229041571 505787053
641635 455105974 424790341
610925 300595280 407524052
774991 374323765 587362305
221040 71521335 192073376
751880 433538643 650292546
660484 210306631 997235725
962071 271761936 467534565
451981 96228254 600953797
322909 417327670 207153559
117311 204206795 918859367
22575 340717733 500126360
619215 885972865 197671918
630893 337718951 694561472
37217 959734902 907509998
385544 576449592 342630413
438835 874164504 137860944
687326 926086690 887678638
984124 833381387 339023473
383628 458944000 794473848
465876 369444478 401751144
237017 935628362 27620475
484653 951879032 240313693
329602 845473085 901101431
752010 668161919 648556036
262225 176307089 360755123
27514 250266095 564431445
391210 513326730 27783841
472902 973877026 255987189
596899 730509515 638613842
954505 222389677 979077917
105972 117328940 824925350
855766 408453689 864140225
934730 672718024 375141956
732373 130296080 628560489
73579 227515306 287626071
759321 406501344 726217584
146016 518301657 925819907
252400 81015674 647076984
698599 378552347 533037426
600651 259349953 170309427
940763 3102483 699584175
572759 671613620 623980606
577523 980153467 469688729
366334 129644407 913455403
543383 474513078 406890503
525466 52178100 44637360
574203 81540444 125063517
897679 698864260 822145072
654348 254505100 312047701
956459 953217263 150107884
232278 664582779 573788966
661000 739306302 513084637
115902 315375234 947360535
411071 654646667 811093317
354439 320544704 775805158
257526 407670967 158813472
731046 219535818 80965046
208046 968882345 53138644
719226 436072241 630036433
38000 666036417 258930755
754174 337307937 774715768
46693 293617044 50270328
876726 559617739 249780779
598236 787455835 228619289
394660 891249115 887675937
6228 96921712 300666248
895874 770676588 654745585
900463 283472575 28257903
108980 417600262 645112218
277936 658147796 837361214
367884 460408157 512150450
292378 371731883 10640015
26390 526459787 949672971
732602 180187137 790474777
285788 882348591 457272375
328747 415680338 102078121
795917 941680716 151335875
280292 989766240 519657616
669418 502583515 909633914
909155 548760433 492946743
872308 444252078 197228523
684722 657494274 181213051
713686 399788590 49914048
570301 151813136 436426801
890253 606549826 111543920
211980 419035809 845833399
932352 987994378 670397945
916618 889006195 415817179
940589 555555484 575702038
162492 743681723 329786450
932338 411031830 690209166
167546 685778448 660174715
978248 764581065 919698613
637369 29204530 573301959
854609 52101985 811922279
465964 171866613 773778896
685718 544665904 535166076
118122 439318397 749339613
749747 586524898 513734811
87126 7962023 518730314
927698 311698457 601283962
967155 757885496 766127975
119518 873683911 336697556
157989 458693947 774169228
382156 750241619 53349413
297126 88137052 364781141
301153 586973258 738758935
576819 452166491 137490637
94538 715272681 654516168
450134 728464277 402213434
629874 559223639 222012096
92543 973333454 20659787
203010 896187785 562295322
43849 409173629 189956111
991999 943054887 266019310
185696 546357138 435641228
273280 311172980 672582797
450849 749073671 700165705
177429 782463217 368386028
4960 950066451 628417559
91219 122147660 364737726
372450 829952625 827435765
376856 844134485 623472195
170396 964075645 14153165
208213 831532994 553157521
395823 133624092 219648933
501123 178036351 984699166
781721 708723059 178417887
224962 513383942 300980293
429182 340847069 797247030
381520 280688325 535617580
13608 976008423 465335429
641839 72183399 955898673
688088 674912794 531552222
417731 279728332 751008635
642350 618331700 112907188
845543 97632953 773501743
243083 288105024 525115518
640699 158745762 715952684
601126 823410718 106119284
751774 517878127 778221977
978673 722700822 38380443
304331 672617064 458930947
16266 152207486 80643659
105624 447377569 256193944
468392 143299092 71302157
273528 604833022 575052887
559224 863763089 722629203
177735 179037176 989134411
634013 433925752 73321495
632534 137484730 454037222
259099 362138385 231797416
508753 153720987 257253444
264545 43509150 565707472
991528 807365513 608231354
7549 790396729 908774560
235438 691973104 455879560
130103 175432903 496926143
633154 492727763 215428093
209911 992806395 591815706
597568 331597051 214391953
954309 665437800 242511461
652775 186668293 626217183
225684 282860378 117353299
555251 804658050 418593658
409226 584329292 459089897
949396 147781583 869562035
834507 781032927 818806351
199363 237728136 120261152
503411 173130198 910427368
891825 300542280 993865230
653903 472821819 689236421
655304 64353059 709623615
10023 743739943 818889513
39561 309047764 427334368
68471 582457421 292431359
413220 267849481 16786747
501946 210020945 315709946
35170 324875012 488067347
272159 960910744 540575788
17525 38353439 897963311
111301 650970563 300831867
892183 40394639 430432723
368541 503085805 753151676
329841 922046991 109870636
678365 996807284 703303556
380139 606900416 71164556
820094 378131295 436814593
540199 622368482 733330080
767894 875959333 21569507
990542 846389960 12158614
983367 391780029 164607119
934656 525682777 118109189
960826 387700500 806589250
573495 959482409 327923449
329447 429952648 596284468
387015 411567724 998600121
683343 414417872 702655413
727258 500808589 940423762
992377 911529681 922257377
719697 987649111 758089704
970004 959688343 974385782
642253 871869740 5992144
86923 865008633 863779382
361254 76729435 761401006
722556 251377117 872481408
785327 814452581 526856378
579616 26589125 593358537
373536 64374846 591813649
657315 418172248 249293565
308450 974904253 886172978
675447 553349333 183556771
359123 966208603 578179341
272647 932461565 562193402
907696 73506280 411700085
835331 507416877 840637258
112958 688620066 103593085
651709 250503101 931647897
959389 130102105 539208169
461604 724377465 488276399
103978 814897496 723802384
91159 82935698 607787688
983051 512496139 915411427
913357 668948885 549885297
378437 961895158 422004198
910342 888614975 374360077
951308 639966192 289346944
170594 405084270 644903888
132610 636330419 39599652
771947 850202450 529954840
812433 996224666 369016673
321444 82514547 662435685
462406 480215164 522672719
827895 725076673 43256531
735207 775198817 612208099
931178 778816713 535284618
463947 544071697 504199013
515685 769134580 788435469
170166 856389615 583423282
530888 167323760 946332528
399135 697901506 859935005
480728 625393832 598919420
34276 385900489 836524505
776767 319878049 549063672
736849 757227111 236522314
45246 615685063 128238985
623658 898197687 534285389
564560 949569462 370269143
847396 172991671 158399714
376243 468028111 213798458
111999 59887255 401998401
527711 199396985 68293225
903430 416816138 192635987
205151 51506809 565978589
222563 547230936 278803416
775113 424924712 460908407
835566 78297815 698869051
897934 806598281 366220687
350565 342552403 728968887
855050 658917389 272685967
321694 921806874 491529258
969587 49808821 750390847
731159 221883163 545917136
928949 884840320 880778641
884701 942047250 529532871
691386 56197538 430828306
123762 138317893 669402953
130019 845339239 892562265
206783 67587900 631625941
715475 161597878 122717732
832619 516760104 968335302
5691 551826049 411706858
982102 33898881 268035537
252677 671896466 9074159
791258 860812077 534067834
711124 476144520 181659973
18352 984205257 439833264
44333 599689642 967184463
682692 598525229 708414882
193310 670676370 784363013
7093 308452411 348505568
258746 932727771 706631064
982522 102797935 803813697
182559 56279963 790339148
928514 738086733 21526587
292373 975537173 641057135
587190 13167203 568910372
614841 472052590 777258243
143587 175067919 878887093
698112 499093664 446730227
562760 219092237 574133178
949271 160038067 472977372
465242 845891042 315809506
77739 698266148 286376958
748632 925880367 540206961
303108 149583935 207204389
213017 979334311 330214222
975364 320268029 927630774
470519 167997049 338494534
872650 921698451 825895962
437541 357860476 548715920
987769 279035267 511068921
860976 994908709 84324316
361253 519151722 150963707
12011 729573906 935323079
319822 699573995 440698052
88598 811468461 439988059
309945 730348406 443271724
487704 330225453 571229353
100413 418120150 451743176
702232 116143703 124742451
133288 925043439 896962083
529728 316828653 124600340
8390 771282792 656409112
983223 973421886 427310454
391707 672891683 350597797
964611 852164192 745312800
736632 832747709 657598740
907784 902979192 553340898
957269 52380845 931846944
690708 944993311 881228837
397880 8350534 251381772
729488 751494513 322317891
109945 522233827 141443370
780301 540155487 917363144
45542 405636707 362205770
833399 936515238 439995143
278407 805906756 328958685
257107 611033639 494831574
644012 166124807 88524403
885488 74643619 332200128
907902 481837617 22652138
422756 987295434 29238773
709897 601267848 483577281
36655 202159527 134404999
63696 558673029 880579804
638402 488604400 217931926
98145 243199650 665999213
472805 846212343 84470175
784532 809525265 948630050
958069 866551257 422316619
641458 293355220 770362846
50885 172626039 535483600
949495 825674950 595694713
430956 708015965 651508110
412166 514324589 501576930
14095 885676778 451015315
391093 50440694 730871838
43354 915499325 315458484
42065 579754311 995732493
635867 334964369 124761616
384344 74302015 137150339
813201 847718587 488383819
887127 771628579 716647633
839425 672238670 645191650
404255 211946903 449346173
674970 315975073 389685888
967841 43033544 884348194
634501 868930424 556775138
362040 607977992 615393422
889096 669000701 64974853
49586 273597300 844186750
257594 869861230 875957932
960797 281958653 253889366
436372 287305504 947240846
690288 670581415 78169926
205973 150374951 23534258
107091 676957989 785794291
978913 570201325 774670296
643476 289096393 542403611
59537 276247918 251269121
541998 991386699 117916126
382042 946514197 511846759
254752 817892404 877081340
529374 950316904 969382222
717642 448765778 728523229
752235 633330897 901687472
180837 742873233 7065918
700720 204284337 867920687
937916 12536934 742498956
602594 101293022 639969995
739582 791875865 623144707
953113 33571557 5193322
192582 144448484 857560972
595605 370381646 957029558
593055 841936388 699908612
152990 364528809 862624407
657409 227881701 450417379
422602 210916252 839093774
797373 378772918 869388379
271375 697371709 788586052
577521 708229751 358822769
406519 342407505 763741298
650945 414573091 417395082
190658 898602905 82649193
960691 742963518 992526808
533521 810946709 493535064
186858 359768942 445926669
971174 868001684 580938954
150071 863775578 740905090
351577 639728686 253751427
671945 507955185 732225809
401126 263069221 978362729
522776 552209229 9190762
33060 222955678 370108884
859889 808230811 128820825
555363 619505215 144169845
17748 861261284 166279276
445982 206652216 16845640
394705 334440252 162155204
990255 992603326 321752152
288518 373955225 323363481
807838 950936522 230570348
117686 424720502 942989803
170518 661643251 777713599
352116 102713089 239087967
395251 705995151 526355367
657771 604418662 446615320
863909 550261089 355962114
882317 314325885 942746276
425396 68687191 716418456
867030 526112793 574242020
118844 896821831 804645706
684688 24855411 281416360
946554 680342089 85124364
740255 512723785 226458303
754757 500944737 473019875
868348 152734936 775507980
120201 938378014 53876417
459735 304984618 840123946
930687 642636371 565101787
774710 601753966 183508982
323427 983198600 858541793
261278 723817842 58094838
767661 43930738 579576672
773279 496046360 278439963
297401 962854449 801127884
220437 714587424 708050540
