1000 1000000000
22887 1640 107
113635 1635 1820
302179 693 1526
191653 1890 320
255687 61 1242
27896 691 660
189942 1119 1311
27060 327 330
156006 918 671
105230 816 812
251889 661 123
34956 1414 760
222141 850 738
253762 501 281
67039 1722 1826
327272 630 63
189584 868 963
94457 1526 473
291679 1190 64
294902 675 1733
304723 1812 1247
322853 1607 539
37938 1325 1290
181162 1373 413
330811 984 1917
151073 302 1613
287618 477 104
70854 310 968
120889 484 199
263097 143 902
239183 1907 1477
282753 639 1875
73273 296 1600
298086 12 1929
252609 95 1896
169419 124 423
309920 1874 1371
192540 337 327
245952 1805 1549
174689 1214 1135
306251 1289 1979
71315 1826 1133
329170 124 695
294853 429 1437
305705 467 1441
224625 141 913
292537 1605 538
40221 1696 345
47771 1882 1709
322424 1129 1516
207982 1026 1104
60860 396 766
11064 1455 1514
43814 644 1060
18936 152 1485
293570 1994 785
109826 903 1662
103406 1246 175
1708 196 1687
22447 1525 835
78754 633 894
69093 529 682
328701 30 468
27842 1866 679
311285 1269 1551
284106 1800 110
87853 153 1343
223939 1542 297
92657 1338 1556
302937 1401 1295
212293 842 731
293985 1985 481
30429 1842 10
210229 1346 71
238871 82 819
198272 1508 1829
57835 161 696
165398 323 1925
127214 912 49
168042 1360 343
203443 824 1905
199947 1654 1149
289938 340 1797
79388 1245 146
80102 530 1533
146654 140 1464
63964 184 886
142809 153 1853
158007 237 356
35687 560 715
238298 197 352
110573 1472 1123
205312 1918 1488
11971 1556 616
322222 1607 178
226389 699 1752
24820 622 1743
325301 834 1894
210562 1139 1017
60322 1561 365
202091 1563 544
43737 1901 289
278943 815 1630
117419 1284 206
245620 1761 265
161101 692 1128
48901 906 253
23327 1283 1227
180847 88 689
167734 878 1457
143870 418 1853
280760 1571 1087
42875 1859 1059
76680 178 1865
247406 870 1788
6028 1792 562
26151 825 1504
270275 139 1624
122456 557 842
252210 1311 1864
266163 1850 229
305880 1282 1950
155712 912 1597
174926 1167 418
141019 1868 1326
250612 705 1301
245256 1503 423
284856 275 1765
205267 1680 1049
212594 687 816
64738 5 614
83976 1000 788
302469 1124 1556
129490 428 258
98562 1121 1043
85568 297 865
319466 10 1452
133178 988 1018
315196 378 1841
221792 1075 1651
230272 1965 1924
300308 364 351
227671 1736 1185
332503 886 635
180107 2 1872
88297 1734 717
164954 1875 598
288263 1561 1137
91593 998 14
332871 1464 1368
142336 670 797
241381 1229 1001
215810 1554 767
96710 126 848
26698 1703 647
22224 635 1740
222776 1354 507
102792 869 27
69080 869 277
149335 1989 1967
243753 534 530
289410 250 1131
112644 541 99
85656 509 328
17316 1067 1958
175681 1257 800
127564 1775 551
294169 1663 1720
288941 1039 1260
88210 535 1798
60920 1690 1294
96153 614 1754
106597 796 85
290808 749 1092
233357 1449 708
161883 1291 1933
21036 1911 1526
57577 1116 132
210087 1177 93
287801 1385 1231
222153 356 99
139487 214 1187
329181 777 811
214763 542 1141
2875 1175 282
3743 278 1886
329979 663 165
6668 1962 1438
77543 1483 1203
174166 1741 107
238554 928 1316
191079 589 1964
3135 1511 361
68404 659 4
24621 1775 1084
147808 36 62
129422 650 350
282606 1960 836
250357 243 602
74784 1980 821
174238 1420 1767
264753 938 1653
63511 1561 458
102905 1988 1263
311756 1798 1082
105557 747 203
10185 1194 1393
126109 577 1886
187656 1533 1619
78843 1403 1535
98228 400 519
260211 912 1872
189634 1158 1135
170230 1516 825
218123 38 1324
252291 164 1720
133385 1047 1629
258922 324 1377
98054 36 1594
46584 682 199
130306 787 492
137703 1391 1887
306230 1701 873
206960 1002 1333
185154 472 1369
290259 1080 257
95239 543 32
22027 1852 1408
140717 314 835
136591 398 1067
69591 1399 1047
131293 683 953
154220 1154 269
3696 520 1336
63780 488 132
131383 1955 430
31181 1593 1090
276446 441 1810
307969 1594 580
11501 405 50
279394 208 602
282120 1211 1927
107580 1625 1580
137129 40 1150
116780 1026 639
143760 1721 907
106287 837 1938
258463 1997 700
35501 1360 989
199026 650 1274
208871 384 1660
21624 1518 782
142063 522 1537
300814 1168 1999
252303 1631 1292
14026 640 570
291535 144 1749
285385 379 533
108071 1970 1862
212200 1567 1039
91152 46 918
139936 1004 538
101570 349 251
63866 1832 340
71325 897 761
50390 1740 1673
177018 1548 1940
219296 865 1155
116253 1303 1806
332603 924 1956
167803 1911 1351
154985 1256 172
167784 746 154
11822 1289 1387
221769 1042 631
221446 320 10
162128 884 843
50833 1682 1755
182679 1394 327
13076 1310 722
181107 737 1510
194749 121 505
214024 1926 750
113813 1891 1885
27782 357 1576
303346 12 242
2926 1043 1941
210987 98 1150
258331 1657 1106
38110 519 1202
68382 469 42
278760 315 908
238933 1110 528
12107 1429 66
111131 379 42
89712 1918 1455
16393 1670 850
295847 1581 302
60153 389 1071
109944 268 1101
142844 697 498
191538 910 1443
70322 1232 747
236030 1862 380
65065 900 18
278616 1181 100
283369 822 366
118684 7 551
182621 724 977
130245 1646 519
309378 64 765
210002 1921 1577
199675 1328 1614
152283 436 1934
133581 49 87
323580 1830 742
140536 1024 777
329233 859 1683
96897 762 1566
295393 1126 924
135532 241 1559
172473 940 1500
52723 1696 1479
242383 1711 692
69652 1794 228
278748 231 101
165782 1582 540
208661 9 1157
75788 835 115
27145 474 753
75252 66 342
87249 1565 1028
84204 980 67
102944 1844 930
233827 1295 269
42352 1466 120
44101 882 404
131100 407 1206
66497 576 1677
244924 1996 1516
308297 36 1767
316609 398 668
34776 1528 1889
133178 1967 1684
255613 665 1381
71807 501 435
218926 343 1051
72886 1761 1477
210358 754 1480
240517 1720 1357
261527 1169 1912
248637 903 637
240985 1913 1090
74759 752 1345
234205 1468 1177
156330 1910 552
237407 1627 539
30305 1567 1385
293966 1231 1380
9440 1928 1308
197083 404 1058
135564 29 1230
234219 521 635
293124 1470 1907
85436 471 601
184378 1964 1421
329299 1901 570
207446 978 1745
167909 1584 931
187193 1580 1880
319469 904 1046
66972 1 608
171530 1063 1447
145530 126 1848
120869 457 1529
13634 286 161
122859 1484 431
58075 1373 1862
129946 982 1620
173387 1647 566
312170 1211 1521
105805 1647 996
263712 1290 61
154826 705 262
290368 1417 1625
179438 1274 505
174826 56 680
181279 1051 1327
91792 1383 1037
31731 1825 45
61195 1478 352
195450 1341 1556
180066 846 271
304531 61 918
259953 1815 1706
310856 555 687
134793 1640 884
222997 936 724
244150 564 935
330670 1622 83
53835 866 1716
137755 19 1295
28730 49 1797
130561 797 787
84476 1928 1214
7060 490 1555
219763 792 910
33504 312 337
17417 183 1734
156462 1411 1004
184270 1225 642
251422 965 427
64773 464 1325
98193 1396 61
44352 1439 849
38581 575 140
251956 704 955
28114 1272 34
98053 1051 1840
46112 576 789
319717 1771 1460
59486 1545 841
256473 1310 1007
122542 1194 1309
5205 709 484
286564 401 1914
144212 1242 659
47281 1352 791
98198 1192 1846
110337 1241 1410
78420 1359 1263
65445 416 1903
171311 1528 1527
6722 34 1333
304654 1620 43
285310 527 1360
300159 96 1289
104149 242 1510
235244 1958 803
151432 737 813
327245 746 917
11581 1724 854
170670 169 1205
321764 426 119
72116 1369 706
268084 786 1455
301107 52 1516
244586 1582 1420
100550 453 1323
114738 792 167
263317 306 1304
51748 1114 422
14617 1767 671
279467 22 1736
47401 129 359
681 1368 1197
312806 763 287
142878 1657 777
275472 573 752
128067 128 1609
302132 1290 1448
25714 18 1082
300800 274 735
149509 510 926
241737 1873 1644
263660 905 701
160251 25 837
218034 105 655
290824 191 1648
188005 1455 1442
313633 974 1911
122756 1719 1675
170967 1165 269
158982 478 46
92661 932 1733
184921 665 388
214826 1311 200
159549 880 65
162129 303 959
103477 1095 47
138295 437 1933
32532 340 1944
151123 1757 1309
44074 352 1377
14123 21 1708
75743 318 1321
23572 167 1531
105084 1997 1330
34033 1847 744
237067 696 155
147363 6 585
32172 1422 765
170472 285 66
304997 323 1324
186134 614 1505
324084 1873 1327
211643 1276 815
228628 1442 709
131241 594 380
202576 614 700
219169 381 1592
3449 1052 1249
305495 1836 1996
214671 1332 631
214043 1789 544
33268 1120 1228
224683 1339 270
251590 412 1616
113963 1532 749
34635 675 490
200863 594 1139
275316 1134 378
53624 1598 665
119401 1860 1279
49117 1299 836
17891 593 899
206183 238 870
27616 1140 428
245409 1392 885
25293 1719 409
46541 180 1394
51920 811 1141
99921 845 225
316547 290 942
309326 1215 199
6470 107 363
148464 517 1414
141667 1679 1372
302546 1980 1050
306589 1604 1098
289307 1276 93
263629 1200 1185
224031 67 773
170306 494 1229
15913 683 6
66472 993 369
126061 1089 909
125930 130 510
126552 1939 1274
31544 613 681
177883 1648 1863
33024 1281 290
94605 1435 1679
139979 1396 1976
142173 135 1929
130261 535 889
288080 1795 224
218761 1420 439
231903 986 1704
110583 1336 1965
80910 1807 1849
41571 1784 1222
125886 992 508
191910 690 1621
18078 8 1723
252531 675 1513
230102 1267 1835
133966 31 1193
203744 1811 479
26879 457 245
260489 1104 870
105856 497 275
20521 1595 995
179810 223 527
151505 1415 1982
173724 1958 643
72246 38 1461
204437 771 695
47128 582 355
79394 1442 1185
81142 100 642
309439 209 1946
333210 1405 1511
305477 1298 290
128314 1199 1170
243115 1809 353
167520 1981 869
96259 1098 943
187063 208 1747
308104 1995 241
96383 1478 1687
247920 1780 1395
19907 146 1187
71062 688 1630
104817 1254 579
126500 429 751
62830 718 56
211735 1368 583
167958 1767 1439
202815 415 190
262783 456 1349
178276 1910 1630
270642 1574 1582
174300 590 1938
205810 58 884
33877 869 1782
311477 172 334
212392 1105 912
213705 1182 1536
301515 1632 1930
59365 1296 1100
57507 1348 697
59364 1999 1598
286426 1093 1701
289498 1042 534
134035 1380 1086
315527 1632 325
319458 290 1561
230359 1672 442
101201 1101 923
10381 67 1845
195256 553 1684
55123 484 974
248475 241 1802
78950 454 801
112364 187 1871
190684 901 1020
20115 1979 1191
325774 1585 1473
65381 1726 862
290025 766 1884
80795 998 1334
176502 1995 1599
208800 1457 906
258261 801 1259
133252 1759 185
166693 243 1284
107551 852 389
182846 438 1758
223306 1542 698
38497 842 1178
206981 1450 280
160482 1348 1716
23347 1542 1456
37442 640 1731
286109 1121 885
287335 1910 159
58082 1529 625
128314 1100 1296
221391 1059 1944
70512 1258 1509
77043 704 443
33945 1346 1489
109577 1913 1724
111325 1485 1412
224438 1844 256
183006 1837 1983
154010 51 1439
296818 376 363
130554 1742 783
169412 875 1818
250284 763 1578
193886 1250 791
234104 494 1170
240862 1596 1583
286131 1709 19
228226 908 829
296629 410 225
250275 722 1626
166428 1462 1561
302586 1690 1129
15669 1145 225
153083 1859 1479
294398 1780 1156
298304 714 1703
76601 602 424
5136 1001 1235
113835 753 1328
119286 985 1253
114137 148 1794
160003 1243 225
173190 1539 1635
194990 1271 1114
315425 499 240
6728 272 1018
250238 370 503
267818 986 1696
158371 845 1362
51035 1995 1643
53945 1453 1519
122237 1263 1722
158328 464 1227
106829 889 605
30445 1991 900
115393 1590 268
205838 67 1463
286964 978 1595
295350 1762 1356
307826 1472 675
315706 193 1058
193852 1332 1965
87065 792 1259
137267 1293 1967
295573 42 553
288331 615 1275
19202 123 1704
275538 1316 5
55933 1641 1189
105616 286 740
154554 1796 826
144035 308 718
43885 791 1145
86596 599 758
215738 903 1941
129759 286 197
64448 564 1657
19214 1954 536
163448 522 1482
209698 1086 1061
304447 100 1261
124167 1090 14
154962 758 1216
268970 774 1136
198123 1941 128
125399 1235 1402
155509 367 1048
27237 224 1572
68281 161 1665
116785 295 1914
198017 171 89
1606 1541 1691
140774 1738 138
89773 96 1084
163983 1506 1300
187932 1709 639
28578 1205 1527
259351 230 1836
140554 642 177
91078 947 1010
192558 1019 650
64139 655 964
190834 431 1838
160045 625 1443
179024 894 841
228121 846 1330
74256 1163 1104
728 189 264
255982 1252 1457
206275 1297 925
215005 596 360
59794 1283 1313
294238 1534 941
101773 863 908
256898 1063 1410
270141 1553 1578
27572 1463 1591
9706 842 1577
153303 499 1588
160062 1529 1085
228938 1451 355
28303 275 1841
4541 321 1248
286150 374 11
205282 534 409
115460 167 163
235032 714 1365
37491 485 534
15537 972 1823
148230 818 1015
103854 1350 834
297259 633 912
62608 1592 1172
96958 770 1878
1037 989 399
11917 909 228
9788 1975 1781
237856 1941 901
113147 66 809
166518 738 1684
218293 119 1980
302446 1320 369
23754 178 449
93369 1599 39
50195 1788 1603
212460 1400 1310
303247 1640 999
133246 1587 1460
306540 47 657
320913 1033 1285
102811 1425 640
302532 1568 1833
88812 1206 901
146953 681 911
53436 1871 1174
273677 814 1623
2463 85 243
39853 1486 1357
218825 1729 1012
55453 81 884
16876 1545 1140
213606 376 1673
322850 204 329
291145 382 109
35991 124 1971
3610 1380 1923
19580 52 977
217584 429 1075
176504 487 927
231243 994 582
114687 348 23
143316 1282 1869
228659 1212 1735
53236 673 161
245089 233 1411
155818 628 1068
318067 1901 112
190219 1466 1695
54733 1891 35
96678 699 1794
192664 1531 1401
68788 1481 623
295451 381 388
5368 712 894
288854 394 688
244948 1724 1920
140838 386 516
207507 728 1645
62466 29 1732
38146 888 443
99272 1982 732
245456 978 1674
285627 1097 1493
297725 9 820
189439 61 1238
202168 831 472
219485 583 1346
91009 1865 88
269915 1067 1116
157021 825 1214
118855 1306 935
146960 896 1924
289499 954 1684
226627 382 603
123637 1089 108
44607 1483 400
184298 1864 43
66118 1139 1728
327275 622 601
196298 1562 80
219004 510 1906
111794 56 233
141620 1954 1228
27186 696 1050
90813 281 1030
150970 1316 1067
71983 1055 1986
145702 755 744
266406 1336 1698
92684 72 1751
41911 1971 1664
211312 408 1858
263015 1220 428
68348 1798 1795
207596 10 63
204017 760 669
165074 1115 646
176378 760 1778
36350 67 1842
129138 1 630
157887 1569 1712
111686 128 85
94029 1046 1742
171409 794 43
53155 246 805
327656 1655 1656
160831 310 820
184316 656 418
303013 1941 467
25202 590 729
222801 1496 689
277682 208 939
333175 700 1807
275104 248 676
223723 1304 619
205821 1284 1354
320650 1303 273
101207 1302 1781
118175 1551 691
251692 1405 1666
290586 1166 1969
261828 855 1644
131922 1960 543
234896 959 1572
168946 683 1932
169052 299 892
276372 561 263
193613 674 410
191602 702 1576
161338 1469 289
171152 1491 1879
120297 643 697
170617 1742 1938
70744 693 1978
25542 1434 1007
164227 479 1809
41528 1804 373
222994 128 838
66419 1549 1043
268994 920 1933
65928 968 302
102892 580 1657
229459 132 465
74721 1131 199
199421 1871 1324
273144 845 801
244742 858 1641
238603 842 94
278560 1189 1087
204941 325 451
325907 632 660
206053 1746 593
94656 953 1132
62843 1482 605
88699 259 1618
184336 631 23
62606 143 1833
100383 34 1771
202447 143 215
172912 1582 80
210093 753 1971
21234 619 1957
80416 666 1271
63820 789 704
160018 1364 638
172849 78 1082
241097 184 1948
16197 1495 102
297070 119 1796
208747 511 1764
64651 445 457
330872 1432 1730
86259 1596 1930
20778 745 1203
51632 154 931
279230 1312 1111
216333 554 1743
27108 1151 150
173889 112 530
110227 170 1397
189496 1769 1194
140378 58 839
105967 1132 1327
50111 763 1132
17359 1760 1398
118794 570 847
240682 286 1351
60449 1511 1350
187253 527 166
172256 1489 885
4439 397 21
93963 1037 169
222285 658 1355
264489 1491 797
182171 1453 1476
301303 1880 1663
133752 1423 1399
83363 612 493
242647 457 633
250863 1082 269
156657 939 1879
87340 1070 1704
174277 1158 1155
62956 1791 1945
66449 1716 699
176287 611 1208
164434 1990 1680
198684 1092 76
164023 1647 654
215424 1928 72
29847 1024 1483
147902 141 1137
109836 987 1713
180247 2000 1214
17612 1682 318
271922 1650 1298
24017 550 967
91330 1030 1898
270058 300 1267
115815 1730 886
310666 388 442
197653 1507 926
137925 831 1579
100549 1165 1552
288375 1402 1503
213254 1384 398
135238 675 1183
76162 520 1871
149347 601 381
254150 1416 309
44148 1712 1795
238893 285 366
115671 1727 643
112491 98 1205
99363 709 1282
149458 1115 1961
116262 1901 1923
126094 1609 56
118952 1525 1653
255386 1820 187
326266 623 1499
