1000 1000000000
13006 1380 1665
130493 710 615
24355 415 1287
168411 676 811
30606 142 26
204775 476 253
232014 1289 382
33533 352 152
89922 595 1691
67125 1693 1660
254308 1601 357
277356 380 1877
66606 669 14
320371 1484 702
314456 495 1844
41598 289 1974
79766 1353 50
255295 686 124
172903 72 1055
216213 1650 1304
110060 1733 413
56655 186 1020
108028 1268 704
31471 1196 248
176110 1363 1588
204243 802 1648
221898 347 303
163144 443 1874
446 1626 1499
61424 938 8
117593 1343 592
326294 8 1932
27858 1020 948
105484 883 230
234853 818 134
302771 1593 123
202083 1757 242
200042 541 197
224922 684 247
148223 450 233
170082 1643 1946
19657 275 1315
312314 1475 1639
280170 384 1704
308441 864 1915
153139 980 1540
213177 288 1165
246067 1068 1680
228790 1591 1018
110946 544 989
267927 1295 1024
60199 314 1500
131375 854 1423
37166 1834 933
19281 449 449
266299 1166 1169
150383 1231 1660
181508 1588 761
153354 1751 1531
13704 1878 1411
108816 776 1350
136049 716 718
272683 1187 224
53228 1010 153
235207 1476 1257
7786 1701 1256
88503 442 698
256150 1767 748
303821 1795 1489
128873 1648 1230
131058 46 227
80213 1213 1258
282401 239 824
115633 995 448
152110 488 447
120778 1997 1176
285369 1751 922
195083 489 1188
276013 1767 611
262280 1516 1517
17207 1831 55
45741 438 850
301138 1220 622
184799 483 235
86220 32 1280
230291 1838 1045
137850 1425 763
248139 226 1580
55002 1439 231
143183 358 1828
268516 834 1281
262776 455 1757
42133 233 682
20405 228 1608
224265 719 255
191100 1156 1986
333139 71 1798
64905 349 702
229733 1999 226
143524 1630 19
250911 195 30
25120 1953 670
80606 690 1467
285976 1941 608
196647 504 68
226991 1814 184
250644 30 1990
101797 1669 3
153063 500 1034
9046 1324 290
182185 1911 1550
269567 752 496
149595 1477 597
116021 732 314
319606 1768 570
12395 1266 1845
29638 1795 38
246058 716 774
36577 1713 815
254064 1171 1836
13396 1687 1487
258583 734 763
137128 1630 1426
174555 1760 952
108852 1749 960
106418 333 700
253428 1623 1421
181547 1264 1147
293733 1395 497
184503 1703 1178
161125 1476 366
56307 1737 317
170377 1843 1761
197023 192 1543
317419 347 1458
146888 1331 67
325766 1345 1158
120833 657 668
112795 1841 1832
55555 787 462
15721 306 598
294579 182 1096
86856 1065 1098
11241 1767 1463
107843 431 47
305920 1729 1866
199063 1831 451
182238 1501 1764
129926 270 759
24272 1328 36
306977 449 1949
187064 245 51
205589 1732 1194
51773 847 1901
226152 1259 338
152241 531 1307
293748 1966 984
13393 523 1047
249205 1074 403
105840 178 385
277311 718 1413
555 1053 1357
332150 1340 388
164832 327 1893
331864 101 862
291943 25 870
306507 1107 650
126474 855 1861
34332 858 1865
224033 917 1541
169353 685 986
114580 1148 747
276243 1311 1981
140255 1418 1607
282887 200 444
291473 1106 611
31123 900 893
332798 1654 1437
128425 588 995
259088 688 556
284702 499 413
3405 1092 1077
135259 1718 1871
109269 880 1330
235405 1308 816
210249 263 1659
254718 953 1330
77204 966 1869
4086 498 148
274517 236 1202
16825 402 13
310749 1018 1139
274694 1562 1516
162695 728 922
331753 1886 155
220088 1781 1119
175009 609 108
46252 1750 1302
197297 433 1833
298325 919 1743
77892 1608 714
226399 649 1600
254233 712 360
292120 1804 1572
329523 138 1687
110009 1207 1826
47903 217 1994
281924 179 1432
13632 1016 350
170917 1423 1690
118078 997 113
266847 1913 1638
5469 52 1512
94069 1525 467
128518 1013 1459
295501 1259 1133
4195 1332 1852
170731 1354 440
289536 355 1841
29245 477 1188
287941 1695 912
101629 294 144
299102 515 780
272988 1693 1874
5379 1808 1142
141994 664 286
317935 1585 1995
58204 914 763
65139 1005 856
198927 27 1156
61854 657 1319
141264 1871 1453
123277 55 296
36108 1529 176
87423 75 1006
25213 273 1372
172230 1661 1385
249651 97 1796
177089 1554 1915
304159 1422 1074
53755 749 973
158933 1134 1892
157717 521 29
3800 1693 855
116394 797 1826
122003 710 1034
267617 869 1049
302952 1369 521
321749 564 1745
144917 1036 327
253714 1674 1583
144060 1074 537
291947 1876 356
135147 1205 81
285705 1499 896
101078 1578 729
267714 455 1378
322936 1220 7
224771 1578 757
237658 1523 199
206129 1640 1023
139734 772 1320
78768 614 1044
299075 335 1931
159671 1171 1945
267638 1778 1294
110499 1665 353
276012 1450 690
19826 1934 1385
109258 1363 1392
225200 958 1549
75656 1423 176
36841 1185 1891
7736 302 1623
154080 1359 1819
76600 362 1479
222539 967 427
261227 1315 150
12420 1561 1981
318301 398 1648
63559 433 1442
66911 475 489
229291 30 1632
163808 1595 160
175405 931 1980
124154 1101 641
151175 997 579
243830 403 610
294548 1657 1814
156206 425 575
14296 827 1082
59352 825 162
247853 1814 658
114429 853 887
250218 412 1
330236 1771 854
205975 1596 1199
176175 487 1136
88048 1811 834
84960 1286 28
234991 329 1916
200748 1700 162
179263 176 896
54908 1189 634
272252 55 1884
89096 1680 1671
104126 1683 729
143018 903 1716
170243 1359 713
216862 1987 1642
159062 32 1563
15241 1304 1206
40493 1295 1873
219275 1710 1343
48986 1805 1989
167524 159 872
271467 1756 1188
60577 449 587
72259 1159 731
285506 1045 1670
145964 1122 1445
308079 481 1138
16095 57 1955
306300 139 1202
62348 975 770
239114 1309 590
148642 1103 566
250658 363 93
184778 1798 980
126845 366 1517
256533 51 962
259448 991 55
137359 1560 278
139495 1190 1911
72746 245 188
324565 950 1647
71569 1947 1949
177530 1006 301
177161 1593 311
201203 1915 284
119176 1911 1859
97933 1976 1976
312891 1153 79
59544 132 627
310791 484 1228
219833 124 157
24630 1783 1638
292079 1536 1396
235836 863 801
35927 140 1208
245620 624 1680
61201 1469 412
63453 624 1230
280310 1794 674
179399 734 356
212303 1084 1508
101068 1495 1624
40280 671 526
201948 1824 638
34887 785 276
3040 424 404
299383 1112 1465
276258 286 340
27069 935 774
64072 207 1669
86386 1701 845
78900 814 935
123438 1753 1119
88557 1300 1152
203842 410 712
213624 218 1150
150863 1710 1611
134331 1033 1531
248401 1212 1088
75796 1386 64
254364 1046 1535
150130 925 594
194604 280 1635
159706 391 485
240354 884 1552
184274 1565 315
60460 117 1775
142606 110 980
252357 1307 1550
222675 1632 570
263673 422 12
184784 1259 1957
75244 700 459
137864 1593 1524
298265 1704 701
103518 484 729
37072 1985 719
106987 1323 963
95805 1459 9
239176 1033 1718
175835 2000 689
69251 1063 208
297561 1593 81
30937 154 395
270737 597 402
116781 1783 475
198385 1557 790
55987 706 1933
14646 100 1882
284735 1738 1980
274420 249 1766
11876 1464 1074
152747 910 1221
320106 1019 1025
138253 1430 834
223208 335 1139
177243 1225 1674
54082 697 802
44477 463 1335
314367 682 945
282474 1653 1711
32561 413 1355
233958 1349 78
252374 76 317
231914 686 632
327247 999 1578
153098 973 1707
262147 125 1859
18904 158 619
283074 1554 637
118253 366 871
215071 1011 1433
86692 1493 1145
263185 1753 848
59810 1661 1445
255068 1338 800
139735 57 354
323534 849 523
70620 126 1614
65047 1017 810
22977 1925 1395
252395 301 911
223635 77 723
69449 1497 764
183450 1231 1130
258766 1449 346
121173 341 1797
307109 977 442
210539 1299 863
301646 1501 1257
33528 1059 1031
193958 297 1305
307167 62 1139
82695 83 1842
88324 953 1267
264214 1340 1847
141738 1632 318
325902 1477 1599
107519 76 1904
245064 1731 52
223565 307 890
192095 348 15
93681 721 1046
30963 87 1810
198585 1188 900
32536 1826 135
52892 344 240
34332 921 1259
24194 439 1162
207492 614 1797
320507 658 381
1986 441 655
164403 739 1240
211970 64 1543
211158 1126 1543
40818 169 290
108552 1352 455
22127 354 925
138427 649 199
112817 792 1142
144214 357 1340
132874 179 802
209134 682 1522
103047 1652 1993
112079 989 1913
124918 1153 1243
296671 577 1929
165680 825 426
142 260 1130
61198 1932 672
75509 435 1416
152888 1080 1412
109202 923 1266
187397 571 142
73858 26 1679
289482 1704 1263
105898 1408 1998
226674 369 1177
212054 107 455
321801 967 744
138610 516 810
2224 66 1416
118830 613 1408
102281 838 1971
305850 1460 743
7640 91 837
18851 1515 875
68620 802 1766
156224 975 277
126773 781 1368
141968 1586 524
245731 1027 662
119576 1986 130
65394 796 854
131911 1722 1759
284842 1395 178
292386 776 1715
314280 1736 999
292554 1692 1020
198687 14 161
267675 1841 1711
123426 1913 1836
136520 230 1174
312967 75 435
168731 1856 1467
159140 778 545
23807 944 1028
21291 1262 1775
168398 756 1867
214668 1924 1925
5908 794 1254
159617 427 1703
50293 818 1
251117 1573 1832
82206 1863 83
145277 1396 819
9028 268 1505
184985 777 1039
289805 1799 70
111965 1875 1083
27398 537 979
88573 1330 1723
234363 1175 1496
284796 1422 1260
154860 139 1211
82510 1253 71
14705 1310 1888
174042 1024 1421
180217 934 1217
234050 1195 387
156064 1446 961
210520 497 477
249437 1815 1755
9333 962 991
101976 1573 112
43086 861 707
144671 1060 1853
118372 1148 676
152214 1782 360
25763 1720 714
199220 160 462
98259 1311 85
183901 931 910
195081 1401 1670
83463 8 1080
84548 1739 1625
141957 1403 842
202577 1758 535
274889 740 790
225617 479 1224
163148 1351 1383
69315 1802 522
328684 420 1838
306337 700 1219
249061 1950 1785
287541 1379 1430
316661 989 1835
33215 1941 326
109689 1136 776
216414 1698 1363
177892 242 1283
152594 194 407
254457 1835 1652
176361 271 926
164308 1374 719
250008 472 621
237950 345 465
204680 974 701
146530 1008 552
253757 686 359
266588 288 1305
179575 893 633
44538 1830 1115
189029 1331 1990
305791 1937 320
132005 1153 1189
311791 1472 1208
280666 492 511
259215 1212 1776
107873 968 17
70610 392 59
135635 1340 708
259227 1816 1878
102836 1155 235
253313 1811 496
316021 719 1331
34214 952 120
239388 906 1216
145440 514 423
121540 1143 1076
113687 848 37
220848 127 1883
184011 150 1718
97307 706 1162
90827 593 1558
316617 6 1273
95522 1040 1354
133038 1039 985
189455 463 1914
120369 279 1377
125425 1535 899
215927 1923 229
79145 1265 894
150764 450 1846
111740 737 575
63502 1958 1866
24850 111 489
85851 1560 477
10289 45 1628
203953 1904 884
97982 586 1920
290184 1566 1353
208998 1016 1053
157381 721 1408
42590 193 1188
20894 1976 519
192905 556 1295
258121 1068 1241
258945 1306 1268
152193 1867 897
56318 1374 190
203566 1696 756
217907 630 251
131153 1933 920
266039 1291 716
82935 1499 762
180641 122 1321
45669 1858 1158
257613 819 547
60294 1405 1500
241749 1823 508
7382 1589 1834
13403 1736 928
223487 348 1601
209461 1081 1325
5887 653 918
11006 1174 1271
312643 511 905
109714 1587 102
61562 1469 568
228361 266 1291
167402 218 1835
9711 1754 238
328348 988 1445
227893 1153 1780
82033 1215 1297
1620 1792 176
272370 1289 1819
173064 813 1491
225150 1068 75
108847 1078 664
135515 139 107
207907 1676 631
165603 96 431
301087 842 172
34800 1855 1313
274208 1769 697
40204 960 1779
177107 723 963
280110 789 629
74422 858 149
44429 1699 28
169833 1995 234
23718 38 525
207936 479 33
262342 115 348
97738 1675 1139
283082 61 797
77115 235 1485
172193 1079 1307
268115 426 929
327676 1834 758
276978 1479 1665
71903 982 490
25950 546 778
223752 1600 218
87721 223 1947
84894 1175 164
197897 725 384
117447 1209 1221
191865 1130 345
228475 1358 564
174713 589 855
38776 68 1195
328927 599 1924
231472 1609 1579
282690 120 364
82865 545 1358
60078 871 311
58942 644 261
200851 1549 1652
24942 590 396
78992 1684 10
206020 377 1401
215725 138 617
172846 659 1581
107161 31 526
198958 1337 1491
149646 671 1335
202922 1292 1866
2522 486 25
93840 964 655
52263 419 580
322267 1889 985
184387 1291 1727
95238 1581 1687
279665 548 48
2332 332 1801
186953 382 1280
178898 263 147
227289 757 1463
138269 1151 1685
101834 1309 1460
19998 604 734
44437 1203 368
324320 1336 399
284268 521 550
244904 174 975
201214 716 1657
251661 563 58
329149 1291 387
207786 1942 1611
261380 1525 95
126858 1703 1677
161819 500 383
185445 1110 377
184678 606 1187
173914 1993 151
105477 872 574
204589 845 1037
306538 670 1531
211595 938 967
198539 1465 454
324755 20 1212
91477 132 853
13579 1673 1728
10485 508 1988
53235 218 784
266105 1344 1770
209912 1542 1275
188839 541 1962
20181 1825 366
237624 1680 151
316574 996 324
281287 956 790
318664 113 273
158864 1226 291
23209 481 1287
324316 1190 1394
258913 1900 13
54312 1982 676
61171 1702 476
240813 1920 1730
146671 858 1647
123078 514 1089
162225 1616 1418
166013 1185 546
38831 1587 258
246139 767 1681
322450 593 1082
328081 182 523
7389 1399 1191
60879 1826 176
14937 1715 264
331129 1539 1564
53936 418 1168
90242 1288 232
129260 1862 234
282174 135 1637
186542 1928 488
193824 1863 1200
120630 25 135
192897 818 1842
19293 1578 1596
116695 609 289
312330 1511 1354
62315 738 759
22649 1205 215
155691 1131 1262
34251 1466 588
103780 465 1427
36170 1984 1761
83833 1987 1674
277762 31 1183
111612 1622 203
192250 1693 942
313742 495 723
142035 662 1182
83228 517 1524
10349 546 316
132529 707 1225
90431 1927 923
227359 228 1424
60438 130 282
100059 1651 1435
16217 1412 1529
169494 1162 971
51997 1084 859
186952 1967 1883
218653 93 823
94530 510 1937
149999 362 73
122979 540 1037
70647 1838 1915
264928 732 652
115424 709 1382
101614 535 1062
127911 1216 1696
83236 129 629
24163 943 153
255729 1436 38
203980 275 763
132751 1946 1089
33706 1320 776
58871 962 1543
257773 1040 801
8770 139 1016
76673 1308 1389
117084 1512 20
85127 854 322
150270 1623 1281
49265 1343 1132
264890 544 1790
277131 1090 1905
127950 1886 1095
325632 1470 1270
284680 467 1838
65207 221 1553
147101 1445 1789
2782 728 1742
316397 1026 536
201303 377 810
62739 49 927
248402 828 1613
60283 1561 434
138504 570 1071
221068 1878 791
315281 1093 853
203712 189 201
173094 732 953
28057 1066 1328
155456 389 1450
156242 1922 199
96792 1932 895
216328 289 1996
177132 9 335
308297 1689 474
264580 97 1814
263610 1508 35
27599 94 1355
215938 1338 499
96760 691 630
81965 1371 1383
117481 497 1907
166514 1645 1950
78591 364 1416
36617 88 398
115717 296 1191
251467 466 1123
142397 46 1661
11578 813 101
176443 1927 1561
152713 1010 1803
247591 1049 734
47327 1395 617
256558 205 543
197016 626 404
10856 1558 1535
179964 1184 1238
44091 1318 1747
261761 1579 753
101881 1889 1981
53728 48 1605
102502 401 58
309015 424 1775
228895 938 1962
215222 540 1267
10220 652 418
214806 226 569
223124 1225 259
148743 1652 1202
60906 1730 1612
92508 1771 1149
806 224 248
247954 1149 1922
279354 1476 1389
2805 91 1836
25677 1100 581
325882 456 472
8681 443 1896
36466 1317 179
242493 998 24
138255 279 408
221232 541 1122
130331 1921 1736
74277 637 1367
303937 1297 612
69741 1938 441
18863 79 1937
141357 1386 1710
73465 1057 1866
135023 1757 1813
175259 97 105
190510 754 846
228090 263 499
253093 1100 1888
24070 757 1642
277035 1022 1567
114770 1917 651
73472 342 1342
91071 132 976
290394 1265 369
22152 745 1603
231250 1587 1141
135501 561 174
323597 764 957
317710 557 753
67908 1635 1986
289885 1411 537
155920 747 215
36816 125 736
18395 414 1707
96662 764 1227
99649 124 639
41707 1544 1930
232081 1446 1070
177161 1897 1747
40028 648 1724
135465 1797 513
275836 893 405
292375 1669 354
258080 1734 825
70610 1198 818
65162 305 647
287460 907 1355
39414 1880 541
262833 1692 1817
290071 1809 542
111513 1049 1650
97082 587 1056
191610 1261 1672
55809 520 793
188982 1575 1036
15435 165 1682
247278 900 159
311512 1949 1435
3563 186 1466
176947 1147 240
143500 126 430
270454 272 575
254890 6 972
157346 1614 631
195485 200 1681
312329 1979 475
119743 1595 1781
40538 1513 700
269807 545 890
286821 1202 1174
332600 890 1235
75504 524 455
277429 1636 487
240782 1591 1020
164793 1447 1129
300381 514 588
301154 658 261
115493 1454 409
5723 122 873
225659 602 1166
90370 969 207
246132 1224 1714
63356 1023 1161
50710 885 962
130561 882 217
34656 753 1399
169906 1610 1399
243006 1691 1614
293594 245 300
135918 1544 974
115669 5 707
172108 969 700
87058 619 442
93948 850 1228
225941 457 1189
181760 427 1494
53335 90 222
