1000 1000000000
226493 1679 1266
44941 620 1980
20182 1320 525
265750 1605 1176
22606 375 1424
22587 1817 539
139460 1199 1800
316115 559 245
142451 1174 1974
56570 1453 690
170814 1535 1452
73989 1779 1118
243301 411 731
195730 13 535
204206 1207 1025
3723 1423 1716
275229 872 1242
293832 305 11
26643 1530 1267
302155 1447 599
19333 1707 1925
284954 796 1753
164924 449 1618
163513 1613 1475
150097 497 929
129539 1799 1459
257177 1231 1714
153321 67 1440
22942 259 1908
79883 1088 1102
92158 433 96
62570 1205 408
278399 1796 611
14243 1175 164
308553 1882 1848
126057 1814 734
267451 593 1277
188935 706 982
17717 287 995
285988 1278 1211
37626 775 1410
311097 216 487
91591 987 328
237375 840 1536
280902 1472 997
191664 1369 1027
32667 43 261
236206 315 875
244077 1187 1604
66868 1405 1066
186881 1416 867
93731 1798 900
240675 1443 663
44653 1968 1733
233640 1243 1647
175209 1057 727
97028 676 758
34454 1446 7
214022 1929 707
212225 619 1930
301003 1275 1277
261032 506 1961
333244 660 962
130135 393 1487
174648 808 665
208338 524 1723
271288 1210 1084
136905 530 1826
263900 889 1299
175800 327 1263
216216 1488 0
25393 678 247
289529 1517 528
265461 471 323
249077 1838 36
205373 232 870
218039 1444 1843
223345 1010 1520
19890 22 485
305319 1848 253
92111 467 562
106389 1556 830
677 1670 603
95395 469 679
311335 497 1329
53508 1053 1699
210653 589 880
332693 1587 1386
137828 1558 1907
142338 430 1536
13256 1027 885
184744 1403 1091
109481 700 935
95205 678 1314
197774 1734 1190
200824 564 1463
210502 1662 1693
158287 1752 1410
176314 0 1025
105276 725 1591
124624 709 567
84377 375 1428
332625 1241 156
178770 1082 676
90075 1207 1874
229202 104 579
298386 204 344
234507 205 1724
155457 1356 9
134237 261 1323
299998 1611 1353
121156 1058 717
298041 1964 1
121583 1052 1733
179222 458 835
129736 649 397
69855 603 169
74941 1706 1776
281410 886 1707
25556 1232 324
29416 1989 1497
123868 1163 704
298392 1952 37
242992 1713 131
244700 382 966
322008 1791 845
220116 1375 1110
2384 417 1085
169321 666 101
134313 1018 1853
189058 1951 1337
45302 1718 1032
164729 1837 1675
214862 1311 249
45946 1843 357
85334 1614 1011
35929 1235 1106
242417 1347 1679
259270 1308 1538
182324 508 572
241247 178 771
155472 1761 1604
245867 99 1769
19485 984 1954
30699 254 213
297393 780 756
8110 1801 327
13401 799 965
71921 559 858
30478 1784 1818
125538 1955 1166
296660 1593 1997
253559 958 32
105985 515 1083
161578 1160 412
144235 5 1617
309081 1728 1600
36968 20 142
117187 1552 1436
264282 1241 655
315654 1151 882
310933 1311 436
300547 857 1024
9871 957 462
160147 636 1389
286550 6 1538
13250 1582 1086
243282 1781 1044
285315 1900 1456
292443 195 234
207524 1168 1790
269537 1651 70
188074 440 1127
30588 1616 874
172611 221 1262
119049 828 882
76787 686 1791
232344 1255 1895
92776 1195 1145
224544 421 983
112864 1980 402
165084 487 1192
151545 678 391
33053 22 697
44967 6 1921
193615 46 797
15792 395 165
300923 297 1457
277111 655 1979
122440 448 644
34911 34 1372
42746 583 1052
254530 1946 1409
289586 254 274
90928 138 1530
235684 855 84
316879 572 987
289956 966 1086
253738 1521 1543
8784 1812 1408
288743 1809 57
206725 661 545
44466 378 1865
11090 126 818
74961 1278 274
157522 217 1686
41794 1999 1012
95388 930 9
292140 568 1118
27223 1020 581
226360 290 1881
137081 1856 866
106292 1289 1900
223600 1676 1071
69031 1716 1248
300583 1546 1679
26908 1232 635
85478 1830 1002
9749 1803 1933
87528 679 655
39044 352 590
135830 408 1711
30700 1169 459
177123 1823 1393
174354 838 1012
130642 443 37
43447 102 1776
210631 794 1562
59546 1377 1334
264081 495 124
265916 1351 204
190125 1908 1671
305744 1955 1947
126791 1528 1960
157505 630 19
141818 1465 421
321387 746 313
163192 487 1624
188348 809 764
62317 741 1328
47312 60 441
199342 551 1091
13233 768 1539
157219 868 1690
103247 512 957
320055 713 494
259404 99 1983
30845 1611 187
78991 449 1133
272014 357 1886
293737 604 152
317348 1060 175
33196 1424 833
248314 1588 1998
140589 1571 871
128111 1358 1231
111156 1910 1164
65845 785 271
305053 543 246
133893 115 1967
1957 1204 1372
88535 1287 1712
2236 795 1813
312175 802 1727
71182 1293 1608
194749 167 202
206679 1276 1786
167495 1148 1547
111978 1020 1501
330711 1243 1981
263581 1878 41
183313 1105 676
184342 1897 324
290396 603 798
320271 1829 15
25224 812 527
292426 1703 328
239415 1530 1922
184951 1344 1815
315152 1665 494
327899 1378 1016
149853 850 63
314973 1432 1752
286154 1343 158
74159 1115 641
218627 764 1072
272154 521 1204
312188 1430 651
198020 562 531
120297 1294 1228
299900 876 1811
249746 278 1730
111458 1468 1916
103640 747 382
123722 233 244
108163 1470 976
48976 258 1997
101111 1979 1983
77878 1070 565
31220 1269 583
212648 1520 1901
792 1844 1738
202170 70 748
276401 1108 619
101420 1860 1028
311087 730 1957
288993 986 735
253957 845 1095
288629 1946 1587
64667 165 1532
199257 517 1250
22045 1440 468
2646 594 592
134639 665 1031
192060 1437 1672
231987 412 892
292471 1264 1981
311093 760 1797
218425 1531 277
88553 1910 520
268442 693 182
141459 1089 1777
119694 1927 396
17380 988 1837
264872 1809 336
275964 1798 1448
266248 509 726
183976 1968 1988
39883 296 357
169680 845 1205
37186 1196 1358
286938 396 1077
64690 38 1944
234604 638 201
232678 1264 930
212392 1865 1016
275608 531 912
185780 956 864
217525 1977 905
96319 1460 1727
83916 1811 1932
207573 1290 1515
216575 838 1956
41393 1425 881
266222 1874 409
255217 346 683
257612 1703 763
273339 1961 927
313216 156 1755
157859 1843 996
285067 344 501
44236 323 16
112694 1301 1231
161702 1341 523
158211 1138 382
248470 1701 781
104500 1263 332
3591 1712 817
122541 145 71
176388 842 357
65993 948 1986
139661 584 887
189037 1875 710
163434 595 1709
39624 1811 35
127111 1888 1276
148680 1813 1910
193382 29 1728
209066 132 1315
129668 315 1055
126751 1907 1792
147502 342 744
165776 1567 251
283717 1699 160
262252 1205 1909
316102 882 914
122528 759 854
102244 1674 365
303112 550 1978
31447 1368 1567
242365 285 1749
75619 1053 734
278480 570 1991
147596 360 442
259505 226 1190
15023 964 853
182725 1954 265
228521 817 314
168554 283 395
23062 453 1439
324725 1199 1425
225365 1536 1979
165291 1590 1412
320099 1183 1156
289570 1354 137
13849 1037 924
126442 1511 714
39377 1012 851
306119 1669 1394
150921 781 1170
253163 667 1951
295712 836 1517
215303 274 1590
313816 1658 978
82382 3 1791
309622 1229 256
88998 1141 1817
45194 81 585
271903 1743 1
62797 1313 1824
263423 1306 495
7973 1906 1455
232780 675 1595
139133 240 1813
217155 677 677
201876 1092 1172
154248 1152 1038
111812 718 1969
137754 1063 1846
79498 354 941
198618 1831 683
304014 1050 1958
295703 218 882
106191 672 269
48898 314 1221
188454 35 1252
170875 1884 911
212181 544 487
175005 246 182
209988 77 1471
116301 313 1357
322149 501 1407
192321 1521 1877
116305 1100 260
21634 1031 825
245969 119 17
108219 60 823
122200 1697 1622
286111 1536 1667
304839 1174 1601
780 424 643
114057 820 812
313898 1296 1590
318576 1495 476
178759 1197 1738
107110 432 132
92592 1936 1656
215670 793 1052
73054 1847 752
184778 110 1094
135023 1736 394
299295 1395 1966
266216 308 1400
310798 1179 255
184617 75 481
205843 1311 1908
38604 519 1301
46921 1528 1366
166330 734 867
240167 1348 1692
138861 1956 952
238909 1722 1064
303135 152 328
63366 1748 649
198299 513 90
274790 618 281
3378 1807 628
256402 1834 806
170827 789 532
154978 97 811
270112 612 138
218599 1085 596
215331 836 1749
216317 713 1863
59364 1622 322
192640 221 1943
264758 246 1561
189618 841 480
102376 329 1884
298844 1463 1302
240296 682 149
136632 16 181
266773 1592 566
309984 1709 1360
236411 1323 881
260327 568 1903
258770 700 64
125019 872 798
32999 145 239
87372 3 1144
138490 159 1107
290784 250 1433
75453 119 770
144561 1235 1273
152161 190 1578
56805 354 409
72941 737 442
269421 491 567
311887 380 928
98006 402 276
135814 30 250
23808 1104 1971
190884 1894 1413
219062 1706 381
293128 307 1026
297555 837 885
302457 1877 1849
8302 1506 894
250030 1422 292
311214 1045 1627
151693 869 1876
110792 1235 346
271719 1399 475
161304 1662 127
126917 819 1277
286351 1012 1926
65981 800 1003
178445 1480 1883
4010 1047 490
197969 1262 1891
149275 1303 549
230481 1040 1074
138051 141 1680
134355 1289 204
329325 500 1249
205870 7 346
217767 133 804
294111 105 1750
195779 1270 97
324824 173 137
143121 1290 424
268933 1879 769
223136 779 159
140569 1816 1206
67467 646 684
8328 565 1533
234451 303 1353
141831 282 1606
160808 60 1963
287944 643 1644
75365 536 431
210960 1625 1536
217142 1309 1125
115726 1277 644
269032 1990 1300
167626 712 1007
202823 1704 785
177511 1694 1346
13929 769 454
192957 1358 408
280002 1142 1046
276689 168 202
265294 711 934
99219 168 347
99736 1292 1525
252457 684 331
34831 460 20
305888 1042 1506
172229 1431 1441
35546 813 385
153874 262 535
208499 1311 329
281449 656 1107
240343 1025 1646
197682 1457 1648
35041 1765 1937
331867 763 1288
46155 1209 656
275216 1685 1663
125578 806 1923
213670 121 1068
12807 686 912
271378 469 1966
224454 1034 223
243879 792 1603
332603 846 33
8918 1040 1928
33385 1216 871
165245 809 1412
323973 1486 1499
313166 949 39
199316 380 1385
100454 870 1928
74847 1392 1602
222070 273 1028
129356 661 1674
136056 524 1058
158873 668 1709
154784 482 389
304100 165 1709
186155 73 383
317017 978 375
164689 1011 264
165874 137 284
22597 1971 389
206135 1133 1589
5203 1528 1099
52372 1023 302
295354 841 1305
81617 1087 1074
152862 270 1174
292894 1170 412
66449 588 1717
267831 482 462
72124 400 1058
307703 397 965
172693 265 220
172530 1186 1085
239217 530 1077
121790 262 1046
232554 520 1206
288432 1599 168
192259 1217 1329
238103 1141 1812
108713 1945 610
148658 1329 976
241493 1658 926
246795 703 1856
280259 988 1715
218920 125 1249
198715 1618 761
329526 274 1643
121615 847 1813
109075 1358 966
82025 694 1314
148722 884 1518
16620 499 50
262213 742 1031
154028 780 1981
227187 1444 44
239950 1981 935
105565 916 678
317064 850 1383
231098 63 245
251962 790 409
169830 1678 1450
175725 577 1334
150538 905 739
108781 1860 784
229192 1392 650
155148 1485 1045
53617 300 199
24630 836 189
114620 566 1317
128247 1717 1949
224312 583 834
204653 1136 1760
257353 223 365
264045 437 604
168317 339 704
37514 1680 1675
90000 695 167
212837 1764 510
204423 1098 1938
77284 456 1762
160724 959 1972
234486 1571 1158
69811 79 419
126404 888 1346
74763 1220 641
227795 242 658
294308 1409 1966
223918 1017 342
78996 90 1207
260028 1601 1069
321278 1048 799
246602 262 1245
162988 851 175
31642 401 342
296014 148 553
72001 1102 1609
136876 1741 253
329960 976 1705
147355 424 944
267867 894 516
11594 760 17
92749 1576 1931
308018 1036 159
27175 1322 524
192261 451 741
121412 862 1675
327923 1690 517
147123 1939 544
135439 1481 1557
116333 763 572
1407 1082 587
10400 434 650
245363 1085 1262
318473 1958 880
94235 283 1721
302366 505 421
139347 1732 1658
104937 1933 1443
292890 1449 965
283852 712 116
13129 1418 1988
297506 392 660
165622 1411 1352
108316 90 1725
129120 376 1026
147197 880 1645
134377 1765 1125
174020 1348 1358
126586 1707 1234
184004 1119 1863
140296 1978 1302
255607 1835 1802
72123 997 878
225919 365 100
271912 642 271
167095 568 1498
218088 1971 526
225551 733 1002
226846 64 1368
219252 618 80
238880 579 742
182408 1600 1794
122462 1308 962
312000 292 23
237152 633 1063
247451 12 482
81174 1553 1377
33959 1395 1600
157458 373 998
130575 278 1171
10094 1247 1863
232625 805 1961
15799 1212 1011
15594 520 462
26630 1836 1974
325146 1115 1481
73803 1084 256
159196 1674 1963
122422 1825 230
326635 1358 617
205208 504 363
103784 1885 280
145510 806 38
299878 1739 503
112947 138 1088
310195 1279 1360
208114 774 189
286017 698 81
54907 312 736
286605 1978 1214
62718 1676 617
75430 654 1625
280463 256 1948
54228 425 52
162541 1712 973
85714 627 655
226517 280 1458
332494 378 951
96037 1254 989
183215 1638 542
137388 1722 1747
229157 1719 1466
257246 1758 1282
303335 385 457
169247 536 1299
185145 1887 1002
115241 537 145
4227 1062 1795
288080 626 774
325476 1794 875
120237 1644 757
252126 625 1577
128192 1563 405
55456 1124 1758
142338 570 1065
132130 1642 250
45462 1227 1163
282490 160 817
297054 916 1472
172217 2 690
296782 1771 1559
293527 918 1601
203783 1828 1680
17398 1008 786
137748 96 1962
328448 1036 567
233406 835 435
216027 39 269
162181 120 1918
270327 1684 1717
274092 1412 698
280717 1254 1220
264597 1853 220
117192 1711 271
16885 1625 1349
322359 976 937
212738 1973 77
137279 303 1734
26357 659 1553
94447 1447 1740
318383 1340 640
265123 1698 30
136104 985 387
196991 505 1397
11395 1022 285
14159 1382 733
203081 1676 1078
34307 110 762
65841 187 338
175515 1773 1206
311961 276 272
194659 1424 879
70466 1592 1210
151691 1017 1623
2661 843 1534
35994 953 449
312594 447 128
180834 1264 431
110374 1725 742
248335 1102 353
197488 1658 1825
226505 1707 1848
283631 932 119
156159 1976 728
20092 975 1132
303765 876 1105
54078 1369 283
79242 665 1657
95958 173 85
240771 495 878
21024 1951 703
293234 1993 215
209657 716 495
96652 172 1745
326488 965 264
32754 1808 980
49327 154 392
332847 1817 1008
131107 1830 1534
282966 1682 1850
207368 1300 1449
295687 1081 1402
199770 1556 1641
2862 124 1167
180739 1613 349
325457 724 1145
318833 371 1853
86273 951 1690
114535 467 952
294627 459 1002
252012 255 1778
306544 1067 1035
37639 988 1964
192083 1657 798
161774 1217 566
284949 489 116
322710 1791 494
291486 448 441
3486 625 1772
279496 1906 452
24620 394 396
129449 1036 1706
259298 1173 1933
194052 350 29
254747 1684 443
57689 1934 1089
256034 1992 839
200943 542 960
97670 1096 124
138467 984 1573
300134 1163 1895
60785 316 1901
24013 257 259
76883 1447 849
62486 1234 1495
56162 838 1961
169192 1330 1274
128822 813 1044
132084 1478 1792
36543 1078 155
194340 1830 1455
46883 1892 298
155115 123 897
90552 1701 455
226811 1764 1192
256000 894 1430
94994 1393 1668
144180 160 649
138256 166 1726
265951 1235 1373
67418 1935 1555
294768 547 643
102116 693 1049
128866 610 811
180623 563 1485
37763 1584 1540
203168 1980 38
68457 1536 410
266057 1541 879
321739 1089 1982
20708 569 1047
117117 373 1538
140653 221 1353
321023 1132 1013
97833 1966 1652
251135 1301 95
131870 94 946
125437 957 1389
301958 825 1605
122311 1744 1192
138208 867 211
310498 1949 855
10493 148 973
143063 514 431
291927 1379 1233
255563 1512 1615
85852 1279 468
225022 1217 1333
319798 1551 1065
116267 111 986
105690 562 135
21782 1219 684
69837 1853 769
27779 374 56
166266 1959 1156
72980 954 838
250930 1836 1863
213780 1293 691
39097 48 334
188956 705 479
32007 742 1327
265408 187 1267
123233 396 1812
33250 120 1823
101033 1222 896
4019 1106 128
206079 322 1847
139782 1389 982
232392 610 1495
76534 646 312
112627 1579 10
163528 162 625
205246 610 178
53044 811 1339
318182 302 1239
86498 1812 578
65402 1021 1136
331512 1004 249
58353 741 1627
150951 712 570
120513 600 17
309235 1711 1142
306198 1401 617
182482 792 640
176530 937 1092
249240 552 986
26791 1946 1306
310288 1036 481
224410 835 621
129113 864 501
330826 320 240
134561 658 1285
256861 1746 1658
15754 476 529
116332 1631 223
5192 794 591
221899 374 1940
240710 1377 1175
223100 932 1958
68773 1123 500
150807 957 1338
99818 1453 233
95446 245 1274
10312 1557 1458
73965 315 1646
254009 1133 458
315972 989 51
316891 1408 799
186697 1341 818
171482 1487 1655
277539 539 1629
73180 1598 443
166383 1154 1744
187050 1027 1148
3214 1989 1591
114934 1017 1784
287142 1162 856
128847 1581 1659
320297 89 959
329201 1691 1883
49035 271 1100
269869 1368 1227
259117 1346 1391
242847 423 1558
119959 1489 360
330947 325 456
75017 785 429
58162 1382 128
137750 806 1037
13992 1364 1314
125312 1293 847
183960 482 312
132451 1421 733
4546 1037 1452
203271 1241 6
