1000 1000000000
247639 1323 357
199839 1928 939
169096 571 469
249516 428 610
275549 1731 1699
175409 1249 1502
126767 1870 1713
20004 1391 459
48632 1609 1092
281740 1109 1929
159719 1900 1722
13230 1594 809
239293 186 1365
34637 664 1651
44477 242 1572
264695 32 835
272779 1600 932
197482 1246 36
4667 1151 432
117841 282 220
121679 644 974
200081 318 529
191841 1898 1773
307789 35 1141
123581 1955 1096
315400 1807 771
64426 1651 550
74515 1233 452
211531 1195 281
82748 770 441
322966 356 1253
260415 688 1693
21561 557 1703
115763 1119 584
319831 1468 928
104837 1381 716
37847 1159 1585
65236 129 69
233847 1960 1932
241776 1666 1945
241425 470 242
25208 1090 133
277899 1463 863
245659 358 330
237468 95 636
131558 1771 1001
286145 411 880
172881 1943 1864
90106 1914 384
94628 401 1986
194384 1436 1841
130010 1119 875
64292 549 660
248376 465 339
33832 1925 1641
16691 1234 167
115733 1558 1320
154576 948 1688
263647 299 1555
109200 491 1960
88040 26 1060
44039 1845 1237
151671 367 1606
332087 1104 220
146619 209 1530
50382 1441 1629
813 125 1280
19655 354 1046
92330 1082 1964
314630 911 712
35047 172 1685
187848 492 1587
133359 591 168
47674 1897 1462
46498 1946 923
253850 1139 1156
61601 1134 1224
213473 1567 1716
106794 67 217
184045 1574 1793
305719 1015 91
74689 1091 1044
51594 817 1571
30083 931 271
14074 1365 1731
255030 558 584
134334 1418 1811
57223 1616 563
253458 1660 614
77240 379 407
256965 1642 1897
205205 1834 182
170898 858 709
330644 1267 71
60107 908 52
322264 1587 1913
301453 674 230
307858 162 1471
206348 1944 305
147299 1000 134
10975 1690 1235
260156 212 650
80216 1860 1369
64757 1915 1333
137981 307 117
97207 1891 740
69960 573 1205
267263 1206 1805
241144 275 437
28607 1289 605
14467 1380 530
172607 1123 63
154922 1211 602
34846 134 1341
52744 881 1151
320474 256 662
84926 596 1060
221544 702 1022
4330 1475 283
83487 263 128
68551 140 702
100512 514 1095
294972 1157 115
125580 1528 143
316961 1047 795
152789 1622 949
193356 205 863
232707 1938 1233
263923 422 358
319525 1064 279
307449 1511 373
184714 1699 590
265530 28 1579
7345 100 985
142229 539 1583
192751 151 745
64009 596 1214
200460 964 1080
226586 679 1089
36839 953 1535
152402 868 1685
929 335 369
22818 1138 553
231482 347 1100
318219 608 1763
220789 597 136
148524 1704 1472
296212 639 276
41194 948 1935
316802 1247 1038
29775 1878 107
225491 222 1468
83689 1631 1807
155000 377 393
73610 1459 1666
101483 688 1187
231841 1569 1590
161927 175 8
200492 632 491
41428 790 203
82040 1619 911
224349 855 658
232824 1723 1958
11374 181 681
173869 618 1439
208128 1378 923
56018 795 1405
29527 97 979
183590 1028 929
179630 1017 783
9277 532 176
11374 1610 408
252623 260 1486
272866 13 1121
33318 955 1100
225386 407 165
170258 1783 1001
256576 817 598
265320 1761 1124
67294 388 408
191626 1034 276
236951 1254 1203
102119 612 1004
58084 276 353
48710 82 1272
290265 891 702
295948 1016 1364
8481 303 206
231868 696 880
18548 200 1733
289701 1680 1144
96553 1127 1186
253573 421 921
189140 1367 1017
311726 868 1194
37390 774 1970
181638 1973 396
207665 1782 1530
111689 944 1384
27119 1798 400
308874 485 1766
184723 840 1472
291900 1080 792
314176 1472 1152
60551 56 1827
171594 1293 1619
3342 711 1608
153758 929 1801
124304 1209 1651
140629 1100 1563
273161 1154 1066
113470 1678 846
108138 1090 1305
224849 853 1099
96279 523 1664
263842 624 101
255796 577 908
306224 522 1920
108587 1616 982
210455 1317 1313
181252 223 1542
291114 0 1555
196199 968 440
101189 1103 1080
246723 350 1656
300153 85 540
102756 596 1601
96751 154 1544
133936 1290 353
132773 1915 1460
331087 277 1801
119184 145 1739
14941 1401 363
58552 580 1517
231151 1128 1996
243171 963 1042
182865 1859 64
203581 628 1291
167326 556 138
232613 1984 1226
105324 1634 1125
113664 474 1630
182792 102 1165
311361 794 1241
275561 542 989
50275 495 716
266271 1079 879
200336 192 877
50362 929 1969
184477 1861 775
81213 1221 1474
101979 1381 734
31714 542 770
208386 1312 80
7713 1241 1410
238861 1325 316
246190 1643 356
100086 285 152
306706 1445 1720
115351 701 819
167645 1141 1822
307768 1133 1639
97492 1870 938
117395 1793 434
101499 1809 1509
23950 925 1228
195851 538 589
124351 902 1722
310542 986 1013
82539 230 1310
64633 110 1241
47029 1872 1571
327010 1002 530
157282 794 1424
44425 538 1378
289723 233 1456
312232 1587 1292
230660 1900 1454
48488 1746 1028
267695 146 1724
90876 955 33
175779 636 1035
162787 1703 395
164315 547 1995
82261 759 962
164352 343 350
237062 1875 1653
125457 868 409
313612 1043 804
185692 1626 1299
131385 204 1776
116179 1169 1240
132602 769 1459
22993 161 1488
146091 1746 242
254903 1614 368
32469 1913 1522
4789 1755 362
131218 464 205
166667 963 1213
239834 211 1217
327695 1520 1812
130707 1006 1987
84766 1185 1760
201098 1076 329
169205 1406 318
172236 67 1797
20748 1482 146
55960 552 1149
166012 177 917
311861 947 1817
273523 1207 316
206018 1058 1086
325819 1171 1022
297178 200 1626
197206 1157 678
229180 1576 538
279126 1846 898
120310 849 1043
118269 1191 1233
248306 723 1112
85770 724 1815
125813 1475 950
268509 1292 1053
172566 839 345
145282 210 166
205037 528 1046
137576 1655 1837
292289 557 83
107131 1443 271
230708 1676 15
226208 528 545
292564 394 1639
165799 1379 944
239959 1774 1144
177858 1920 104
205770 1512 1333
24730 1021 632
274536 812 70
64634 764 759
123101 917 1270
278395 1708 1119
288546 176 1764
5952 1444 1415
270442 778 153
49821 298 1245
299972 888 1602
159636 941 381
312419 983 773
5274 1668 922
140709 1023 1106
179588 1122 559
219596 816 626
15732 1922 1006
306699 1468 1925
194938 1090 444
178503 1816 1424
10140 1158 426
275100 698 1794
135614 1868 1656
146343 406 1382
295554 960 1530
296467 1406 1364
181460 808 616
114146 775 1349
324414 671 217
256847 1644 859
245939 1541 1845
265312 719 940
117566 951 1398
116412 673 391
6387 658 1669
212042 1850 740
246621 940 426
148370 1076 1661
147934 1133 516
159187 1895 1095
328195 873 646
129466 245 799
254691 511 279
31621 1560 235
296291 1594 1206
81298 817 908
317004 342 1600
262333 966 1329
31737 379 1340
167615 246 386
112107 1220 1639
182880 1043 560
301062 41 1373
255570 410 1388
63197 1686 1787
210031 1897 903
270206 1420 1567
94556 189 1807
116583 463 1735
272289 430 588
172305 544 474
132207 1895 641
231888 1277 1511
226019 1674 6
49356 708 314
53271 415 440
23463 1807 1271
174911 841 1574
238952 1112 218
11850 1796 1621
84230 390 1867
300235 1006 1425
149274 1850 845
138928 1210 105
189742 7 755
304288 1703 727
81144 1923 1762
283389 18 23
31357 230 465
327512 1340 467
66986 1398 1803
111519 1150 1046
95028 773 388
245843 1229 1975
281309 1347 342
239663 57 1030
203083 607 1999
227963 1574 1039
210452 663 412
140885 173 1884
293648 1922 1573
215564 37 512
61289 1165 688
35434 488 1516
291308 764 1910
277455 68 1020
27426 1047 1451
252377 1469 1248
301754 432 699
121793 1402 415
240831 1429 455
204442 1901 1794
174084 975 1819
237595 583 161
299584 1594 1682
9762 507 1871
168369 747 1578
217179 1572 249
39135 567 1832
14511 312 536
193531 1637 1940
282871 116 855
260489 1462 1815
223900 1674 41
284736 1666 511
271469 1319 1135
106384 1031 119
293988 1904 1458
307678 1620 1657
158121 1809 974
226699 109 738
326362 933 576
271827 1418 143
224794 1303 650
111001 1665 1803
72412 1275 799
49646 798 864
323703 223 1184
16063 1293 363
229045 1622 1873
216838 850 1844
231242 52 292
250214 373 1412
296592 27 1196
148074 1057 104
271163 1836 1763
188943 498 1163
136450 559 786
129449 313 1784
47913 354 1474
87934 991 1467
153474 302 1218
168194 1612 344
259542 960 951
231727 1538 1435
31664 292 357
277369 1800 1972
149002 1735 773
28461 867 1958
161102 654 1815
282756 874 192
206347 1470 1605
299484 1352 1285
12136 1255 1268
208879 850 1592
299444 192 1130
104065 849 1097
145895 1567 1255
110308 1262 1247
69058 1512 1471
177774 455 531
25868 1986 1093
132324 208 339
61068 418 1047
184515 89 1231
99668 1556 733
245928 145 1661
38547 1047 1956
329729 1980 723
309122 1764 1506
175522 1804 1687
284642 64 805
85685 1582 1224
140486 1744 618
276455 1712 1305
291921 1260 661
55718 1760 1502
63482 835 905
170041 1427 405
105208 1444 63
323343 1811 709
307353 1509 188
10228 566 332
153193 1321 1972
259318 471 518
70020 1914 1576
194006 1228 123
277377 1672 537
66673 1326 52
164226 1367 1705
52767 1624 1198
105034 1126 381
51344 466 1084
108431 689 915
110967 997 202
85379 1312 1367
246117 1697 1182
325775 769 357
105076 1456 1077
269849 1343 398
267682 1621 315
302279 48 1454
155387 1454 1513
56427 515 48
314730 1038 435
112770 897 678
44023 284 959
287457 392 996
249212 1977 1649
27512 1129 1918
242564 979 1805
232320 1577 1836
96754 1707 108
126768 961 1659
232927 1334 749
274304 735 1312
67779 1862 159
31149 709 235
325724 707 483
186690 1034 1966
271993 1581 615
19479 274 1387
60745 493 1767
51560 1195 1704
74149 325 0
171607 1075 918
82612 1569 1267
249176 1444 427
108755 512 1468
38699 1871 1183
117601 157 1454
196995 216 591
249683 532 667
77622 861 450
240446 250 1025
99277 1969 1163
252671 1543 198
312611 1829 460
321748 867 421
182462 1576 705
279935 972 910
123023 1766 1676
175050 593 1643
241091 280 119
64052 1392 973
205687 1429 790
181504 1753 777
24305 838 893
290756 786 1978
70098 1539 1211
33931 236 1151
131762 1393 704
21507 600 1618
96247 987 1126
145905 1467 1495
168301 422 1066
175284 1987 911
157675 1576 1778
119023 642 548
229545 1585 1338
237057 1611 1923
88552 564 1443
102972 1960 357
252052 1693 638
39514 527 383
16665 587 1260
151111 737 398
94801 987 705
235434 458 192
177717 1716 1633
148982 171 1986
142532 920 1614
238623 253 119
207454 1797 1112
35289 838 280
244636 1907 1645
284479 1512 1413
246738 96 266
121844 107 1594
171108 1811 472
14134 1368 1821
322597 890 1822
25722 1207 488
162390 995 35
228982 1547 247
170776 353 1030
220421 1370 1258
101338 1587 1965
944 107 803
184812 722 767
176706 1592 1229
96454 1827 1967
176297 76 1948
29839 1525 1254
195313 1113 643
200398 616 252
279681 254 1145
248004 1508 1316
61608 1747 1688
329015 1855 1473
299644 144 546
294905 1856 1701
305698 1209 1938
61031 84 1397
64516 667 799
47653 191 1098
224166 1629 1945
9396 1128 623
52434 1375 1513
208488 1186 880
114506 1761 530
153779 1742 30
118779 1933 38
159071 1311 1982
249162 1691 1722
322694 1671 33
326334 626 832
150814 751 699
307137 821 1868
201273 1808 527
308113 603 891
163181 1093 1191
167972 493 936
231405 1425 1115
97993 1837 424
120129 1243 1498
332542 271 1569
28772 1841 1800
158083 1270 1462
91732 705 912
313092 1763 1233
164367 913 1868
63716 1046 77
144941 1463 846
191916 1957 1057
133134 161 1472
265865 655 1772
170315 1607 967
117735 1163 1374
6979 658 816
74461 1618 595
101814 1490 1380
148066 181 1514
262571 8 505
81491 570 51
329932 1845 340
124075 721 900
125999 505 215
6579 1477 1230
290325 1351 1662
327834 630 1533
65702 1248 1089
12229 894 1816
246087 1370 831
192171 480 877
223157 267 996
38504 814 181
328157 1731 1483
76038 408 1239
128568 1026 1271
204541 1036 1382
170071 1950 1717
113775 216 1922
60043 1130 1707
6725 691 2
147289 1553 1956
263144 202 707
289976 146 1490
264133 522 1332
72859 600 117
325492 527 1322
20798 683 218
55620 890 926
270481 1402 839
131851 735 653
67151 122 911
280674 1629 1094
67304 487 1846
317748 281 727
252631 665 1719
72728 651 1464
139994 402 1959
70473 1757 229
199421 629 1148
257266 258 1599
289651 1972 1104
111453 1283 682
3647 954 843
292546 1129 1753
56173 1945 1384
288783 771 1842
82630 508 80
318699 269 705
162392 489 1160
23748 1190 1797
76747 897 430
183046 1576 1008
215191 1116 542
179179 1420 892
175488 1303 1759
236767 1913 89
260911 1965 1030
5334 583 92
60882 807 1603
181825 1310 727
88370 1285 1529
241815 1237 1699
293359 827 976
41781 438 281
154959 268 1942
131479 882 1976
322549 1704 1964
144268 891 1235
306668 195 1396
161806 796 1976
66530 318 1719
116121 1076 1284
142778 402 914
166210 1016 1812
30277 1247 1621
306969 1742 784
125611 1661 618
118094 1069 1025
269755 76 958
137656 511 414
232667 1781 133
125172 1579 916
313843 1917 1471
65514 1122 610
177050 1269 1548
205222 933 1523
309395 288 987
31065 1312 144
12218 874 13
270407 582 1567
320344 671 1840
237542 745 394
73544 748 1466
246658 312 273
14484 606 1593
12615 282 1729
41779 208 667
281130 1603 634
43700 1505 283
319935 760 1600
118706 1672 1489
91411 332 1857
292991 1382 1820
79145 277 1400
97778 1747 973
33046 1665 1765
251591 767 1260
236009 1031 647
288130 172 493
145323 1206 129
44547 604 1333
330068 290 41
174930 500 245
183272 1718 361
313828 702 781
240791 693 965
208954 1028 322
292629 811 1990
198283 1014 1410
184112 27 1156
239266 105 789
174789 930 1771
168537 369 332
141755 548 1764
172120 1703 1227
258639 1660 1466
87501 1972 1819
297244 842 1497
309847 1063 997
302186 711 949
125623 255 637
318774 1047 81
84882 297 664
330850 1894 1804
132675 60 1645
21171 1516 171
120208 1825 1918
24086 968 628
296188 588 97
71058 1432 1849
193676 280 659
207474 348 1549
171320 1567 940
94818 1966 520
103329 742 1268
130387 515 1653
39274 1285 649
96261 1712 1802
170254 1724 1960
299674 1356 1183
116405 1809 1980
125908 1464 1528
120196 1515 946
64344 1042 847
69685 818 1891
285673 1377 807
403 51 1030
299577 451 1260
215785 1248 1853
260734 1325 1576
173986 1035 576
323515 1478 412
101683 140 960
230449 1148 54
245614 662 1751
258426 1370 169
225163 1072 114
14926 1060 928
326809 1143 1150
213382 1289 1566
36228 1071 1529
138211 1466 1716
239181 1156 1702
262904 260 981
117515 1511 648
263297 1264 1635
162450 570 850
101566 1123 1504
76971 1895 1958
97864 1499 869
54509 755 931
182048 1851 8
13091 1941 521
114796 223 1542
5326 1048 1764
50003 1112 1607
97856 162 821
263949 1229 1655
299208 286 1017
297158 1599 1827
224518 997 1178
268532 1716 329
230832 782 711
97252 1551 1969
20881 285 617
177967 1244 1803
58402 144 652
231453 72 115
96990 1344 174
205316 1687 851
172981 359 1008
60636 1843 775
307577 674 223
16107 673 1739
40904 710 402
96830 1712 1655
235135 894 826
104504 186 815
204265 35 332
321251 82 1276
205193 1847 263
70117 497 1695
49173 1286 288
185006 491 1731
189931 1879 641
45868 1083 148
170150 1555 1256
91154 436 925
120051 1703 1508
104507 653 1441
101982 914 1747
212647 107 746
302689 1147 1885
194634 1167 1592
191353 1491 748
265399 55 88
72231 535 1321
72672 1660 155
21133 1119 790
83094 550 1979
49177 155 472
207469 329 1508
314222 224 356
29382 1391 776
299086 309 57
325024 1084 952
154880 995 301
794 432 355
280981 681 15
53950 252 1839
148758 422 1010
1623 809 1224
323460 1170 1217
249966 1478 341
20720 154 1453
56336 197 674
7014 1004 1627
289763 658 1827
288003 607 1559
289666 310 1658
288844 1441 15
86833 551 196
137814 148 1065
99952 757 1346
132450 1650 131
273721 1321 1109
25922 682 212
215819 703 1822
143870 657 1247
76356 996 1734
116378 478 1429
244096 1118 410
117890 1606 396
104305 213 183
89246 837 1223
29015 486 132
108115 1813 741
61901 1675 1703
262847 192 712
71368 1743 1250
170720 964 1774
232288 837 44
323569 388 1983
302583 1747 1573
179115 1026 759
248921 135 99
63948 1964 285
277099 718 1599
61903 241 30
111836 945 121
292101 1203 1235
106967 1171 1212
176582 859 1088
216596 241 510
295589 595 1127
259369 1035 449
157489 390 1911
254698 1081 1777
284068 1479 926
286363 1847 335
95818 958 1609
191593 1920 841
325982 481 281
193001 1212 953
47093 159 1392
34326 304 1704
213659 1810 1151
320542 1821 1046
46232 37 1965
129326 982 1796
20852 860 872
297241 1992 1376
174905 1028 566
62315 1566 1340
191983 1637 46
301462 513 1150
302180 172 1322
66081 1543 96
258480 338 1265
325011 1644 1353
278076 1410 814
57413 407 1330
44840 1733 89
134265 540 1798
60854 476 618
32976 905 713
159303 175 970
263932 677 899
