1000 1000000000
137880 155 201
3952 1175 705
261012 719 432
122710 1617 1351
257937 26 1477
187226 1656 1985
247084 691 1850
321953 1157 1393
126768 487 1435
189258 651 639
242244 1091 437
331065 852 1718
41323 437 1459
34349 1100 1740
24789 1754 1676
321308 740 1227
135995 304 732
190023 1499 1290
195490 1003 822
173945 1374 1367
132496 1057 1249
67120 874 1842
64239 1066 1182
82805 1604 692
18755 352 1973
2054 1849 220
14256 1113 1057
149316 764 284
203713 103 1775
127851 562 1006
157372 1886 1201
139924 708 1076
165524 1138 1052
283215 1168 510
13285 357 220
291381 720 1724
8615 1327 1803
73481 754 1591
221713 198 777
7644 1498 776
201188 766 972
64628 882 1228
295846 1247 1109
321133 268 163
332518 1451 1845
135714 698 1935
158992 1103 523
50104 1375 595
295441 1153 378
76822 1342 256
287766 1689 394
687 1335 1654
211590 285 348
245744 1751 828
84181 1781 1636
52868 1038 1196
136072 1142 1075
318943 1539 1178
288480 540 690
9143 375 81
43380 98 590
12682 1796 570
263117 424 1170
328947 138 1029
103369 6 1122
275334 60 1030
330821 1765 1798
263395 393 1438
169268 955 1925
97488 230 696
253516 559 243
221060 1403 284
332656 1727 330
16351 1556 503
200155 74 1169
265158 431 1115
78624 1454 1057
257302 293 27
103509 1991 384
1675 1398 126
137050 1887 512
216629 352 1558
32932 1942 1002
193111 245 1401
9099 1879 887
57818 1453 614
133937 394 791
89723 1386 874
79648 1312 803
230501 1157 164
80871 1553 370
304561 648 1695
4370 840 207
263467 804 1944
332682 526 1900
290585 867 864
43494 778 1569
297521 773 1553
219665 1899 120
195036 1848 1273
80841 272 969
98627 1692 1368
186764 1011 707
65146 232 1880
179364 1267 121
37829 970 1310
93118 560 433
329333 254 1735
11465 26 1810
120839 502 158
45961 631 320
14751 1243 540
115159 1989 568
282283 1187 1910
169703 161 58
224449 763 648
107605 1619 1223
295413 857 739
46140 1124 1676
308300 1560 238
313681 980 1983
300856 568 574
176204 880 958
199437 1689 1689
179749 728 433
305549 524 1917
11299 1115 1219
264632 1871 870
161017 1427 717
273268 1604 1612
138670 757 272
180201 1569 1474
234359 1904 154
311171 1728 1681
24865 290 1524
241318 29 1680
323059 1833 1284
213215 734 529
65032 1191 201
320700 1299 1669
331921 1713 1548
295050 550 1062
205340 564 1383
114637 640 72
283029 1306 872
57385 56 1012
200334 265 1102
89310 349 724
230093 1492 763
96857 1509 1807
162738 1314 422
144662 1736 1287
119190 778 80
10247 1505 1532
164172 1019 1928
114543 283 1129
320252 439 239
156260 903 1955
261801 205 1622
317894 60 978
78108 1024 157
310622 428 1449
31510 414 1485
159367 1355 190
206697 1050 1929
237609 1666 1585
116995 1405 1800
16607 108 942
172140 731 869
180003 879 1776
232889 1199 1260
144166 1530 1567
176758 1745 1854
297665 1424 1243
321870 310 622
101136 1453 1349
304457 1048 351
57315 1208 1905
129900 1531 565
58673 279 714
135276 1759 849
223558 225 1297
217970 602 620
73846 109 1968
37460 915 1188
157895 956 1977
77478 1291 814
316760 677 818
242228 366 1930
163959 501 286
61371 891 1839
318805 1806 995
54604 442 1821
110664 1448 17
31872 79 1573
50289 1959 253
191440 1532 1915
174477 189 643
37160 989 508
96293 467 853
252299 1740 1818
149949 347 1780
146516 1811 199
175060 56 744
134341 1809 1827
318793 995 663
27858 218 1679
284887 1503 1998
127961 1791 1074
230653 685 16
321651 564 172
3005 1194 1898
60790 1823 1422
77536 1587 608
142406 1087 1990
211293 962 678
138345 1295 928
314207 1383 1544
273338 1085 205
35623 1153 45
106588 714 568
244099 127 581
259523 1606 824
178148 775 770
256112 1510 620
117346 1590 1107
310825 32 485
331064 474 1836
128065 434 1022
311343 1375 1723
254835 744 726
316845 1771 1014
161258 1299 274
323811 748 1515
136098 286 784
63548 138 1542
169856 1061 587
312280 263 230
19276 1968 1338
315055 1357 919
42861 1077 818
8387 715 541
208243 1189 1314
182293 1941 1361
288844 933 119
19618 448 30
134033 1911 168
5354 1214 1645
311254 1886 169
312042 414 964
9320 612 868
212190 352 1751
63659 1698 1161
178137 1025 632
86991 1544 1805
126464 1819 1918
80860 1435 386
209068 1263 1684
287128 256 1672
225611 79 1170
100781 66 1457
280544 1974 1289
147415 1768 678
190792 1803 476
176386 79 130
104929 849 1173
249693 787 1775
211814 1351 823
83053 145 977
327547 501 30
185923 104 1061
124819 1411 873
150040 837 521
145398 1694 403
45446 465 1608
62503 1585 958
333204 1494 1910
292501 511 1176
237042 1073 927
276790 464 1714
252202 456 570
242391 1513 1189
115853 1007 621
193962 753 79
280739 1815 1818
325876 962 693
328784 1055 1141
64346 211 252
320863 507 1509
65015 11 1495
199198 703 1425
29919 1505 411
325159 1739 506
146861 1499 984
224486 1973 1444
216945 1719 820
24127 1570 329
208677 1420 1039
197253 1365 761
28857 141 208
331784 888 450
21640 1273 6
184909 1353 1465
120679 1545 633
145170 565 867
238437 1644 273
9419 1272 543
186574 754 231
81660 211 150
301586 1325 1782
167399 565 1434
245990 1375 698
324830 881 982
79750 1355 1325
68071 1429 73
198650 195 246
21929 1934 1384
213109 1312 1565
276596 1953 764
262367 1626 1528
63170 1740 149
24045 1145 122
132602 1149 479
113181 7 1417
16728 523 1304
197968 1820 4
119452 859 1111
121100 867 512
167688 909 1690
279189 649 473
302333 1626 1327
105895 93 1032
235031 80 589
296632 564 1523
161983 559 101
97606 14 1893
88113 1863 178
29135 76 152
255492 1604 1225
207946 531 349
244441 1495 380
258808 1095 35
100195 1338 273
329888 1383 1572
295242 1095 546
4090 668 717
179764 1577 750
304785 715 46
191062 429 205
155237 597 1967
13174 1161 1648
235042 284 305
221534 1467 513
125187 1778 170
327669 1055 1641
269134 1982 742
32643 1450 1562
96993 1738 852
167638 60 879
116299 689 1015
7922 1706 231
277927 998 1347
245401 1341 1967
42181 1808 1698
284442 27 147
206199 1450 218
17311 1733 1546
270924 371 70
285422 1637 119
278421 1050 998
284280 470 385
266991 1153 1962
294544 1770 1667
247702 1295 1932
68707 722 1840
219974 1609 301
273390 1041 1089
66461 1311 1146
252754 1084 1478
147869 1935 1151
268179 469 1050
147573 864 1207
138827 1315 1647
318834 839 138
184750 944 87
214731 1309 1608
224763 1965 15
82438 1225 692
255000 1671 9
55525 1723 1048
224049 1202 931
124158 247 1304
270934 426 1437
266047 420 507
280478 1923 1035
262371 1043 1566
213814 1816 1736
309835 1848 815
102985 1513 254
107758 1581 1387
322938 545 1838
191490 648 166
176196 1672 1737
256120 562 1969
200344 393 1570
329508 517 645
158545 1121 129
296202 892 724
159740 216 559
95596 1040 734
62716 1454 189
323432 1209 161
158971 1610 1947
162445 1619 1787
250333 1578 1998
270502 605 491
187757 833 863
53793 401 243
289032 343 40
308000 489 1295
98542 339 183
262681 671 1071
250544 1313 1738
262595 534 271
330395 271 1871
70183 1606 1949
198488 747 883
34239 1923 1028
230896 826 614
21924 501 835
305737 1742 1403
205063 423 678
57288 117 1260
16160 885 1690
211363 201 158
295650 314 1127
40665 1375 367
185717 644 1569
122125 16 1611
83010 571 1708
97903 18 759
67853 974 1074
143598 1142 694
97438 885 273
312034 982 1526
142323 1032 662
255932 881 441
322454 1727 31
267887 1029 1405
316837 1528 1007
327980 625 1059
66690 1551 1476
30557 974 887
257196 1153 891
164054 867 494
78451 655 12
41268 135 746
21214 1795 209
260266 994 677
140360 1065 1679
59287 320 1045
31805 1327 1128
127117 707 807
154929 1974 602
25448 3 91
310374 1961 415
73940 1741 139
321027 306 215
260057 255 1387
222825 139 1174
40686 25 686
149208 1655 1274
103547 46 225
99459 1497 1670
205718 831 208
213503 985 182
207856 1068 1666
197898 106 207
79530 249 726
75924 80 1685
72457 1138 1373
293229 834 215
168042 276 1254
185939 1176 539
323527 1155 5
14997 10 602
258603 1146 1390
281427 1063 1302
1891 961 2000
198885 760 824
35792 254 91
215608 663 626
326855 1246 611
251922 298 727
85827 1788 1619
74310 171 1797
46128 951 529
56592 1591 1848
248413 599 732
245428 1474 1562
230030 1495 1226
33487 1653 784
233339 1437 934
52200 1491 1745
121374 1335 1581
210806 966 745
179383 1232 1900
265406 1856 1620
189919 65 1286
162328 1678 1166
66814 856 1857
290647 1927 24
40237 1657 1417
174321 1056 329
268854 301 1579
48748 1524 1044
159199 1864 1728
301853 1751 729
279871 711 682
28122 1342 1882
250187 1854 1248
213537 606 1824
244956 1244 1248
144598 1586 1339
10255 577 675
201408 183 1678
85920 1953 556
320153 1929 1563
318565 1282 178
109015 1743 143
216896 435 479
203101 1089 328
270180 751 781
142749 1708 1559
116564 1916 235
188596 1689 1853
247145 394 1453
240543 433 1171
4341 567 326
272446 1865 1168
236598 406 531
16071 617 981
106313 282 329
273257 1256 1045
295492 1766 1636
15294 992 1327
96024 1493 1173
40110 378 223
94874 1084 213
13058 492 1289
245464 103 1252
325876 90 66
191559 1906 362
15964 1394 1123
196316 1696 910
45569 1603 1206
240501 1684 651
325624 711 136
165704 856 706
211231 1406 846
306033 1688 586
85550 1780 349
56153 1265 99
201424 1537 249
174780 1700 1051
6599 1863 1464
317024 1064 620
37738 610 817
295503 647 1221
156337 428 1059
330757 1733 1894
191359 330 80
297972 810 1965
116020 1532 1950
23098 386 46
246551 1216 387
325553 1530 1979
305529 1634 1448
231885 1293 153
173645 756 1390
214624 391 1249
223557 1134 483
61338 883 1173
306372 1196 1419
259436 573 1089
57920 496 564
304311 213 1710
248184 802 702
46644 1392 1310
160326 456 1559
253446 1026 679
215488 1661 883
310752 425 1925
45298 334 650
150085 1817 1935
248207 1708 622
110755 639 1847
128023 1477 374
128822 1661 1074
222118 608 1761
80582 1473 1861
12742 1168 1771
265163 743 641
108239 1595 747
65586 389 248
66245 1415 210
66454 473 1998
201358 876 1586
146088 1391 172
148135 780 1591
39872 1583 1532
271722 788 1884
240797 1973 835
254067 17 1242
128092 1800 1391
192543 282 176
57978 817 1306
244623 724 1311
310992 1078 1511
234016 1561 582
283353 1534 770
301249 235 644
202063 1458 198
317600 1497 527
106555 937 294
313240 626 493
318834 23 293
169188 1024 1901
321868 890 1904
98978 32 1802
49240 210 316
100371 1704 511
123240 219 639
35580 529 1394
92519 199 208
312721 1721 1763
154804 536 1295
164660 1284 237
219945 1980 1104
8808 1292 206
123556 525 180
101815 1737 1186
151406 1608 1916
243041 1215 1845
157738 680 1281
72982 1790 1267
134298 1127 1952
175376 285 510
44952 1104 1551
20779 201 668
325530 40 1047
257075 237 186
80839 1985 1295
290963 719 1802
191797 757 1544
84923 1399 532
152977 1857 1186
293353 19 1283
331949 665 1547
26033 1618 1433
203828 1613 1365
242435 1111 189
31640 1643 1191
196292 1945 144
189510 987 649
45413 979 1575
99646 418 1094
67619 1536 37
281842 1163 1895
81985 137 1254
17126 25 1272
199311 1275 259
110224 1936 137
266309 638 324
56822 230 1236
98443 1672 709
16473 949 108
2469 1611 1633
22764 1480 1001
155453 1968 1676
285304 1134 989
287422 1180 631
69832 577 1744
282750 1606 1625
88485 1111 609
183996 748 1339
54322 1349 1979
221806 824 1468
150485 1879 1310
287120 1155 1521
135679 283 1895
773 1471 1952
160208 485 1871
42342 697 195
11847 1162 1984
281452 573 512
174426 321 1990
168693 1253 1568
175757 1929 673
179369 1567 1460
18702 694 1057
242536 1251 1089
168423 158 1115
32631 1233 358
42646 1941 1404
309249 968 754
315628 299 207
34542 635 1745
289151 286 1621
15518 1680 1142
246843 42 1620
192097 1572 1786
299115 23 1495
276961 28 1389
103216 773 1071
255164 346 1906
259049 1378 1564
194074 47 1461
248298 981 530
200507 1288 188
13647 1784 250
208218 1935 999
209701 1818 733
142197 181 45
15742 5 854
195060 776 639
144630 543 544
194116 153 1189
304194 1743 1108
178998 1269 452
10493 399 747
318115 213 482
172983 141 653
42804 172 1210
320918 788 1821
185633 1016 785
316005 981 193
179609 1804 67
281923 838 715
50962 1367 1114
273122 509 1668
262619 775 1506
33897 215 564
278935 923 342
9183 697 146
321172 637 172
205681 716 1965
332909 27 24
145386 1339 65
106653 1569 490
267960 526 328
131606 1387 1050
77929 928 1723
325215 743 900
274848 1589 606
167423 1003 304
2271 180 1235
146382 578 1969
294688 1793 1869
290014 599 1024
290491 573 1588
48836 652 417
178194 1160 1530
229621 1923 1996
254400 727 38
298079 102 335
28122 1722 1368
248503 454 1552
204189 1598 838
288785 1831 651
59752 721 1258
12775 1018 1335
73804 419 590
76248 1043 1412
80298 1701 515
241098 757 917
256985 1889 851
78588 201 932
285374 266 184
282958 1773 639
314641 97 736
21166 149 679
202434 1186 1754
57035 1383 991
312610 416 1376
68748 260 770
254913 1574 431
65528 1961 827
3594 629 306
223882 1098 1516
295574 162 550
188263 1252 909
245486 192 746
213618 245 182
310163 435 428
95712 462 1078
292894 327 1338
175472 1480 643
191033 1877 1456
153760 63 539
22976 1666 1280
179897 417 1253
269310 407 1137
30835 208 1600
277971 1699 314
271578 303 1008
80311 106 1029
325616 365 136
157727 820 288
168726 1461 767
244857 78 315
78292 1676 36
50019 818 457
293349 1033 1429
106235 1454 1526
5175 748 603
187077 760 1670
178553 1188 1685
250083 20 298
7317 1006 218
242774 372 1942
115934 365 170
318096 848 86
206810 1693 1643
92105 1972 714
26086 975 32
22398 1384 443
53131 1357 18
269120 336 1801
312838 971 1352
2915 1130 1691
323106 1199 1713
85576 265 679
74086 1629 362
159325 1120 29
76851 854 310
229800 1137 866
108737 631 1852
248937 812 713
4304 1885 196
291269 242 861
22856 617 759
101739 1198 575
231053 1043 21
33890 1689 693
81154 1987 1411
6965 1809 586
185646 1833 1130
148011 1362 867
303575 216 209
157965 1161 1311
193376 1747 596
16574 1758 837
12038 872 1431
91569 820 1417
230752 178 1339
84439 964 1638
265610 272 1707
171499 704 868
238978 640 714
105093 1710 1452
43723 29 1648
194583 71 331
56280 1306 1932
171493 779 1663
193297 1546 222
127086 257 1702
250416 123 59
276607 950 332
79089 1201 1561
259779 94 1477
183837 239 782
196225 1611 1130
192058 1178 1269
309529 1070 1543
50699 1513 42
123633 297 621
326257 861 327
220112 451 39
75132 856 892
250281 15 1535
140682 637 359
259318 1408 1090
82793 29 1198
222171 1103 340
23079 745 231
272810 466 1870
224809 633 208
238030 1076 1739
165271 878 1054
113388 1518 1818
141057 954 946
14509 942 846
119101 1930 1143
330383 1640 1435
221453 1120 1630
78716 519 172
142625 912 663
30956 92 877
287502 956 610
256229 1732 113
312597 951 1145
299139 296 467
292186 1946 1140
91241 476 736
19586 1739 749
283734 434 583
293945 1201 699
188822 935 1789
295645 621 776
23541 645 527
239227 516 1825
242197 1622 1493
314996 876 74
200925 753 788
29236 1101 119
228183 248 1345
230325 810 1509
19994 1294 395
332732 1877 762
106412 829 1913
90772 416 352
139074 115 1945
200356 746 1317
294953 1057 1405
18128 1939 251
44198 113 1771
116835 60 1780
320542 1775 230
221405 750 448
43699 360 1876
218090 1194 1718
10162 570 1076
192507 384 1557
202642 1169 1729
26071 1924 700
206710 1286 720
210049 364 518
160815 1029 699
91973 610 613
35798 723 481
168953 45 116
323346 502 1507
304147 1861 1668
193756 1946 1058
88112 336 509
226924 1574 140
20381 1451 106
14122 1069 1863
47911 1336 1477
299644 376 1258
282163 574 1745
268025 147 1252
233040 1482 846
77064 1552 1577
295366 561 926
227909 554 396
38025 1240 1621
289624 89 864
111495 837 1117
162861 1090 1537
34724 1458 1675
110831 1465 652
46565 1286 1668
145205 123 1190
215126 1589 794
321241 1545 1879
91798 775 910
303787 1032 867
236903 1382 1778
95001 1855 1654
324205 883 532
231880 1789 1785
65789 1071 378
23255 124 1051
86359 1459 1395
6071 689 733
82185 1737 994
81379 774 1977
7847 1641 754
323766 1279 958
307394 1525 328
141785 1311 140
227030 1633 1953
143322 262 1852
12541 1195 898
230824 344 1994
111570 1570 383
111502 251 1893
276640 1625 738
308508 1476 1635
317947 838 1006
90628 1786 1347
298246 479 1104
247056 1584 1273
258439 1663 737
67342 288 49
161463 1254 305
91818 1264 1568
260000 1471 616
