1000 1000000000
222377 1219 1135
122469 1699 183
288884 1877 1566
202607 1659 1844
158911 1201 1623
310116 1175 1831
54923 1542 1658
230194 861 73
129925 617 1332
28286 504 1191
288654 1602 316
27641 771 1150
242907 946 748
230814 1180 140
26420 794 887
134944 1626 806
189555 484 1515
332476 549 697
234732 706 725
211854 1703 84
152271 1830 35
127657 825 802
152496 1147 645
134730 83 1047
18548 608 1508
18105 1795 1377
136440 1705 370
67051 306 440
140211 267 282
318935 262 1095
310412 1125 1967
13681 585 115
257105 1097 1279
331602 555 820
85090 598 1198
271053 1475 350
168014 741 1400
89758 1192 143
268657 1947 141
303 712 1750
63961 184 1478
137079 1299 380
115519 1561 311
32619 437 442
193328 257 1613
75455 1861 107
215244 675 1052
313440 1742 1290
153712 53 1320
223054 1337 1043
180846 1675 27
15326 1437 1541
120504 631 107
20431 1596 1838
226058 1703 477
230191 1743 880
48669 205 676
79275 1779 344
93711 1396 1397
10632 632 561
172707 1614 1015
73577 1267 545
270509 454 1508
101466 1516 149
72657 1663 208
214627 1661 228
36898 198 970
329654 251 1534
78060 474 301
189130 1423 910
295259 999 1449
895 1248 1449
122289 1384 1030
238826 1750 651
57670 340 1183
241173 1782 1033
153073 1817 1883
113420 1106 1980
22973 1868 1018
279856 1493 1263
229959 260 327
3988 1327 642
83682 1690 867
211535 38 869
313928 873 66
90627 174 247
124115 884 1970
120395 208 1583
189257 419 1286
258684 1848 577
209110 1415 1015
289901 236 587
123634 389 1095
183019 1873 875
206643 1536 1776
87430 314 1783
320765 1052 1910
13884 329 1524
257070 572 1576
75886 1138 1080
82242 37 1775
25840 439 1249
19135 931 1592
97803 575 655
283336 1848 953
64594 1891 425
215935 563 1756
311545 1954 211
153215 1835 1414
73504 1846 1375
30781 1069 955
36845 1623 45
331703 471 289
132739 1282 150
127134 1258 363
87997 431 1154
127287 1858 1
153733 95 1262
106148 381 708
131510 342 406
298766 1435 322
269541 1024 873
240236 773 1242
141908 1346 1735
182831 1505 336
63131 1848 949
312385 32 341
192728 326 1112
161394 956 286
109522 1418 388
160145 168 1681
137838 1472 547
312990 736 1958
100369 611 210
87491 79 926
250395 1797 1396
221866 815 1011
128108 669 1044
328337 1294 1049
47328 450 714
203202 1933 1596
130339 804 1885
259938 1955 167
263397 1047 4
18041 537 1659
128367 981 596
191248 1416 1507
74646 344 762
128179 42 1141
241713 1475 1839
109639 233 619
139778 510 1709
81512 1467 851
24055 1916 290
14547 1179 1771
100839 106 473
223870 1147 1086
152677 333 504
26035 1458 98
1309 1213 44
25552 1008 269
103086 749 1371
69461 946 1911
333114 21 1795
287323 367 1571
162429 494 262
284977 423 1977
196771 801 125
69525 125 928
210713 1784 1863
209862 619 468
93828 914 1584
124323 67 1256
280026 654 588
67301 687 1051
213635 1612 1557
259144 1028 863
39610 191 500
73208 1696 401
57526 1834 307
126420 1364 1048
131197 1958 268
270645 327 1990
48641 155 457
26411 294 1398
303807 264 53
212079 1621 36
779 155 2000
144755 359 1391
241847 194 324
23415 1710 1649
26448 1 139
233676 1858 757
115633 1925 21
102864 867 576
190784 1062 474
37388 134 67
24628 734 378
17042 1759 1722
240812 55 1790
285617 564 631
8562 708 1133
121225 839 734
214044 505 30
319941 222 1884
93378 72 1868
285427 1473 1133
76144 564 230
87806 1043 565
191255 1277 1258
321374 1379 1888
77236 1042 1157
12530 419 1322
182024 614 292
249031 133 1415
61920 1368 1173
78369 1067 116
97722 687 1206
188152 78 898
255601 779 1899
82172 1653 646
98116 160 956
95066 1871 1951
183400 649 1030
166568 422 258
310039 1969 1322
235117 1463 171
282072 69 1121
17942 53 542
295501 204 1447
188736 1030 626
43466 1397 414
47113 672 253
69019 759 1093
271711 1714 1514
44303 773 1351
180251 977 1012
181004 1038 625
237631 1645 844
78973 10 526
296642 421 1925
94366 1581 19
93547 1176 798
212568 275 1441
155533 1910 1392
200244 602 443
56414 1167 42
322867 1709 1163
250071 295 158
298356 522 1947
218417 1504 1550
39260 1334 1464
173539 990 1762
238557 1635 1009
306461 957 247
21397 1467 797
103667 612 1176
296682 1333 1740
323350 81 784
211828 1830 1117
75150 1691 1945
213301 545 18
137890 789 429
24676 1612 612
73233 1487 276
45366 1815 23
256038 220 1346
161565 1157 469
185482 1315 1635
243902 435 508
88628 192 314
6164 1348 266
264310 1878 1860
44389 1349 1410
308550 338 1088
32738 572 1245
249415 1647 1794
139541 1081 294
48536 1965 720
241491 1254 511
228847 885 707
202918 459 1060
254770 165 413
326158 905 471
254484 1564 1139
26086 569 548
246685 1385 288
162853 1495 1662
7898 1826 539
212629 1103 1048
127310 1618 1344
271535 959 1773
19807 1644 1300
63070 38 1601
244033 229 1555
303931 1575 509
7584 1813 1810
207391 1768 971
25192 992 1706
159689 1459 447
256862 870 1519
248912 1739 1691
204090 756 1483
258925 1180 1917
323328 1588 1452
201220 51 368
252908 220 809
310319 1189 1474
237319 846 1198
271445 1603 582
2476 825 99
297055 839 1696
308097 395 1400
295034 1388 420
17136 1035 76
308801 1665 68
70618 1107 1337
315477 104 549
294048 1203 1983
214601 195 1171
220598 1855 204
304612 1722 1212
65245 217 1375
316091 18 568
166479 1290 1006
330774 1905 228
84899 956 1789
204178 1091 1542
282517 565 428
285578 1790 1802
321471 499 865
194483 1270 47
178949 579 690
36763 489 1339
199874 289 98
24086 472 622
284992 1363 1131
306826 1886 1487
170906 862 1373
228170 1500 1916
304884 1801 1576
141143 1939 1200
85128 633 728
313756 1950 916
88883 1629 1356
115944 530 498
109716 1422 975
278964 375 1742
134857 1513 1803
126790 1449 1343
42765 107 228
56294 196 632
80247 1597 57
87948 1241 68
212770 1083 1719
86563 985 399
38716 1793 256
66229 1703 1049
19199 1686 1381
24772 1004 643
17495 8 856
186947 93 995
253496 186 314
60580 1108 580
292420 1503 806
16245 328 1501
112552 169 271
288682 525 1128
250681 1658 1494
186577 886 1515
156912 1897 1402
207060 738 1066
259537 1695 1894
166900 1076 141
183956 1228 25
280871 1994 666
20110 1081 1920
139254 1118 1296
173740 1466 412
45420 1814 387
76638 1511 875
116510 524 141
78524 906 1546
219089 742 1594
177781 1816 1932
246702 1651 103
54370 0 1687
187372 227 854
101193 233 1143
264309 577 418
162050 592 979
331145 621 1904
126476 786 1313
260397 1664 1685
216507 290 1229
132357 668 1099
221390 1096 260
68209 1024 1140
311780 979 898
170732 403 1184
19027 718 1185
186934 195 658
273666 615 162
130193 1096 1764
286296 1575 424
315799 1762 1292
270873 204 719
167241 1118 566
325499 289 1171
257542 165 1694
293370 1575 625
313744 936 1777
55357 795 650
91676 1740 755
224845 282 752
118535 163 1856
103014 992 1153
159532 610 552
150745 1746 468
109026 1327 1892
26735 1970 236
328646 1656 1993
236458 1013 1229
232444 957 1296
177077 654 269
322260 1308 1408
300654 331 1810
246384 1711 1880
39705 581 1274
131578 434 1334
254393 847 825
278244 1985 1317
37499 515 1582
70678 438 487
306954 1092 684
251143 1600 892
169299 1219 1328
129725 1268 489
132963 1524 228
309972 454 1794
12925 10 225
142265 596 533
75996 1248 931
302422 1957 77
83889 1332 1148
130528 1843 727
125266 172 108
1249 248 719
166951 99 427
108910 36 1831
165049 1331 1077
271322 1874 1838
55842 401 1421
299602 1015 828
90065 388 945
229171 83 1654
205283 1156 1763
210152 1456 818
80775 994 348
153071 1072 1554
8117 506 1553
264616 319 1893
50803 810 1949
162951 1066 1273
199603 355 618
255250 858 197
195463 49 1194
104723 792 811
303829 771 1645
140361 71 1875
288638 767 1247
51194 1610 1227
61432 63 997
240284 1706 123
313985 1588 1807
330992 999 962
13970 1497 1194
261793 865 1854
301235 524 663
270722 121 1319
233093 1839 251
52444 984 494
188444 850 684
165128 1163 1977
252844 1485 376
45479 58 383
327382 565 1934
217696 224 398
38451 501 857
52305 1799 579
229105 36 594
137524 106 46
249407 70 1363
230576 638 308
28174 826 1109
283551 917 1623
150747 723 337
159980 1078 376
264510 1205 1744
178262 397 466
49240 887 354
166766 185 1545
127687 1356 385
252440 364 1663
129369 1340 1241
277242 829 669
272574 1584 837
311524 1426 1126
287166 924 380
139601 1067 550
90316 758 879
97871 709 1093
224981 835 1321
320761 1356 727
252314 1493 1644
281294 82 655
43703 1086 942
30194 1989 464
150644 274 908
288561 675 99
279578 454 1489
154141 115 657
180964 1320 1432
291120 1955 1927
131608 915 1521
121978 1003 1715
192156 1333 903
161852 1756 1204
282694 1391 1247
863 1980 287
243106 50 109
3026 1450 1690
108685 807 574
181115 423 388
23869 1125 1428
175061 202 1944
276160 1477 542
105142 1067 1599
75021 1595 1734
211082 864 1037
105507 1513 1935
203211 1386 361
142452 1414 900
240339 887 823
156453 951 190
249691 1501 1081
312289 1639 19
210653 1578 1012
103713 1138 1552
287827 742 527
79973 1004 1994
180241 1180 597
245890 1232 1936
78795 90 261
248118 1594 1932
259003 1304 142
171363 778 1944
87763 1687 1248
16011 1405 595
296995 1417 275
145898 1208 1585
98732 435 1206
59068 646 899
29656 95 1083
224847 551 1904
21237 59 1327
169542 1435 88
300658 542 1770
119789 1645 816
2070 888 210
132625 1220 1329
35416 1604 4
327191 1381 981
42323 1837 613
225117 507 302
285042 665 1053
206802 795 434
59983 992 1317
281529 360 291
126311 893 1982
73228 1651 361
204587 1534 205
278576 1579 1816
166510 390 686
147579 1946 27
175985 656 259
146365 1775 378
166468 1152 575
96644 407 568
68934 1705 323
145038 926 371
76763 1978 1060
123731 1907 1754
204598 278 1486
51601 1564 760
153461 320 210
134190 582 1888
114524 788 532
332070 1514 447
117446 1643 1673
320685 1567 1505
77810 1830 115
20230 332 350
28247 384 1059
49277 147 1298
190097 496 232
199132 1997 193
287906 36 544
320817 3 174
110510 1699 775
228681 1894 60
71924 181 523
220839 226 955
234310 1293 1548
275001 1680 911
268273 1013 250
53020 1615 234
106854 342 372
132345 1836 355
56895 341 1092
2595 433 1326
118454 1055 532
259559 1603 1787
279012 1985 1168
33968 300 64
11581 415 1156
316432 1891 1531
99642 155 564
34718 48 1725
276417 1250 279
262709 454 1971
29557 248 1839
103030 1959 143
275480 1132 424
185709 932 1453
190954 1090 261
184743 713 1698
99255 666 86
230552 1865 1316
160425 599 1829
107574 275 1821
109430 941 1059
149001 1129 100
326187 553 723
225672 362 1368
314308 1392 254
226277 1367 485
91966 1953 407
44575 1292 839
198207 1367 660
115798 670 1409
232241 833 827
247177 1825 610
11516 1435 858
252901 251 1820
150205 13 1778
33319 1051 868
121948 214 1458
204217 363 1366
300764 1290 1500
101618 1034 1503
75875 1284 632
44938 451 598
46615 708 626
123250 1789 1734
188725 1339 152
229967 1170 1278
285101 1638 1453
100494 1874 324
166601 933 1728
35039 1987 138
313060 748 147
9550 863 365
93313 1498 1364
23615 1503 1034
31101 717 1841
283569 541 161
315199 197 662
328948 552 704
74269 788 825
39059 1732 1623
317200 1679 1396
319170 549 953
264604 1429 996
321922 1526 1241
221910 418 1941
93204 1194 1852
76857 713 272
272704 278 547
275570 1656 108
126241 519 1060
201724 1182 370
137832 1256 975
203276 210 643
287453 736 25
298393 1722 1795
126887 1093 479
90309 245 1378
246328 497 193
200140 1896 1412
141016 1025 1038
318754 1893 1455
298824 204 102
268389 145 1396
314421 212 1441
265286 902 1548
120073 1618 174
94198 454 1019
65788 1018 615
218127 1814 234
324989 1133 171
188294 254 807
35277 1534 1282
272950 1656 908
166721 1732 150
125245 1495 1479
140978 1807 865
220639 1694 1645
310652 1398 1546
114811 1573 308
318071 1617 1213
5993 1868 898
290966 941 900
286898 1691 383
104445 43 191
177582 1134 963
88280 1941 754
105968 896 1884
275970 947 1159
22359 88 1356
202224 20 1232
212390 716 152
1887 1201 1194
34794 944 1910
291881 567 1158
140493 1249 1065
266110 250 539
293721 451 1700
60143 281 1738
277007 1527 1981
208864 1018 506
102357 1572 1045
149629 1030 506
134554 1818 1458
7819 352 890
101006 1461 34
23945 1024 914
91264 857 739
104530 127 1142
305241 1152 65
244109 829 1812
112192 497 883
9645 161 136
103308 1643 363
187355 1672 394
304704 522 26
161915 184 1551
77000 770 854
60290 1925 1502
261161 1557 1608
249683 784 561
260689 1185 712
312359 375 502
117345 1617 816
27066 609 710
95560 217 413
45350 114 1435
47438 1075 1328
309838 1165 1422
209052 138 988
167437 910 726
146927 1953 1321
283073 556 717
145812 502 516
138033 975 1710
63979 7 1887
149404 1739 1096
290265 973 1909
95298 499 1897
174143 186 859
145209 1234 1619
290455 1685 1633
172123 214 136
319757 250 242
325209 414 647
332174 1108 1465
145248 1797 954
250781 364 870
30051 1447 275
217248 874 1766
223300 520 343
297578 813 1219
154340 161 1028
251106 1334 1459
273086 724 1565
45001 1525 534
322910 1303 1791
198948 624 189
14060 686 129
33153 843 581
135608 869 1053
111339 1294 1513
259685 497 1416
249397 241 564
194401 602 1343
90159 1868 285
74199 1894 900
138343 1928 1556
274456 824 1865
17213 230 1771
140572 1941 652
258608 1161 1925
234675 1944 1059
86960 1607 686
92240 567 695
215975 1424 885
308113 1604 1778
73770 396 1250
59362 1172 1183
54074 1779 1943
143435 991 232
271389 1968 1293
199565 1164 510
199724 587 1524
67359 409 939
130849 736 1309
54632 1077 495
62174 32 823
150564 564 27
68370 782 842
195512 128 606
147072 1245 1809
23075 1117 1058
265821 239 1631
29263 1983 1194
63022 1363 199
46285 1029 1067
8662 1429 1756
299152 1328 343
219695 1176 971
47851 784 144
42911 28 399
298620 1427 1592
261588 158 629
92373 502 748
24630 1664 1687
193241 322 1859
192582 37 1933
142282 505 1062
231726 485 1573
296072 1785 1788
300506 1369 1427
37450 1733 1810
192765 1781 711
330768 1703 119
179010 46 1728
162492 1251 494
274132 1480 435
240151 965 1587
76707 1331 1657
86965 359 1292
133021 611 1131
276611 1209 504
170499 1443 667
115273 974 367
6668 919 559
56198 135 868
166577 618 1790
100882 1836 52
262107 1627 705
29188 991 1673
152431 1075 300
15795 1152 27
34146 521 1612
267897 29 917
44478 674 509
184300 680 477
144039 154 1688
213377 1532 362
59035 1467 357
126943 397 318
138060 711 804
72356 1720 1140
260360 1697 952
332401 792 1641
206666 629 652
158403 820 1801
185006 828 1515
208490 136 118
735 320 1418
291107 1478 117
146945 957 14
306701 1610 616
70674 1525 344
293670 195 192
38032 1502 1743
47782 1241 321
300767 797 1510
95191 360 1097
41166 1142 1422
328166 1996 1641
236008 548 1279
16740 768 1473
238491 1344 1410
86932 220 1342
140836 740 877
20818 1125 1218
46786 1009 272
149376 1347 1342
179116 1927 1100
126904 611 1845
108642 1792 465
19876 1058 1088
155376 104 1085
287150 828 1669
137096 1880 846
292728 506 1259
31636 291 89
82872 1777 1015
166976 537 88
227564 633 897
104085 1930 1606
317180 207 1176
306108 1784 1143
137070 1523 498
175088 1475 1442
79528 761 309
316147 1653 38
189895 1726 363
269688 1024 184
108018 848 848
5205 864 409
26852 1542 1495
328753 951 1495
85375 1717 109
200608 1350 1803
245315 415 1652
277738 1135 1763
237861 256 829
196845 662 1194
327747 1019 463
72827 746 565
229766 1861 1757
79954 1717 257
39346 1909 582
268912 273 1810
48095 1917 1552
86658 47 1803
133657 520 298
78974 653 1134
134117 484 522
128305 71 244
280790 1661 1527
281978 1526 855
49133 1314 195
203776 203 248
66944 1058 255
136369 340 1881
103648 837 259
49762 1379 991
269878 658 95
17849 445 939
301243 907 732
83948 121 503
6239 262 702
42521 1535 1321
137956 1728 1549
193566 1477 1137
110549 698 1155
44885 925 97
80155 1374 376
76416 1836 805
182587 1093 1189
107303 910 278
269661 1414 1228
320734 1795 1174
583 646 1824
195154 40 1676
68298 68 407
41966 1139 534
300712 1051 1523
282666 372 1616
182067 564 356
151290 117 4
104891 424 1546
152937 29 1043
2943 1224 170
330285 887 517
22771 303 644
74764 1762 116
231162 1300 168
308762 96 612
303209 621 1440
269695 295 1934
295380 662 76
65945 853 87
103679 1937 1517
310137 1022 105
171936 1612 505
106892 970 1257
