50 50 700
36 25
36 18
31 18
42 48
35 16
39 44
3 49
30 48
21 17
22 45
8 13
4 37
8 4
47 43
45 20
48 46
24 49
36 32
22 4
35 37
38 2
2 46
5 42
22 1
1 44
3 4
23 2
47 32
31 5
24 4
5 29
9 49
46 13
45 26
8 37
17 2
5 6
42 31
23 29
13 26
5 13
32 1
21 19
46 41
33 7
28 38
21 12
14 7
33 30
34 29
44 14
29 41
46 2
44 5
36 36
33 28
28 32
27 35
5 3
27 5
5 8
12 2
23 38
29 8
42 47
25 0
42 25
36 20
2 14
32 2
13 35
37 15
15 16
35 39
1 2
27 18
3 12
3 45
17 37
44 26
44 20
17 15
6 22
30 36
46 40
22 39
46 43
25 25
43 24
20 48
46 24
40 9
10 10
28 17
16 33
31 9
34 0
40 16
34 26
7 28
36 0
34 2
12 36
12 45
7 14
38 10
26 27
26 47
12 8
31 45
16 38
9 45
5 22
26 11
21 36
20 34
39 24
23 30
18 33
7 9
5 40
22 17
37 2
22 9
31 21
21 11
30 7
1 42
39 7
18 27
14 31
37 35
10 20
4 31
6 37
2 23
26 22
42 20
45 19
38 46
45 25
27 47
18 45
36 21
40 7
38 20
48 28
36 3
44 9
28 2
11 7
36 31
26 40
35 47
16 10
20 18
22 33
37 41
48 41
16 27
29 29
39 5
22 14
33 33
42 37
16 4
9 47
4 34
44 39
16 21
48 14
40 40
12 43
37 14
2 9
41 16
38 33
35 36
48 45
30 32
8 3
25 29
6 27
29 1
40 29
40 26
4 4
47 18
25 46
14 13
2 8
10 18
19 16
33 6
46 37
32 40
5 36
2 18
43 32
16 28
5 25
48 29
9 44
30 12
8 45
22 30
25 31
24 11
25 18
41 39
26 35
28 26
38 49
6 36
47 16
24 41
4 28
45 49
19 41
40 44
30 11
7 32
41 45
6 33
32 5
12 31
25 39
27 7
13 8
7 11
2 22
29 27
47 25
12 24
47 26
15 26
41 43
26 20
22 24
23 27
30 29
29 40
15 48
16 15
16 7
31 38
26 46
43 22
21 10
8 35
24 33
11 33
6 10
47 27
48 42
30 34
35 1
11 1
18 40
32 28
5 15
16 34
9 8
1 5
10 28
24 16
36 12
45 38
6 30
13 48
29 19
48 31
22 23
8 25
43 47
44 44
15 46
12 10
14 46
19 4
19 30
7 46
41 36
15 22
32 39
23 9
2 39
21 34
45 39
36 37
20 21
4 10
33 46
13 19
7 6
19 24
16 31
20 6
39 14
1 6
19 5
31 15
9 19
16 35
41 20
13 5
46 20
48 33
21 48
26 34
9 39
23 17
15 40
30 40
1 34
4 48
22 46
38 0
30 21
17 20
35 10
32 21
16 12
48 2
13 44
4 39
28 22
40 18
8 38
36 9
32 3
25 12
35 32
37 39
24 14
43 41
20 5
4 33
13 17
26 39
35 45
30 0
35 35
18 29
34 40
20 17
10 46
37 12
27 31
21 35
20 37
17 26
39 19
1 49
46 6
33 32
39 49
23 14
29 13
9 34
28 43
44 17
29 10
13 23
38 42
41 31
48 23
32 29
46 9
4 20
8 36
32 20
6 21
39 25
28 14
42 42
40 23
28 34
10 25
15 47
39 42
44 15
36 34
21 46
31 14
44 8
6 42
19 7
12 17
5 10
40 36
26 17
35 21
21 13
32 43
19 19
7 10
45 46
14 28
31 24
28 5
6 7
45 6
27 19
1 19
42 33
36 4
39 20
24 28
15 35
34 17
9 28
6 1
21 26
31 17
30 28
18 44
25 16
25 40
14 37
46 35
46 32
22 15
34 42
23 24
29 49
35 7
32 6
28 3
5 26
18 19
46 22
7 31
42 16
36 8
42 5
12 47
2 36
34 34
46 15
5 30
9 33
28 7
39 12
40 14
36 39
9 25
1 47
15 1
11 35
2 4
33 42
15 30
4 45
3 35
33 20
6 40
21 0
9 15
16 45
27 23
23 33
40 21
12 6
17 32
10 6
20 32
28 36
12 27
42 34
16 32
44 1
35 22
37 37
3 25
36 46
46 19
17 42
13 0
24 44
2 49
15 13
2 5
22 29
18 3
29 35
8 21
12 23
21 44
14 41
8 40
13 49
16 36
10 44
24 15
22 28
33 39
4 3
38 25
17 4
24 36
3 36
12 21
31 20
4 32
21 23
41 18
34 28
33 37
18 12
31 23
8 14
2 44
20 29
42 32
14 21
18 41
4 36
16 49
9 20
24 10
25 33
37 42
40 2
47 0
11 47
43 21
33 21
9 43
23 39
8 34
3 40
11 13
48 7
12 40
39 2
27 17
3 47
4 7
21 9
47 21
17 1
18 47
42 49
27 26
41 6
32 8
43 3
11 43
41 17
7 5
29 11
20 43
22 8
23 12
5 4
25 47
20 38
27 30
32 4
20 24
29 4
47 4
33 29
48 36
11 37
26 21
46 34
27 12
3 28
32 44
5 39
13 21
21 27
17 16
38 16
17 23
29 26
23 20
13 15
43 45
13 42
37 32
45 9
44 41
21 29
29 42
11 3
45 4
39 9
30 30
46 7
41 14
35 14
3 24
8 30
23 7
33 44
22 2
30 1
41 13
23 34
9 6
4 25
22 44
15 28
6 47
26 9
27 10
8 10
6 35
1 15
28 16
45 7
38 34
1 18
24 22
26 37
38 40
41 44
20 13
26 25
37 25
43 5
20 31
32 42
2 31
3 26
41 4
2 45
44 46
43 16
31 10
22 32
25 3
28 23
25 17
43 20
22 27
13 27
1 23
14 26
19 29
24 38
20 8
10 34
18 48
40 32
22 35
20 33
7 20
24 3
36 2
39 38
39 32
1 28
23 25
12 20
36 14
45 17
8 2
14 8
22 41
35 24
19 15
48 44
7 7
19 8
5 2
7 0
8 24
8 32
44 10
21 15
28 45
31 49
38 15
6 12
46 0
10 30
29 39
12 44
37 48
44 29
15 12
44 47
5 49
45 21
32 11
34 12
18 10
26 42
38 22
34 20
18 5
28 1
23 1
45 1
23 40
10 38
