50 50 500
45 49
35 25
37 18
9 28
9 32
36 34
27 17
30 40
13 29
2 22
12 9
6 17
8 30
21 21
32 21
34 27
47 34
48 30
27 36
25 43
36 22
18 18
20 16
3 34
4 40
27 10
38 40
25 39
3 43
34 47
20 5
28 42
42 23
17 38
27 20
1 34
31 31
3 7
4 44
45 39
1 28
1 40
38 32
10 44
10 25
29 28
11 42
19 13
42 17
10 24
4 28
17 5
10 38
5 8
4 9
30 18
3 28
22 3
48 12
15 34
22 20
42 22
22 48
1 1
6 46
22 45
22 18
47 37
16 26
39 48
3 41
7 34
21 5
6 2
13 32
39 6
36 6
46 8
29 40
12 12
16 42
30 33
27 6
38 30
19 12
25 41
40 22
2 28
3 35
46 16
48 38
7 8
43 5
26 27
40 47
8 3
33 37
25 9
29 31
41 48
10 30
48 49
47 25
43 8
42 30
42 36
44 48
32 47
17 3
1 9
29 19
5 3
43 9
21 14
38 2
42 9
13 15
8 11
23 0
18 49
25 38
37 35
48 17
18 16
45 29
26 7
10 5
4 17
41 15
16 41
37 31
16 47
11 21
9 10
6 0
11 3
36 13
6 13
31 32
46 15
14 42
27 23
31 46
8 17
46 2
37 48
46 41
12 20
6 10
35 34
10 4
1 33
19 18
36 23
42 34
9 4
10 41
31 39
35 22
13 8
12 46
16 16
13 7
38 22
17 45
15 29
8 31
5 17
42 15
12 36
18 42
28 46
10 32
33 36
41 21
28 14
10 29
7 44
8 47
45 14
36 35
36 21
20 44
27 41
34 3
29 26
36 28
48 48
37 41
11 2
47 15
32 9
28 21
41 4
32 43
4 24
13 35
31 21
26 30
39 15
27 48
43 15
38 15
18 36
33 41
38 8
4 6
6 44
38 3
10 37
36 44
10 17
38 42
26 2
36 12
18 32
27 13
7 22
30 22
33 8
11 37
32 42
32 3
45 26
17 4
38 43
7 3
15 47
6 5
4 46
19 33
27 33
10 45
32 25
5 11
47 20
22 1
9 15
20 20
11 24
41 45
18 3
4 35
32 0
7 24
15 7
43 43
44 6
43 37
37 29
8 7
24 21
40 33
36 46
15 17
43 35
16 48
40 14
46 25
8 49
39 17
10 12
9 38
40 5
32 6
5 30
26 3
39 35
48 9
2 13
46 10
3 19
17 13
30 20
20 40
2 1
6 42
34 9
13 28
4 45
42 42
38 13
21 18
6 7
14 10
38 29
26 13
2 24
27 0
39 11
24 41
3 11
9 7
15 20
15 12
31 43
6 19
18 26
48 4
37 22
38 14
19 0
41 0
37 9
44 12
45 47
44 25
26 21
8 0
44 24
8 41
32 35
44 38
39 27
8 5
38 16
18 25
19 16
36 19
6 43
40 6
20 43
1 38
10 2
11 36
8 24
3 12
2 23
24 29
9 26
32 41
38 4
4 1
22 13
7 13
28 49
47 32
40 36
35 33
46 21
35 45
5 19
15 25
12 7
31 24
35 20
48 14
22 19
39 1
21 34
34 39
11 47
40 48
14 26
6 35
10 22
44 23
8 2
38 12
20 31
38 26
44 33
32 1
18 40
48 22
46 17
29 17
16 19
8 14
9 1
8 27
40 44
4 10
29 41
26 49
21 9
15 37
33 35
22 27
26 36
3 3
43 0
12 32
29 39
10 18
36 16
29 20
48 24
37 27
16 38
17 18
25 47
32 22
8 43
17 21
20 22
12 17
12 47
24 26
39 31
46 36
26 5
8 45
43 42
38 11
6 15
35 3
17 1
45 5
26 44
2 33
13 43
27 12
27 45
13 23
44 39
17 33
25 2
44 26
19 35
35 21
2 47
5 10
44 29
17 41
41 19
43 34
36 4
42 35
17 7
20 25
25 23
40 11
14 25
22 31
29 35
22 7
35 47
15 10
30 42
44 13
26 15
30 45
47 21
20 18
44 1
37 32
1 3
24 49
37 19
9 9
16 45
5 39
34 45
46 3
3 30
34 4
20 32
15 15
21 26
35 10
5 5
1 35
23 38
16 1
36 8
26 32
47 10
27 38
22 5
45 46
12 43
14 24
48 28
11 9
5 14
39 5
2 49
22 35
27 25
31 4
12 13
31 14
24 32
7 14
38 19
21 43
40 42
40 30
2 37
44 10
14 18
13 20
38 17
20 17
3 1
5 43
3 48
3 49
5 28
