30 30 300
12 8
17 2
26 15
6 4
9 17
24 15
20 14
3 19
7 3
6 8
3 11
15 27
26 27
9 15
8 10
28 28
15 29
4 16
6 14
28 11
10 12
18 9
16 7
4 26
26 17
17 14
5 5
10 28
3 6
23 27
7 24
3 22
25 24
9 26
21 24
12 25
21 21
15 25
21 7
19 25
25 9
20 3
26 22
1 28
28 27
3 10
24 9
5 26
14 28
23 18
23 13
10 2
23 8
26 6
16 29
16 17
28 6
13 9
2 15
14 3
4 21
17 21
11 22
10 22
22 3
15 26
5 21
17 7
15 15
20 25
10 16
18 18
20 5
8 14
28 19
28 12
7 1
4 18
15 10
26 14
1 17
13 15
24 26
6 0
14 23
3 20
14 17
21 22
23 15
21 17
24 7
27 12
24 29
11 14
21 20
17 5
18 8
22 2
17 0
12 19
23 11
5 17
19 11
20 9
11 0
26 16
27 11
5 2
9 14
22 9
17 19
1 25
26 28
19 20
8 29
8 12
2 8
20 27
8 3
20 22
4 1
13 0
20 26
10 21
28 21
1 4
13 14
18 3
23 22
2 7
5 7
25 29
13 11
24 28
23 4
1 6
24 20
22 28
6 3
1 19
8 27
13 13
1 18
17 12
27 26
11 18
13 1
5 20
7 25
27 3
9 9
26 4
25 27
1 9
11 15
5 10
21 28
14 21
6 24
22 12
9 21
24 2
14 5
16 12
1 10
20 0
15 11
24 4
11 28
2 17
4 2
14 19
21 13
20 11
16 5
7 11
18 4
22 13
6 2
27 23
6 5
14 27
3 28
17 6
7 29
13 7
4 10
10 27
21 3
1 12
27 21
4 15
15 17
17 15
22 24
23 7
25 3
8 19
16 19
22 18
4 3
27 13
11 29
19 24
16 10
4 11
21 2
8 16
14 26
15 18
14 12
23 9
3 13
2 25
13 2
1 2
22 0
21 19
8 7
23 21
27 18
6 26
25 2
17 3
7 22
13 21
19 9
5 18
15 20
25 15
7 21
6 22
20 15
27 7
14 25
13 10
22 22
18 19
16 21
13 18
2 2
5 12
12 0
18 17
9 1
26 8
19 17
22 16
15 4
2 1
7 9
14 4
1 23
13 3
8 5
13 23
2 13
10 3
15 7
23 5
2 4
7 10
15 3
19 2
2 26
2 18
6 27
14 29
17 17
14 2
2 5
14 15
14 18
20 13
2 14
3 16
9 27
25 28
3 3
21 8
25 11
18 0
12 29
6 1
23 24
24 5
18 20
18 10
15 22
12 5
22 6
13 5
2 24
8 2
27 10
7 8
11 23
19 27
15 19
28 1
