40 40 600
36 0
25 17
28 15
23 24
27 18
24 9
32 27
34 30
8 13
1 3
7 6
5 20
11 24
35 13
6 26
29 5
17 2
7 16
35 4
4 21
22 3
13 1
29 8
18 10
19 17
26 6
13 33
15 39
21 3
7 4
38 36
13 39
36 2
5 17
2 35
31 5
11 26
31 13
16 9
18 11
19 23
5 38
7 18
36 10
25 11
4 33
16 11
1 5
23 2
31 14
18 28
18 33
23 15
1 38
12 12
18 14
6 11
4 18
32 5
12 32
20 13
3 14
8 34
21 8
25 20
29 20
15 12
2 25
1 33
2 39
3 2
31 15
36 20
29 1
14 35
25 27
1 29
27 3
19 35
26 25
23 0
8 8
16 27
3 39
7 10
15 8
27 1
32 26
13 37
11 4
1 13
38 10
31 16
30 39
24 32
8 28
9 38
38 5
30 37
25 10
33 23
9 6
9 26
8 30
20 7
19 11
34 18
6 5
17 26
27 30
13 23
29 15
5 11
38 4
22 23
8 0
7 35
13 6
30 20
29 34
2 31
28 39
10 23
38 29
38 19
19 9
11 2
2 3
28 31
1 7
36 17
9 7
27 31
7 15
10 27
31 32
3 22
13 21
25 31
35 7
38 35
22 22
7 29
14 32
18 2
3 20
5 21
16 37
10 39
5 34
27 34
10 17
17 1
12 3
35 23
15 25
18 12
34 1
20 23
28 36
15 34
22 4
35 31
19 28
37 3
14 19
12 1
22 16
15 22
33 38
36 3
6 32
15 35
4 8
10 11
1 15
36 23
22 24
23 10
7 31
24 30
12 7
18 3
2 24
15 0
1 8
14 23
38 31
19 3
20 2
15 37
19 15
19 19
10 29
20 16
21 37
33 16
30 36
11 18
15 27
36 29
9 16
7 11
20 6
27 12
32 18
16 20
3 17
7 2
24 22
3 36
6 31
33 6
24 36
6 35
3 8
29 32
20 12
17 20
9 11
25 29
17 0
13 10
7 17
30 2
21 9
24 33
18 7
35 19
30 34
5 37
16 2
5 4
1 14
17 22
14 31
7 24
29 25
35 6
4 17
5 12
8 33
28 10
8 26
21 0
18 34
5 27
4 24
18 21
13 11
32 15
30 30
36 19
21 25
1 24
9 2
35 0
1 35
16 30
20 21
25 5
2 20
23 25
22 7
29 28
34 36
31 39
11 1
30 7
12 17
33 4
23 8
8 9
21 34
35 33
15 31
27 10
17 18
38 25
37 15
33 29
11 39
29 27
28 18
38 3
17 17
20 24
34 33
38 30
1 30
28 34
20 15
16 19
10 2
24 17
25 6
32 6
6 8
32 13
23 1
34 28
32 4
23 9
13 22
14 13
2 30
2 23
17 24
30 11
30 28
15 20
20 27
18 17
10 28
24 15
13 34
20 22
32 16
24 7
16 13
38 17
27 20
12 34
11 30
25 23
28 27
1 20
25 35
38 14
38 37
25 25
13 9
1 39
6 25
37 31
16 10
2 7
30 16
18 26
30 9
29 38
5 39
37 35
9 33
14 16
5 28
23 23
37 6
29 9
28 21
33 19
8 38
13 20
5 16
29 24
24 5
13 7
4 26
20 17
2 27
7 1
14 12
27 6
28 17
36 25
31 10
7 7
30 13
30 31
16 32
32 3
10 32
28 7
7 26
37 37
25 2
20 3
28 24
8 2
27 35
34 12
13 18
36 33
12 39
23 38
38 26
21 35
31 25
10 21
14 17
10 14
30 17
12 35
24 4
29 13
27 11
32 19
23 27
21 15
23 12
22 38
9 8
31 31
1 19
29 6
13 14
13 12
2 38
26 11
9 15
18 5
21 4
16 17
4 29
29 22
3 27
4 31
33 0
35 1
25 12
22 1
14 21
21 29
12 10
10 8
38 27
6 38
3 34
11 38
36 27
15 2
1 2
20 0
17 21
6 39
37 1
10 3
1 31
32 39
9 3
13 25
5 30
11 29
35 30
26 3
22 0
8 37
3 28
13 26
26 4
31 27
21 32
34 20
19 18
2 26
3 26
11 23
30 14
38 21
15 23
3 32
4 23
38 12
18 0
36 11
2 37
31 18
2 32
20 30
11 8
8 7
22 17
36 24
12 19
32 38
14 3
38 22
1 4
29 4
24 13
8 3
17 10
36 9
5 23
2 21
32 30
32 2
17 23
32 25
14 6
24 37
23 39
33 3
16 14
19 24
28 33
36 21
34 23
18 36
18 27
17 27
8 1
15 33
10 30
33 8
34 29
2 6
22 10
17 39
11 11
18 16
18 13
28 35
24 25
30 22
4 10
15 38
8 24
12 8
16 29
27 26
10 36
22 31
34 22
25 21
33 10
29 29
3 11
6 15
11 34
6 30
32 34
30 8
33 33
32 21
38 8
28 4
7 37
34 25
18 31
2 8
16 39
24 1
14 18
4 30
24 8
24 24
27 13
7 28
26 24
30 0
10 38
4 15
10 1
4 0
38 9
35 29
37 19
37 28
13 29
37 36
18 30
21 17
23 26
8 17
23 16
33 26
36 1
18 25
31 24
22 14
21 14
28 22
33 11
8 36
26 17
6 0
26 36
3 35
17 30
20 26
25 1
7 0
26 1
10 5
26 18
9 32
37 12
19 37
33 22
8 29
28 0
4 16
32 35
22 29
3 15
31 4
27 38
5 19
14 33
