50 50 2000
3 38
35 37
37 41
45 19
42 13
36 49
44 35
12 33
35 22
33 36
47 4
31 47
31 2
19 0
44 40
16 39
15 12
3 40
11 27
5 35
4 8
9 41
20 6
22 14
32 13
43 13
4 7
21 31
47 26
43 34
4 26
44 28
30 22
27 14
40 1
35 41
24 17
5 42
45 8
14 23
40 16
21 45
3 44
41 35
40 29
1 25
40 32
32 1
24 22
36 46
32 7
29 44
28 21
44 44
15 33
48 27
9 40
26 4
34 43
9 24
36 37
43 37
8 38
18 41
6 26
25 43
31 1
20 29
36 10
38 48
5 5
1 47
44 19
26 10
9 49
39 4
40 30
39 23
48 38
7 19
9 11
19 12
37 8
28 6
17 13
6 46
17 31
14 9
24 16
7 23
1 0
39 3
33 42
46 1
47 34
25 29
2 36
26 1
2 17
6 9
18 45
32 22
23 10
7 47
18 8
10 10
19 8
45 28
31 3
20 2
24 46
18 9
42 14
1 17
3 45
13 7
48 47
33 33
14 44
14 30
22 22
38 25
18 33
20 22
15 24
45 46
36 3
7 16
27 48
22 15
39 16
4 15
11 16
6 32
15 18
27 44
47 20
8 32
12 1
25 13
17 40
20 49
42 22
30 47
4 31
1 9
45 49
3 3
26 34
23 23
8 37
14 29
6 47
24 6
9 34
1 24
27 21
41 13
33 40
6 24
40 17
26 35
42 30
22 27
39 24
35 27
15 13
16 18
11 2
21 37
38 0
41 47
4 36
13 27
16 11
18 31
22 13
29 8
33 16
27 2
24 27
29 16
44 34
34 29
39 19
28 44
45 10
42 0
26 27
21 21
36 19
7 5
7 25
7 2
35 38
34 5
32 17
45 11
2 43
46 46
35 34
36 18
6 42
19 37
23 16
37 42
1 20
42 27
20 28
16 5
10 15
26 0
2 13
17 1
21 17
13 11
40 34
32 9
4 9
15 7
10 42
38 6
23 25
46 49
26 21
47 33
29 3
32 49
41 19
37 16
1 32
21 28
8 39
4 34
46 12
44 41
2 18
11 18
19 44
19 2
40 40
43 27
43 42
6 36
33 26
7 40
11 45
25 3
19 23
34 24
2 1
11 8
27 40
31 34
24 49
40 42
9 27
29 7
37 46
7 22
36 36
17 10
18 2
34 9
46 34
16 24
22 45
20 8
17 16
8 1
39 1
10 47
31 39
10 14
31 15
4 19
25 28
12 47
2 45
16 32
42 21
42 18
23 0
3 47
42 26
23 26
22 32
22 9
48 28
3 42
48 26
44 18
27 27
16 17
30 14
38 40
36 9
18 10
33 21
36 32
15 19
14 14
20 26
23 30
3 41
22 29
30 35
31 16
46 42
13 18
3 19
48 0
21 5
23 39
14 12
48 46
1 40
30 6
31 36
25 0
22 38
4 2
16 41
22 35
34 47
17 18
11 38
37 40
22 11
48 22
17 34
25 11
1 8
39 11
3 12
39 17
41 26
20 25
4 17
34 46
38 24
25 26
14 31
28 2
1 7
37 2
31 40
28 40
18 43
16 25
31 45
3 32
12 34
28 16
10 0
7 15
5 41
33 6
8 15
34 2
4 4
14 33
2 29
13 8
26 46
9 46
15 40
10 13
43 12
7 48
42 4
39 10
10 8
11 49
6 33
2 16
9 33
40 3
4 38
37 30
25 48
14 18
17 35
4 49
32 44
19 25
29 13
3 2
39 7
22 37
25 10
4 10
28 3
14 2
34 6
39 13
30 11
42 46
35 24
36 1
15 41
46 41
12 12
27 41
42 2
37 14
25 37
14 39
35 36
2 24
10 4
27 16
10 35
17 42
13 34
21 47
41 4
8 45
31 18
39 45
42 44
14 11
29 46
8 33
37 10
45 18
17 21
2 44
9 8
12 8
40 25
15 10
22 47
32 35
10 23
35 12
6 44
16 19
5 49
39 0
28 34
33 47
7 37
30 31
1 21
37 48
39 2
10 3
12 11
13 31
26 11
24 41
25 42
25 15
19 46
7 46
40 28
22 39
45 15
24 48
23 46
21 14
2 33
29 38
20 3
40 31
6 17
19 4
12 43
24 35
33 45
9 37
47 41
44 33
19 15
14 27
42 45
19 42
17 12
36 23
36 28
18 11
27 32
37 15
5 0
47 36
22 44
8 10
4 1
31 30
23 8
36 38
8 20
30 23
29 6
43 15
32 10
42 10
18 46
29 14
35 48
10 17
3 39
48 21
11 31
6 4
17 26
5 21
39 31
4 21
35 47
1 46
29 34
44 46
37 27
47 0
31 5
10 25
24 13
20 33
21 18
24 12
9 28
29 2
34 44
47 39
4 27
41 6
31 20
13 19
31 27
10 9
16 35
23 29
9 5
43 18
3 17
21 7
37 37
22 5
22 42
14 28
33 24
25 19
40 33
13 12
18 22
42 42
14 40
5 38
12 9
30 7
47 19
48 24
47 12
31 4
25 5
21 23
1 14
34 3
21 39
47 37
25 30
25 20
43 3
21 27
14 20
39 33
12 48
48 36
33 13
38 1
47 40
10 19
39 27
24 5
18 44
21 22
44 3
28 5
9 44
26 3
5 14
38 29
20 13
23 6
16 7
32 32
36 17
6 10
41 28
21 38
15 38
44 22
37 23
24 14
37 6
6 25
4 6
8 4
39 30
25 22
47 30
41 36
19 31
33 23
25 32
5 11
6 31
2 8
37 26
23 4
20 16
27 46
3 21
23 18
6 40
1 6
13 39
22 30
43 46
39 25
9 3
5 46
40 7
2 12
10 34
40 38
20 44
32 2
18 32
42 1
44 15
30 37
9 14
19 48
33 46
17 44
48 23
12 22
43 33
6 1
2 10
29 49
8 42
2 22
29 27
17 3
32 18
4 24
21 8
12 41
44 0
6 30
6 14
24 33
28 24
26 32
21 25
5 9
22 1
42 49
27 25
45 16
37 4
5 37
35 35
15 3
3 14
17 7
48 32
20 9
9 23
35 32
15 43
19 35
37 34
39 22
2 30
30 8
24 21
43 14
48 33
20 5
46 13
42 32
11 37
24 9
5 13
17 9
13 13
14 21
13 21
42 34
10 1
3 28
32 28
46 26
38 38
32 21
9 35
2 40
12 18
13 33
44 47
12 2
31 31
44 7
48 17
16 43
39 34
40 4
47 15
30 26
21 19
15 1
1 26
41 3
8 5
41 46
46 8
2 6
14 19
22 36
23 40
27 49
10 37
39 6
7 13
19 11
21 35
27 43
19 18
15 26
11 41
3 31
41 12
33 28
45 9
27 45
26 42
12 21
46 10
43 45
30 0
9 7
24 28
18 5
9 9
27 0
2 9
26 39
9 1
8 2
18 17
27 35
46 48
34 14
12 5
43 0
31 12
42 9
7 31
21 0
33 0
33 39
18 12
4 41
12 16
40 37
38 22
39 44
13 47
43 21
38 41
29 39
5 8
10 2
17 46
8 44
43 38
9 15
45 7
23 7
14 24
30 41
17 11
15 14
21 30
8 3
20 4
32 8
40 9
10 26
14 10
40 6
1 10
38 26
46 29
6 39
22 7
32 42
35 49
27 42
36 16
43 26
15 47
40 45
46 33
29 17
13 1
27 47
38 8
12 40
13 30
16 16
11 12
32 3
26 36
42 6
36 40
34 23
20 17
16 10
32 39
7 41
44 26
47 27
37 25
46 11
1 30
6 41
47 38
25 1
1 36
38 17
48 7
17 45
30 9
8 11
18 39
34 26
29 19
31 10
3 16
42 24
12 30
1 11
16 3
30 33
4 40
13 25
17 4
2 15
38 36
36 34
2 23
44 39
41 18
13 9
31 46
33 49
28 8
39 14
38 32
3 30
7 1
23 12
31 11
27 19
11 5
7 7
11 24
30 12
32 26
8 43
33 10
37 47
7 28
29 43
4 14
1 39
23 44
9 2
30 36
21 2
3 34
8 41
48 44
27 15
2 46
45 14
42 7
44 9
20 23
27 33
26 29
34 15
38 43
3 46
11 33
1 49
20 40
12 17
35 3
15 42
15 44
11 36
7 10
9 6
48 41
14 13
28 33
32 48
20 21
4 20
22 24
36 7
6 20
46 19
37 11
3 29
8 47
28 19
19 33
31 21
42 23
26 15
47 23
7 0
13 15
46 38
44 8
19 49
44 17
6 11
40 21
21 1
38 3
12 0
34 12
23 15
26 45
38 20
21 12
1 44
29 33
34 19
33 8
33 11
39 36
33 12
21 33
24 37
9 10
33 1
2 26
24 43
34 27
32 5
5 12
14 35
20 20
28 29
20 15
7 33
17 2
46 25
4 32
28 4
25 44
36 42
11 44
43 10
3 9
27 30
11 34
13 32
24 3
24 1
26 47
4 44
39 21
48 5
12 24
31 0
1 42
8 14
14 36
28 7
44 43
30 49
46 23
3 22
45 32
31 19
6 13
23 28
8 18
37 38
23 1
19 29
19 14
33 3
9 12
25 49
44 48
4 45
22 17
46 44
5 22
38 11
37 1
35 26
47 29
21 26
22 48
21 10
14 16
12 6
37 22
41 29
3 43
3 7
4 42
39 18
26 6
8 13
31 14
38 42
9 22
13 16
25 18
45 17
26 12
19 10
39 46
39 9
14 25
18 49
35 9
14 7
47 32
18 47
30 18
39 29
16 49
29 26
34 20
41 9
11 13
29 10
39 47
29 1
31 32
42 33
7 18
5 17
36 21
28 46
2 20
22 20
18 19
45 13
33 29
46 7
10 44
39 37
23 49
5 7
21 9
38 13
2 21
42 5
21 4
24 2
37 24
45 4
15 39
46 43
2 4
42 37
23 2
34 37
8 35
7 39
11 19
20 47
12 44
18 18
28 22
10 12
5 30
21 16
38 28
34 31
42 17
43 7
41 32
47 22
9 43
20 30
29 35
6 7
23 42
41 30
7 38
6 8
12 4
27 23
8 22
41 20
44 30
26 22
18 48
3 15
48 35
23 47
45 37
28 0
26 25
45 34
22 12
21 15
35 18
16 14
44 32
23 9
11 11
47 11
22 6
4 37
35 17
18 25
12 10
11 25
6 0
16 21
28 37
15 16
14 0
24 19
48 15
4 5
29 12
11 40
1 13
43 39
48 10
5 16
27 1
21 40
23 21
6 45
14 34
1 5
38 2
19 38
18 42
17 33
18 29
45 36
36 5
43 24
19 28
21 41
36 0
8 28
46 0
13 17
29 15
11 32
15 45
17 39
44 25
1 4
45 0
14 47
13 26
31 48
25 4
11 15
15 22
46 47
7 32
44 10
20 12
18 6
26 19
7 20
39 28
16 9
6 22
9 48
38 9
48 13
8 12
6 21
36 25
9 26
31 8
26 28
47 46
2 3
38 35
10 24
28 36
35 14
15 36
46 27
43 31
19 5
2 38
41 11
13 2
4 22
15 20
7 21
34 41
1 2
10 20
5 31
6 35
14 5
17 17
11 14
43 6
22 41
36 27
34 22
46 21
21 48
26 2
4 12
44 38
9 39
45 47
18 35
9 42
37 35
40 47
13 14
11 26
13 3
28 13
41 38
43 11
40 43
34 7
6 43
39 15
32 30
3 36
3 33
40 2
34 13
2 5
1 38
23 38
35 6
7 30
46 22
11 48
7 27
41 0
19 24
25 27
43 16
1 3
26 31
17 25
11 35
5 6
10 7
24 25
37 45
29 18
9 29
15 6
20 38
13 41
8 30
41 7
44 27
29 5
7 6
40 18
30 16
47 5
30 28
33 14
13 38
28 14
45 2
44 23
19 20
6 19
2 34
48 6
24 23
12 31
9 25
37 7
8 46
47 14
6 16
33 20
9 0
46 2
1 19
1 27
29 11
4 25
21 34
8 26
48 37
4 13
5 24
34 39
5 40
24 31
18 7
8 8
11 10
11 43
35 10
37 33
2 41
4 0
46 14
7 49
15 4
6 3
27 10
33 19
5 15
25 46
31 24
31 22
32 14
26 43
17 27
13 23
27 18
15 5
2 14
41 10
47 35
24 38
5 19
22 16
25 25
35 28
3 5
1 33
37 17
44 20
44 11
45 43
46 9
30 5
41 5
36 8
45 41
5 18
45 21
20 27
8 23
8 27
40 5
13 28
24 40
35 16
3 6
38 7
12 7
24 24
5 43
32 37
13 35
24 36
9 16
43 35
27 4
39 48
9 19
30 10
37 28
1 16
30 2
7 8
4 23
8 7
17 38
38 30
15 49
28 45
37 32
3 20
40 46
31 13
17 0
48 29
7 34
42 36
40 14
7 4
33 41
32 33
8 17
5 32
41 39
46 4
18 27
10 43
43 30
28 15
17 22
33 44
28 42
32 12
13 10
24 34
12 14
17 29
5 4
24 0
47 1
26 5
25 39
10 11
1 18
47 7
15 2
5 20
21 49
6 49
17 24
17 5
13 42
6 37
7 17
24 8
40 39
7 45
17 28
17 37
3 48
12 39
7 36
10 16
38 49
40 12
47 25
3 37
21 3
9 18
20 36
41 1
31 17
17 36
38 45
21 6
12 45
30 40
6 18
34 40
15 8
47 6
44 36
23 32
1 15
4 35
18 34
48 1
32 31
17 19
36 44
8 40
10 38
16 0
43 9
31 37
37 39
26 33
2 11
27 13
43 4
35 15
21 46
45 3
25 6
12 3
10 48
45 38
47 10
48 49
41 34
30 32
19 39
40 0
29 0
25 14
1 45
14 45
27 8
13 43
36 2
10 27
37 36
1 37
13 5
45 40
26 14
42 16
30 44
4 48
44 4
30 25
16 26
15 34
9 38
4 16
23 14
26 7
9 47
24 18
5 3
13 46
23 41
3 13
26 23
9 17
5 1
13 24
14 15
23 13
12 32
41 17
16 15
32 29
24 42
41 48
34 36
39 20
37 31
5 27
14 46
4 46
29 47
18 36
33 35
45 1
2 39
18 4
16 44
21 36
41 45
43 19
5 47
21 43
24 47
22 43
27 17
11 9
20 42
26 49
36 20
32 0
10 39
25 17
30 46
1 43
12 26
44 1
15 9
31 28
23 31
15 27
39 42
29 20
21 44
10 29
39 39
3 0
19 26
17 6
22 4
22 25
29 9
18 0
46 18
29 36
25 40
26 13
33 48
45 27
29 24
14 3
3 27
20 34
22 2
35 46
30 48
45 30
32 6
22 0
41 23
2 48
5 2
22 49
34 18
19 6
14 1
40 11
41 14
23 20
39 5
15 37
23 11
48 3
46 40
18 23
27 22
18 1
27 39
6 6
4 43
12 29
23 17
29 41
41 15
17 43
8 0
40 13
42 38
19 3
6 23
41 24
31 41
24 32
47 31
7 29
14 49
16 12
43 29
35 39
43 47
34 25
23 19
22 3
30 13
3 1
41 25
26 48
21 24
7 9
25 2
45 44
10 45
10 33
34 32
44 21
15 25
22 31
45 35
36 6
11 3
20 0
11 39
36 11
17 23
8 9
17 15
34 30
13 4
32 40
20 18
38 14
7 11
46 35
2 0
48 2
20 35
34 0
48 14
28 27
20 37
16 23
45 20
3 18
15 29
19 9
2 31
16 8
46 37
45 29
36 45
18 14
3 4
28 25
35 23
24 26
8 19
32 24
19 36
34 11
10 6
5 48
25 21
27 31
28 12
13 6
10 41
1 1
16 36
9 20
45 26
14 6
40 26
34 35
20 43
23 24
34 33
48 48
6 5
36 22
19 30
18 20
41 22
23 33
35 44
7 14
43 36
42 31
2 2
11 0
38 47
11 4
19 19
11 42
4 18
19 22
10 49
26 20
22 46
15 17
34 49
38 21
35 19
16 22
4 3
13 37
34 8
16 46
43 25
48 16
20 48
37 9
33 30
27 26
41 21
32 4
38 15
42 8
40 36
46 16
47 16
33 37
5 44
36 47
38 31
32 11
45 25
6 15
17 49
31 6
3 8
16 4
8 6
25 38
19 43
11 28
18 26
31 7
25 31
42 19
12 49
47 17
24 7
14 38
4 28
25 41
39 38
42 3
40 8
34 38
19 27
20 1
33 2
20 45
23 5
43 5
16 6
3 25
28 1
16 38
22 28
22 23
23 37
5 39
13 0
28 17
45 22
22 18
16 1
34 21
45 6
30 17
16 47
30 43
36 41
15 0
39 41
11 6
35 1
39 40
8 36
36 48
2 19
10 46
28 43
40 27
13 36
34 34
16 37
28 47
38 37
19 45
9 31
34 10
46 32
7 35
25 8
18 3
4 47
18 13
34 17
38 5
47 3
27 36
8 16
23 48
19 7
35 8
14 22
28 30
7 12
36 13
25 45
14 4
33 15
8 48
10 5
11 1
34 1
12 15
5 45
32 38
44 37
33 7
27 29
41 27
33 34
37 29
30 1
44 12
2 32
9 4
12 13
22 34
37 21
1 29
31 44
27 6
17 30
11 30
11 17
21 42
13 20
46 15
28 38
22 8
23 3
44 2
32 19
4 33
1 12
40 48
43 40
23 34
22 26
40 41
45 5
8 25
13 49
41 2
2 27
38 4
27 11
45 48
30 30
20 14
5 34
4 39
30 45
9 13
29 4
48 34
3 11
7 24
46 5
12 46
25 23
48 19
33 31
36 33
48 42
46 3
33 32
43 44
14 8
15 31
14 42
28 28
47 43
33 9
28 39
34 16
42 41
38 34
28 41
11 20
15 15
44 13
42 11
8 34
14 48
14 32
11 21
26 41
6 12
27 7
4 11
43 48
26 18
25 47
47 21
45 12
17 14
16 34
47 8
16 13
32 43
32 23
48 11
38 23
46 36
17 8
28 18
30 29
28 9
36 43
7 3
25 36
3 10
11 7
16 2
29 40
30 20
17 47
10 36
33 17
43 2
6 2
38 19
19 1
35 30
16 27
42 40
5 10
35 21
2 7
22 40
22 21
3 26
45 23
24 44
32 16
27 38
