50 50 2000
10 19
1 36
37 11
11 18
3 23
27 14
19 27
18 10
26 45
1 23
48 32
26 18
3 41
23 41
11 7
43 31
9 12
35 17
43 27
7 5
36 35
48 12
32 39
18 46
42 10
6 25
33 49
7 23
15 44
14 26
39 40
37 33
38 5
17 17
24 29
34 41
30 30
47 48
14 47
13 20
14 11
26 28
25 49
5 18
27 10
47 19
2 16
20 6
46 7
13 37
41 4
35 3
5 29
28 11
32 14
38 36
23 9
26 42
26 29
28 28
20 47
40 15
33 8
14 38
29 10
30 13
42 12
47 36
20 20
47 13
11 34
12 14
44 6
38 7
16 16
22 46
9 34
9 5
44 17
17 39
27 29
5 13
4 23
30 33
40 11
45 22
19 10
34 15
15 35
44 28
6 26
24 17
27 25
28 22
9 19
37 48
19 9
48 39
17 42
4 21
4 20
33 24
22 35
20 3
23 3
11 3
24 49
42 13
29 27
37 3
48 8
4 6
18 6
11 4
46 21
43 7
45 16
23 18
18 2
10 38
47 22
48 26
3 36
36 39
10 33
1 33
18 28
11 5
34 42
43 10
35 1
39 33
7 44
45 40
15 43
3 1
43 24
45 20
23 45
44 13
28 36
40 41
47 44
44 23
38 48
2 9
12 22
16 19
15 14
20 23
36 33
7 12
45 7
32 22
5 1
24 31
29 24
16 25
21 32
33 46
6 4
30 40
26 9
8 47
20 31
38 8
44 32
41 32
43 35
40 16
43 33
17 26
26 11
23 6
41 31
45 46
27 21
25 9
28 42
48 38
47 27
20 30
44 31
34 1
3 8
42 6
13 30
30 8
25 43
47 10
3 16
23 0
29 38
38 26
31 3
40 7
32 10
22 49
20 29
31 44
11 49
5 36
38 35
45 41
6 17
27 1
18 4
15 17
25 6
29 8
3 40
6 6
43 8
32 33
18 13
24 44
15 45
23 19
32 38
43 4
32 37
1 46
25 23
23 36
35 42
21 16
21 23
38 46
24 8
18 30
17 15
2 31
13 45
15 20
9 7
7 13
41 44
47 28
14 33
3 31
47 1
45 44
31 25
43 38
33 2
26 20
1 49
16 48
30 27
47 2
10 39
1 28
21 42
1 20
6 31
15 13
26 32
36 15
37 15
17 31
13 7
48 25
5 35
1 29
14 18
42 9
12 48
11 30
40 32
39 9
33 21
20 24
28 12
46 38
48 13
9 2
38 49
33 29
20 26
31 12
37 5
1 35
30 46
15 34
38 41
8 19
23 20
3 2
1 18
46 29
35 0
36 24
48 16
36 32
35 18
8 6
13 12
42 0
4 0
6 20
14 36
20 1
25 18
18 42
42 3
46 2
4 41
2 28
7 7
3 6
42 41
34 7
36 10
4 43
28 39
8 5
4 11
25 34
35 27
45 17
11 23
13 35
21 4
13 9
21 2
40 45
13 31
11 25
26 33
44 24
29 20
7 33
39 31
8 21
40 46
39 48
10 18
47 12
35 34
22 20
45 26
22 32
34 11
5 6
21 27
25 28
16 2
10 30
42 31
22 4
45 39
5 38
44 44
31 4
12 45
31 39
46 10
15 30
36 31
36 1
13 17
33 7
41 17
41 7
30 17
2 35
24 1
9 16
17 32
11 0
25 8
31 19
3 26
33 23
1 1
7 9
18 38
30 24
16 31
32 29
10 24
37 4
23 48
5 10
32 7
33 28
48 35
31 36
24 14
28 24
36 27
5 24
36 40
23 32
21 15
32 19
17 19
19 46
3 13
18 45
22 23
2 40
39 39
48 6
10 6
48 44
19 12
26 2
1 13
25 45
7 36
6 33
10 47
33 30
4 10
5 8
12 3
48 29
24 33
38 15
24 46
37 45
2 22
39 14
40 26
42 43
47 17
4 31
6 38
42 19
16 12
9 21
40 2
19 25
46 49
30 19
36 26
44 25
15 42
24 5
43 12
22 14
42 2
34 37
8 34
17 48
42 45
37 0
13 41
34 12
12 10
3 20
31 26
16 22
34 2
35 25
35 40
19 7
34 4
16 42
27 34
42 44
2 21
27 40
8 14
26 13
25 26
43 47
29 36
33 45
7 2
25 32
25 22
28 23
38 24
13 46
35 4
48 7
8 12
5 7
1 3
8 28
7 47
43 20
43 26
34 40
41 27
7 46
45 32
2 29
15 26
39 36
10 31
1 7
32 28
28 25
37 24
45 48
22 7
33 35
27 32
18 24
37 41
3 47
37 16
38 43
47 20
8 37
22 11
27 28
39 3
38 38
12 20
6 1
47 5
26 0
7 37
17 40
45 0
32 20
7 22
35 6
31 13
6 37
48 42
26 37
46 23
16 34
12 8
4 15
40 0
18 31
9 26
36 28
46 3
39 20
42 7
9 28
4 2
12 29
15 49
10 48
22 0
39 32
39 30
46 32
3 18
30 38
21 25
7 42
4 44
30 6
46 47
5 31
2 36
27 22
11 42
27 7
33 14
39 11
35 49
46 0
27 39
12 32
29 14
11 9
41 38
30 44
30 34
33 31
37 43
22 12
6 13
6 11
7 35
27 18
17 21
4 12
41 48
38 33
45 37
43 13
16 3
48 19
19 48
43 1
15 2
1 17
20 33
36 12
18 43
12 5
21 43
30 7
16 47
8 44
34 32
10 26
9 17
15 48
33 20
34 5
24 43
36 3
15 23
46 39
44 35
45 10
34 35
16 11
5 48
22 1
47 26
32 24
5 17
17 1
32 40
35 8
42 24
23 13
27 43
46 1
6 30
9 0
45 5
11 6
41 35
37 9
29 2
10 20
6 46
33 26
17 7
29 25
31 29
7 43
41 15
7 45
3 11
8 30
34 31
4 13
13 29
28 7
25 35
43 5
44 22
40 47
10 8
28 19
16 10
39 43
40 18
25 7
41 14
48 43
28 10
15 1
32 3
15 12
29 47
21 47
23 14
29 29
5 28
44 29
26 40
48 31
24 18
21 12
5 34
43 0
24 20
34 44
19 47
39 15
18 14
20 43
36 22
25 11
33 6
8 2
36 42
10 32
5 41
8 48
36 37
20 28
8 41
22 34
35 48
47 18
40 24
40 28
29 16
23 35
47 25
37 8
46 43
28 1
35 24
29 7
13 0
38 11
24 9
32 18
30 3
27 41
36 21
48 45
26 15
17 0
15 5
12 31
42 11
22 10
12 2
20 8
9 31
30 15
18 33
29 37
22 15
5 2
37 36
33 44
30 18
6 28
41 39
27 23
34 27
19 3
4 34
17 28
23 11
13 5
37 25
28 29
11 38
33 4
44 26
22 48
34 38
11 41
2 48
16 49
36 16
4 26
24 23
20 15
31 7
33 41
40 48
24 7
2 6
38 17
29 3
36 23
39 4
25 42
48 23
9 22
13 2
47 24
16 44
3 3
19 39
17 8
34 24
37 47
36 36
28 3
36 11
12 4
41 49
12 12
2 47
23 21
30 21
26 14
24 41
23 43
42 39
1 10
14 40
41 20
24 3
35 16
39 2
32 8
3 14
2 10
19 20
4 19
14 31
42 28
4 14
44 10
14 28
18 35
3 5
24 37
6 39
1 14
28 15
25 1
40 40
30 29
41 47
38 28
8 33
5 22
27 48
21 21
44 43
29 0
43 11
44 41
7 34
43 46
39 10
8 49
2 39
2 20
3 39
45 6
33 47
16 33
19 29
32 0
43 41
5 32
38 23
10 16
46 19
36 45
12 47
22 36
19 8
33 12
34 0
46 42
29 15
13 16
46 13
27 44
22 8
16 23
2 30
20 34
17 9
7 10
42 22
31 14
34 33
48 36
24 48
4 3
12 19
33 10
46 20
5 45
10 46
45 25
27 33
20 18
12 25
9 46
23 42
35 10
18 16
29 13
10 22
48 49
47 3
41 25
46 22
2 41
19 17
18 19
14 22
30 26
21 11
5 43
2 14
3 48
8 43
23 4
42 34
27 2
17 33
28 27
17 23
20 9
19 45
24 26
40 4
32 13
48 3
13 39
29 12
7 27
12 44
33 34
17 44
27 24
4 28
22 27
3 9
3 49
19 36
15 15
41 28
21 45
6 21
27 11
31 47
24 35
18 9
41 45
20 27
28 43
22 22
24 6
1 40
47 8
41 33
19 38
16 5
19 34
27 31
29 44
45 2
13 49
37 39
32 36
18 20
28 40
16 7
1 32
27 26
35 23
25 29
31 30
12 40
4 18
40 44
13 14
14 30
28 41
37 18
44 7
28 2
9 6
34 39
46 31
9 40
36 8
44 42
1 31
35 41
43 14
17 45
44 34
20 12
36 7
1 25
5 15
6 0
36 4
44 46
28 34
3 44
16 37
39 37
23 47
16 18
32 16
14 15
44 14
1 22
20 49
25 36
43 19
11 47
33 18
28 44
4 30
29 19
13 27
18 23
44 47
11 20
2 1
24 16
9 11
39 34
14 39
48 46
8 7
10 1
10 14
28 32
32 6
29 39
29 28
15 36
31 27
25 10
2 13
15 39
23 40
35 47
29 46
47 29
44 49
23 33
31 8
10 15
47 42
18 40
29 9
2 32
5 40
46 5
39 35
32 47
30 47
35 35
35 30
14 1
42 27
28 18
2 46
13 43
4 48
6 9
30 12
26 47
47 38
38 10
47 43
45 35
12 13
1 34
39 21
30 31
25 46
7 0
38 4
26 26
2 19
3 7
17 27
8 29
33 43
36 30
33 22
2 23
15 3
37 1
21 34
18 17
4 42
40 33
13 1
35 46
31 48
2 44
22 39
4 32
1 43
10 11
37 46
6 5
47 32
17 25
10 35
42 5
41 10
33 48
20 40
25 48
16 14
11 40
47 31
43 30
9 45
18 8
8 38
43 25
22 17
41 41
34 19
44 3
18 18
21 1
19 19
28 37
5 44
41 8
14 49
38 22
40 14
14 12
34 6
4 7
30 5
35 28
14 7
31 17
43 32
9 38
8 42
17 46
32 30
36 49
1 15
24 25
14 13
13 13
20 11
37 40
6 10
12 42
43 42
7 28
11 22
14 5
29 6
39 6
44 36
17 10
26 44
43 29
9 13
46 33
6 14
12 24
25 16
25 31
45 19
22 13
19 41
34 16
18 0
9 15
9 48
38 25
21 8
25 27
34 22
44 9
17 4
15 46
28 5
27 4
22 21
21 35
11 48
13 4
46 26
20 13
36 48
36 14
45 1
40 30
40 22
35 12
35 13
35 11
7 48
37 31
13 40
32 46
33 37
44 15
19 43
10 10
10 44
29 48
46 6
9 20
45 28
33 11
40 25
42 25
39 26
25 17
20 22
12 33
27 5
45 4
35 33
20 21
10 25
31 31
16 21
3 46
10 42
44 39
1 11
16 8
5 9
40 13
22 45
31 37
38 29
37 23
26 48
36 5
2 25
5 23
3 29
34 9
10 41
17 35
8 1
45 24
9 42
15 7
40 39
25 12
13 36
34 8
31 46
45 45
9 24
21 7
21 6
45 12
4 4
8 23
27 49
43 49
25 15
21 19
3 43
48 30
26 41
30 4
27 19
10 40
33 3
31 5
41 13
29 5
9 49
11 44
38 37
39 24
37 49
41 2
23 10
14 35
38 34
30 37
6 45
13 25
10 3
38 42
19 0
19 18
2 15
41 12
6 41
28 17
6 48
13 28
23 46
23 1
3 45
12 37
42 38
48 2
41 22
7 14
15 9
20 46
41 9
7 26
21 9
46 34
21 22
6 27
20 37
7 40
25 19
32 17
5 5
3 27
9 43
29 11
22 18
39 38
31 32
2 38
1 38
16 0
24 2
20 41
6 8
32 32
15 16
39 25
8 9
18 29
30 1
24 45
33 17
27 17
25 41
4 47
33 16
17 2
38 9
42 23
25 25
22 43
41 29
7 15
28 38
8 0
20 44
17 22
18 15
12 30
40 36
5 46
22 47
23 15
37 17
38 40
14 41
36 0
29 26
5 12
8 27
15 37
19 33
19 13
11 27
9 30
12 1
10 9
24 10
4 1
30 41
8 36
28 47
12 43
5 27
37 38
45 14
37 42
1 21
8 10
43 28
39 27
2 7
37 28
14 4
15 33
3 34
43 16
34 46
12 16
39 12
47 23
23 27
39 16
8 18
9 14
17 11
4 25
28 16
18 37
22 6
14 37
17 5
24 39
15 22
10 7
33 9
46 37
47 7
25 40
40 10
21 33
6 12
34 20
6 22
41 0
6 24
48 48
40 49
2 34
39 28
31 23
21 49
45 43
48 15
18 3
14 45
8 31
4 39
32 27
27 12
35 2
4 16
31 43
25 44
12 17
10 27
32 4
46 45
7 24
17 12
43 3
29 45
42 16
36 43
13 15
21 37
15 11
15 41
25 47
27 8
45 9
43 22
26 3
12 6
41 18
37 30
43 23
42 37
45 8
19 49
2 27
35 21
43 39
34 28
17 34
48 27
15 4
48 21
23 38
8 3
6 43
29 42
43 21
28 35
18 11
12 46
2 42
18 7
30 39
23 44
7 38
38 6
15 47
30 45
26 16
22 25
17 37
36 29
25 4
25 39
47 37
23 17
34 36
4 17
47 45
13 32
10 29
10 23
22 3
6 32
12 23
6 44
4 9
13 34
36 17
16 1
23 49
22 38
10 45
27 20
41 11
12 15
45 27
48 28
11 33
45 21
11 21
34 45
37 37
4 36
24 15
33 33
9 47
23 23
23 12
7 16
4 5
36 46
2 45
20 38
1 47
27 27
20 48
40 20
36 2
21 39
35 38
46 24
4 35
41 5
43 18
42 15
39 19
10 17
6 36
18 47
5 37
16 41
32 25
27 16
21 20
36 13
41 3
24 28
3 21
20 5
39 8
11 26
5 20
40 34
8 13
41 37
14 10
40 3
24 13
17 13
31 33
46 8
27 37
16 13
40 42
6 49
6 35
28 20
13 24
19 15
47 40
20 42
3 30
31 16
16 39
33 19
41 26
34 3
23 34
3 33
26 36
30 22
13 38
38 27
1 41
2 11
44 12
47 15
38 47
8 45
16 20
45 47
28 31
46 46
19 1
11 13
37 2
32 11
24 36
32 42
39 13
45 13
9 41
42 46
16 29
36 20
38 2
38 39
42 21
31 35
48 4
27 15
1 48
47 46
3 0
8 4
32 44
11 28
35 5
38 18
24 30
8 11
40 9
37 20
4 49
34 48
16 38
43 40
9 37
39 0
38 19
11 46
5 47
12 0
12 49
39 47
28 13
22 19
47 47
30 23
35 14
21 13
1 8
25 33
23 31
27 6
23 5
9 44
22 2
16 26
31 9
45 34
16 6
9 36
29 33
7 6
2 4
33 13
28 8
24 42
19 40
2 3
26 12
11 15
30 14
22 31
3 24
19 5
12 21
27 13
10 28
4 37
30 9
19 28
15 24
21 24
44 37
17 20
38 0
31 40
39 49
18 41
22 40
7 31
40 19
40 1
26 49
1 27
45 38
30 28
8 39
16 15
9 25
42 4
40 21
42 33
27 0
26 39
8 32
21 0
34 49
37 13
21 18
12 39
36 38
48 11
6 7
33 42
6 18
47 11
6 19
13 21
18 32
15 38
33 27
20 2
12 34
20 10
34 10
15 21
13 48
44 2
17 38
44 19
39 29
34 34
1 9
35 31
38 1
19 31
44 16
46 30
15 29
32 43
41 16
3 28
7 32
16 35
19 32
24 21
48 14
31 6
26 4
42 8
25 24
35 26
25 21
7 1
33 0
26 7
7 41
11 39
5 21
17 24
42 48
41 21
4 29
37 19
8 8
14 16
30 49
28 21
11 29
8 15
29 49
44 5
21 28
12 38
13 3
26 30
31 34
13 18
14 19
31 0
16 24
22 16
29 30
38 30
45 30
29 34
24 38
12 11
37 32
35 43
10 34
2 49
44 1
4 45
16 17
3 25
12 26
3 22
36 18
8 35
5 26
32 31
23 2
45 31
15 28
26 34
32 35
11 45
31 15
27 45
11 37
29 31
30 10
46 25
25 37
23 7
7 49
33 5
10 49
30 43
46 14
26 10
14 3
7 11
2 2
44 21
11 1
38 3
20 19
43 36
45 18
19 22
12 36
34 21
9 3
5 4
5 42
9 27
11 12
37 29
35 32
28 48
30 35
24 40
13 47
39 5
5 33
11 8
12 28
26 24
29 23
29 1
47 49
24 32
14 23
11 31
43 2
8 17
46 12
14 14
4 40
16 30
25 3
9 35
34 30
16 46
35 29
33 1
33 15
7 19
48 10
31 20
8 22
30 36
17 36
6 15
40 5
48 47
39 44
30 16
47 35
21 29
32 12
11 10
46 9
39 1
31 21
17 47
47 9
15 18
36 19
47 6
46 16
46 15
46 28
24 24
48 22
1 37
48 0
24 12
30 25
10 43
20 17
37 6
5 49
16 9
25 13
26 43
30 32
40 29
37 10
18 48
1 44
36 6
47 0
13 23
32 41
7 8
14 34
37 27
35 45
22 29
24 47
1 5
10 2
14 24
16 32
1 39
40 17
9 39
7 18
10 36
4 38
35 39
7 4
31 2
40 12
16 36
9 9
31 38
21 46
6 16
32 21
25 30
23 37
12 27
45 33
10 13
33 32
1 24
12 35
31 18
33 25
22 5
15 27
43 17
33 38
7 20
4 22
20 7
22 42
16 27
13 6
24 11
14 20
19 6
14 32
2 12
8 20
18 49
14 2
44 40
45 49
11 11
14 48
4 27
17 6
45 23
39 46
6 3
22 37
24 19
31 42
44 18
25 38
19 42
34 26
31 41
16 45
3 15
41 6
35 19
35 7
14 27
13 33
2 24
47 21
10 5
22 26
41 42
41 19
38 13
19 21
15 0
5 39
37 34
13 10
19 26
45 29
44 33
7 29
46 36
13 19
15 31
9 23
36 34
27 38
7 30
30 0
5 14
27 30
20 36
