50 50 2000
6 3
36 42
30 6
17 25
21 40
24 6
46 7
5 18
38 45
47 26
16 44
31 36
1 28
17 35
14 2
24 5
34 29
20 31
2 46
16 5
25 49
28 28
2 17
29 28
40 18
42 26
8 10
2 41
27 9
41 28
14 12
33 7
47 32
6 22
48 18
39 30
27 41
19 14
46 25
43 11
2 32
48 39
18 7
29 17
37 4
4 32
6 16
9 41
18 39
22 24
16 18
6 47
26 36
15 6
47 13
28 29
13 0
6 23
35 39
17 7
20 14
47 7
39 1
42 5
36 9
19 32
7 49
21 46
25 37
13 13
36 26
35 35
5 26
25 0
18 11
30 41
37 5
31 10
9 3
21 38
6 20
12 16
5 25
36 48
27 46
9 44
32 25
28 39
12 30
11 46
4 21
10 46
34 20
21 26
47 1
17 9
19 21
6 14
44 11
17 44
44 40
43 5
6 33
37 44
34 23
14 49
30 14
34 2
44 5
34 13
37 1
29 0
22 22
40 40
32 31
44 6
17 5
11 15
27 8
5 44
11 4
11 9
2 35
44 23
6 30
13 22
4 17
47 34
21 41
4 48
24 43
4 5
16 43
13 5
25 5
24 13
4 25
1 22
36 41
31 40
42 43
7 44
11 49
28 8
24 24
20 6
31 31
29 37
25 47
11 38
7 32
5 1
47 16
33 8
20 20
33 20
37 23
1 40
23 0
38 28
44 44
39 7
35 42
44 4
23 41
14 5
6 37
29 31
3 21
46 37
28 47
23 44
41 15
8 17
21 7
7 35
47 44
45 9
35 44
25 31
41 29
35 12
43 44
13 48
11 11
30 0
48 46
1 2
10 4
17 18
11 0
19 19
20 46
26 14
23 3
46 48
12 32
1 30
45 18
20 1
7 2
40 7
36 34
44 12
18 34
35 43
40 43
42 24
47 43
37 43
30 17
33 9
42 49
7 11
10 38
40 10
44 30
39 9
10 12
38 42
32 1
38 46
9 18
3 33
41 31
25 48
23 31
2 36
14 37
33 22
48 26
44 18
16 39
19 9
42 15
26 35
18 36
10 35
26 3
21 33
27 38
30 20
32 14
29 8
1 9
22 27
16 19
36 47
2 19
36 27
20 28
13 47
26 19
25 21
47 46
27 29
7 31
28 22
15 8
2 42
1 6
39 6
22 43
35 47
6 8
41 39
46 21
40 22
37 17
36 43
2 31
46 29
39 22
32 48
48 16
33 27
48 47
3 14
5 10
7 10
40 41
33 25
39 14
13 19
4 36
3 42
40 24
48 41
22 33
24 16
15 31
16 24
46 47
38 7
31 34
38 30
23 6
6 24
17 40
30 35
14 11
46 14
5 41
2 18
3 44
38 32
12 26
5 36
26 46
46 32
40 49
26 40
15 5
14 38
23 48
32 21
12 39
19 1
34 21
7 45
18 10
19 33
15 40
46 41
48 19
24 0
33 37
4 6
46 9
21 1
44 15
40 12
22 49
40 8
25 19
29 35
3 16
12 29
27 18
37 25
12 42
22 2
47 8
34 28
27 25
23 17
48 14
20 40
42 16
46 5
11 40
42 12
14 0
7 16
34 33
20 34
1 42
27 39
43 40
13 46
43 13
31 47
44 3
30 9
41 26
13 1
13 14
21 18
17 13
1 7
4 23
3 39
5 49
46 19
16 4
17 42
33 31
22 38
42 32
39 47
47 38
31 38
2 28
39 42
31 23
20 7
25 4
43 41
31 42
36 13
18 47
13 40
27 11
25 12
30 19
38 12
47 14
38 6
22 5
7 28
10 13
7 36
20 18
25 29
4 24
3 49
5 27
8 5
10 29
11 19
11 39
41 41
6 13
8 27
18 48
6 29
44 7
15 13
25 24
29 45
38 9
45 20
7 48
38 48
19 25
29 29
40 2
40 3
42 25
43 45
38 44
45 7
34 15
10 2
16 34
43 19
38 3
27 13
9 43
3 37
7 8
20 3
44 29
22 39
29 7
1 11
32 27
12 34
20 23
20 26
12 6
42 39
34 42
19 43
10 31
5 19
31 2
23 28
34 3
29 9
37 11
25 13
27 27
47 29
33 34
20 42
43 24
5 38
36 20
42 35
15 4
48 31
2 13
45 17
18 25
13 30
45 43
44 8
44 46
27 3
46 28
32 36
14 29
36 46
33 44
45 23
18 32
22 46
38 40
6 19
45 16
13 9
2 44
10 5
39 15
35 11
7 18
41 7
15 47
9 34
9 27
38 35
29 20
13 20
43 1
34 7
25 26
43 15
43 20
32 39
41 9
31 21
39 17
36 45
30 8
45 10
25 11
22 42
3 43
12 9
7 9
36 24
2 47
32 34
8 47
9 29
9 23
4 4
28 9
37 7
20 16
8 1
37 34
34 0
43 32
26 26
17 38
24 34
21 8
46 31
47 9
7 7
19 13
4 16
5 20
20 19
37 49
1 21
21 27
39 43
6 12
36 8
41 27
8 39
29 13
8 28
8 48
37 31
35 14
7 30
34 34
19 6
9 10
8 7
1 35
38 16
35 0
47 42
21 19
8 18
9 32
30 15
6 6
17 2
41 17
25 35
30 1
48 13
37 40
45 24
22 35
7 20
43 30
34 31
48 24
17 4
23 33
38 27
21 17
8 2
4 1
5 16
28 35
8 31
6 7
10 33
9 5
6 9
9 28
39 37
10 16
37 32
36 16
42 10
45 1
45 22
42 34
12 44
40 21
42 17
36 3
12 48
25 23
22 26
21 47
31 32
45 32
12 38
1 33
47 31
27 48
6 36
28 6
27 26
12 27
35 37
24 45
30 28
3 29
31 30
20 5
39 19
29 39
21 9
5 15
39 34
4 46
46 43
38 17
16 16
43 2
32 29
46 26
3 10
18 30
24 29
8 30
12 23
14 47
8 40
29 49
37 9
29 1
39 10
47 5
48 0
18 8
42 18
45 11
31 43
14 43
20 24
3 24
4 14
23 32
24 30
20 22
42 30
4 30
26 18
47 30
5 9
46 46
9 21
29 12
24 32
29 16
11 13
26 25
10 26
15 20
43 22
23 27
23 26
6 17
31 11
13 27
13 2
8 22
25 27
6 42
32 18
37 10
32 7
17 47
18 44
13 36
2 3
18 1
38 25
29 18
15 32
46 49
34 18
5 3
9 9
41 48
3 20
20 4
18 27
17 0
45 31
23 21
34 47
9 26
38 10
47 18
5 43
8 3
14 41
1 5
33 6
22 41
2 10
19 44
14 10
47 45
14 48
6 28
24 26
10 19
3 1
28 24
27 1
30 39
21 22
13 4
42 36
32 24
3 12
13 39
16 21
29 5
35 21
26 15
24 3
42 14
12 46
10 32
21 44
4 9
2 39
14 26
44 26
40 0
44 9
14 35
37 39
32 37
25 33
1 4
24 10
1 16
34 30
41 18
48 12
21 49
9 7
33 4
22 4
3 7
32 11
14 19
16 2
31 19
47 24
29 25
7 0
9 4
41 13
11 8
25 1
27 22
16 49
48 49
45 2
27 16
32 42
22 34
10 7
44 33
20 37
14 25
28 38
36 6
13 12
4 35
48 17
45 38
5 35
14 33
16 12
10 6
1 47
45 12
40 47
7 22
18 3
30 32
12 1
19 2
4 47
10 14
42 13
15 10
11 29
43 9
30 13
36 12
15 42
19 26
28 26
33 33
21 14
11 42
26 17
27 49
36 18
27 36
4 28
28 34
29 4
23 10
27 24
21 0
32 22
33 3
33 5
6 2
1 8
8 36
33 39
19 15
20 2
20 29
31 33
28 0
16 40
33 14
42 9
12 19
10 42
37 3
19 37
43 4
13 33
23 34
47 4
29 43
4 2
22 25
2 15
24 38
9 49
47 49
26 39
42 20
4 18
5 30
21 36
20 44
34 38
26 33
43 7
4 42
9 14
24 42
11 28
10 34
10 10
23 22
11 41
12 7
4 12
32 10
33 36
15 39
1 1
35 49
12 20
47 0
28 1
19 41
35 10
48 29
29 23
7 1
14 6
28 43
16 17
22 12
15 25
19 31
10 25
5 14
5 11
33 42
34 44
18 26
8 25
5 17
19 3
28 48
19 47
5 2
33 21
39 21
1 46
48 38
21 21
37 48
34 24
39 3
2 0
1 14
43 17
34 17
7 47
26 31
10 9
33 32
17 15
21 6
4 22
15 45
10 27
48 32
30 10
12 31
2 22
21 48
35 4
47 15
13 3
33 17
15 1
38 38
41 49
44 2
2 25
11 21
39 27
30 34
45 48
36 25
41 21
1 12
6 26
31 35
41 0
22 16
23 39
10 0
1 29
9 0
14 22
48 6
40 39
18 5
1 39
10 49
13 21
11 32
25 22
38 1
5 8
47 41
40 35
20 38
47 2
34 41
14 39
31 45
36 32
43 37
17 16
38 36
18 41
26 13
12 43
31 17
10 21
48 1
28 25
40 15
15 2
43 16
23 42
4 43
43 14
12 4
10 44
35 5
25 6
48 42
9 22
4 3
22 17
38 5
2 4
34 27
42 7
42 4
12 21
25 3
40 26
34 12
19 7
18 46
32 9
23 46
7 41
7 19
20 21
39 36
44 48
33 29
30 11
36 30
9 39
27 4
22 10
46 35
27 20
4 29
4 15
31 24
48 34
24 40
6 11
9 30
45 27
15 12
16 48
11 48
8 44
23 7
27 15
45 44
46 11
41 35
25 15
20 27
33 43
28 23
40 14
18 35
7 24
10 22
2 14
25 14
28 12
6 40
17 23
13 38
10 30
21 24
36 14
26 23
13 17
12 15
9 17
43 39
39 2
38 29
28 44
36 39
9 42
20 48
26 38
23 14
10 23
3 47
12 3
24 2
7 15
24 27
39 12
37 38
11 43
1 13
44 16
33 24
11 1
27 19
44 32
30 18
22 45
36 40
20 0
5 24
23 19
29 10
7 37
17 8
46 34
3 6
28 7
8 45
13 41
6 46
39 33
8 33
9 16
30 49
12 8
1 17
9 13
38 13
14 32
21 34
23 8
28 11
8 21
6 25
30 24
34 35
47 39
14 44
11 18
32 32
4 10
48 9
26 28
10 11
22 6
21 23
25 30
33 40
28 19
1 24
21 3
25 16
40 42
10 43
48 22
27 34
13 16
7 6
17 14
39 18
24 19
12 24
44 35
18 17
8 26
9 45
41 45
3 9
34 22
31 3
33 23
16 30
40 6
32 49
25 8
35 32
2 7
48 48
1 25
1 20
29 41
17 31
5 5
39 8
43 21
35 24
44 22
19 28
37 27
44 38
37 14
4 20
25 40
5 34
9 37
43 46
39 35
8 32
14 9
42 27
18 19
23 45
44 28
16 1
13 7
17 10
35 46
41 47
21 25
7 46
41 11
25 25
46 22
15 17
31 48
29 34
40 37
35 13
14 15
41 6
38 4
30 4
42 3
18 14
8 0
24 1
39 44
5 42
22 47
23 12
8 20
13 24
2 16
15 11
31 28
18 37
41 20
34 1
22 7
19 30
17 45
48 10
26 48
3 31
41 23
24 11
47 47
46 10
7 13
2 29
25 7
8 13
39 31
30 46
7 34
37 16
39 0
34 40
39 46
6 0
12 47
6 27
46 30
28 49
14 3
1 34
32 17
29 40
16 6
23 13
38 21
28 15
15 49
8 23
6 18
12 0
27 21
26 4
2 43
1 45
12 28
31 15
7 12
13 28
4 26
4 37
24 31
20 15
29 2
43 6
36 33
45 13
3 5
17 41
1 0
19 36
19 40
18 31
34 16
28 14
41 46
38 23
27 7
31 27
30 45
47 37
36 29
46 38
16 29
17 21
40 1
11 47
28 13
30 42
22 18
22 0
9 20
18 45
15 38
36 21
36 31
9 6
1 32
29 6
38 41
45 3
44 36
44 31
46 0
5 6
3 2
31 41
11 45
37 6
36 7
22 40
25 17
46 2
9 46
12 12
7 14
48 21
24 47
36 17
30 31
38 20
37 12
28 42
35 40
18 28
46 1
6 48
26 8
35 30
41 37
36 11
11 25
20 12
27 43
41 32
16 36
2 9
12 14
44 1
46 23
40 4
3 34
45 33
16 32
26 2
15 24
1 10
28 16
9 36
41 14
6 39
16 0
10 15
43 29
2 48
28 46
9 1
6 32
8 29
26 0
19 22
5 46
36 4
40 5
30 22
3 48
32 28
18 23
48 23
42 6
29 27
24 33
3 30
43 25
31 13
12 49
34 8
8 19
17 3
29 21
25 46
16 22
4 8
29 48
41 22
6 10
33 28
2 40
35 29
13 8
34 14
44 17
26 5
8 8
30 16
45 21
11 26
2 1
45 30
20 47
7 27
2 2
30 26
16 20
20 8
25 45
48 7
11 10
41 10
35 45
43 12
38 15
35 41
44 24
9 19
24 37
39 16
5 40
10 3
17 26
36 19
2 34
11 5
45 5
11 3
23 24
2 12
47 27
26 11
43 48
38 18
11 16
47 22
29 30
23 4
1 23
48 2
8 9
42 28
42 0
27 10
48 5
30 29
13 18
14 46
2 24
31 14
15 34
25 18
48 37
18 21
27 14
23 37
42 42
3 18
7 21
11 20
33 38
9 35
26 1
41 38
28 20
45 4
35 2
25 41
3 22
8 4
37 28
28 4
19 42
32 35
38 0
21 37
6 5
2 26
20 43
33 2
33 13
23 40
35 38
35 34
16 46
22 31
48 8
8 38
40 13
19 8
35 20
45 35
4 39
7 38
44 42
15 48
3 8
40 23
10 45
37 33
24 35
33 30
10 1
11 17
27 6
32 20
42 40
15 28
30 23
5 4
12 17
46 16
32 26
2 45
34 4
8 16
24 49
27 17
11 7
5 0
5 23
16 28
44 25
20 36
45 42
34 19
5 12
15 43
38 11
6 21
36 10
9 2
24 21
3 45
37 36
19 46
28 27
8 34
29 24
25 9
25 36
7 3
6 4
9 8
27 32
21 28
31 6
47 19
10 47
47 23
4 0
44 0
21 5
35 19
5 29
1 19
34 37
36 0
11 37
24 12
23 35
44 39
14 4
7 4
30 38
28 5
17 32
3 13
39 26
20 13
13 34
46 17
2 6
39 4
34 46
39 40
37 37
25 10
28 17
43 3
16 11
10 17
40 16
16 31
7 29
9 12
9 33
6 44
41 3
14 8
7 33
46 40
24 18
46 27
21 2
37 18
22 15
16 23
28 41
48 15
35 23
13 15
36 44
15 7
7 25
23 9
11 27
48 40
4 31
45 40
11 6
45 6
17 28
31 1
34 26
22 1
26 32
35 17
5 7
25 34
22 29
43 27
6 31
38 2
22 23
26 42
34 43
37 26
7 26
3 0
14 36
25 44
33 12
35 26
12 18
3 11
29 19
14 20
11 44
27 35
48 4
18 18
18 20
29 15
24 28
26 22
8 11
45 0
44 45
27 12
17 1
14 27
27 28
2 49
21 42
8 24
20 9
26 27
46 15
35 15
3 15
24 39
42 44
38 8
23 30
13 31
14 14
24 20
17 20
7 5
2 5
46 3
46 8
5 39
19 34
45 15
28 33
42 31
44 41
45 14
20 17
11 24
24 25
41 12
2 37
3 17
13 42
22 11
17 22
19 5
40 27
40 11
25 2
20 33
23 5
46 44
8 42
12 40
40 17
30 27
8 12
36 22
4 19
26 24
43 26
32 4
48 3
9 11
36 35
15 3
8 41
42 8
5 45
15 9
39 49
1 48
16 42
8 43
43 49
41 40
19 38
42 11
24 36
22 3
39 5
27 5
44 43
27 31
30 44
13 10
20 39
4 34
28 30
41 1
16 35
47 20
11 30
4 44
35 8
48 25
5 21
14 42
17 36
21 30
24 23
28 37
17 27
45 37
18 2
16 27
25 39
43 43
38 31
41 33
9 38
21 13
17 39
37 41
25 43
15 16
1 26
16 25
12 45
23 25
32 33
39 28
1 18
35 36
12 10
2 21
39 32
17 29
19 24
48 28
21 20
24 22
48 36
18 13
16 10
29 11
19 4
36 37
6 34
18 15
27 37
42 21
22 19
1 3
23 43
5 28
21 39
11 2
22 28
15 0
16 26
13 44
27 44
33 48
37 8
6 15
6 35
30 25
35 3
22 8
31 49
14 24
10 18
14 28
46 4
40 9
2 23
15 37
4 7
15 22
17 6
31 7
16 13
42 2
12 2
33 11
15 15
36 5
11 35
38 26
14 40
35 6
1 15
37 22
31 8
20 30
19 0
21 12
8 6
45 28
18 6
41 2
18 24
17 46
3 28
4 27
26 47
46 6
38 49
9 24
7 23
40 36
33 15
32 19
37 42
14 7
18 42
10 20
8 14
17 37
21 10
24 7
12 22
12 5
4 38
5 32
6 1
33 49
40 28
4 11
10 41
44 27
26 12
35 9
35 31
14 1
7 40
3 26
10 28
27 2
13 35
48 43
2 30
3 25
3 19
43 31
42 29
37 20
11 22
18 9
46 18
33 46
41 25
31 44
39 11
10 39
24 41
19 11
19 49
29 38
1 31
39 38
45 47
3 36
26 16
23 38
30 33
19 39
31 9
23 1
32 8
29 3
21 4
43 0
42 48
7 17
13 37
40 29
40 38
10 8
44 10
32 44
42 47
3 3
14 31
18 0
23 2
16 9
45 45
43 8
11 31
47 6
33 19
33 45
5 22
27 0
40 32
29 26
3 27
34 45
43 28
29 14
37 2
47 21
35 16
11 33
18 12
48 33
15 19
14 45
2 20
24 4
11 14
22 13
2 33
3 32
5 13
13 6
16 7
15 18
47 28
31 22
17 17
3 23
14 16
41 44
40 44
4 41
42 23
41 16
2 27
13 23
1 41
33 10
44 20
29 22
46 36
18 4
36 36
38 39
8 15
37 13
9 15
2 11
43 10
2 8
10 24
4 13
1 27
35 48
3 4
45 8
34 49
