50 50 2000
39 43
22 43
34 38
28 24
30 6
17 45
17 12
7 3
8 5
12 48
47 25
33 42
25 38
5 17
29 8
17 26
36 30
19 49
20 46
46 14
1 12
40 12
17 28
47 2
24 44
48 46
17 7
23 36
14 14
7 32
44 0
41 16
5 46
46 27
22 34
20 31
17 38
39 34
11 43
35 22
10 31
34 44
46 17
41 10
14 28
48 38
26 9
5 44
18 42
33 7
6 10
13 33
42 21
6 26
38 1
41 13
48 20
40 11
26 20
48 28
34 18
8 16
21 7
29 5
21 48
38 6
37 45
34 5
11 9
21 43
23 7
23 11
18 27
32 36
12 32
15 10
45 25
4 12
27 49
2 2
11 25
38 36
1 22
35 8
41 11
4 42
11 41
3 8
43 0
17 1
43 34
4 47
3 29
13 9
7 25
5 1
30 39
18 29
15 4
5 12
25 31
21 41
19 1
37 34
31 4
36 12
15 15
32 3
27 46
47 37
47 41
28 16
29 34
14 13
18 7
48 43
45 18
38 22
19 8
35 32
26 5
18 14
20 3
8 10
37 25
48 16
3 24
32 1
30 26
21 18
23 6
18 1
37 29
4 20
14 4
41 4
4 17
30 17
2 0
9 13
48 5
24 24
18 37
22 18
14 7
18 24
8 45
7 6
38 47
27 9
12 3
28 3
19 18
29 38
5 24
40 32
16 34
12 47
40 17
4 13
48 27
1 47
19 2
10 40
20 32
2 12
30 5
42 39
33 6
7 34
33 39
8 32
36 15
1 2
46 42
1 38
31 29
41 41
6 8
12 7
13 16
5 35
24 49
14 33
6 12
1 39
30 24
20 14
14 43
28 4
12 20
23 45
19 22
15 41
34 41
41 24
37 11
21 25
46 13
5 5
9 38
35 34
35 17
6 44
34 17
11 0
30 16
48 10
21 34
21 20
35 13
4 30
17 13
7 7
13 48
10 45
27 8
44 17
16 14
31 49
42 13
43 9
12 0
41 6
10 2
36 44
33 25
39 16
44 38
48 48
32 14
13 26
16 9
30 8
3 23
15 13
23 8
13 11
41 14
14 26
12 43
35 14
6 41
47 38
39 31
20 39
36 11
26 6
28 19
35 21
8 9
16 39
34 37
6 20
32 8
24 31
13 22
42 47
9 17
32 43
48 7
22 40
6 48
7 40
6 2
45 27
31 15
36 34
4 22
43 49
33 12
6 14
35 41
42 7
9 41
26 1
11 33
14 31
11 36
21 21
45 31
8 31
6 11
45 11
34 45
36 10
36 47
47 0
48 41
27 2
32 42
40 2
42 48
10 30
27 29
45 30
15 29
23 48
31 18
30 32
27 30
11 4
5 22
1 33
19 37
23 24
44 46
25 16
37 17
18 18
11 26
29 14
28 45
33 45
6 35
27 21
20 21
10 12
31 28
46 9
47 7
4 9
13 10
3 1
9 1
22 46
21 19
36 1
4 18
32 23
16 43
14 36
45 10
23 31
18 33
7 47
22 0
31 6
34 29
28 0
42 36
17 16
1 18
47 46
41 18
34 39
35 29
1 29
18 15
9 36
16 45
44 9
12 28
43 7
43 45
14 21
4 27
33 29
39 48
20 42
4 21
43 16
19 41
8 44
15 38
31 3
30 3
22 2
39 12
46 32
20 11
7 30
14 23
44 25
6 38
29 30
35 5
24 3
2 24
29 24
5 16
41 23
44 14
48 47
48 3
20 1
8 3
24 47
10 24
11 39
36 41
18 13
17 11
14 32
40 24
43 22
40 15
7 14
4 35
9 44
36 7
35 43
44 3
13 35
30 11
17 31
5 47
36 16
29 18
33 34
24 8
39 4
21 35
23 21
12 49
5 37
8 14
17 14
37 3
23 5
29 41
3 11
23 12
7 15
24 32
3 20
1 11
30 42
24 40
33 23
30 15
8 8
37 20
14 46
32 48
44 23
20 8
22 30
47 12
4 19
31 41
30 0
19 0
39 35
25 47
39 24
40 10
47 32
6 45
23 20
32 24
42 42
18 4
3 49
40 30
40 43
35 3
46 47
43 31
8 0
19 32
37 15
40 35
16 38
1 0
3 42
25 46
22 49
15 32
43 18
25 44
30 38
24 4
10 17
37 2
19 48
9 49
16 25
35 30
4 24
15 40
48 49
9 10
14 5
31 21
34 42
22 33
41 25
19 45
2 25
29 33
40 16
13 19
14 30
19 23
35 2
34 30
39 27
24 30
41 39
9 25
42 10
32 5
7 31
22 7
2 26
17 22
30 45
40 26
25 32
6 32
14 35
3 38
14 10
21 46
45 3
40 0
41 1
33 24
11 8
16 36
25 34
44 48
7 16
39 10
10 22
11 29
45 43
34 7
36 27
41 12
24 2
26 44
32 38
26 48
47 11
31 30
27 28
21 15
43 14
2 15
41 19
45 26
15 35
35 4
41 5
46 10
25 7
45 35
42 37
23 37
44 36
38 9
27 41
40 44
42 28
14 48
2 4
25 43
43 46
28 36
38 29
30 4
15 16
31 35
3 31
3 13
26 25
11 27
11 7
22 16
36 42
13 21
8 19
2 20
44 39
4 28
42 29
10 10
30 2
18 11
22 38
21 1
4 14
32 11
6 23
40 7
42 45
29 36
31 46
11 46
8 25
10 20
47 4
38 43
7 36
11 17
38 24
14 40
33 14
31 13
13 45
41 47
33 3
8 4
4 29
45 7
43 37
16 7
34 11
1 14
15 1
39 6
46 39
3 32
20 5
31 39
5 11
48 14
38 40
5 34
22 20
37 49
21 38
5 0
24 23
20 45
45 33
4 38
25 4
24 39
35 39
46 4
6 3
36 28
1 28
18 6
20 15
14 11
7 49
14 20
45 16
39 22
38 0
8 49
7 41
26 35
43 10
29 0
34 21
47 24
12 36
1 34
6 6
10 25
36 24
35 33
20 28
45 15
22 44
31 37
33 31
35 26
48 15
18 17
32 37
43 43
35 1
11 11
3 34
20 48
14 39
28 48
45 49
17 34
24 19
28 42
39 7
44 21
9 9
28 6
1 3
2 45
27 39
46 0
3 2
13 24
13 17
30 28
14 1
24 21
8 37
32 2
28 39
30 43
23 25
22 27
23 29
31 7
36 31
14 24
4 46
20 22
28 10
45 45
43 48
12 46
1 17
18 46
15 6
25 12
15 20
26 4
20 4
26 30
22 29
13 32
34 28
29 4
44 11
27 19
18 48
41 42
24 10
43 30
27 33
45 22
23 23
12 17
1 21
3 37
42 3
39 5
27 35
42 38
38 39
11 2
17 9
28 33
44 41
27 24
38 48
30 20
8 46
10 33
41 26
43 33
34 2
7 45
6 16
34 3
16 2
12 6
28 2
26 46
24 0
3 17
10 26
2 38
10 23
19 31
10 37
7 2
33 2
37 38
39 45
2 21
36 18
34 48
23 26
13 13
8 36
38 7
28 18
17 18
19 15
3 7
16 1
44 18
25 9
22 37
36 6
29 6
35 36
32 32
36 33
34 12
10 49
23 41
10 16
15 36
9 32
17 47
32 10
17 6
39 17
20 36
48 33
6 1
15 25
43 25
22 10
41 9
9 8
42 14
22 24
30 37
21 32
43 23
39 39
28 38
47 27
8 47
45 48
39 25
44 33
37 33
25 49
25 5
28 23
15 24
32 49
6 28
1 8
39 42
10 36
1 6
19 43
28 25
48 24
46 11
6 13
34 33
2 18
46 48
46 28
12 4
1 16
34 4
42 19
47 44
20 6
1 27
8 38
20 34
28 17
27 12
5 15
4 26
33 15
31 0
44 32
47 9
41 3
33 4
42 44
45 17
16 17
30 40
14 6
32 20
38 3
32 21
13 20
12 39
32 39
3 6
1 20
5 8
3 0
29 45
39 41
19 7
13 2
4 3
21 40
35 16
13 49
48 44
48 9
43 6
20 30
2 47
32 41
16 22
25 33
3 27
37 12
33 26
22 26
16 41
9 20
8 15
14 3
24 45
9 18
42 8
11 5
14 0
15 8
18 45
40 23
23 46
12 23
18 5
2 44
34 9
37 24
16 48
41 43
34 43
9 4
5 13
25 35
2 14
17 23
11 14
19 39
1 23
31 22
23 2
7 24
9 11
31 24
32 27
39 19
37 21
17 44
39 11
7 13
39 21
30 9
10 42
31 42
27 37
37 8
21 22
23 15
22 9
28 12
46 5
46 1
21 0
6 0
1 48
13 23
9 27
43 32
43 36
5 41
25 42
16 8
36 40
10 8
24 34
12 42
14 29
42 32
5 23
16 35
45 13
29 37
21 45
30 13
9 47
28 43
32 19
11 20
46 37
12 34
37 36
44 5
16 6
35 35
7 29
3 4
37 47
42 18
41 27
12 44
17 24
17 3
30 12
24 6
46 7
17 37
38 33
31 32
28 40
38 21
30 7
25 6
39 15
39 8
17 21
3 39
2 8
3 22
5 27
32 4
40 28
15 0
21 5
48 35
27 4
5 10
22 3
45 19
15 9
14 9
7 21
6 27
12 13
32 7
32 0
32 16
24 35
13 46
29 35
40 13
9 43
22 5
13 7
25 10
47 13
19 28
38 31
24 48
31 44
18 22
4 34
9 7
36 32
8 12
36 45
41 21
32 9
22 35
31 45
10 0
22 13
7 19
35 15
14 19
15 47
31 36
31 33
15 45
15 14
48 0
40 42
13 43
1 5
20 25
37 6
34 24
27 6
22 12
4 0
4 23
18 35
23 16
20 0
18 40
24 28
5 40
47 30
16 32
24 22
46 6
35 10
48 13
36 2
39 1
30 27
41 49
24 9
25 18
34 26
40 9
9 14
10 19
45 24
28 31
2 11
20 33
1 46
35 20
25 19
4 15
5 18
7 35
20 13
13 1
39 29
39 44
29 15
46 25
43 5
41 45
29 20
28 27
9 3
10 21
7 26
34 22
19 3
7 5
19 5
30 33
24 20
39 36
12 26
7 12
41 36
3 35
42 6
11 3
13 34
40 1
5 2
6 43
36 4
36 8
18 0
9 39
40 4
38 4
35 9
11 45
9 48
11 15
33 43
18 20
7 43
19 30
5 26
6 5
28 22
36 39
25 17
26 32
18 49
19 38
43 24
3 3
44 15
28 15
37 4
31 38
14 37
21 14
22 25
19 19
44 27
38 19
33 20
27 34
15 26
11 34
37 0
44 13
11 38
16 23
25 37
42 4
42 1
47 31
11 35
28 41
41 22
43 21
47 18
18 44
9 16
48 11
42 27
13 15
39 33
14 8
44 16
41 15
16 11
27 10
44 49
8 7
25 11
28 49
26 12
19 21
35 49
23 35
6 39
35 38
38 28
2 10
44 35
19 12
40 38
30 48
16 18
22 4
23 49
2 3
31 23
41 48
20 44
46 46
6 15
41 38
44 12
10 11
29 10
31 31
32 15
10 14
19 25
13 4
32 18
5 3
43 8
32 45
46 23
26 7
37 48
1 1
28 7
31 12
38 16
28 8
10 34
38 10
41 30
35 28
37 31
10 1
7 4
29 31
29 7
46 3
23 42
45 6
17 20
31 26
40 34
13 38
35 42
34 23
47 49
42 2
24 26
30 36
11 30
34 10
19 6
33 9
7 38
10 28
38 13
16 40
40 8
29 3
18 21
38 32
12 21
4 4
42 11
15 19
45 46
44 31
29 12
31 1
7 42
26 11
25 1
27 43
41 46
13 40
12 11
46 35
7 1
11 44
14 16
27 26
17 42
2 31
19 20
21 36
7 9
26 42
37 30
35 37
8 42
8 43
21 8
48 34
35 45
23 32
25 23
47 14
7 10
12 22
41 29
23 17
20 49
12 37
5 48
2 41
43 12
10 46
29 39
23 3
25 25
28 30
35 25
14 42
19 44
1 30
32 22
12 1
35 0
42 33
24 36
47 20
1 42
28 21
20 16
3 48
22 11
32 33
20 41
48 21
2 17
1 31
5 25
16 30
27 11
4 40
18 34
5 39
39 0
20 18
8 24
44 44
10 15
32 25
2 30
25 14
45 8
30 49
26 8
15 49
21 24
34 25
47 26
37 10
35 48
1 13
24 38
36 5
32 46
7 46
27 5
36 35
47 16
4 16
46 45
20 9
43 35
20 35
15 12
36 43
24 25
1 4
16 21
24 29
27 1
26 38
29 13
17 19
3 47
36 21
6 40
7 33
22 32
45 42
48 40
31 16
44 37
4 1
6 49
12 12
48 23
30 41
24 1
38 12
4 49
23 1
10 5
46 36
42 23
29 40
47 1
40 6
40 31
6 36
27 31
21 26
5 36
19 11
5 28
11 13
43 15
30 14
2 36
22 19
17 29
27 0
4 31
23 18
37 1
44 47
48 4
20 27
20 20
28 20
16 5
28 9
36 48
21 23
33 1
14 25
37 22
35 40
26 45
30 21
4 6
36 22
6 34
35 23
4 33
44 4
42 30
2 7
16 49
6 4
15 23
29 23
27 45
13 8
42 5
18 2
19 4
16 19
9 15
11 18
21 4
24 5
5 9
2 9
35 24
36 29
13 6
27 16
21 39
41 8
46 20
37 18
8 17
43 27
22 45
40 29
30 25
11 16
45 2
11 19
12 10
6 17
23 40
29 29
22 47
44 45
36 0
7 39
23 9
32 13
27 22
18 8
2 13
3 9
15 39
22 31
11 6
43 17
37 26
27 48
39 3
39 49
48 45
16 29
17 36
30 1
12 14
48 12
33 8
40 3
24 42
33 0
36 36
22 36
2 23
8 18
9 21
22 28
29 49
40 47
21 17
37 19
15 44
17 32
45 29
16 27
14 47
23 0
26 43
4 37
20 38
39 38
45 32
42 16
10 4
43 26
41 7
38 37
21 10
19 46
43 29
15 37
39 26
26 15
43 13
48 42
41 0
16 10
38 49
8 2
42 22
14 34
46 44
40 5
4 11
3 21
23 28
10 6
40 45
2 32
12 31
7 20
22 17
13 44
47 42
48 39
4 8
35 27
13 0
10 18
47 34
26 2
47 5
16 28
47 19
9 35
45 0
16 46
42 0
8 41
24 18
3 41
6 25
46 31
44 28
30 35
47 15
44 1
8 6
24 15
23 10
11 12
37 5
37 16
47 47
36 19
38 45
35 7
17 35
22 15
40 27
31 9
34 15
29 25
41 2
13 18
33 46
41 40
29 9
6 33
44 6
42 34
46 2
17 4
9 5
10 41
17 39
31 2
9 28
28 13
43 28
16 47
33 10
25 15
13 25
29 47
25 29
45 5
9 2
34 6
11 10
4 10
7 11
12 24
16 44
46 12
8 29
2 5
13 14
21 37
10 47
29 22
48 25
45 1
37 7
23 47
45 9
27 17
5 4
34 47
1 10
13 30
9 12
9 46
26 18
25 40
18 19
15 7
6 7
14 2
39 9
26 21
20 23
29 2
37 43
48 36
7 22
35 6
27 7
44 34
30 23
22 1
17 43
6 29
5 31
25 3
26 13
13 36
16 26
14 27
19 33
26 33
12 19
42 35
18 3
2 22
15 22
31 8
26 3
14 17
40 14
48 30
24 33
17 10
1 9
6 22
9 6
36 38
9 24
19 27
33 27
14 41
30 31
42 17
40 37
26 39
42 12
43 20
11 37
12 33
20 29
12 2
11 1
16 12
26 10
46 41
8 13
18 9
29 17
18 38
39 13
46 22
2 16
29 27
42 26
31 40
43 44
38 8
26 0
24 37
5 14
28 37
47 40
4 5
27 20
27 3
30 18
20 37
46 38
34 19
13 5
29 1
12 9
9 29
19 34
48 6
23 34
31 14
3 16
39 2
8 40
36 17
44 30
8 20
37 42
17 46
5 42
13 42
10 3
18 47
27 13
2 46
29 11
38 23
45 20
6 9
6 31
15 11
11 47
45 40
42 25
9 22
39 28
47 8
43 3
38 34
23 39
2 6
19 9
27 47
6 24
28 14
29 43
12 30
44 42
21 27
22 23
48 17
47 6
47 35
36 23
19 13
34 0
3 15
33 18
38 11
42 41
4 7
9 23
46 30
2 34
23 14
41 17
15 42
4 45
1 44
3 30
45 14
27 40
17 40
40 21
18 30
25 22
1 15
2 37
14 12
1 25
32 34
46 29
39 37
37 39
18 32
42 46
33 33
26 34
19 35
23 33
37 13
24 14
15 30
38 5
5 21
3 46
20 19
37 9
7 8
5 32
43 40
12 45
1 7
42 9
47 23
9 0
17 30
39 30
38 27
26 26
46 26
40 19
32 40
31 43
44 20
10 7
24 46
4 48
13 3
20 10
45 12
28 47
26 24
9 40
31 10
5 6
28 11
47 36
1 24
2 33
4 44
44 22
35 31
46 16
17 5
6 18
43 19
4 36
2 48
28 1
23 13
13 28
10 29
8 23
2 39
41 20
6 30
21 33
44 8
29 16
15 46
13 27
18 28
42 15
39 14
8 22
27 32
8 1
34 34
16 16
41 32
28 5
1 19
13 37
47 17
45 23
44 19
21 9
3 33
22 6
7 0
36 13
10 9
7 18
22 48
19 29
19 26
22 41
23 4
9 19
44 2
38 25
39 18
41 35
48 19
5 7
19 24
30 19
28 44
3 19
25 0
1 49
14 49
1 35
26 40
38 18
48 29
15 18
26 17
42 20
15 5
40 36
17 2
2 42
12 25
46 49
22 8
8 27
12 40
47 28
11 42
47 29
15 28
39 32
18 12
26 41
29 42
3 40
45 28
12 8
17 33
15 21
47 3
34 32
2 29
25 21
27 23
33 21
26 19
26 23
45 21
44 7
45 44
27 25
37 28
11 49
19 16
38 15
12 5
17 15
6 46
20 2
17 0
9 33
19 14
11 22
29 46
34 1
14 18
31 5
21 28
8 11
23 22
25 13
19 10
3 43
46 24
21 6
36 25
1 43
27 44
10 13
43 1
25 36
3 36
16 15
9 34
