50 50 2000
31 39
11 23
11 44
25 20
36 33
42 21
17 10
33 24
25 3
30 48
36 41
36 26
27 32
43 42
44 29
11 0
48 20
47 14
34 41
1 34
28 36
21 43
13 44
35 48
38 39
16 41
12 37
19 25
9 21
16 26
48 39
29 43
16 37
1 12
6 15
36 19
38 49
11 25
13 22
23 5
45 10
20 31
29 14
8 42
33 23
36 24
1 8
11 48
6 20
18 39
31 27
22 32
10 20
11 12
26 8
44 7
36 1
47 9
14 20
6 27
39 44
4 42
37 41
35 42
25 30
6 31
20 1
14 15
48 28
13 16
5 9
10 42
18 19
24 7
31 14
27 20
35 1
39 11
9 16
45 18
21 7
3 20
11 27
15 37
5 45
15 17
43 39
46 5
27 41
10 14
24 36
26 49
17 28
29 13
3 45
10 15
16 34
10 43
25 28
15 25
48 43
25 5
38 28
43 32
14 49
43 31
42 26
27 29
41 20
30 4
4 43
31 47
10 3
10 47
7 20
40 1
20 19
45 48
36 18
2 39
2 3
5 24
37 4
28 6
9 17
14 28
46 4
3 25
39 6
6 14
11 45
19 27
41 3
30 24
12 25
46 18
30 33
28 40
22 43
12 24
7 42
45 29
7 0
28 10
15 26
36 6
9 31
17 18
33 42
47 10
4 28
1 32
20 33
23 3
12 36
14 24
17 31
11 28
6 2
9 5
6 5
28 8
16 40
8 7
6 46
42 34
41 42
4 24
46 46
11 18
6 13
43 15
15 27
31 44
8 27
31 29
24 34
21 18
3 48
4 32
2 22
31 18
43 34
23 7
47 37
11 6
16 2
28 2
45 39
18 30
11 13
33 8
21 41
12 26
13 37
33 3
38 33
16 3
45 45
32 39
17 12
21 28
16 5
25 7
16 20
26 21
39 39
39 49
3 41
36 0
45 11
8 48
36 46
2 7
12 16
21 9
14 4
27 18
17 21
20 46
42 49
36 21
43 26
24 47
16 0
44 38
19 13
48 31
30 45
11 4
5 25
11 8
3 38
17 43
30 44
28 0
12 31
17 7
41 13
13 14
11 21
26 42
23 37
37 43
8 39
29 42
39 17
17 26
4 0
4 23
21 46
23 33
29 30
15 48
29 11
23 17
48 9
23 40
16 19
3 17
37 1
41 21
45 7
19 39
3 14
19 16
10 8
28 7
39 27
40 29
2 9
42 44
15 33
15 49
15 46
12 11
35 6
13 48
47 6
8 9
5 20
1 9
46 40
3 44
23 16
3 26
43 17
13 1
47 2
24 44
8 23
41 7
1 2
14 38
32 13
15 22
11 35
12 39
4 34
2 46
31 7
10 21
35 38
10 29
8 2
15 44
36 4
18 32
40 16
25 46
48 23
13 17
26 44
40 45
9 29
4 25
9 47
35 35
31 49
23 6
38 11
8 24
10 13
32 30
35 36
36 44
14 37
38 24
13 35
20 48
37 16
43 5
48 0
44 41
9 4
33 15
12 2
22 18
8 28
15 1
34 19
29 41
20 20
14 31
42 38
33 18
4 7
18 25
20 44
1 6
31 9
30 2
17 15
26 45
7 9
37 13
33 20
29 21
1 45
41 37
42 15
14 45
1 35
22 6
35 17
38 17
5 2
38 3
18 34
47 16
16 25
39 46
44 45
12 38
39 41
30 38
46 32
9 45
3 23
12 29
45 17
13 36
48 41
28 19
34 3
26 12
13 33
24 4
25 25
43 7
46 35
21 17
13 23
23 28
41 16
29 49
20 10
17 1
21 14
39 33
47 13
35 12
23 38
9 1
5 17
9 14
30 23
4 41
21 21
22 1
30 43
24 12
34 30
36 37
39 5
3 43
31 8
48 26
2 15
4 11
12 9
8 41
26 41
2 2
9 2
28 18
14 44
33 46
10 1
35 8
45 32
12 20
47 42
25 1
36 43
2 30
45 1
47 8
21 33
38 6
2 34
19 5
1 46
11 7
10 5
31 48
17 41
19 43
38 45
28 23
12 49
44 47
34 49
42 6
12 35
12 10
3 15
20 11
40 30
23 9
44 19
37 10
35 29
14 11
18 16
6 11
36 9
6 24
5 49
36 11
7 24
24 14
39 18
20 39
23 8
14 41
7 1
17 27
15 19
25 37
32 2
32 24
25 18
41 17
24 26
18 21
31 12
35 39
4 27
5 19
13 10
46 30
9 9
17 0
7 8
38 27
24 32
47 43
44 43
41 40
31 16
30 0
9 43
2 45
42 24
21 47
44 39
38 29
19 42
36 16
19 14
47 33
41 26
38 19
37 31
42 5
31 0
10 35
30 37
36 8
4 22
9 22
37 26
25 14
27 13
6 18
11 29
25 44
40 15
36 23
17 8
16 49
4 47
27 47
32 41
3 0
39 12
5 10
38 22
7 17
45 13
41 8
27 42
46 41
31 11
7 5
11 42
17 11
30 40
43 4
35 0
47 0
18 12
32 25
18 18
30 9
37 23
25 32
41 5
10 7
35 19
34 12
6 22
36 36
22 22
36 34
23 15
18 14
11 39
18 13
42 47
22 24
32 5
20 8
44 14
35 11
29 47
27 25
12 7
47 3
41 19
28 16
18 31
34 25
19 40
48 5
2 14
6 26
29 32
31 30
48 4
5 47
26 19
41 14
37 37
44 46
32 0
24 18
24 8
12 43
23 22
31 1
37 6
14 34
5 40
46 19
16 35
23 10
35 45
31 19
20 26
2 32
36 39
23 49
42 25
48 13
47 30
17 22
30 27
30 11
48 37
26 40
3 8
12 32
15 29
24 33
20 29
33 2
44 34
29 46
14 16
16 46
13 47
38 46
41 11
41 46
8 34
11 24
45 49
30 42
31 2
48 10
16 15
8 16
13 39
13 24
15 42
46 31
27 26
8 19
12 33
29 6
10 24
22 9
34 2
13 32
3 40
10 12
19 26
43 0
21 15
14 42
17 45
10 2
18 10
26 39
26 34
10 25
5 13
6 40
37 42
40 49
22 39
16 14
3 3
15 0
11 20
34 1
20 40
32 27
26 16
48 16
19 36
7 29
21 31
4 8
26 6
18 17
30 36
23 48
47 20
16 24
3 19
45 31
12 15
32 42
48 12
1 14
41 0
1 1
48 19
4 9
38 14
39 36
45 26
2 48
24 43
22 46
44 31
10 23
16 31
34 39
20 6
47 31
5 6
12 14
12 1
26 23
48 1
27 21
28 26
33 39
1 48
24 24
3 10
10 37
32 3
25 12
26 17
16 17
3 46
8 20
20 4
35 13
40 27
37 29
34 18
5 18
36 20
17 47
37 18
2 1
47 23
7 3
21 34
9 42
25 36
46 3
45 23
4 14
6 19
42 9
46 20
41 6
29 15
6 33
36 27
46 2
46 12
19 48
2 12
17 30
15 21
15 30
9 41
42 8
9 32
46 7
43 11
23 12
8 47
20 15
27 16
14 7
4 21
15 28
41 39
7 14
18 5
42 23
17 48
47 48
44 13
7 21
9 25
11 19
22 13
15 8
33 33
17 35
22 44
22 33
5 16
1 28
48 25
22 26
28 5
9 7
2 44
45 16
6 28
8 38
10 34
33 29
9 35
44 4
12 44
16 1
7 40
4 6
34 16
25 45
5 28
9 46
6 10
6 23
43 10
11 33
37 20
17 42
12 6
24 6
5 7
25 48
9 44
37 24
29 39
39 15
25 43
27 17
30 6
22 19
27 49
31 23
28 17
24 25
23 34
32 18
6 9
11 32
27 33
48 42
29 37
26 15
7 15
4 10
24 38
46 48
9 11
43 37
18 4
27 46
5 5
30 15
45 37
1 4
3 5
2 35
4 16
24 29
3 36
9 6
29 3
36 15
1 31
34 46
25 4
6 21
20 21
45 44
3 28
14 2
40 24
22 48
26 47
47 15
21 44
16 12
28 22
21 19
39 4
31 46
39 1
9 12
43 43
37 17
25 38
10 39
5 15
43 38
7 46
26 20
21 25
40 11
32 38
33 43
38 26
28 3
20 49
20 25
47 32
22 41
38 37
33 4
14 3
7 2
20 24
9 28
21 6
18 47
43 27
17 32
2 31
42 11
22 15
14 6
12 42
44 9
30 25
19 22
39 9
42 12
42 42
17 16
32 1
12 8
26 46
33 19
2 41
47 21
24 45
40 10
37 46
21 27
31 3
34 36
27 12
40 40
47 35
6 6
42 7
39 42
15 32
9 23
10 17
17 14
30 35
15 5
26 31
16 42
16 23
42 27
40 13
36 30
28 27
9 13
4 49
45 47
33 21
13 6
25 17
46 14
40 46
19 0
11 34
11 26
46 44
37 49
32 48
26 37
4 17
24 9
1 33
14 22
5 44
42 18
46 22
48 21
43 8
21 29
44 3
30 16
32 7
14 10
39 28
44 49
5 14
31 4
29 1
14 35
42 32
22 4
9 48
14 14
14 32
25 42
4 26
43 13
16 8
37 8
9 10
19 20
13 5
45 30
14 18
31 10
40 6
48 14
4 31
13 27
7 10
30 10
29 8
34 10
10 30
11 3
39 0
21 4
16 22
38 8
35 47
41 35
5 30
2 23
18 48
10 44
43 20
24 39
9 18
34 9
25 41
31 38
1 23
11 43
31 36
15 43
5 29
17 44
21 8
6 34
42 14
13 0
18 42
40 38
26 25
17 5
14 8
47 40
28 33
10 48
23 14
36 14
34 45
39 47
32 4
45 15
25 9
27 8
5 33
35 15
10 16
7 19
5 3
7 44
27 3
32 15
7 28
6 41
44 11
32 43
22 36
41 22
11 31
46 45
27 7
42 4
3 24
44 1
34 44
28 41
29 33
5 8
8 14
10 45
13 20
22 3
14 47
11 22
22 5
22 7
16 21
13 12
14 1
1 11
36 17
7 7
20 35
44 23
47 26
43 41
15 38
6 36
10 32
34 24
20 27
16 30
19 35
5 23
46 34
36 48
21 23
45 19
18 41
1 20
1 3
39 20
16 44
43 23
19 46
42 45
32 17
26 2
24 49
12 19
10 27
8 46
14 36
16 43
17 19
10 33
36 25
10 49
38 25
5 35
16 33
47 11
11 14
42 28
47 44
37 7
30 26
17 13
40 42
34 43
33 1
48 17
45 25
31 6
25 34
33 16
29 29
5 38
33 37
33 38
6 25
29 24
9 15
12 45
17 20
1 27
43 30
16 11
19 4
18 44
22 25
23 18
1 13
43 16
24 16
16 48
19 41
1 26
26 43
41 28
36 42
47 38
4 35
18 23
47 46
11 36
5 1
40 41
27 0
19 10
12 4
37 30
23 42
5 41
9 19
23 43
7 41
24 37
4 18
44 6
17 6
36 12
8 35
40 21
6 45
20 2
27 6
26 4
20 9
37 2
32 33
39 37
37 12
46 42
31 31
42 48
14 48
5 36
34 11
28 44
4 46
32 8
13 26
45 9
4 44
35 23
38 16
26 0
2 18
17 24
29 38
27 2
7 35
38 48
15 23
24 23
47 36
32 45
33 36
17 29
41 43
22 29
28 30
32 22
3 29
25 40
37 9
34 7
35 25
42 22
45 8
5 42
15 34
3 4
41 36
7 48
23 30
41 27
42 17
33 41
26 10
27 36
45 20
21 0
28 32
43 24
21 10
45 0
42 10
42 33
7 26
38 40
46 37
37 3
41 44
13 29
42 35
25 22
34 15
32 20
8 44
3 6
35 14
2 5
28 21
5 12
21 16
48 36
13 46
46 23
15 13
18 6
32 6
41 10
18 20
45 12
28 13
35 30
18 24
30 3
32 14
30 14
9 20
38 38
12 13
40 20
18 22
38 5
44 37
3 1
6 30
37 22
43 45
3 18
13 28
22 14
47 49
33 9
29 20
17 2
30 8
23 2
14 13
44 35
25 23
3 16
38 12
21 49
12 27
18 8
33 27
15 3
16 47
13 42
26 18
40 14
8 37
17 25
43 48
13 13
44 10
33 44
30 46
34 0
11 1
46 43
9 8
30 7
11 16
14 0
7 12
45 21
36 31
28 42
30 1
7 32
39 24
12 23
11 37
47 47
11 17
5 0
5 34
42 39
22 2
48 24
26 28
41 47
5 32
21 42
2 4
35 4
13 3
46 1
43 33
29 27
39 14
30 20
19 15
35 2
23 21
20 17
39 16
34 37
19 37
26 26
26 5
46 11
4 48
43 6
48 18
20 14
23 1
40 12
40 19
19 49
40 2
20 22
28 25
44 40
28 12
10 19
30 32
8 32
47 5
33 17
32 44
44 42
27 11
42 3
38 41
34 8
46 9
9 0
3 35
40 22
48 7
3 34
39 23
33 22
45 33
21 40
8 0
43 14
10 10
44 22
29 31
30 29
32 26
26 9
26 3
37 48
23 31
11 46
8 30
5 21
45 38
45 14
6 3
6 42
19 32
14 33
22 11
27 30
17 36
27 4
6 16
14 27
40 44
18 35
13 8
18 26
31 17
47 18
27 38
18 11
13 2
29 23
45 6
25 47
25 2
8 15
35 40
21 24
24 3
29 5
41 41
46 21
47 34
41 12
1 10
17 33
23 41
28 9
47 45
1 41
32 16
28 4
38 43
9 30
45 42
44 20
32 11
38 30
7 39
40 33
34 21
42 1
35 22
45 4
48 30
8 6
39 21
33 45
19 47
40 18
26 22
47 39
27 24
8 10
21 1
32 36
35 26
6 8
19 30
1 39
23 23
46 16
6 4
15 16
4 1
17 17
22 49
32 21
25 26
29 44
47 19
13 38
35 16
19 21
21 26
37 0
34 20
41 38
6 17
6 1
38 13
24 22
8 17
48 22
48 47
27 5
14 21
36 3
44 48
26 14
35 20
38 4
35 7
28 47
38 10
15 31
43 2
8 31
43 35
1 49
5 48
7 31
3 9
9 33
48 38
29 0
46 13
32 47
31 41
20 34
5 43
40 43
17 23
42 41
2 17
44 18
41 29
39 48
5 31
38 20
3 12
23 26
4 39
18 1
12 22
4 12
32 29
10 28
26 33
23 39
30 49
15 45
15 41
15 11
7 38
41 49
46 15
37 39
48 49
33 7
24 41
18 15
34 42
39 40
13 18
42 2
24 15
2 10
45 36
34 48
43 18
46 29
11 10
19 3
24 42
1 24
36 45
28 48
45 5
37 27
2 8
7 16
6 0
7 13
46 25
22 45
25 15
2 43
24 0
33 10
31 26
25 24
26 27
27 45
24 20
4 2
13 30
30 17
43 25
46 10
27 14
45 43
19 11
23 13
28 37
12 17
48 45
38 23
25 21
19 34
17 46
18 7
4 33
38 2
39 29
21 45
2 0
23 20
23 4
26 7
34 47
26 38
16 32
20 30
20 18
31 37
47 17
29 17
3 49
2 27
23 19
31 21
31 33
25 29
48 2
24 5
38 31
17 40
44 21
29 22
8 3
23 0
26 1
10 4
42 43
4 20
3 2
46 38
43 1
9 27
36 38
11 15
40 39
34 29
43 46
15 10
43 19
28 31
35 43
20 3
3 22
45 35
44 5
1 42
5 39
19 44
8 40
40 4
36 5
42 0
5 27
19 29
48 34
15 36
28 49
15 4
43 47
20 0
20 5
34 5
43 9
44 44
41 18
24 21
44 30
26 30
3 7
23 29
4 36
21 2
2 19
7 22
45 3
1 5
14 26
22 20
6 29
13 31
15 2
39 38
37 45
21 39
8 25
9 49
16 36
23 47
15 15
30 5
15 24
26 29
24 31
31 43
19 2
7 18
11 2
24 46
33 0
47 41
39 30
34 27
22 42
35 3
10 9
3 27
2 28
47 22
10 18
43 36
9 24
33 11
42 40
27 22
27 1
7 11
19 23
31 42
45 40
8 4
34 6
41 9
4 13
31 13
20 41
37 19
39 43
22 47
12 18
27 10
41 15
47 7
3 47
17 9
7 45
41 48
45 24
33 49
36 10
36 13
18 43
16 29
46 17
12 0
32 23
28 46
38 44
19 18
31 25
13 4
8 11
47 28
12 34
4 40
21 11
24 17
27 19
6 44
8 29
29 18
2 36
39 45
39 19
16 28
23 45
43 21
31 40
2 29
37 38
35 9
33 40
34 17
18 29
6 43
36 7
5 46
14 5
35 18
28 39
32 28
47 1
44 24
16 10
48 35
29 48
30 41
1 44
2 33
42 20
15 6
7 27
28 1
3 33
6 32
29 36
32 12
20 36
31 22
1 18
34 28
12 46
6 48
10 26
29 45
12 28
19 7
26 32
36 40
37 44
8 33
9 34
13 11
29 25
40 7
37 36
22 21
24 11
16 18
18 46
2 25
1 16
40 25
31 15
40 9
11 9
8 1
27 43
20 23
32 9
3 21
39 13
35 37
15 12
13 41
12 47
4 5
28 29
39 22
30 30
37 25
37 14
25 19
26 13
36 22
10 41
32 49
23 24
32 32
24 40
40 37
48 8
36 47
24 2
11 41
40 28
46 0
8 5
34 35
29 10
41 2
1 38
42 16
25 27
1 22
27 9
20 28
39 3
8 18
8 8
18 0
24 13
25 33
38 1
23 46
16 13
7 43
24 19
13 25
41 25
35 5
24 10
29 4
48 27
47 27
46 27
45 27
45 28
44 28
43 28
43 29
42 29
42 30
42 31
41 31
40 31
39 31
39 32
40 32
41 32
41 33
41 34
40 34
39 34
38 34
37 34
37 33
37 32
36 32
35 32
35 31
34 31
34 32
34 33
34 34
33 34
32 34
32 35
31 35
31 34
30 34
29 34
29 35
28 35
27 35
26 35
25 35
24 35
23 35
22 35
21 35
21 36
21 37
20 37
20 38
19 38
18 38
18 37
17 37
17 38
16 38
16 39
15 39
15 40
14 40
13 40
12 40
11 40
10 40
9 40
9 39
9 38
9 37
9 36
8 36
7 36
7 37
6 37
5 37
4 37
3 37
2 37
1 37
