50 50 2000
7 23
35 44
44 32
18 31
25 36
9 35
33 37
17 41
2 4
40 4
18 46
14 22
28 6
14 8
20 5
39 33
42 12
13 43
17 29
17 4
41 38
36 30
24 35
46 42
47 46
27 45
41 13
7 30
48 43
10 22
42 19
33 20
1 16
37 37
3 35
43 42
5 7
40 46
19 39
28 11
29 15
12 21
42 3
31 0
28 3
42 45
18 40
48 35
45 19
28 45
40 5
40 45
48 32
14 18
33 13
6 31
44 12
32 15
33 19
9 30
20 22
9 39
13 8
8 17
43 26
42 8
19 7
30 28
46 4
9 12
20 29
4 36
16 39
40 11
18 1
32 2
9 11
17 36
12 1
35 6
34 10
38 17
25 39
31 35
36 7
29 41
6 47
7 2
7 27
15 23
11 34
41 43
10 7
45 36
35 40
1 15
7 11
10 2
24 16
33 10
27 2
14 21
40 25
13 7
19 5
4 8
35 38
40 49
22 27
1 22
2 44
12 34
10 3
30 11
39 19
19 42
26 48
15 1
11 8
18 21
4 22
45 16
15 28
40 23
21 37
48 36
24 34
39 2
20 40
6 9
27 42
6 41
16 28
45 2
6 32
5 32
30 42
28 22
44 35
46 2
10 33
47 43
4 3
22 15
9 14
20 8
28 41
7 31
44 16
24 40
24 38
33 24
41 42
45 32
38 34
26 33
31 46
23 3
5 30
16 16
25 32
31 9
40 24
22 28
42 9
11 9
44 47
2 18
21 6
38 49
22 26
44 22
8 29
42 35
36 48
47 2
12 44
38 16
38 23
20 7
8 10
46 46
48 24
25 12
31 1
32 38
9 32
29 48
1 10
41 49
13 38
39 6
29 7
4 13
15 45
39 25
27 49
18 9
5 6
3 20
16 32
18 18
1 24
34 15
2 26
12 12
31 21
25 46
15 8
6 48
44 9
2 39
41 46
24 45
24 15
6 3
20 10
3 46
4 27
37 20
11 35
26 37
31 43
18 30
5 21
24 42
12 0
19 10
2 37
23 7
44 28
48 31
1 45
7 24
20 32
10 39
39 27
8 46
43 46
10 0
17 27
46 9
3 47
21 29
25 24
15 12
2 11
27 30
17 5
7 8
48 26
29 12
48 21
1 47
22 34
41 40
47 16
5 12
47 3
23 48
10 25
29 25
45 15
27 48
38 6
34 16
6 26
6 15
6 19
2 27
34 27
44 10
39 34
47 6
25 45
3 11
40 19
37 41
38 33
19 1
6 33
35 47
17 31
7 4
4 14
38 25
31 24
21 0
44 42
48 11
41 16
47 12
30 38
23 10
18 6
33 28
45 11
22 46
45 34
13 3
7 21
39 3
40 10
29 34
32 14
10 11
29 1
5 42
19 44
30 21
31 37
47 25
15 46
1 23
24 21
2 19
40 38
25 37
17 10
42 25
1 42
34 21
36 45
24 27
39 15
32 10
15 39
11 1
12 9
24 3
8 39
30 22
32 41
12 29
42 29
33 46
4 24
36 25
39 20
13 23
41 22
23 6
26 24
48 30
18 4
16 6
22 6
5 40
24 32
25 44
40 41
48 47
42 21
35 24
31 47
13 10
8 45
15 29
3 21
17 11
4 48
19 17
41 28
37 44
3 33
2 47
46 25
13 34
9 21
8 16
8 22
27 40
34 34
25 6
23 37
46 13
36 26
24 31
7 48
24 24
35 27
4 46
8 19
24 36
25 3
27 8
28 21
13 0
40 34
34 13
5 19
28 9
47 31
5 35
36 23
36 49
28 14
18 29
48 13
25 4
42 36
17 21
28 19
5 37
33 5
33 39
33 49
22 25
33 22
6 21
38 32
33 32
12 35
21 3
5 8
10 8
31 49
18 14
25 13
23 29
9 34
35 43
48 12
43 29
35 42
37 46
20 45
36 20
2 6
17 49
36 4
15 36
40 3
25 33
38 40
46 30
32 33
1 21
9 7
21 40
32 25
24 1
33 21
32 26
19 31
29 45
41 34
46 28
1 46
12 14
18 5
39 11
41 45
19 29
35 33
5 13
7 22
26 26
29 40
47 47
6 45
19 41
17 28
23 41
31 2
1 7
15 47
6 5
45 24
29 27
29 29
11 7
29 11
24 37
2 9
19 48
6 11
15 30
4 41
14 16
3 17
45 35
42 10
26 0
33 45
20 14
45 33
21 18
37 33
4 44
28 0
5 23
27 43
10 21
26 44
45 44
8 37
34 33
46 37
14 42
10 24
11 5
7 45
43 40
1 41
25 43
22 35
4 12
45 29
6 13
8 4
17 16
19 49
20 33
7 34
26 20
8 30
35 14
27 27
17 14
2 42
37 31
4 0
5 38
35 23
44 44
22 32
37 39
36 8
34 42
46 31
12 6
25 23
2 3
9 26
12 32
21 11
12 17
3 36
20 37
47 45
31 25
21 26
32 7
35 29
34 8
36 13
4 11
35 2
38 36
8 38
2 33
26 40
38 7
17 0
40 39
40 27
38 15
29 37
33 35
35 20
38 21
38 12
23 4
27 28
46 6
36 16
6 38
2 0
3 6
8 6
16 10
38 27
32 24
47 20
44 20
6 2
19 36
28 8
31 30
20 6
22 16
24 9
39 12
47 40
35 30
36 42
46 15
39 45
22 41
10 26
32 44
48 45
27 24
46 41
27 31
38 46
1 30
1 1
1 25
24 11
5 36
45 4
43 45
14 37
45 41
39 32
44 37
19 34
31 10
19 0
15 49
10 5
34 25
35 12
24 14
16 7
17 19
32 31
11 11
29 13
4 30
15 42
9 28
4 34
4 18
41 47
20 46
27 41
20 11
21 7
20 35
26 18
16 44
39 22
3 32
16 20
13 12
3 14
35 10
16 8
38 43
46 24
40 2
47 0
17 32
12 22
10 29
40 16
15 17
40 21
23 2
1 8
43 47
2 43
21 5
19 45
41 14
41 39
17 35
48 42
47 48
37 43
21 43
4 47
23 36
9 6
15 4
11 28
28 34
41 29
4 26
18 42
47 13
34 38
36 28
35 13
4 23
39 8
41 1
1 43
30 47
44 14
33 44
14 43
14 36
29 39
30 45
16 46
23 30
34 9
6 6
35 39
20 17
25 8
10 43
48 33
22 7
29 23
35 22
4 32
30 14
28 35
26 28
32 30
17 3
35 35
20 4
3 37
36 24
31 40
41 21
17 37
47 1
45 49
46 36
46 45
22 37
11 3
14 4
21 23
1 32
44 21
33 27
8 0
6 28
10 13
4 38
18 43
26 6
31 6
45 37
39 21
16 11
9 16
25 9
33 7
30 1
13 42
38 20
25 15
3 9
26 3
48 15
28 31
25 14
42 49
26 19
2 29
18 49
39 26
13 40
14 17
27 4
41 26
30 27
8 3
31 8
22 30
27 6
15 9
14 12
13 15
14 7
2 41
9 5
48 16
10 6
38 9
32 34
36 38
19 47
45 22
38 48
11 10
22 3
19 15
23 44
23 35
4 1
46 27
15 5
4 15
17 1
29 10
23 24
9 25
36 37
30 17
40 32
48 10
16 21
3 27
21 36
6 35
9 1
13 1
33 8
10 38
44 13
32 48
44 27
8 25
12 15
15 40
13 17
11 0
3 26
10 36
7 10
26 23
13 27
45 30
44 11
45 10
6 42
43 24
11 20
17 30
15 22
23 28
47 49
22 10
20 18
39 40
25 29
12 48
3 38
13 33
16 36
10 44
20 3
14 49
43 20
25 30
2 30
38 22
8 41
42 34
16 35
41 4
34 31
5 17
13 45
5 24
37 48
4 37
40 40
15 43
5 25
25 10
40 14
5 47
36 35
47 24
20 20
4 31
20 44
15 44
26 35
42 11
22 9
9 29
28 36
34 29
20 15
45 40
8 47
42 39
40 43
48 44
13 25
26 29
38 42
12 5
35 36
46 47
25 22
9 17
12 42
33 36
41 20
43 31
36 18
38 30
22 44
45 26
29 42
29 2
28 16
2 8
40 0
12 7
17 39
36 46
7 16
13 11
41 3
6 16
20 30
9 19
47 37
39 13
18 23
4 39
30 5
3 44
26 21
6 7
14 3
34 6
22 45
2 24
5 45
24 2
47 26
44 30
16 15
10 41
7 9
27 9
8 1
39 39
7 46
34 37
5 43
1 36
35 5
24 49
22 1
25 47
9 44
6 17
33 15
44 26
42 4
47 32
17 43
12 49
33 40
29 22
31 5
15 13
15 18
42 18
27 5
28 12
45 27
26 22
3 43
10 15
47 38
19 6
9 24
13 31
8 35
44 19
1 6
1 5
34 2
15 10
12 11
16 49
5 3
43 15
3 45
44 41
27 10
30 33
34 20
45 42
19 21
6 39
3 8
22 42
36 31
9 20
5 11
43 44
42 22
48 37
23 17
46 3
39 5
18 34
33 26
1 44
16 38
5 34
11 48
11 4
33 16
10 12
48 34
39 24
42 40
30 2
48 39
14 11
36 40
1 4
29 46
12 8
43 12
48 20
48 0
35 1
21 42
18 37
3 25
28 37
19 4
7 15
21 2
21 46
42 37
27 46
8 32
8 40
10 18
31 28
20 41
18 22
29 35
47 23
36 19
19 12
33 47
17 46
40 31
24 7
37 3
11 15
16 40
24 17
39 44
14 9
3 16
32 16
45 14
10 10
9 43
46 49
28 13
33 25
34 43
24 48
28 24
19 18
16 0
40 15
40 18
8 14
4 5
15 20
45 31
23 16
45 25
8 34
36 34
17 9
13 19
32 11
16 17
3 34
15 21
21 9
3 10
30 24
44 4
2 23
47 30
2 32
40 44
39 7
8 18
27 11
36 12
5 5
39 47
43 19
24 12
32 29
14 5
17 6
48 3
30 39
13 6
23 9
23 25
5 4
21 25
10 23
8 15
44 29
26 2
30 30
9 9
22 17
5 48
22 12
11 21
43 38
8 42
19 3
48 6
41 33
42 24
16 22
21 48
1 35
36 43
2 1
26 25
40 47
8 11
41 25
39 1
35 31
27 7
37 18
13 13
32 40
2 45
33 23
12 4
47 33
24 28
43 10
1 37
29 5
48 27
3 1
11 49
43 1
17 17
26 8
27 23
5 44
6 37
10 9
27 34
45 23
19 32
36 22
23 13
42 38
45 1
41 24
48 41
15 11
35 19
47 28
39 35
23 12
9 10
33 4
22 38
18 8
26 36
5 1
23 34
33 42
37 5
14 39
44 15
19 19
6 43
9 46
25 34
29 44
3 30
15 32
15 48
28 20
7 6
30 20
34 46
38 38
31 15
44 43
34 23
26 9
30 16
23 40
13 30
25 31
42 31
12 41
27 39
20 13
43 0
2 28
42 33
38 39
38 28
39 14
25 16
48 25
31 23
21 44
37 22
28 48
46 16
38 31
37 30
13 48
30 41
46 34
7 41
27 13
29 21
1 19
38 2
41 32
25 38
21 34
47 22
24 39
26 49
48 4
31 14
17 33
20 43
4 28
44 48
48 48
30 34
28 39
36 32
22 14
10 31
35 48
34 5
32 22
33 38
35 9
27 47
23 33
32 49
18 2
26 46
38 45
6 44
21 47
17 18
37 34
45 46
34 11
13 49
42 7
16 37
37 21
38 24
46 20
6 25
27 19
24 26
41 30
1 12
19 9
25 7
32 1
5 14
37 32
13 18
32 32
6 40
16 45
44 24
47 10
37 24
22 13
32 35
36 6
41 12
39 17
10 40
9 22
42 14
18 38
24 25
28 18
21 27
37 1
31 33
9 3
43 2
1 11
18 3
44 6
13 32
35 34
46 10
11 6
34 49
4 40
27 12
31 13
12 45
44 31
31 12
42 1
37 7
34 1
3 0
11 31
6 0
38 13
15 3
41 10
44 46
23 26
31 39
38 11
46 43
30 23
46 35
22 4
35 11
43 11
17 23
27 26
39 23
36 9
25 48
15 31
22 8
10 30
6 29
43 41
9 23
7 35
21 4
15 25
45 12
38 41
12 16
38 1
35 7
33 31
15 35
13 37
23 14
37 26
6 34
30 10
46 23
22 0
34 18
21 38
28 4
29 9
9 8
47 44
7 43
32 28
19 37
30 26
24 23
29 26
6 10
31 4
11 17
25 21
43 27
3 41
21 39
34 35
1 29
23 8
10 27
8 36
43 28
33 11
45 39
33 43
30 48
7 19
13 46
3 48
24 4
2 7
33 48
14 20
45 45
45 6
21 1
2 46
22 29
23 39
13 39
1 26
2 40
30 44
14 40
9 18
20 23
3 18
32 23
34 36
13 4
8 27
33 3
48 23
31 45
42 20
42 42
44 2
37 35
17 48
27 22
19 43
47 29
24 13
28 28
47 5
23 38
36 36
5 29
7 0
45 13
17 26
9 45
25 1
29 3
20 28
41 18
46 48
42 15
38 18
5 16
14 41
5 15
43 48
34 12
43 36
21 30
47 36
33 34
13 29
9 2
2 36
7 26
47 14
42 47
6 1
14 46
25 5
20 9
3 4
34 7
44 0
6 30
26 11
2 31
11 22
34 14
24 0
19 35
38 29
13 5
32 21
9 27
40 20
21 13
30 4
25 28
7 5
6 4
2 20
31 42
28 26
27 37
37 40
47 27
16 19
28 29
31 34
1 2
5 10
43 34
26 32
30 29
35 49
35 3
32 45
47 18
44 45
7 37
24 44
30 12
24 5
39 30
41 0
42 46
43 35
31 22
8 7
12 18
44 39
2 13
19 13
22 20
30 36
43 3
15 33
19 28
19 38
30 32
18 48
30 46
26 42
11 32
45 9
39 46
3 28
32 5
4 25
4 29
15 15
18 7
30 25
37 6
9 0
39 0
10 19
7 7
32 42
39 4
7 12
3 13
5 22
34 24
29 43
13 9
13 2
20 31
15 0
2 12
3 5
26 31
35 28
22 36
40 48
46 21
37 9
48 18
30 37
25 40
30 18
30 35
21 14
27 3
15 24
1 18
10 16
33 14
41 36
10 1
30 3
45 28
23 27
43 13
35 37
9 47
4 4
15 16
42 41
39 41
46 44
40 12
14 10
37 19
23 11
26 41
29 16
1 39
4 35
27 38
2 5
44 49
20 19
39 31
5 0
37 8
9 38
8 8
7 17
46 0
20 36
37 23
1 0
20 47
25 11
2 25
15 37
43 33
34 48
24 46
26 47
44 40
23 43
29 49
29 36
3 23
2 22
3 7
31 26
34 30
46 18
1 20
26 38
8 13
18 44
36 10
11 12
10 28
12 25
21 28
28 49
41 2
1 3
42 48
48 14
27 36
17 2
24 47
6 18
47 19
46 22
29 31
24 8
19 14
48 1
1 31
48 5
8 28
8 24
2 38
7 13
25 2
31 41
42 43
43 39
35 8
41 48
3 31
9 48
16 42
29 30
7 28
38 35
1 17
17 7
21 49
15 2
40 36
21 33
42 28
1 13
11 19
31 27
26 27
2 15
40 33
21 15
16 4
8 20
42 26
17 44
7 42
8 9
27 18
44 38
40 1
2 10
41 9
31 17
34 40
16 18
2 2
12 40
22 40
41 31
14 19
33 9
43 25
1 27
2 48
37 38
19 20
13 41
29 0
22 49
6 23
31 29
26 10
18 20
4 17
45 5
5 28
26 13
41 23
4 16
28 27
42 30
29 8
17 42
28 40
25 49
11 16
45 43
46 26
18 39
42 27
30 6
44 36
10 17
12 3
23 0
9 40
46 29
45 38
3 24
23 47
18 32
5 41
37 4
19 8
11 13
15 19
28 10
48 40
31 3
19 16
43 4
36 41
3 39
4 42
27 21
14 44
48 17
17 20
20 49
4 6
9 31
7 14
17 22
16 43
10 42
13 20
34 26
38 14
39 28
12 2
35 4
3 42
6 12
9 15
1 38
36 29
32 0
28 33
26 34
29 24
9 13
18 47
36 3
18 10
12 31
20 48
41 35
25 25
36 5
44 23
32 4
33 2
6 22
5 2
6 8
17 38
5 20
43 49
48 2
1 28
48 28
20 38
36 21
7 25
22 31
41 11
48 9
38 44
40 13
24 43
6 36
28 25
15 38
28 2
47 39
21 10
32 46
6 46
2 34
26 7
35 18
13 22
41 44
11 29
31 7
26 43
8 5
42 32
48 38
8 33
32 47
16 34
18 19
25 41
2 14
39 37
17 8
27 0
29 28
48 29
16 23
45 20
27 33
43 9
37 42
35 21
16 14
15 34
31 36
11 36
13 26
21 41
24 10
31 31
24 30
32 9
33 1
9 36
37 25
16 31
28 23
12 39
34 3
12 26
30 9
19 11
48 7
47 7
47 8
46 8
46 7
45 7
45 8
44 8
44 7
43 7
43 6
43 5
42 5
42 6
41 6
40 6
40 7
41 7
41 8
40 8
40 9
39 9
39 10
38 10
37 10
37 11
37 12
37 13
37 14
37 15
36 15
35 15
35 16
35 17
34 17
33 17
33 18
32 18
32 19
32 20
31 20
31 19
30 19
29 19
29 18
29 17
28 17
27 17
27 16
27 15
26 15
26 16
26 17
25 17
25 18
25 19
25 20
24 20
23 20
23 19
23 18
22 18
22 19
21 19
21 20
21 21
21 22
22 22
22 21
23 21
23 22
23 23
22 23
22 24
21 24
20 24
20 25
20 26
20 27
19 27
18 27
18 26
19 26
19 25
19 24
18 24
18 25
17 25
17 24
16 24
16 25
16 26
15 26
15 27
14 27
14 26
14 25
14 24
13 24
12 24
12 23
11 23
11 24
11 25
11 26
11 27
12 27
12 28
13 28
14 28
14 29
14 30
14 31
14 32
14 33
14 34
14 35
13 35
13 36
12 36
12 37
12 38
11 38
11 39
11 40
11 41
11 42
11 43
11 44
11 45
10 45
10 46
11 46
12 46
12 47
11 47
10 47
10 48
10 49
9 49
8 49
7 49
6 49
5 49
4 49
3 49
2 49
1 49
