50 50 2000
34 24
2 33
12 19
42 47
16 24
13 33
14 33
19 35
40 22
41 39
14 41
22 17
48 12
11 9
23 23
2 23
24 37
28 39
43 45
30 45
10 14
3 40
27 22
36 45
47 21
43 9
9 42
41 0
34 42
45 10
26 40
24 45
28 32
6 44
31 12
29 29
2 48
31 32
1 39
26 38
11 16
15 19
18 7
16 16
24 20
27 32
10 18
30 12
6 47
38 37
4 16
10 30
36 46
24 38
16 29
8 11
25 12
16 33
26 33
18 40
6 28
22 7
39 17
3 33
29 15
45 42
45 6
29 39
22 38
36 30
46 7
4 27
25 34
1 0
30 16
17 17
15 15
16 17
46 49
6 19
2 22
41 38
15 44
17 48
11 38
38 24
39 9
35 41
47 39
13 48
37 14
25 32
18 49
5 34
22 8
47 18
19 38
40 2
25 19
25 9
27 2
41 41
35 46
20 39
41 12
6 17
14 17
27 30
29 44
17 31
8 5
28 23
6 6
37 45
35 38
22 49
18 11
38 35
15 22
33 36
39 23
42 16
25 23
2 43
6 32
43 41
13 29
37 12
6 15
9 39
18 42
33 46
13 9
2 47
41 44
38 33
31 41
8 40
33 16
24 8
31 33
12 16
48 7
11 44
44 44
10 13
3 43
43 40
34 46
26 30
23 40
8 47
3 5
36 8
44 11
40 47
18 13
27 31
18 30
17 32
42 39
3 30
44 26
3 3
46 4
38 15
5 20
5 44
12 15
3 42
38 25
34 1
35 9
31 45
39 34
35 24
39 32
32 27
10 43
10 34
26 42
20 11
10 15
27 38
43 28
32 17
39 46
40 35
10 42
37 0
25 10
6 14
24 49
42 43
12 46
24 14
33 9
38 32
4 31
39 22
44 22
23 34
34 43
36 21
19 1
41 49
18 33
32 13
42 21
7 4
47 33
22 32
9 43
30 43
13 27
29 12
24 13
43 13
5 32
7 20
36 17
44 21
30 48
34 18
30 8
22 43
8 0
7 10
19 46
10 22
4 15
37 32
5 24
30 28
11 40
20 23
13 10
39 47
19 9
46 46
19 42
27 27
5 30
20 28
26 34
6 1
24 47
44 25
19 3
45 7
43 32
11 41
36 7
29 14
24 26
38 47
30 25
12 31
46 30
44 37
46 15
38 46
5 1
42 12
16 42
9 47
17 24
44 46
3 28
17 22
43 2
37 34
3 1
41 8
21 24
20 45
33 15
20 24
22 48
45 14
15 23
1 17
3 12
2 32
34 44
36 1
39 33
24 22
22 14
35 15
24 24
36 5
2 37
38 45
46 45
41 17
40 32
44 30
19 23
48 34
17 49
26 25
26 44
42 13
47 47
21 11
35 37
39 8
39 18
22 40
41 16
19 32
15 3
8 2
30 7
38 11
38 38
43 38
18 44
4 33
9 9
9 8
19 13
29 24
46 48
7 23
4 34
10 47
31 30
32 21
30 30
28 17
48 9
47 13
7 36
45 32
3 35
29 7
26 27
40 21
39 25
28 40
20 13
14 45
47 17
11 0
25 46
32 4
4 28
39 20
40 28
47 23
23 5
47 32
37 18
19 30
31 42
33 28
1 36
22 27
9 48
18 29
29 37
37 22
37 43
12 23
24 46
47 44
2 11
42 42
31 17
12 35
10 1
8 17
37 30
17 10
21 26
45 16
15 45
7 13
48 36
20 9
46 36
38 28
14 44
15 21
17 33
36 39
4 38
26 16
44 17
11 45
25 7
31 5
25 13
35 44
42 38
25 48
39 10
8 25
41 11
7 0
19 41
12 10
2 2
37 8
15 30
34 32
20 21
9 31
12 20
21 42
5 43
42 37
19 18
18 37
32 40
2 26
26 28
14 46
17 46
33 27
23 41
34 28
10 23
11 22
4 35
11 27
4 14
13 15
17 35
44 40
28 13
18 31
30 47
8 10
26 39
14 24
18 18
42 19
20 47
40 33
8 27
38 2
44 19
41 43
32 45
48 40
27 29
40 38
42 35
10 28
34 49
3 17
27 46
45 35
45 22
25 18
40 14
34 33
18 3
16 11
9 5
33 26
40 44
16 3
3 27
39 27
43 42
10 29
12 42
6 27
37 25
5 18
48 43
10 39
24 23
33 45
22 45
34 26
4 40
26 10
11 14
33 24
42 36
5 5
27 19
40 3
19 47
16 36
9 11
12 47
25 24
34 25
20 27
19 19
8 36
47 9
13 43
28 19
41 40
35 2
27 48
38 14
11 19
25 5
17 25
31 20
46 10
16 34
30 36
28 45
7 18
3 46
11 13
8 29
44 32
15 20
40 45
12 48
46 29
37 19
11 15
2 44
5 36
36 11
38 3
28 9
35 22
4 24
12 26
33 39
22 29
3 2
48 1
32 30
16 30
1 48
32 33
44 43
38 36
18 26
5 35
13 21
6 20
44 12
47 1
19 48
43 15
20 32
12 33
8 1
22 15
32 19
10 19
22 25
33 49
4 18
23 27
15 38
17 29
43 33
4 44
4 48
8 19
31 49
37 13
26 19
16 45
48 25
40 42
29 43
39 48
38 0
29 13
48 21
17 23
33 7
18 10
5 45
25 28
46 34
48 19
45 47
34 10
19 34
23 47
41 3
45 11
43 26
37 39
18 8
17 26
12 27
15 33
21 43
25 30
30 37
34 7
18 16
16 31
10 4
32 7
33 35
42 34
20 43
45 28
2 42
2 41
12 24
8 4
38 34
28 16
27 17
9 7
24 43
3 7
33 31
16 37
29 1
43 43
31 38
1 16
28 41
34 27
4 29
7 42
39 21
25 27
40 15
37 33
11 49
22 10
15 4
43 49
31 16
34 31
25 31
5 25
16 46
2 0
15 11
45 21
13 38
15 13
38 41
38 29
1 24
40 39
12 25
4 43
22 26
47 41
40 12
23 30
13 30
6 25
6 5
47 14
38 48
20 46
29 34
27 16
11 6
14 19
48 38
35 29
34 22
26 13
9 6
35 49
17 18
32 34
35 47
35 31
19 16
44 6
42 28
29 18
25 47
40 37
14 42
7 6
8 42
36 26
39 4
13 28
15 17
7 22
40 5
36 0
1 6
35 8
23 8
2 1
2 7
3 22
29 25
12 14
43 23
38 22
2 14
41 1
38 49
14 43
25 6
46 35
30 35
37 9
2 13
28 47
21 49
20 25
6 29
8 33
35 10
16 25
34 19
45 40
37 36
5 15
27 10
39 30
7 38
24 34
26 9
27 37
10 21
12 45
33 14
11 28
39 39
29 41
24 4
30 21
4 39
27 12
27 14
25 38
29 2
41 42
19 36
27 24
39 44
15 16
47 35
24 42
47 29
45 27
42 49
33 13
13 24
14 23
37 23
46 14
17 42
28 38
24 31
19 27
3 45
33 48
4 20
41 28
14 31
15 25
32 6
29 46
2 45
3 14
35 35
10 27
43 25
21 15
23 17
25 40
33 29
35 33
3 15
31 6
23 38
2 29
32 49
39 49
9 38
28 28
13 1
6 0
48 8
23 7
22 30
11 31
23 42
6 48
48 32
5 29
38 4
31 48
20 44
47 19
5 48
22 11
37 1
45 15
21 48
7 47
32 39
1 9
27 23
3 48
47 3
48 33
39 31
20 40
29 48
32 46
11 5
33 19
26 2
33 33
23 48
35 25
13 8
44 10
2 5
48 31
17 37
18 14
34 41
42 23
42 0
4 46
41 15
24 30
26 37
29 28
37 49
40 17
5 17
40 0
23 31
13 19
29 40
23 35
44 13
41 26
31 26
30 39
15 29
44 18
28 49
32 38
32 37
6 45
44 8
20 34
47 12
23 29
46 27
2 3
25 11
38 30
13 44
12 4
2 49
35 32
47 43
26 45
32 26
9 14
5 31
26 35
36 33
48 15
48 23
38 44
1 5
29 20
12 38
2 34
44 2
37 11
21 8
3 19
4 12
6 46
11 35
18 12
1 45
15 12
12 32
12 44
33 34
29 31
10 32
22 46
7 39
25 20
10 24
2 19
41 19
25 44
28 30
16 22
6 26
13 32
39 45
28 33
44 38
2 9
46 16
45 23
46 5
43 37
30 19
25 43
48 2
3 6
5 12
42 18
35 27
24 21
7 3
42 25
40 10
47 48
15 35
36 35
7 44
36 37
14 22
7 37
4 2
37 21
47 10
34 29
40 19
27 33
8 34
28 37
6 42
29 4
43 44
42 8
10 9
17 16
43 36
37 24
18 28
15 46
4 42
22 37
44 28
2 25
20 10
34 17
38 18
16 26
8 28
41 33
41 24
17 39
45 26
31 8
19 24
2 36
1 4
35 43
6 33
25 36
19 10
45 44
36 44
30 15
43 12
24 9
1 34
39 0
46 38
37 41
27 43
17 45
46 9
38 23
5 41
38 19
16 18
12 3
26 36
27 49
2 4
42 29
44 29
45 43
37 40
9 4
28 42
7 14
39 7
44 14
41 47
22 12
45 18
30 31
30 1
6 13
12 0
44 41
2 17
34 8
45 48
7 7
48 46
38 10
1 38
47 49
4 0
8 9
47 34
29 9
29 38
17 6
5 42
10 26
48 5
31 24
10 11
8 20
12 9
22 28
23 6
36 16
20 49
46 26
48 13
6 30
44 36
33 20
5 6
1 15
35 36
27 26
8 14
20 29
38 12
21 14
11 37
19 12
42 45
21 32
14 49
17 40
2 20
8 39
46 21
14 35
4 23
9 33
19 8
8 8
12 8
21 18
16 7
43 17
27 9
35 21
38 39
1 31
33 18
14 29
31 29
35 1
14 37
13 4
14 38
7 15
15 10
34 40
16 44
39 2
5 7
9 16
25 16
16 6
47 15
2 35
34 34
26 43
32 48
32 36
5 19
10 45
21 9
36 6
42 44
36 12
29 32
48 28
4 22
45 17
32 16
21 13
12 37
31 15
27 28
25 49
27 36
47 25
20 16
24 33
26 15
5 22
36 22
8 3
28 15
3 31
36 29
43 1
7 2
42 33
45 37
12 21
17 7
28 20
33 38
21 22
42 32
6 40
46 13
23 37
19 4
33 11
10 0
40 24
44 33
47 45
47 8
19 22
12 5
41 6
21 16
32 8
21 35
23 20
7 21
2 12
47 31
35 7
12 22
15 27
16 38
5 10
7 49
10 7
3 20
47 22
15 26
11 36
20 35
9 25
24 2
47 42
43 46
4 3
36 43
39 38
34 13
38 20
39 12
46 40
40 13
41 13
32 41
46 8
42 48
32 31
17 13
4 13
8 26
1 14
17 43
19 25
34 12
33 25
6 41
35 40
32 10
20 12
6 11
40 46
13 14
1 20
6 18
36 34
30 44
13 35
25 41
7 8
19 33
8 30
1 21
7 19
8 32
42 1
6 16
20 30
46 22
28 21
28 11
5 2
34 39
48 6
36 24
17 2
7 16
18 25
34 3
46 18
47 4
43 31
4 6
23 10
5 14
27 41
41 14
22 24
30 38
36 13
23 32
15 24
3 24
15 36
13 11
42 22
13 5
36 23
36 31
11 7
2 46
45 30
12 49
15 48
8 15
11 26
12 34
21 17
13 34
30 0
3 41
42 20
37 26
11 23
27 42
38 13
32 35
8 38
17 11
17 19
4 26
11 1
9 13
12 39
45 49
33 40
48 26
5 46
19 14
10 25
9 3
19 26
1 44
41 5
29 11
1 46
17 38
13 2
4 41
14 47
30 41
4 19
15 41
13 36
24 6
48 14
8 13
34 48
24 7
1 23
24 35
30 20
14 28
18 24
5 11
34 2
10 10
48 35
29 23
1 7
47 6
31 25
26 47
14 8
40 1
9 30
15 14
25 25
44 20
38 31
39 3
32 15
11 18
16 5
48 11
36 40
19 6
17 3
22 23
45 13
2 31
35 23
29 0
46 39
10 38
28 43
23 16
46 19
9 32
1 33
41 10
11 42
41 34
24 10
21 41
26 23
31 10
45 45
32 25
16 20
3 9
35 11
12 13
17 21
5 8
29 16
7 35
38 27
26 14
42 27
40 8
12 12
42 46
43 11
13 41
33 2
36 19
3 47
31 31
3 23
30 49
47 5
34 21
3 11
48 10
12 2
1 35
30 10
6 4
46 6
27 39
9 24
15 47
26 21
25 37
22 36
24 25
48 16
13 37
15 43
21 12
43 21
18 5
25 29
48 20
38 1
42 40
43 0
46 1
9 29
29 35
37 28
38 9
28 27
15 42
13 23
40 41
26 18
45 24
36 28
21 31
21 29
36 20
29 27
45 46
36 27
5 21
12 7
20 18
21 45
31 44
1 1
17 28
46 12
16 27
32 47
42 30
46 47
39 42
35 26
9 15
13 31
20 14
25 2
45 33
2 10
3 10
48 27
21 25
41 48
38 17
19 39
23 45
12 30
18 17
19 15
34 23
37 7
38 40
13 40
45 25
2 8
24 11
43 14
46 44
5 33
2 21
29 47
36 32
8 6
16 35
18 19
46 20
15 40
10 44
1 37
2 6
22 33
24 36
3 49
9 1
8 31
16 10
9 45
35 19
20 20
33 30
33 17
48 44
11 29
47 2
5 0
8 48
41 31
42 10
30 24
12 43
23 11
47 27
45 36
15 39
23 28
13 25
22 44
37 29
27 11
46 24
36 49
8 7
44 24
5 26
29 36
39 14
41 9
25 22
12 41
27 47
31 37
1 47
3 18
32 20
17 15
42 26
3 26
40 30
36 36
10 41
6 3
24 16
31 47
22 47
46 31
24 41
25 4
16 32
25 1
35 28
43 19
32 29
18 38
18 15
20 41
20 37
5 16
10 5
37 42
26 31
21 20
26 1
18 41
48 30
24 17
4 7
31 11
16 12
40 4
38 43
22 22
19 40
44 23
46 42
17 47
7 11
35 48
21 36
27 34
32 18
20 48
39 26
27 15
40 9
25 45
1 30
35 42
15 34
34 11
19 37
39 35
40 26
48 22
6 9
10 12
28 8
18 45
19 5
9 23
19 28
30 2
14 30
48 37
37 20
24 29
27 45
40 25
37 15
42 15
34 35
43 47
21 39
28 31
23 39
25 14
37 38
26 17
1 2
46 41
28 44
16 39
10 8
13 22
44 0
19 17
13 47
1 19
16 43
6 10
22 34
18 48
4 32
45 19
33 37
22 19
37 47
31 22
17 5
23 9
9 46
13 13
45 8
21 23
31 39
11 21
42 14
43 30
10 33
46 28
27 40
4 10
30 13
9 41
16 48
26 48
46 43
29 26
3 39
28 36
21 10
38 26
32 5
16 0
20 8
18 39
23 33
14 34
30 17
10 3
4 1
32 22
31 23
13 18
27 1
13 49
13 39
34 37
26 26
19 49
28 22
26 24
16 28
33 41
18 21
40 40
44 42
5 39
24 39
20 15
8 43
39 16
22 18
43 8
48 3
32 42
31 46
40 49
43 27
30 26
34 30
30 23
45 38
11 39
33 43
23 14
8 37
40 43
34 16
15 37
34 36
10 6
43 48
28 12
47 30
19 11
8 49
3 29
13 42
32 24
22 13
44 7
21 37
23 25
37 17
18 23
3 4
24 15
44 9
1 18
34 6
5 49
1 28
48 18
4 4
8 41
6 8
39 29
3 8
43 35
13 20
47 20
15 31
45 31
39 37
12 36
12 6
20 33
23 18
45 5
4 11
10 49
34 15
1 26
10 37
23 24
7 43
29 19
16 4
46 23
37 16
48 24
2 27
30 27
36 38
21 38
23 43
15 32
11 24
1 27
36 42
48 49
23 13
35 45
28 46
41 27
15 49
11 8
47 36
26 11
21 27
29 10
36 15
45 29
33 6
38 8
43 39
35 13
31 4
25 21
30 42
14 36
11 30
1 25
28 48
46 32
17 41
40 23
40 29
27 20
9 12
44 48
13 45
31 9
35 39
13 0
6 31
37 27
24 3
17 36
30 33
6 21
41 25
4 5
24 40
21 5
40 16
33 8
2 28
16 14
34 20
39 19
5 47
46 17
19 20
24 18
12 11
46 11
4 8
14 27
30 18
3 16
43 24
26 22
20 22
18 32
47 37
44 39
32 44
38 16
17 44
40 27
36 47
4 47
36 14
26 41
39 28
23 22
43 18
9 35
2 18
20 17
34 45
9 2
48 41
17 20
9 36
29 3
31 35
47 11
29 33
1 32
48 0
47 0
46 0
45 0
45 1
45 2
45 3
45 4
44 4
43 4
43 3
42 3
42 4
42 5
42 6
43 6
43 7
42 7
41 7
40 7
40 6
39 6
39 5
38 5
38 6
37 6
37 5
37 4
37 3
37 2
36 2
36 3
36 4
35 4
35 5
34 5
34 4
33 4
33 3
32 3
32 2
32 1
32 0
31 0
31 1
31 2
31 3
30 3
30 4
30 5
30 6
29 6
28 6
28 7
27 7
27 8
26 8
26 7
26 6
26 5
26 4
26 3
27 3
27 4
27 5
28 5
28 4
28 3
28 2
28 1
28 0
27 0
26 0
25 0
22 1
22 0
23 0
24 0
24 1
23 1
23 2
22 2
22 3
23 3
23 4
22 4
22 5
22 6
21 6
21 7
20 7
20 6
20 5
20 3
20 4
21 4
21 3
21 2
21 1
21 0
20 0
20 1
20 2
19 2
18 2
18 1
18 0
17 0
17 1
16 1
16 2
15 2
15 1
15 0
14 0
14 1
14 2
14 3
14 4
14 5
15 5
15 6
15 7
15 8
15 9
14 9
14 10
14 11
14 12
14 13
14 14
14 15
14 16
13 16
13 17
12 17
11 17
10 17
9 17
9 18
9 19
9 20
9 21
8 21
8 22
8 23
8 24
7 24
7 25
7 26
7 27
7 28
7 29
7 30
7 31
7 32
7 33
7 34
6 34
6 35
6 36
6 37
6 38
5 38
5 37
4 37
3 37
3 38
2 38
2 39
2 40
1 40
1 41
1 42
1 43
