50 50 2000
8 33
19 25
1 2
47 23
28 25
13 27
45 45
18 33
9 22
17 36
21 48
10 25
22 40
21 46
41 45
33 23
13 37
43 48
8 41
36 34
1 22
43 35
25 7
15 46
5 18
6 33
28 14
14 49
42 28
16 32
33 26
31 11
36 45
35 29
9 38
30 10
21 0
10 41
48 18
7 23
12 47
8 34
20 30
32 7
40 6
2 43
47 47
39 18
2 30
44 28
17 49
31 30
16 21
34 26
23 34
23 49
23 23
46 8
20 20
30 35
7 28
37 30
37 42
27 17
4 37
37 37
38 15
17 39
43 49
4 35
24 18
47 4
43 25
35 45
21 30
19 19
33 17
42 37
1 48
44 14
36 17
10 29
1 0
36 32
28 29
40 39
29 49
7 15
30 14
15 24
27 44
44 41
5 19
47 49
40 29
5 49
26 4
22 45
44 15
43 1
42 48
17 25
17 3
9 42
29 3
25 40
12 26
23 22
30 22
38 29
10 22
26 21
18 38
34 34
21 34
6 38
4 34
38 12
34 18
29 19
37 16
6 49
39 11
28 9
6 28
18 7
29 48
41 33
45 31
40 40
2 47
9 49
35 22
26 36
29 45
6 37
42 25
34 24
18 18
46 45
45 13
16 29
26 27
25 35
45 42
22 24
15 5
14 46
39 3
11 37
1 4
19 47
1 42
1 18
25 46
22 36
28 44
18 12
37 41
1 33
20 19
41 34
2 14
11 21
14 24
20 10
29 8
1 3
26 41
14 21
27 49
28 40
25 24
2 28
6 46
5 21
29 24
37 23
14 30
24 34
48 36
21 38
11 26
30 49
39 17
13 29
13 46
24 24
18 14
4 20
11 47
46 31
41 23
45 6
16 15
37 12
11 40
21 22
38 27
26 45
16 26
5 48
27 18
9 34
32 39
16 35
23 2
13 42
3 29
10 4
8 26
2 33
13 31
7 45
21 39
1 43
14 29
43 34
9 35
3 40
47 5
41 29
37 24
10 11
33 45
33 37
14 3
43 46
5 30
11 15
37 39
5 22
3 48
12 7
33 25
35 44
12 12
25 20
36 36
39 43
36 21
35 48
17 9
39 10
29 43
37 19
34 1
25 41
42 13
4 16
19 12
29 29
9 17
22 2
45 18
24 43
31 44
38 3
20 45
42 47
21 43
2 40
38 16
9 30
8 30
13 34
48 21
9 48
1 34
48 3
16 38
38 44
14 28
25 29
41 46
11 25
38 35
36 10
26 23
39 24
1 38
1 1
39 48
27 12
38 22
11 10
1 40
46 30
46 35
6 32
5 44
31 31
32 36
22 8
20 26
41 39
17 31
6 48
17 18
4 49
46 36
22 17
38 47
3 41
13 18
14 25
32 0
18 27
26 32
12 48
37 9
35 34
15 7
26 19
5 45
27 31
23 28
38 11
34 27
47 42
26 17
48 31
13 44
18 21
37 48
45 38
21 1
39 7
11 22
48 4
47 37
4 46
28 20
33 16
46 1
10 9
14 35
3 8
6 18
34 35
23 35
9 6
22 9
5 23
35 38
44 34
3 33
21 18
41 48
17 45
35 27
30 15
42 16
17 23
33 30
32 38
43 42
4 11
7 36
23 1
9 39
9 21
30 18
22 22
1 36
27 9
40 27
38 5
48 6
48 43
32 49
11 45
47 1
10 17
14 39
23 26
34 48
17 37
12 49
22 47
27 38
37 28
10 45
31 38
14 48
30 48
47 14
33 41
48 12
33 24
47 21
4 30
34 25
25 15
1 39
32 32
3 37
29 20
48 33
12 42
13 0
23 20
42 12
36 27
28 28
30 41
15 41
17 48
41 42
28 15
13 23
48 16
8 47
31 45
7 24
28 12
31 43
26 49
27 11
18 44
6 20
35 47
29 4
41 30
37 34
43 28
11 7
37 8
3 45
31 6
13 36
48 10
36 46
18 15
25 13
33 21
8 27
17 19
9 43
29 47
2 31
14 7
28 47
7 16
10 37
5 43
34 36
43 13
17 4
10 31
28 22
36 5
25 33
3 32
39 9
19 24
47 24
46 13
22 14
15 6
6 47
6 35
18 31
48 28
34 28
33 43
44 24
3 20
32 5
18 25
48 34
47 26
31 48
41 27
39 36
42 24
26 12
4 45
36 44
31 40
31 23
44 29
42 23
8 36
14 38
27 16
39 26
6 36
13 43
43 8
8 32
39 29
22 29
8 29
43 19
24 28
35 24
15 33
14 45
24 36
43 26
45 20
2 15
7 43
25 26
22 7
11 14
15 29
5 26
30 16
28 33
5 38
13 35
34 41
44 45
32 27
12 3
48 29
39 25
46 12
26 13
39 20
42 22
32 10
8 17
8 22
27 47
29 33
37 15
30 4
27 0
31 37
18 23
3 43
12 29
39 15
18 40
13 40
29 11
30 34
19 45
10 33
45 37
33 11
16 40
13 33
25 14
2 22
15 13
44 19
10 20
25 28
26 1
21 24
19 17
38 41
19 20
42 43
45 27
3 30
4 36
19 46
9 44
1 28
2 24
19 28
21 32
47 10
26 20
12 40
20 32
42 40
14 37
47 17
26 15
30 36
44 25
40 44
3 39
10 5
32 26
38 26
8 39
15 1
37 44
1 23
26 34
46 44
32 24
2 45
7 29
31 21
29 12
8 31
42 7
5 42
30 19
36 22
22 49
13 32
43 47
22 46
31 4
29 46
23 47
22 30
14 14
48 17
12 31
36 14
17 28
44 5
22 42
39 2
15 45
15 27
15 12
11 32
30 43
36 13
32 12
13 39
30 24
32 30
21 26
5 39
40 47
44 27
35 15
43 22
8 38
15 31
28 21
10 19
23 41
40 7
36 40
15 18
45 21
3 47
17 34
36 8
47 11
12 19
39 8
28 36
21 16
25 48
30 32
10 15
40 8
42 27
26 46
3 9
30 26
10 27
46 22
44 26
32 29
29 40
16 19
44 17
47 7
42 35
22 23
5 32
27 2
39 27
12 22
34 39
43 10
35 18
13 17
16 45
16 47
30 9
17 24
41 11
20 31
45 43
37 17
18 30
15 2
27 40
31 25
9 41
18 8
16 22
14 8
2 41
21 49
48 47
12 30
40 21
48 44
46 7
18 28
35 46
42 10
17 27
11 24
38 8
38 43
12 39
19 39
4 33
48 13
43 15
39 1
21 35
29 32
6 45
32 47
38 17
18 46
31 12
4 14
36 48
21 12
19 36
42 26
31 3
28 17
39 45
31 14
41 22
9 26
13 26
19 31
2 49
33 48
11 38
19 7
18 32
27 39
42 18
11 33
32 25
34 20
20 9
45 26
13 1
10 10
12 32
17 11
9 14
44 10
47 34
19 27
1 30
31 24
34 43
3 28
19 34
48 32
13 20
45 17
19 29
45 39
19 42
29 9
38 45
43 44
46 33
21 33
24 26
12 14
34 33
8 24
45 19
21 19
36 2
3 49
45 4
21 4
28 5
17 29
36 12
38 21
10 7
35 23
44 35
36 7
3 17
31 33
10 28
16 31
11 35
18 47
36 33
9 24
45 28
38 46
18 45
11 4
1 32
29 38
21 41
18 29
42 34
23 43
8 49
10 23
8 28
21 31
44 9
31 20
31 39
26 10
47 22
32 46
32 6
33 42
47 43
21 11
35 19
17 5
46 23
29 44
23 39
14 40
30 42
43 41
45 9
39 16
28 23
6 41
22 43
41 41
27 36
23 46
36 43
16 24
3 15
35 41
20 36
3 26
17 46
18 19
25 19
47 40
12 36
16 48
10 13
38 14
44 21
4 41
8 44
15 14
24 20
10 42
2 38
13 30
12 27
38 13
14 44
33 49
14 16
40 13
11 43
29 31
34 37
9 16
11 20
7 22
47 44
41 25
48 11
2 10
37 40
26 7
44 30
38 23
21 23
15 23
25 49
37 43
15 40
35 26
21 5
36 26
45 23
43 0
44 12
13 14
35 31
2 42
28 27
5 40
48 19
45 7
4 42
40 14
31 36
41 31
35 37
35 21
46 2
10 26
27 42
6 42
34 46
33 32
1 44
1 29
36 20
25 39
4 19
27 14
22 12
41 43
28 26
38 19
6 25
25 34
12 33
16 46
45 16
6 30
28 38
47 18
40 38
32 18
26 8
48 37
4 47
7 20
14 33
25 44
7 18
9 47
42 33
28 48
32 8
25 8
31 15
33 38
39 23
14 23
29 17
13 45
42 21
13 41
28 49
4 12
46 21
38 40
8 20
31 10
27 13
3 35
37 13
41 12
46 47
43 40
38 38
30 7
16 43
2 34
21 36
41 6
1 41
41 18
8 43
27 25
46 40
6 43
46 14
32 34
27 22
12 10
32 4
32 15
26 24
2 13
19 40
45 10
14 42
41 13
17 10
48 39
33 47
16 36
48 35
48 20
19 11
7 44
17 35
46 46
15 25
30 3
32 28
11 34
42 9
27 23
2 12
23 16
14 22
40 25
5 35
11 30
36 19
10 36
4 31
18 17
1 21
8 42
9 20
27 21
9 29
46 37
31 29
18 20
20 17
30 21
7 25
30 2
10 44
29 39
48 46
39 4
20 40
18 24
29 28
16 42
23 36
27 26
16 11
15 39
12 11
12 28
29 5
44 39
10 35
36 31
37 25
43 14
46 41
18 34
36 41
7 14
27 27
16 34
35 16
42 42
29 10
16 27
39 19
15 21
12 45
39 46
6 31
18 36
20 43
7 49
1 46
44 37
30 47
13 28
3 11
20 25
19 23
5 41
46 39
28 19
28 43
46 25
8 45
47 46
8 40
34 2
47 25
29 2
21 37
34 19
32 45
39 14
47 9
30 8
7 21
48 41
24 49
22 35
39 31
20 22
13 47
23 33
24 45
37 18
34 16
34 47
2 7
11 18
25 22
24 38
30 45
17 42
35 6
33 34
36 1
45 30
6 44
26 0
35 17
4 27
47 30
6 23
39 30
5 36
40 22
30 46
34 11
41 9
23 48
28 41
44 46
10 24
19 33
1 26
16 16
27 15
25 10
16 20
1 16
30 20
41 8
7 39
31 28
27 8
11 49
40 24
25 30
9 32
22 38
13 16
26 22
15 48
10 8
9 27
29 30
19 30
37 31
16 10
42 29
44 47
6 16
32 43
26 29
26 9
29 26
35 5
27 6
2 39
39 21
40 36
19 13
11 13
25 45
14 34
37 46
30 11
35 43
38 49
41 37
17 38
20 44
45 15
6 29
30 27
36 4
13 15
42 30
11 16
8 48
45 24
36 24
28 32
21 20
30 39
21 17
48 14
33 28
43 30
7 47
11 8
2 9
3 19
2 27
42 17
36 38
20 14
19 32
7 38
33 33
15 4
28 46
39 49
25 21
34 0
17 13
15 35
16 17
3 31
46 15
31 22
23 37
23 29
25 31
16 13
46 49
3 42
29 42
17 32
24 47
29 7
40 0
35 7
47 27
20 38
43 36
3 27
15 43
14 0
12 44
29 22
48 26
12 20
39 13
32 11
48 48
22 11
48 9
11 6
21 15
46 16
34 14
48 7
14 17
37 29
4 43
31 32
45 5
15 32
39 0
46 20
3 46
46 28
9 45
24 46
44 32
11 39
14 32
33 40
43 16
41 40
19 21
31 7
3 13
16 37
48 2
7 19
21 2
37 20
24 42
29 18
12 23
38 39
20 13
38 10
38 30
36 16
16 9
24 27
45 29
46 4
24 22
26 44
32 40
1 49
35 39
24 32
14 20
15 37
18 49
43 29
46 3
37 7
3 22
26 39
36 29
31 26
32 17
7 26
47 8
16 14
15 22
39 38
34 49
2 37
40 31
38 33
32 42
35 32
30 38
4 25
18 22
45 33
25 38
4 24
32 41
2 21
4 39
46 38
10 30
28 24
6 17
39 35
38 36
22 21
40 33
17 43
34 42
29 35
4 18
11 17
38 4
17 44
43 20
39 47
46 42
31 17
40 9
45 25
21 45
20 41
23 31
34 17
29 21
40 28
13 48
35 49
31 9
37 10
12 37
39 28
44 4
36 9
19 22
36 42
38 28
27 20
32 22
42 15
21 9
5 29
42 36
37 26
34 29
19 41
45 3
28 8
11 2
44 7
5 37
20 29
15 15
12 46
24 17
16 18
14 36
17 16
18 48
11 11
33 29
32 23
37 22
26 25
40 41
10 39
14 18
45 48
37 11
46 32
18 9
17 41
4 10
44 23
16 30
19 37
7 41
21 14
46 48
26 28
15 49
2 25
2 32
4 26
16 49
34 40
3 16
15 44
34 45
7 30
8 35
23 45
27 30
9 37
3 36
18 35
26 30
32 35
36 23
40 42
45 8
35 35
14 15
20 49
29 16
24 39
18 41
35 11
42 44
40 35
33 19
42 11
13 25
22 13
24 30
22 32
8 15
17 22
22 48
32 21
25 37
22 37
41 35
41 21
42 41
41 26
20 33
21 44
1 47
43 38
8 46
14 27
43 39
35 8
2 8
19 16
20 15
17 40
11 36
48 25
40 16
46 19
15 38
18 13
42 38
48 45
48 27
8 21
21 42
17 26
48 49
23 27
42 32
35 40
11 3
9 40
5 27
5 34
6 22
11 48
20 12
20 47
31 49
31 5
20 42
22 18
6 26
32 14
38 20
32 48
40 43
24 25
19 44
33 36
45 11
34 31
10 12
22 26
31 41
38 7
25 9
40 48
29 14
39 22
15 47
47 16
45 41
29 34
36 37
43 12
30 37
35 12
20 16
40 10
47 20
41 38
44 18
21 21
42 8
39 33
22 20
4 17
46 26
35 10
27 28
33 27
38 25
34 32
39 37
13 22
18 42
12 15
11 29
12 4
32 19
38 2
27 19
17 20
28 31
5 20
48 8
25 27
19 26
16 28
28 45
5 47
40 17
13 24
46 9
10 46
25 36
23 0
6 24
27 10
19 38
2 20
7 33
39 40
45 22
26 42
23 18
40 49
41 36
1 20
44 48
7 35
7 42
22 34
14 4
26 11
4 13
30 40
29 25
38 1
41 14
19 35
45 12
19 18
5 28
10 14
34 38
17 6
20 34
46 24
27 46
42 19
10 16
17 8
5 33
38 48
25 23
43 11
11 28
41 15
11 42
43 17
26 31
32 44
33 39
47 45
34 3
24 19
24 40
30 31
25 12
31 18
22 25
43 9
36 28
27 45
29 15
45 49
44 20
17 47
22 10
46 43
35 20
11 41
43 27
3 18
7 37
40 18
35 42
22 19
33 18
31 34
44 33
28 16
42 20
19 49
29 13
48 30
7 48
28 39
44 38
21 13
1 19
15 26
37 14
12 6
40 19
43 18
14 1
20 24
8 37
27 34
15 19
47 28
40 23
26 38
42 49
30 12
47 32
28 30
36 25
9 15
34 13
40 20
20 39
9 11
47 39
3 12
12 21
9 46
15 28
8 16
2 11
3 44
15 36
11 9
40 2
42 31
28 6
18 16
6 27
30 44
46 17
20 27
2 36
15 34
3 10
12 43
23 42
2 18
48 22
12 5
30 23
1 17
44 6
48 38
12 38
41 7
18 37
5 17
20 23
48 24
31 42
47 3
26 3
46 34
9 19
12 16
4 38
3 24
3 14
28 7
11 12
33 15
37 35
48 15
36 11
25 17
40 32
32 9
33 0
26 2
26 18
12 41
42 14
27 41
48 23
2 19
24 21
8 11
33 12
20 18
20 48
4 32
48 0
47 0
46 0
45 0
44 0
44 1
45 1
45 2
44 2
44 3
43 3
43 4
43 5
43 6
42 6
42 5
42 4
42 3
42 2
42 1
42 0
41 0
41 1
41 2
41 3
41 4
41 5
40 5
39 5
39 6
38 6
37 6
37 5
37 4
37 3
37 2
37 1
37 0
36 0
35 0
35 1
35 2
35 3
35 4
34 4
34 5
34 6
34 7
34 8
34 9
34 10
33 10
33 9
33 8
33 7
33 6
33 5
33 4
33 3
33 2
33 1
32 1
32 2
31 2
31 1
31 0
30 0
30 1
29 1
29 0
28 0
28 1
28 2
28 3
27 3
27 4
27 5
26 5
26 6
25 6
25 5
25 4
25 3
25 2
25 1
25 0
24 0
24 1
24 2
24 3
24 4
24 5
24 6
24 7
24 8
24 9
24 10
24 11
24 12
24 13
24 14
24 15
23 15
23 14
23 13
23 12
23 11
23 10
23 9
23 8
23 7
23 6
23 5
23 4
23 3
22 3
22 4
22 5
22 6
21 6
21 7
21 8
20 8
20 7
20 6
20 5
20 4
20 3
20 2
20 1
20 0
19 0
19 1
19 2
19 3
19 4
19 5
19 6
18 6
18 5
18 4
18 3
18 2
18 1
18 0
17 0
16 0
16 1
16 2
16 3
16 4
16 5
16 6
16 7
16 8
15 8
15 9
14 9
14 10
14 11
14 12
14 13
13 13
13 12
13 11
13 10
13 9
13 8
13 7
13 6
13 5
13 4
13 3
13 2
12 2
12 1
12 0
4 6
4 5
5 5
5 6
6 11
6 10
6 9
6 7
6 8
8 8
7 8
7 7
7 5
7 6
6 6
6 5
6 4
6 3
6 2
5 2
5 3
5 4
4 4
4 3
4 2
4 1
4 0
5 0
5 1
6 1
6 0
7 0
7 1
7 2
7 3
7 4
8 4
8 3
8 2
8 0
8 1
9 1
9 0
10 0
11 0
11 1
10 1
10 2
9 2
9 3
9 4
9 5
8 5
8 6
8 7
9 7
9 8
9 9
9 10
8 10
8 9
7 9
7 10
7 11
7 12
6 12
6 13
6 14
5 14
5 13
5 12
5 11
5 10
5 9
5 8
5 7
4 7
3 7
3 6
3 5
3 4
3 3
3 2
3 1
3 0
2 0
2 1
2 2
2 3
2 4
2 5
1 5
1 6
1 7
1 8
1 9
1 10
1 11
1 12
1 13
1 14
1 15
