50 50 2000
28 11
27 11
26 11
27 10
28 10
29 10
28 9
28 8
27 8
28 7
29 7
28 6
28 5
27 5
27 6
29 6
29 8
30 8
29 9
30 10
30 11
31 11
32 11
32 10
32 9
32 8
31 9
31 10
33 10
34 10
35 10
35 9
36 9
36 10
37 10
36 11
35 11
34 11
34 12
34 9
34 8
33 8
37 9
37 8
36 8
35 8
38 10
38 9
38 8
37 7
36 7
35 7
34 7
34 6
35 6
33 7
33 6
33 5
33 4
34 4
34 5
35 5
36 5
35 4
34 3
33 3
32 3
32 2
32 4
31 2
31 3
33 2
32 1
35 3
32 6
32 5
31 5
36 6
37 6
37 5
38 5
39 5
40 5
39 6
39 4
41 5
41 4
40 4
39 7
40 7
40 8
41 7
38 7
38 6
39 8
36 4
36 3
33 1
30 2
30 1
30 3
29 3
29 4
29 2
31 4
31 1
32 0
33 0
31 0
34 2
37 3
37 2
38 2
39 2
40 2
40 3
41 2
39 1
39 0
40 0
40 1
38 1
36 2
36 1
36 0
37 0
37 1
39 3
38 4
40 6
37 4
38 0
38 3
41 1
42 1
42 2
43 1
43 2
44 1
45 1
45 0
45 2
44 2
45 3
43 3
44 3
43 4
42 4
42 3
44 0
43 0
46 1
46 0
47 1
47 0
48 1
48 0
48 2
47 2
46 2
42 5
42 0
41 0
41 3
43 5
44 5
44 4
45 4
47 3
48 3
48 4
47 4
46 4
45 5
46 3
48 5
47 5
46 5
44 6
46 6
35 0
34 0
35 2
35 1
34 1
31 6
31 7
32 7
33 9
30 4
31 8
30 7
30 9
27 9
26 9
25 9
25 10
26 10
26 8
26 7
20 31
32 45
28 30
16 30
4 43
8 17
21 5
20 32
15 0
7 48
12 12
28 45
16 34
12 39
7 11
33 40
35 23
3 17
19 8
9 9
22 3
16 32
6 28
23 47
18 30
42 10
43 20
21 29
25 24
38 24
41 42
4 24
42 15
19 3
14 26
30 35
17 44
2 1
3 10
23 18
30 18
24 30
13 36
4 7
38 49
43 14
25 23
16 1
17 33
4 18
6 12
48 32
11 43
12 45
10 25
34 13
4 34
31 44
45 14
2 35
24 21
33 33
27 32
24 40
35 16
11 7
3 37
4 48
6 5
14 47
10 14
16 19
19 20
18 40
22 32
11 3
42 40
44 33
38 34
37 24
18 22
1 28
48 22
40 36
13 37
27 18
19 25
23 10
35 45
12 25
9 12
5 18
43 29
19 9
7 35
48 15
14 34
11 42
43 11
21 48
24 5
4 9
43 18
4 13
8 12
36 30
15 14
18 9
32 20
20 30
16 41
35 39
18 23
9 30
42 30
48 39
19 37
39 31
7 10
14 22
29 0
4 6
19 10
16 3
8 39
48 27
4 17
37 44
38 33
26 32
32 12
22 2
10 1
7 17
34 28
7 33
12 19
45 30
4 23
44 41
29 42
17 24
28 44
48 11
48 45
38 18
30 36
33 28
14 38
25 43
39 28
45 9
13 18
29 11
40 26
9 46
30 44
25 3
42 35
15 17
35 32
8 25
48 29
43 7
41 35
7 32
2 17
1 26
48 8
38 45
20 45
35 43
48 18
39 24
40 35
16 39
26 34
4 1
31 24
22 29
1 37
45 38
22 11
9 37
28 12
7 23
30 15
32 21
17 46
5 22
32 42
40 42
17 36
40 9
24 36
38 27
13 2
21 39
36 42
38 36
2 12
24 39
16 47
11 26
39 21
27 33
43 10
40 49
25 39
31 43
23 36
3 39
18 13
9 41
3 44
43 45
15 47
38 43
23 25
46 39
23 27
45 20
39 48
17 2
41 29
16 35
7 26
30 32
24 29
36 44
27 12
34 31
27 20
27 13
2 3
44 43
36 33
48 24
47 47
36 31
10 41
15 46
28 23
3 38
34 14
46 40
40 32
16 9
47 22
3 18
46 46
47 26
29 37
15 44
47 9
10 38
6 7
12 1
10 32
26 33
38 48
18 21
15 19
28 0
22 9
11 49
4 10
30 31
34 23
17 22
13 12
47 27
11 28
2 5
10 26
17 9
19 15
5 37
47 6
18 8
25 16
10 12
32 35
19 46
11 36
17 39
39 9
11 33
3 24
26 13
11 15
10 42
44 26
9 8
23 44
46 48
42 28
3 14
47 10
9 7
27 38
17 8
30 22
6 48
4 16
23 48
8 29
27 1
25 0
18 26
16 24
43 12
19 22
27 41
4 32
10 19
45 39
30 34
33 46
22 5
12 34
6 31
21 14
1 27
21 0
18 39
45 43
33 18
47 35
3 12
16 48
10 36
46 30
27 28
2 40
4 44
22 23
42 39
26 44
13 21
4 8
7 5
22 28
32 47
7 2
24 8
35 38
45 48
5 24
46 7
7 22
17 38
31 48
46 10
33 30
18 37
5 49
8 41
17 3
35 12
34 42
8 18
23 9
21 43
42 9
22 38
16 0
38 26
18 25
37 19
21 7
42 19
2 43
30 43
28 18
45 8
36 41
5 26
9 38
31 37
14 29
12 38
31 29
24 34
1 42
1 10
8 40
41 44
43 30
11 40
30 42
25 41
19 44
1 21
30 49
22 44
6 39
25 49
28 2
12 27
28 3
6 8
25 1
26 24
29 13
24 32
22 47
45 21
41 13
22 33
37 28
25 29
37 41
8 33
4 4
18 7
29 46
24 28
41 47
13 24
41 25
34 39
29 36
31 36
39 10
46 23
24 15
23 14
1 16
19 7
33 24
34 17
23 38
4 21
37 11
2 36
40 18
44 7
25 37
31 16
3 41
16 37
45 32
29 38
10 22
12 47
22 36
37 39
2 37
17 43
35 19
26 36
15 29
4 29
9 16
22 30
2 27
40 23
18 28
4 31
37 33
28 21
26 29
10 4
10 29
29 30
7 13
24 49
9 13
48 14
22 35
35 48
5 6
36 32
35 26
23 33
2 29
35 36
42 37
32 29
31 18
21 41
19 21
18 15
16 6
47 33
17 48
40 15
30 33
25 21
6 17
31 23
13 7
11 17
5 13
3 36
9 26
43 15
39 12
6 43
11 35
18 33
17 16
2 22
30 26
5 35
38 12
15 18
32 33
20 21
8 47
48 42
47 31
46 33
7 0
38 47
11 45
22 41
8 1
47 39
2 34
29 34
11 44
19 2
1 25
46 41
7 6
12 22
10 20
30 5
43 41
31 32
2 44
24 42
48 47
45 7
13 43
30 20
15 6
12 49
47 48
44 37
17 25
25 5
18 20
4 47
20 35
33 27
10 37
18 4
23 28
13 48
8 3
20 12
38 23
48 28
37 14
45 42
35 13
28 41
39 45
40 40
1 0
6 2
29 29
13 19
6 24
48 25
12 11
41 41
42 29
37 38
11 48
18 1
4 41
43 6
20 28
17 41
37 37
43 8
44 32
41 32
1 44
11 27
44 18
19 35
47 8
32 13
46 24
8 21
1 11
21 49
16 21
23 13
43 36
4 49
45 49
35 49
24 12
40 48
36 22
37 15
26 31
2 30
38 37
1 39
38 17
6 14
18 49
20 22
41 21
45 19
31 38
25 30
27 35
32 28
25 36
30 16
42 41
31 25
34 38
20 2
13 20
4 11
21 34
30 46
18 2
10 47
6 9
48 49
25 46
29 45
9 34
1 40
18 5
12 37
6 15
12 28
20 15
45 44
14 17
5 36
19 48
5 48
5 3
6 38
26 46
15 23
5 29
9 14
48 44
23 16
46 13
40 27
15 32
29 25
20 36
18 24
31 33
12 24
35 33
40 22
33 36
14 31
9 0
40 46
16 36
19 16
13 32
20 43
13 28
37 45
15 34
3 20
2 6
46 19
32 38
5 14
6 27
44 12
41 45
27 27
17 12
18 35
30 40
21 22
17 47
22 27
42 13
45 36
8 24
22 8
29 39
10 30
40 17
5 28
39 29
9 44
23 23
29 5
35 17
17 26
23 40
1 8
41 49
39 46
10 2
3 16
13 46
24 31
27 34
41 37
25 14
45 17
12 35
6 11
26 21
8 9
8 42
25 34
47 19
11 23
26 40
9 40
29 18
22 10
6 42
12 5
3 35
5 7
2 25
5 20
42 46
11 9
17 40
47 12
8 10
6 47
1 33
32 46
2 7
5 10
3 26
41 15
32 16
1 3
14 36
23 12
10 49
28 40
14 16
39 49
33 11
3 25
47 13
21 2
19 41
33 13
26 27
24 10
30 30
47 43
29 40
36 25
5 40
24 7
45 24
8 48
26 20
13 35
24 16
33 16
14 5
23 8
15 24
21 35
31 39
26 25
25 22
46 25
48 34
6 1
40 47
13 44
36 39
44 44
45 26
13 33
39 20
1 2
24 48
39 22
6 41
12 23
5 38
2 21
43 47
30 6
38 14
17 35
41 6
9 11
15 38
7 27
13 27
23 42
46 29
42 14
34 36
29 41
13 10
48 36
10 9
33 43
26 18
41 30
45 35
2 8
13 41
21 27
37 26
47 38
24 18
43 39
18 19
38 20
40 41
28 36
36 29
39 32
43 34
46 43
7 20
31 45
37 20
10 45
17 1
8 15
10 8
24 17
10 0
33 42
10 13
2 4
7 31
15 27
29 19
3 2
15 37
20 7
42 49
17 42
13 34
35 37
25 44
29 16
29 32
7 44
27 2
12 8
23 43
27 31
45 16
41 39
40 28
9 25
1 31
3 28
22 49
26 30
15 10
39 38
33 34
10 35
22 48
44 39
10 17
11 8
34 48
36 20
21 13
46 44
26 1
36 45
6 33
10 21
9 31
42 22
13 30
23 5
18 46
37 36
15 22
11 29
31 26
14 44
17 18
27 37
30 19
7 49
12 32
15 25
11 30
32 19
18 11
43 22
11 14
3 23
3 6
19 33
21 32
22 6
16 42
26 41
41 36
1 17
12 31
23 21
28 42
48 35
24 3
4 38
14 2
28 39
13 14
3 34
22 1
29 1
17 28
10 15
42 11
29 17
39 30
2 32
24 33
27 24
48 20
17 32
1 49
27 45
3 27
18 45
2 38
14 14
35 47
36 13
25 45
8 46
9 10
40 24
8 16
42 48
39 13
21 36
18 47
3 47
15 20
42 25
27 48
5 21
39 27
7 4
7 1
12 9
6 6
20 9
12 44
40 20
12 17
34 21
8 27
22 46
18 36
48 26
6 25
38 21
30 0
18 32
5 19
16 13
40 13
2 19
12 15
46 17
26 6
4 37
12 40
4 36
27 46
18 10
43 35
21 20
19 23
44 29
9 24
25 4
42 17
20 16
37 29
7 42
31 14
9 20
16 16
34 41
21 19
13 25
8 8
5 1
19 13
39 42
41 10
40 10
48 37
30 38
7 39
4 28
9 21
34 40
16 25
15 13
21 11
45 29
45 12
30 21
27 39
43 43
12 21
15 28
34 15
29 44
11 39
20 39
26 49
8 14
46 42
30 37
30 23
42 44
7 9
19 1
20 19
2 41
20 24
23 22
41 11
9 47
27 42
29 14
34 45
26 35
42 45
28 15
3 32
17 14
26 15
16 46
33 41
1 23
33 26
36 43
25 38
40 34
8 36
21 9
13 9
42 18
23 2
14 7
46 22
24 26
48 9
12 3
47 25
20 37
32 32
14 39
6 21
8 2
5 17
3 31
36 49
17 21
4 22
6 19
48 43
3 45
12 7
43 28
20 4
45 11
48 13
23 24
31 35
4 15
40 25
27 4
28 1
5 15
47 7
42 21
30 39
36 37
14 43
10 3
20 18
27 43
27 21
46 14
41 43
40 30
41 16
17 19
6 49
47 20
3 9
29 22
41 20
46 47
10 11
27 29
9 5
9 42
45 28
7 34
3 22
19 29
32 37
44 9
34 35
13 40
3 8
46 18
11 2
8 49
36 19
28 17
27 40
33 21
32 27
15 7
3 19
2 10
33 31
38 35
11 16
21 17
1 13
27 7
22 0
17 17
26 4
42 33
12 20
21 37
12 26
11 19
6 22
9 28
44 11
25 13
30 48
39 47
20 10
35 25
22 34
36 48
7 38
9 6
14 25
42 7
27 23
11 4
35 24
42 43
19 12
3 46
15 21
8 34
47 29
9 45
4 27
33 14
3 3
15 12
21 10
25 19
39 34
40 29
25 12
5 39
16 14
18 0
35 22
34 29
34 20
32 25
24 43
42 34
32 17
17 29
12 0
2 47
16 38
27 17
23 19
12 4
17 0
23 29
24 4
41 23
39 11
7 3
10 33
22 15
20 6
21 1
16 17
4 2
9 48
21 3
4 0
29 47
5 46
7 46
13 15
26 22
15 35
43 25
23 17
6 45
34 24
37 47
6 34
13 0
15 5
16 33
8 38
34 43
7 18
1 43
43 17
7 14
20 49
2 0
1 12
1 19
38 11
35 34
1 14
3 15
18 6
14 9
14 1
16 40
12 2
1 29
28 28
24 44
8 4
30 24
47 30
37 30
21 33
14 0
33 19
28 34
44 40
43 24
44 27
12 48
14 46
44 30
25 33
20 46
41 24
28 19
22 40
32 22
6 32
46 21
17 45
8 30
3 4
42 47
22 45
19 45
8 28
40 37
18 18
16 43
46 26
39 18
40 14
21 44
10 10
44 23
17 10
5 23
19 32
2 26
19 4
22 4
33 35
25 48
44 20
23 3
23 46
33 49
47 49
16 10
9 29
26 12
28 33
8 37
10 43
31 22
32 34
16 22
10 46
8 32
1 36
20 25
28 14
11 25
27 0
1 6
28 32
6 40
33 47
19 28
48 16
29 20
5 0
40 39
3 49
27 26
45 41
24 20
43 48
10 24
42 8
23 37
23 26
28 24
24 35
7 21
31 27
13 45
30 13
6 37
5 45
31 12
43 42
45 10
21 21
9 1
8 45
20 17
36 46
6 0
31 20
48 6
22 22
16 45
14 32
7 7
2 49
45 22
14 45
3 30
19 30
27 3
1 32
46 35
10 7
43 32
12 18
39 16
23 34
45 33
33 15
15 8
41 22
3 0
18 42
4 12
13 22
43 44
24 38
1 35
3 29
8 22
24 25
43 46
13 3
39 41
17 4
48 12
33 23
13 16
6 35
13 8
16 4
12 41
26 38
17 20
23 20
5 4
47 15
20 48
2 15
39 17
34 25
38 38
47 37
15 1
5 43
46 38
6 23
22 14
20 47
4 3
14 13
32 24
4 33
48 17
18 43
46 15
31 28
19 34
15 3
9 27
5 31
12 14
2 48
28 22
22 12
14 11
48 38
10 44
45 31
23 49
11 18
5 34
37 42
27 25
29 15
33 20
43 13
39 39
3 40
37 43
11 11
39 36
44 24
24 9
36 24
8 23
7 15
44 35
26 2
23 35
39 26
37 13
23 41
38 28
12 10
20 34
14 21
22 26
40 44
19 36
2 16
20 41
37 25
8 35
30 29
45 47
26 45
20 38
45 27
12 43
13 38
15 11
26 42
33 48
38 25
34 44
32 26
31 19
27 49
32 43
5 47
16 5
40 33
28 43
39 15
1 9
41 28
14 40
17 37
36 26
37 18
32 36
23 11
37 23
38 29
20 14
37 49
12 13
30 28
23 15
14 8
44 34
43 19
39 44
40 31
11 20
13 1
41 14
26 5
20 23
34 18
43 37
5 33
45 6
15 40
38 31
43 38
21 23
13 29
3 11
20 27
18 44
6 3
11 6
22 24
35 44
20 29
11 24
37 48
23 7
21 30
22 13
7 30
26 14
38 32
30 25
9 18
17 7
41 40
6 16
4 40
35 15
33 45
42 27
41 26
16 18
17 5
16 11
22 25
45 45
25 27
5 16
6 44
20 8
47 34
47 40
45 13
44 14
2 33
13 39
6 30
8 13
4 39
45 40
41 38
15 36
39 25
9 15
9 4
30 41
40 16
40 12
24 47
19 6
18 38
11 38
5 8
40 38
4 25
8 11
19 42
33 39
26 26
42 6
20 40
33 22
46 28
39 43
44 38
25 17
22 16
21 6
22 42
46 8
8 7
13 17
11 37
44 10
33 38
32 30
16 15
39 35
13 11
31 17
26 37
22 19
32 49
17 49
11 0
44 25
15 4
44 16
41 34
26 3
14 15
19 27
7 16
16 31
29 35
46 32
21 38
18 12
19 49
44 49
14 28
46 36
36 35
19 40
2 14
24 0
2 20
32 41
27 19
41 33
33 17
38 42
22 21
20 0
28 49
5 32
19 24
46 27
41 17
21 47
36 16
30 45
14 19
10 31
47 28
32 39
44 22
14 48
16 2
32 44
29 49
25 2
27 14
23 30
14 20
13 31
15 42
46 9
21 8
36 34
40 43
6 18
1 18
8 20
31 49
42 24
31 15
43 49
23 1
18 16
44 48
31 21
14 33
35 20
9 3
16 29
35 40
16 7
14 18
46 11
46 31
2 45
9 17
4 30
1 5
17 30
38 22
11 12
16 44
22 17
27 30
41 18
17 34
37 21
4 20
27 44
25 40
5 12
40 45
13 47
9 32
16 28
11 31
26 19
24 41
11 32
18 31
24 23
47 44
10 18
11 47
28 4
26 47
13 4
36 15
5 44
24 19
40 21
44 17
2 9
48 48
9 35
48 21
5 9
22 37
7 12
32 18
13 26
19 11
18 41
27 16
7 29
9 39
29 31
4 46
39 37
25 26
46 20
16 27
28 16
32 31
48 30
36 17
10 6
27 22
47 23
35 31
15 26
46 37
9 19
41 27
14 4
10 40
22 39
18 29
12 46
16 49
20 33
14 24
7 43
15 45
21 46
39 23
47 21
7 25
22 43
41 31
33 29
27 47
37 16
7 37
19 31
31 30
24 37
25 32
15 9
29 28
24 24
2 39
20 26
13 13
34 47
45 46
35 28
