50 50 2000
39 1
40 1
38 1
38 2
37 2
39 2
37 1
41 1
41 2
42 2
42 1
43 1
43 2
42 3
42 4
42 5
41 5
41 4
40 4
40 5
41 3
40 3
41 6
43 5
44 5
44 4
43 4
43 6
43 7
43 8
42 6
41 7
41 8
40 8
40 7
40 6
39 6
39 8
40 9
39 7
38 7
37 7
38 8
38 9
38 10
38 11
39 10
39 11
40 11
40 12
40 10
39 12
41 12
41 11
39 13
40 13
41 13
40 14
39 14
38 14
38 15
40 15
40 16
40 17
39 17
38 17
37 17
37 18
37 19
37 20
36 18
36 20
36 21
37 21
38 21
38 22
38 23
39 23
39 24
39 22
39 21
37 22
37 23
37 24
36 23
36 22
38 20
38 19
38 18
38 16
39 18
39 19
36 17
35 17
34 17
34 18
34 19
34 20
35 20
35 21
34 21
33 19
33 18
33 17
32 17
35 16
34 16
34 15
34 14
33 15
33 16
31 17
31 18
30 18
30 17
29 18
29 17
28 17
28 16
28 15
29 16
27 16
27 15
26 15
26 16
27 17
30 19
29 19
29 20
29 21
30 20
28 19
27 19
26 19
26 18
26 20
27 20
25 19
24 19
24 18
23 19
22 19
22 20
21 20
20 20
19 20
18 20
17 20
17 21
17 22
18 21
19 21
19 19
18 19
18 18
16 20
15 20
15 19
16 19
16 18
16 17
17 17
18 17
19 17
19 18
16 16
15 16
17 16
20 17
20 18
20 19
17 19
17 23
17 24
18 24
18 25
16 23
15 23
15 24
16 24
16 25
16 26
17 25
15 25
15 26
14 26
13 26
13 25
12 26
12 27
13 27
13 28
13 24
12 24
11 24
14 24
18 23
15 22
18 22
19 22
19 23
18 26
17 26
19 24
19 25
17 27
18 27
18 28
19 28
19 29
18 29
17 28
16 28
16 27
16 29
17 29
15 28
15 29
15 30
15 31
14 31
14 32
13 32
13 31
12 31
12 32
13 33
12 33
11 33
14 33
14 34
13 34
12 34
11 34
10 34
10 35
9 35
10 36
9 36
8 36
8 35
7 35
7 36
6 35
6 36
7 34
5 35
4 35
4 36
3 36
3 35
3 34
4 34
5 34
6 34
5 36
5 37
6 37
6 38
7 38
6 39
6 40
6 41
5 41
4 41
3 41
2 41
3 42
3 43
4 43
2 43
2 44
3 44
4 42
5 42
5 43
6 42
2 42
1 42
1 43
1 44
2 45
3 45
4 45
4 44
5 44
6 44
7 44
7 45
6 45
5 45
5 46
4 46
3 46
2 46
1 46
2 47
1 47
3 47
1 45
3 40
2 40
1 41
1 40
6 43
4 40
4 39
3 39
2 39
7 41
7 40
7 39
5 39
3 38
3 37
2 38
1 39
4 47
5 47
5 48
4 48
6 47
6 46
7 46
1 48
1 49
2 49
3 49
2 48
4 49
3 48
5 49
6 49
6 48
5 38
4 38
4 37
2 35
2 36
1 35
1 34
2 34
3 33
2 33
3 32
3 31
4 31
2 31
1 31
2 30
3 30
4 30
4 32
4 33
5 33
8 34
9 34
9 37
10 37
8 37
8 33
9 33
10 33
11 32
11 31
16 31
16 32
15 32
15 33
16 33
15 34
11 30
10 31
9 31
9 32
10 32
9 30
10 30
10 29
9 29
8 30
8 31
8 29
11 29
12 29
12 30
13 30
14 30
14 35
14 36
15 36
16 36
15 37
14 37
14 38
15 38
14 39
13 39
13 40
12 40
12 39
12 41
14 40
14 41
15 41
15 40
13 37
16 37
17 37
17 38
13 38
12 38
11 38
10 38
7 37
8 38
9 38
7 33
8 32
7 32
6 32
6 33
5 32
2 32
1 38
1 37
1 36
5 40
7 31
6 31
5 31
5 30
4 29
5 29
5 28
5 27
5 26
5 25
5 24
5 23
4 23
3 23
3 22
3 21
4 21
5 21
5 22
6 22
6 21
4 22
7 22
8 22
9 22
9 23
8 23
7 23
3 24
3 25
4 25
6 25
7 25
8 25
6 26
7 26
8 26
4 26
6 27
3 26
4 27
3 27
2 27
2 28
2 29
1 28
1 29
1 27
3 29
4 28
7 43
7 48
8 48
8 49
9 49
10 49
11 49
12 49
11 48
11 47
12 48
13 48
13 47
14 47
15 47
13 46
13 45
12 45
14 45
14 46
14 48
14 44
15 44
16 44
17 44
17 43
18 43
18 42
17 42
16 42
17 41
17 40
17 39
18 39
18 38
18 37
18 40
19 40
20 40
21 40
20 41
19 41
19 42
19 43
20 43
19 44
20 44
20 45
20 46
20 47
21 47
22 47
22 46
22 45
22 44
21 44
21 46
23 47
23 46
20 48
21 48
19 47
19 48
18 47
18 46
17 46
16 46
17 47
16 47
15 46
15 48
16 48
14 49
15 49
16 49
17 48
17 45
16 43
20 42
21 42
21 43
21 45
18 44
18 45
18 48
18 49
17 49
13 49
12 47
10 48
10 47
10 46
10 45
9 45
9 44
8 44
10 44
10 43
9 43
8 43
8 42
9 42
10 42
11 45
11 46
11 44
12 44
12 43
13 43
13 44
15 45
12 46
22 48
22 49
23 49
24 49
21 49
20 49
19 46
19 49
16 45
19 45
29 15
3 8
39 43
45 45
32 32
8 2
8 45
28 4
21 30
27 45
17 12
46 7
39 49
28 20
11 40
17 31
9 46
27 2
47 19
23 36
47 5
44 32
38 33
33 0
23 28
20 12
32 39
27 6
42 10
28 13
6 19
35 32
41 43
24 36
27 24
11 0
48 15
27 7
24 37
27 41
17 11
19 37
12 15
47 10
9 14
31 47
26 22
27 43
19 3
22 32
32 25
24 21
6 5
45 3
5 10
24 25
10 22
4 6
16 14
30 46
24 24
30 15
3 28
25 39
34 42
20 14
40 44
8 4
29 24
35 28
38 44
33 2
33 46
45 10
28 47
36 41
35 13
22 11
43 10
26 11
31 25
23 44
2 0
9 11
24 8
44 46
21 37
44 2
41 28
1 32
6 23
13 19
18 41
33 9
11 21
31 16
8 19
42 15
42 25
44 18
26 32
8 20
36 46
43 21
19 7
35 24
35 41
14 18
30 49
7 29
47 45
14 4
27 3
9 12
30 5
4 11
4 15
20 30
48 11
25 41
30 27
48 30
9 24
7 28
47 8
1 8
36 25
35 3
1 22
20 11
20 7
13 16
3 20
1 11
22 4
37 28
35 30
46 45
44 9
34 7
24 4
12 16
24 26
42 27
37 45
1 13
16 21
36 39
41 19
35 42
8 39
26 9
44 0
27 30
34 27
42 23
14 9
10 15
32 30
16 3
36 4
41 37
31 7
42 44
13 8
47 3
15 8
30 9
12 3
23 14
48 25
21 1
12 4
47 18
34 25
43 48
22 36
39 16
27 48
40 33
47 20
30 11
37 27
13 2
11 35
46 24
20 37
43 40
28 31
7 19
47 6
14 8
25 24
47 13
36 33
27 12
9 4
7 11
34 40
30 39
32 6
4 17
19 33
44 41
1 24
26 1
33 44
48 36
25 35
41 40
33 41
24 0
4 1
35 40
34 8
13 42
44 10
19 4
27 40
36 40
9 10
42 46
7 17
9 40
14 29
14 7
46 31
19 31
11 19
44 21
29 34
33 24
41 15
20 28
44 25
7 10
7 21
42 37
38 46
39 37
23 33
6 28
16 12
44 16
25 20
45 49
7 0
39 44
36 43
2 3
12 28
23 29
10 3
42 20
19 11
15 14
23 7
26 17
27 14
5 15
47 32
20 29
45 1
37 46
16 22
5 5
27 36
32 27
38 30
11 23
36 27
29 14
39 0
39 32
18 7
11 5
44 36
6 4
5 6
33 14
22 43
40 38
35 8
9 1
16 9
42 0
46 1
26 39
33 11
5 11
43 17
18 12
37 4
33 10
42 16
38 39
36 38
19 12
32 15
11 4
36 30
1 19
31 14
23 41
20 8
43 22
7 8
38 48
43 18
25 12
40 30
45 15
23 15
43 36
38 49
13 10
46 40
14 15
33 47
27 47
23 40
17 0
30 38
1 26
26 24
37 6
21 25
38 4
44 44
14 19
8 9
23 20
47 40
27 21
43 37
16 34
31 39
46 15
41 30
35 45
5 4
46 13
7 2
45 2
6 16
26 26
40 24
12 10
35 19
14 25
10 2
38 6
30 43
41 21
30 32
20 3
15 18
30 41
37 30
42 17
35 36
29 32
46 36
48 5
43 49
22 8
9 47
3 5
32 19
25 5
46 33
13 12
17 14
22 9
30 44
28 12
9 0
23 10
40 41
19 9
5 2
29 40
45 34
30 36
35 31
23 17
23 6
37 29
38 29
34 44
13 15
46 37
11 37
35 0
31 13
20 13
35 2
16 41
47 43
29 33
16 35
31 24
20 36
17 1
13 23
32 9
8 13
21 11
36 35
41 47
17 2
9 8
18 36
34 24
11 10
24 9
20 25
22 12
11 20
25 48
27 44
13 0
28 6
15 3
3 17
24 15
17 30
18 5
28 41
33 42
20 22
20 23
44 30
4 18
19 5
46 2
25 10
21 32
25 47
23 0
47 48
24 41
45 31
2 24
21 19
46 48
36 34
43 46
16 40
35 4
45 25
33 36
9 26
40 22
26 41
24 32
42 22
44 47
38 25
18 3
3 12
28 22
5 12
31 9
36 19
28 42
33 26
22 26
16 38
14 5
30 47
33 32
26 23
2 15
40 23
48 9
23 37
18 30
26 44
36 32
25 37
7 16
43 29
34 5
31 10
9 48
45 19
46 39
3 10
36 3
36 12
44 34
25 44
32 33
45 14
29 47
8 5
5 19
32 4
41 38
44 45
38 43
23 4
42 8
5 8
42 11
44 15
45 8
41 24
15 39
36 8
2 4
32 11
44 13
34 28
31 1
40 39
11 3
8 24
29 7
3 3
32 31
33 40
10 10
41 48
2 8
46 19
15 35
46 5
30 10
24 11
31 3
9 6
34 47
4 0
40 43
47 37
33 33
18 4
29 1
32 5
3 11
27 0
18 32
20 39
9 2
2 25
34 45
3 1
44 48
16 11
39 3
30 34
38 32
12 9
10 25
44 6
1 1
24 44
28 25
48 39
31 44
27 32
33 25
44 20
36 11
24 5
21 18
26 8
43 33
14 14
22 39
46 16
38 3
44 38
44 43
25 16
21 4
26 30
26 21
46 35
37 32
42 41
26 12
47 9
12 22
13 4
17 35
47 11
24 6
21 33
47 30
31 22
43 0
33 1
16 1
38 27
21 35
8 7
12 11
32 40
47 4
40 46
9 13
40 35
22 10
21 0
31 0
42 14
15 7
44 42
29 12
35 29
48 40
6 0
47 1
47 29
28 18
46 47
10 9
31 46
26 47
46 44
28 11
23 16
45 5
16 4
27 1
9 3
7 14
8 10
10 20
18 15
2 10
12 17
39 39
41 25
43 24
38 0
35 12
30 1
8 0
46 11
29 11
29 46
45 41
39 20
35 39
15 27
3 9
30 3
28 10
45 23
13 18
42 26
15 5
28 23
11 17
7 7
24 16
18 33
38 34
43 11
21 13
17 8
31 27
41 45
12 6
15 4
31 12
13 5
35 44
30 23
36 49
46 41
46 17
7 18
10 39
24 2
11 6
7 12
11 25
24 12
4 12
46 28
6 24
1 4
29 13
29 2
35 5
19 26
33 38
30 29
21 12
1 30
25 3
30 37
5 9
33 49
15 10
15 17
17 36
47 33
48 4
23 23
40 0
26 35
24 3
37 12
14 20
26 45
25 22
4 20
46 4
39 31
22 0
28 39
32 21
46 14
33 5
26 5
25 32
16 10
2 37
35 22
22 31
45 43
24 31
21 2
24 17
6 20
8 46
37 36
48 49
8 15
22 42
32 10
24 48
15 43
32 20
28 26
23 48
33 43
23 26
32 36
42 7
37 38
39 40
11 12
9 41
7 30
41 44
26 4
7 15
16 15
18 6
26 40
48 41
48 34
17 5
5 1
8 27
36 42
48 3
15 12
46 12
6 18
42 13
29 9
37 33
7 13
20 32
41 31
46 8
33 35
26 38
28 3
41 33
28 7
4 3
32 28
11 27
44 1
27 38
9 25
26 37
35 48
14 17
42 36
27 23
40 19
21 26
36 29
46 0
23 27
19 1
31 33
39 42
30 42
2 13
44 37
2 2
22 22
1 16
47 21
39 28
25 21
6 29
48 42
37 40
29 42
23 1
25 28
46 32
24 43
42 48
2 26
3 7
47 41
40 49
9 28
1 23
8 8
15 42
43 27
15 13
41 35
27 22
8 18
36 37
32 1
14 2
34 9
31 48
22 15
25 36
24 47
31 29
1 3
42 47
1 17
35 46
41 49
25 23
23 13
26 10
31 6
14 0
43 19
23 31
9 21
35 43
40 42
40 28
44 35
25 42
21 8
25 1
21 39
7 24
32 48
14 28
3 15
24 10
48 2
11 43
47 36
33 21
2 1
36 0
34 43
40 20
20 15
26 31
29 45
17 18
30 14
48 27
29 43
7 5
8 21
32 26
10 11
18 2
19 39
22 28
29 37
46 27
21 21
24 35
39 30
25 17
45 6
45 35
25 2
39 29
32 42
43 25
3 4
28 2
46 25
32 7
41 46
26 3
14 12
7 47
15 15
30 13
35 10
1 15
15 21
45 33
30 22
30 21
28 8
9 15
48 1
16 39
34 2
24 1
13 21
11 2
43 16
35 1
48 16
45 18
13 35
2 7
48 32
47 49
26 6
42 35
48 28
18 8
45 26
10 8
48 31
35 9
40 48
10 21
30 4
33 28
37 47
37 0
45 29
9 19
28 1
47 26
13 17
23 24
33 8
23 18
19 0
40 40
38 40
3 6
1 14
22 41
44 17
10 14
37 5
46 43
23 8
43 28
47 31
24 7
3 19
40 31
27 39
5 0
39 25
43 39
36 48
6 10
43 41
37 39
46 29
43 45
34 22
42 33
21 9
42 21
4 8
19 30
47 46
34 39
40 29
44 31
10 0
13 11
23 22
21 15
33 39
23 43
27 31
32 22
28 33
37 37
31 45
48 26
15 9
11 7
39 4
38 38
36 10
47 38
23 21
14 6
37 41
48 44
48 14
13 41
19 14
21 7
48 24
12 5
4 13
8 12
11 18
27 33
22 34
3 16
1 6
8 28
30 35
15 2
47 17
44 28
18 0
30 25
29 26
48 12
43 3
42 45
45 9
14 23
48 47
27 18
25 18
47 44
46 10
33 3
4 19
36 47
24 46
22 17
12 12
29 35
21 41
14 43
40 37
28 21
23 39
14 10
37 13
32 46
17 15
25 15
31 26
14 27
48 22
32 24
20 35
24 33
43 12
2 6
24 13
21 6
34 13
22 37
28 32
20 10
47 7
27 11
43 20
47 0
26 27
46 21
28 30
30 16
23 2
6 2
20 1
37 43
20 5
20 0
22 38
28 27
42 31
48 33
36 16
43 15
25 4
26 42
24 38
28 44
9 17
18 11
14 11
19 32
22 2
35 15
48 23
14 1
29 30
44 11
21 27
36 36
33 27
28 28
47 42
31 11
25 14
45 22
5 18
20 38
43 13
41 17
41 18
4 9
30 0
36 28
47 25
28 9
25 34
6 13
48 45
36 44
40 18
29 23
11 41
24 14
28 36
32 18
19 8
31 31
1 10
24 23
5 7
20 2
41 9
25 43
41 22
13 6
42 29
18 31
31 30
42 34
8 14
23 35
41 42
20 27
3 13
34 48
2 17
5 14
21 24
26 25
46 34
25 31
1 0
48 7
45 17
19 38
6 1
18 16
27 13
41 23
25 6
33 13
29 38
2 23
27 34
16 13
16 30
10 24
10 17
24 40
41 20
34 23
19 10
20 33
40 2
22 25
31 35
45 40
41 39
35 18
43 14
27 35
17 9
22 27
21 38
34 11
48 37
32 43
46 6
37 49
31 49
35 23
30 40
23 42
48 21
2 21
35 34
31 23
33 7
37 42
1 18
22 24
7 42
28 35
11 15
8 47
20 4
19 35
12 13
44 40
26 2
12 42
36 14
30 48
37 34
36 13
20 24
34 41
24 28
10 16
37 14
21 10
14 16
45 36
31 28
45 21
28 46
2 22
2 5
25 13
2 14
2 12
48 17
25 33
36 26
15 0
22 16
27 29
41 36
45 7
44 24
18 35
7 49
1 12
36 15
44 27
15 6
38 45
35 35
40 27
42 43
11 36
29 31
23 34
45 32
12 37
38 36
39 9
9 5
7 27
6 17
32 0
12 19
13 3
22 6
45 13
21 36
33 4
23 38
31 43
26 46
38 5
12 35
41 29
22 30
16 7
39 33
39 47
6 8
45 42
32 44
12 2
29 6
25 45
24 45
37 26
42 24
33 34
32 3
43 44
19 2
20 6
44 3
45 24
29 36
24 22
42 32
31 20
48 0
5 20
9 39
29 3
28 29
46 46
42 30
7 3
28 14
5 16
1 25
25 40
47 14
30 28
10 26
13 14
21 17
13 29
12 23
37 15
39 27
19 36
23 25
46 20
22 21
21 28
28 0
17 3
36 24
30 26
28 43
11 42
46 42
8 11
39 34
31 5
39 35
39 26
44 29
27 25
46 49
26 33
10 7
25 29
46 23
1 9
32 23
8 6
36 45
14 21
34 38
2 19
47 35
44 33
45 46
38 26
31 38
21 29
36 31
34 33
37 16
34 4
21 3
45 37
13 20
38 47
33 6
38 13
47 16
29 49
27 4
28 5
36 2
40 32
29 44
41 14
28 40
21 14
47 2
13 36
31 4
32 34
33 22
15 11
26 48
12 18
31 37
43 32
39 36
35 49
3 2
43 42
12 25
10 4
