50 50 2000
43 34
43 35
42 35
42 36
43 33
44 33
45 33
42 33
41 33
42 32
43 32
44 32
45 32
46 33
46 34
47 34
47 33
46 35
46 36
46 37
45 37
44 37
43 37
43 36
44 36
44 35
44 34
45 34
42 34
42 37
47 36
48 36
47 37
45 35
45 36
45 31
46 31
46 30
47 30
47 29
48 29
48 30
47 31
47 32
48 34
48 33
48 32
48 31
46 32
44 31
43 31
41 32
40 33
40 34
40 35
40 36
40 37
39 37
39 36
38 36
37 36
37 37
37 35
36 35
35 35
35 36
36 34
38 35
36 36
38 34
38 33
38 32
37 33
37 32
36 32
36 33
37 34
39 33
39 32
39 31
38 31
40 32
39 34
41 34
40 31
41 31
41 30
40 30
39 30
38 30
38 29
39 29
39 28
40 28
41 28
41 29
42 29
42 30
42 31
39 35
38 37
36 37
36 38
37 38
35 38
36 39
37 39
38 39
35 37
41 37
42 38
41 38
42 39
42 40
42 41
41 41
40 41
40 42
41 42
41 43
39 41
40 40
42 42
40 43
42 43
43 41
43 42
44 42
44 43
43 43
44 44
43 44
44 45
45 45
45 44
45 43
45 42
46 42
46 43
45 41
45 40
46 40
46 41
47 41
47 40
47 39
46 39
45 39
44 39
44 38
47 38
46 38
48 38
48 39
48 40
48 37
48 35
47 35
43 38
41 36
41 35
43 39
43 40
41 40
39 42
38 42
37 42
38 43
37 43
36 43
36 42
36 41
37 41
37 44
37 45
38 44
39 44
39 45
39 46
40 46
40 47
40 48
40 49
39 49
38 49
39 48
41 48
41 47
42 47
41 46
38 45
39 43
44 41
46 44
46 45
47 45
47 46
48 46
46 46
47 47
48 47
47 48
48 48
47 49
48 45
47 44
48 44
42 44
41 44
41 45
40 44
40 45
42 45
43 45
43 46
42 46
42 48
43 47
44 46
44 47
45 46
43 48
44 48
45 48
44 49
43 49
46 48
46 47
45 47
45 49
46 49
39 47
48 49
47 43
40 39
44 40
47 42
42 49
48 43
48 42
48 41
41 39
45 38
44 30
45 30
45 29
45 28
46 28
46 27
47 27
46 26
46 25
45 26
45 27
47 28
48 28
46 29
48 27
48 26
47 26
39 27
39 26
40 27
40 26
40 25
41 26
42 26
42 27
41 25
41 24
41 23
41 27
38 28
37 31
36 31
37 30
37 29
35 31
38 27
37 27
36 27
36 28
35 28
35 27
34 27
36 26
37 26
38 26
39 25
38 25
38 24
37 25
37 24
37 23
37 22
36 23
36 24
36 22
38 22
38 21
38 23
35 24
35 23
35 22
37 21
36 21
36 20
35 20
35 21
34 21
33 21
34 20
37 20
38 20
39 20
39 21
39 22
40 22
41 22
40 21
39 23
39 24
42 22
40 20
40 23
40 24
42 24
42 25
43 24
43 23
42 23
43 25
44 24
45 24
45 25
45 23
46 23
46 24
47 23
47 24
48 24
47 25
48 25
47 22
46 22
47 21
47 20
46 21
46 20
48 20
45 22
45 21
46 19
45 19
47 19
48 19
48 18
48 17
48 16
48 15
47 16
47 17
48 21
48 22
48 23
46 18
45 20
44 21
44 22
43 22
44 23
44 26
43 26
37 28
40 29
35 39
34 38
34 39
34 40
33 39
33 40
33 41
33 42
33 43
33 44
32 44
31 44
31 45
32 45
30 45
30 46
29 46
28 46
27 46
27 47
26 46
26 45
26 44
25 45
25 44
24 45
23 45
24 46
25 46
25 47
26 47
26 48
26 49
25 49
24 49
23 49
24 48
24 47
24 44
25 43
25 42
25 41
26 41
26 40
26 39
25 39
27 39
28 39
28 38
28 37
29 37
28 36
28 35
29 35
28 34
28 33
28 32
27 33
27 32
26 33
25 33
25 32
26 32
26 31
27 31
29 33
30 33
30 32
29 32
31 32
31 33
31 31
32 32
33 32
32 33
32 31
34 32
35 32
34 31
33 31
34 30
34 33
36 30
35 30
36 29
35 29
34 29
34 28
34 24
33 24
33 25
33 26
32 25
32 26
34 26
35 26
34 25
35 25
36 25
31 34
31 35
32 34
33 34
33 35
34 35
34 36
33 36
34 37
33 38
32 38
32 39
31 39
31 38
30 38
29 38
29 39
30 39
30 37
31 37
30 36
29 36
27 37
30 35
31 36
27 34
26 34
26 35
27 35
27 36
26 37
26 36
26 38
27 38
28 40
27 40
25 40
26 42
27 41
29 40
29 34
30 34
24 32
24 33
23 32
23 31
23 30
22 30
22 29
21 29
21 30
20 30
20 29
19 29
19 28
19 30
19 31
20 31
18 31
18 32
18 33
19 33
19 34
20 34
20 33
21 33
21 32
22 33
22 34
23 33
23 34
23 35
22 35
21 35
23 36
24 36
25 36
25 35
25 34
24 34
24 35
24 37
22 36
21 36
21 37
20 37
20 38
19 37
18 37
18 38
18 36
18 35
17 36
17 37
17 38
17 39
17 40
16 39
16 40
16 41
17 41
18 41
19 41
20 41
20 42
20 43
21 42
21 43
21 41
22 41
23 41
24 41
23 42
22 40
21 40
21 39
20 39
21 38
22 39
23 40
23 39
23 38
23 37
24 38
25 38
25 37
24 39
27 42
27 43
28 41
30 40
31 40
31 41
32 41
32 40
34 41
34 42
32 42
32 43
31 43
30 43
30 44
34 44
33 45
34 45
33 46
33 47
34 47
32 47
31 47
31 48
32 48
32 49
31 46
30 47
30 48
29 48
29 47
28 47
23 44
23 43
24 43
22 43
24 42
21 44
20 44
22 44
21 45
26 43
32 35
32 36
29 31
29 30
30 30
28 30
27 30
25 31
25 30
26 30
28 31
30 31
32 30
32 29
31 29
31 28
31 27
31 26
31 25
31 24
30 24
30 25
30 26
30 27
29 27
28 27
31 23
31 22
30 22
32 22
33 22
33 23
32 23
32 24
34 22
34 23
33 20
32 20
32 21
31 21
31 20
30 20
30 19
29 19
29 18
28 18
27 18
26 18
26 17
27 17
28 17
27 19
27 20
28 20
29 20
29 21
30 21
28 19
28 21
28 22
28 23
28 24
27 24
27 23
26 23
26 22
26 21
27 21
27 22
29 17
29 16
25 18
25 17
24 17
24 16
24 15
23 15
22 15
22 16
21 16
21 17
20 16
19 16
19 15
19 14
20 14
20 15
20 13
19 13
19 12
18 12
18 13
18 14
17 13
17 12
17 11
18 11
19 11
20 12
21 12
21 11
20 11
18 15
17 14
16 14
15 14
15 13
15 12
14 12
14 13
13 13
13 12
13 11
12 12
12 11
11 11
10 11
10 12
10 10
9 10
9 9
8 9
7 9
7 10
7 11
6 11
8 11
8 10
5 11
5 12
6 12
6 13
7 13
7 12
5 13
10 9
10 8
9 11
11 10
12 10
12 9
11 9
11 8
12 8
12 7
12 6
12 5
11 5
11 6
12 4
12 3
11 3
11 2
11 1
11 0
12 0
13 0
13 1
14 0
15 0
14 1
15 1
12 1
12 2
13 2
10 2
10 3
10 1
10 0
9 0
8 0
7 0
7 1
10 4
9 4
8 4
8 5
8 3
9 3
7 3
8 2
9 2
10 5
10 6
9 6
10 7
9 7
9 8
13 6
11 7
11 4
14 2
14 3
15 3
15 2
16 2
17 2
17 3
16 3
14 4
15 4
16 4
17 4
17 5
17 6
17 7
16 7
16 6
15 6
14 6
15 5
16 1
16 5
18 5
19 5
19 4
18 6
19 6
19 7
20 7
20 6
20 5
20 4
21 4
22 4
23 4
24 4
24 3
24 2
23 3
25 4
25 3
23 5
23 6
22 6
22 5
21 5
20 3
21 3
22 3
25 2
25 1
26 1
27 1
27 2
28 2
29 2
30 2
30 3
31 3
31 2
32 3
33 3
33 2
34 2
34 1
35 1
35 2
35 3
35 4
35 5
34 5
34 4
36 4
36 5
37 5
38 5
38 4
37 4
36 6
37 6
38 6
35 6
34 6
34 7
33 7
33 6
33 5
36 7
37 7
37 8
38 7
35 7
34 8
33 8
32 8
32 9
32 10
31 10
31 11
30 11
30 10
30 9
31 9
33 9
32 6
32 5
35 8
35 9
34 9
34 10
33 10
33 11
31 12
30 12
30 13
31 13
31 14
29 12
30 14
29 14
28 14
27 14
28 15
28 16
29 15
30 15
29 13
29 11
32 11
30 8
29 8
28 8
28 9
28 7
28 6
27 6
26 6
26 7
26 8
26 9
25 9
24 9
23 9
23 10
23 11
24 11
25 11
25 12
24 12
24 13
23 13
23 14
22 14
22 13
21 13
21 14
18 10
18 9
17 9
17 8
18 8
18 7
13 4
13 5
14 5
15 7
15 8
14 8
14 7
13 3
15 9
15 10
16 10
16 9
16 8
14 9
14 10
13 10
13 9
14 11
15 11
16 11
16 12
17 10
19 10
20 10
21 10
22 11
22 12
23 16
24 14
25 15
25 16
21 9
20 9
20 8
21 8
19 9
23 12
17 15
16 13
16 15
17 16
17 17
16 17
15 17
14 17
13 17
16 18
16 19
16 20
16 21
15 21
16 22
17 22
18 22
19 22
20 22
18 23
18 21
18 20
17 20
15 19
17 18
18 18
18 19
19 19
19 18
17 19
15 18
14 18
18 17
18 16
22 10
22 9
23 8
23 7
24 7
24 6
25 6
21 6
21 7
21 2
22 2
23 2
20 2
21 1
26 3
27 3
28 3
29 3
29 4
29 5
30 4
31 4
32 4
30 5
32 2
34 3
33 4
36 3
37 3
38 3
38 2
37 2
39 2
39 3
39 4
39 5
39 6
39 7
39 8
40 8
40 9
39 9
38 9
38 10
38 11
37 11
37 12
38 12
39 11
40 11
41 11
41 10
40 10
42 10
42 9
41 9
41 8
43 10
38 8
37 10
39 10
36 11
36 12
36 10
37 9
42 11
43 11
43 9
42 12
41 12
43 12
44 12
44 13
45 12
45 11
45 13
44 11
44 10
44 9
44 8
43 8
43 7
42 7
42 6
41 7
40 7
36 9
40 12
39 12
36 13
36 14
36 15
37 15
37 16
36 16
36 17
37 17
38 17
38 16
37 14
38 14
39 14
38 13
39 13
40 6
41 6
42 8
36 8
35 10
34 11
34 12
33 12
32 12
31 8
31 7
31 6
30 6
31 5
32 7
28 12
28 13
27 15
31 15
32 15
32 14
29 10
28 10
27 9
27 8
27 7
29 7
29 6
28 5
28 4
27 4
26 4
26 5
27 5
22 1
23 1
23 0
22 0
21 0
25 0
26 0
27 0
28 0
28 1
26 2
24 0
24 1
24 5
22 7
22 8
25 7
25 8
24 8
24 10
23 17
23 18
23 19
22 19
22 18
24 18
22 20
21 20
23 20
22 21
21 21
20 21
20 20
19 20
19 21
21 22
21 23
21 24
22 24
22 23
22 25
22 26
21 26
21 27
20 27
20 28
21 28
19 27
18 29
17 29
17 30
18 30
16 29
16 28
16 27
15 27
15 28
15 29
14 29
14 28
14 30
14 27
14 26
13 26
12 26
11 26
11 25
12 25
11 24
10 24
9 24
8 24
7 24
8 23
7 23
8 22
9 22
7 22
9 23
10 23
11 23
12 24
13 24
13 23
12 23
12 22
12 21
13 21
12 20
13 20
14 20
14 19
13 18
13 19
13 16
14 16
14 15
14 14
16 16
15 16
15 15
25 13
22 17
21 15
20 17
19 17
13 15
13 14
12 14
12 16
11 16
10 16
9 16
9 17
9 18
10 17
10 18
11 18
12 18
11 19
11 20
10 19
11 17
12 17
12 19
14 24
14 25
13 28
12 28
12 29
11 29
11 28
11 27
10 26
9 26
10 25
11 22
10 22
10 21
7 21
7 20
8 20
6 20
6 21
6 22
5 22
5 21
5 20
5 19
4 19
4 18
4 17
4 16
3 16
3 17
2 16
2 17
1 17
1 16
1 18
2 18
3 18
6 19
7 19
7 18
8 18
8 17
7 17
7 16
6 16
6 17
6 15
5 16
6 18
8 16
5 18
5 17
4 15
3 15
7 15
9 15
10 15
10 14
9 14
8 14
7 14
6 14
8 13
8 12
9 13
10 13
11 13
11 14
12 13
11 12
13 41
41 14
3 13
25 48
9 47
43 4
35 17
13 47
35 16
9 41
1 27
17 27
3 22
7 6
7 44
23 46
16 25
16 32
31 42
18 25
20 0
15 31
1 43
29 41
5 49
26 16
32 16
47 0
46 1
2 27
10 34
7 5
46 7
15 41
7 36
8 38
11 34
42 20
10 30
14 38
3 19
34 46
37 0
20 47
19 1
2 42
25 25
31 16
3 29
48 2
35 49
39 18
20 49
14 44
5 23
2 6
2 47
23 22
4 22
30 49
3 35
5 37
8 45
23 23
38 18
25 27
5 42
13 29
29 1
7 29
4 35
15 39
2 43
8 21
3 44
42 28
22 22
47 10
4 24
19 38
25 20
40 16
47 1
41 4
41 2
28 49
17 33
6 27
24 31
2 0
32 46
3 24
25 23
17 0
33 33
6 3
6 7
33 49
32 13
42 18
13 31
26 26
5 43
41 13
2 38
4 11
22 31
15 49
45 6
9 37
47 11
1 42
45 18
20 32
33 17
15 42
2 1
44 27
5 33
11 37
28 44
3 2
12 36
9 31
19 35
16 47
10 36
17 25
8 28
6 1
19 46
30 16
4 29
41 1
44 17
11 41
3 3
42 4
1 34
7 30
4 27
37 18
35 40
12 15
24 27
10 46
5 38
47 18
20 35
22 48
34 34
7 33
36 47
3 8
13 39
35 15
35 19
13 7
40 14
10 38
46 16
34 19
35 46
10 48
23 28
45 16
22 46
1 10
33 16
12 45
12 40
7 46
6 36
41 20
42 14
2 35
3 10
48 0
16 44
15 34
29 22
7 7
3 45
15 45
39 16
4 1
24 29
37 47
24 26
12 27
3 23
44 5
15 20
18 28
2 5
9 32
19 44
34 43
24 25
11 38
15 40
8 30
3 28
45 1
35 47
6 35
36 46
44 3
8 46
3 37
33 28
5 2
43 30
4 9
14 36
18 49
8 32
6 29
19 23
2 20
23 29
5 48
6 23
24 21
9 25
22 45
8 34
27 45
5 35
19 8
3 21
12 48
18 27
9 33
37 40
13 46
8 27
27 12
16 38
3 7
32 1
29 49
30 23
6 2
46 2
8 48
48 4
10 28
35 14
14 49
38 40
13 36
15 32
3 11
7 32
9 39
24 40
22 28
14 45
17 34
19 32
29 29
7 27
5 29
12 30
32 27
7 45
9 38
35 48
28 43
14 43
31 19
18 26
29 42
5 27
5 45
6 46
30 17
10 40
1 22
17 45
40 0
47 13
15 44
27 48
18 4
41 0
48 11
1 31
4 10
18 45
14 21
34 16
5 1
18 0
37 19
5 44
6 44
11 30
20 40
3 27
45 9
9 35
5 10
3 33
41 3
9 29
5 8
27 16
29 0
19 2
3 41
22 32
6 9
2 31
24 28
2 40
13 32
4 42
48 1
18 48
19 48
7 26
16 31
12 46
14 34
2 12
4 26
46 13
11 35
14 48
8 43
43 1
9 42
1 2
2 15
37 48
4 44
14 33
42 2
43 2
26 15
6 32
47 3
13 22
2 34
21 31
43 15
5 47
37 13
2 9
35 42
14 32
4 28
12 35
33 18
18 43
5 46
39 0
38 46
16 23
16 26
9 44
2 36
46 10
12 31
6 4
46 17
14 23
17 42
14 46
1 25
3 6
40 4
15 35
1 6
3 20
44 1
6 49
18 1
42 3
2 32
5 31
34 49
33 14
35 41
6 45
45 5
10 27
29 9
40 5
36 18
48 10
35 33
2 48
14 22
11 36
44 20
45 2
18 42
5 9
36 40
42 16
4 40
16 36
29 28
1 37
30 1
3 30
18 39
1 35
3 25
8 8
27 29
5 3
14 41
1 49
16 30
34 18
27 11
1 26
4 0
1 24
6 43
12 49
42 0
1 23
2 41
4 41
31 17
3 1
36 2
2 37
1 12
3 5
21 46
2 33
36 45
3 47
10 31
32 18
33 1
13 45
21 25
9 12
2 23
13 8
7 37
14 37
43 20
20 45
13 30
8 29
43 16
17 31
12 47
11 31
7 2
46 6
11 21
47 7
46 12
33 37
46 0
2 49
35 43
42 5
8 36
17 35
24 23
18 3
1 3
6 0
22 27
19 47
4 46
46 8
31 0
7 34
4 23
46 3
4 2
36 1
28 28
2 22
44 28
4 6
32 0
1 15
1 33
2 24
3 46
43 6
1 30
4 4
15 46
39 1
3 14
10 29
26 27
3 39
11 46
7 38
5 4
6 24
15 22
1 14
38 0
1 4
25 14
44 4
48 12
7 42
6 25
13 25
43 13
25 21
16 48
6 42
1 40
3 32
10 35
41 5
41 21
44 19
1 41
11 42
11 43
12 44
35 0
10 37
8 41
19 36
13 42
35 12
21 49
4 30
7 35
8 1
4 14
45 3
3 34
14 31
6 41
2 45
4 34
4 37
48 3
1 19
2 44
29 25
40 17
27 27
19 43
12 34
17 21
10 33
16 35
37 1
25 5
42 1
10 41
1 44
38 1
26 28
19 3
27 44
20 26
44 25
34 17
43 28
13 48
8 25
2 28
4 21
8 44
8 26
3 42
17 32
16 43
41 18
30 42
38 19
9 49
48 7
34 14
13 38
36 48
39 39
33 30
13 49
4 45
43 27
42 15
35 11
47 6
2 8
4 43
14 40
25 28
