50 50 1000
16 42
24 47
24 25
5 25
20 5
22 35
20 39
5 13
25 48
17 36
21 5
16 6
17 32
16 21
12 0
18 46
25 28
24 14
13 37
5 32
8 42
7 17
9 35
10 34
20 14
14 1
1 1
10 45
2 47
12 21
7 21
21 1
1 12
17 38
19 8
6 20
21 19
12 42
20 43
12 34
19 28
17 43
16 41
21 31
25 25
9 7
20 24
7 20
15 14
15 21
25 14
5 21
12 15
21 17
15 7
21 30
24 8
17 8
11 1
17 40
22 21
13 46
17 44
14 48
20 21
4 48
14 45
4 36
3 17
1 41
11 31
19 30
10 39
9 6
18 39
11 11
13 15
18 28
6 30
4 23
15 12
20 28
6 41
10 2
21 42
21 45
19 4
5 14
14 11
12 18
3 36
17 2
20 11
19 2
8 30
8 13
8 37
22 31
18 38
2 34
25 41
15 17
8 18
10 3
1 17
6 26
4 4
25 44
8 12
18 49
7 31
23 7
11 9
21 26
17 5
6 2
22 19
10 12
17 30
23 32
23 39
1 47
18 26
22 40
16 24
18 19
20 32
16 12
5 0
12 20
17 20
17 7
21 39
12 7
23 45
9 18
22 17
5 12
19 25
16 39
24 11
6 21
22 39
18 21
5 47
10 19
19 23
13 6
14 13
1 20
24 27
6 39
8 27
1 21
17 35
12 17
22 9
4 19
6 27
9 31
19 15
11 22
23 3
1 4
25 40
10 28
21 43
15 6
1 39
15 44
15 0
23 13
7 4
7 27
12 47
10 20
2 3
1 46
2 9
7 12
6 40
15 8
4 6
21 2
6 0
11 40
12 29
10 33
12 35
11 34
21 22
15 4
6 15
5 42
12 40
16 29
9 30
10 17
15 40
20 6
9 20
22 22
23 26
9 3
1 9
19 21
18 43
13 31
21 15
4 31
9 42
23 27
13 33
3 0
11 2
5 16
1 37
10 6
22 23
3 46
7 11
8 33
8 29
21 38
23 29
10 42
23 36
16 48
14 17
21 23
22 5
7 48
7 42
1 6
23 35
4 41
24 42
19 47
18 25
10 32
24 28
18 4
4 12
23 41
10 21
20 4
1 2
17 15
12 13
1 0
2 19
10 25
12 2
22 29
1 49
18 18
1 35
15 46
11 6
13 26
3 13
5 34
19 13
13 43
14 6
14 46
23 25
20 38
15 37
24 6
18 29
1 43
21 47
19 6
24 17
17 17
18 6
9 22
13 47
9 2
23 33
3 22
15 29
12 22
3 43
16 9
14 14
13 21
16 38
4 38
23 38
21 33
21 35
20 45
9 38
6 34
9 43
12 38
5 17
20 20
11 20
3 33
5 24
19 42
20 8
23 19
19 3
3 4
3 28
15 35
2 8
20 26
11 13
3 1
6 23
10 46
13 19
17 24
3 29
15 11
3 20
6 46
3 9
24 35
11 15
15 3
24 34
10 48
13 30
22 24
1 14
3 3
2 23
22 27
7 37
11 25
22 34
13 41
19 26
5 38
6 32
7 15
3 49
23 40
22 15
3 32
4 8
12 6
10 11
17 1
18 1
24 32
22 36
5 29
7 41
5 6
23 24
15 19
16 28
22 26
6 36
12 41
19 49
9 5
9 46
4 43
4 26
13 13
12 11
23 6
25 46
15 45
19 40
9 8
6 31
21 13
5 26
22 48
4 5
2 21
13 35
12 30
10 1
14 32
11 19
4 11
1 33
2 32
20 25
18 5
19 0
2 2
2 4
5 45
19 18
8 24
6 14
22 37
17 46
12 39
18 15
5 36
9 32
21 41
22 7
14 39
10 22
14 9
25 17
2 49
13 40
25 1
2 28
15 25
17 29
4 44
18 33
5 19
25 22
24 24
25 31
9 21
9 39
24 26
14 38
13 25
16 0
11 0
23 8
6 29
12 37
23 37
7 49
7 3
7 8
23 46
8 23
20 27
14 25
24 48
19 41
19 31
20 49
14 18
14 4
24 29
22 44
20 23
3 19
16 33
11 14
24 39
1 19
1 8
25 29
14 36
5 30
16 11
14 19
5 33
24 31
25 47
11 28
9 11
2 18
7 13
13 20
22 38
13 2
5 44
24 3
3 26
12 14
25 34
2 7
15 34
22 18
11 23
3 12
2 24
13 1
18 40
18 7
12 26
11 49
18 23
8 48
4 25
5 28
22 30
5 37
11 21
17 26
5 4
7 24
1 34
16 20
20 0
7 35
12 46
4 46
13 14
4 32
4 1
17 41
3 44
20 48
5 20
24 21
22 1
5 1
11 17
18 35
16 35
7 9
18 12
15 47
9 33
8 34
1 36
2 33
24 36
3 24
11 39
22 6
11 36
14 33
20 35
4 14
22 11
13 32
12 3
10 38
19 19
2 29
11 33
22 13
8 14
1 42
15 9
2 42
10 24
22 49
8 1
20 40
7 14
18 8
21 48
9 24
23 14
18 11
9 34
13 18
23 0
4 39
7 32
21 40
22 16
8 43
8 3
23 5
16 26
8 19
17 19
14 2
10 29
25 0
16 27
9 17
25 42
1 38
3 35
15 15
6 25
10 35
11 41
13 11
8 9
25 36
23 15
13 17
2 15
1 25
6 37
16 37
15 24
2 12
2 13
13 4
25 7
9 13
16 49
15 48
1 11
11 47
19 17
6 18
18 24
17 12
2 38
20 17
5 46
9 27
20 2
5 43
6 43
7 28
11 45
8 2
18 30
15 43
4 20
22 47
9 47
5 11
13 36
14 22
14 43
22 28
23 30
20 22
6 7
7 22
20 13
21 9
19 35
5 41
19 46
23 18
15 30
3 38
13 42
4 28
4 22
8 38
25 2
22 25
20 9
18 32
14 0
19 14
20 29
16 36
2 44
9 36
6 4
4 24
4 40
9 40
9 25
6 12
25 20
3 8
15 42
2 22
18 34
11 35
17 13
6 1
23 23
19 48
20 44
2 46
1 7
11 12
14 31
3 18
8 6
10 47
12 19
14 24
19 37
14 30
23 17
24 38
5 49
1 31
15 28
5 35
10 0
20 42
20 16
14 7
24 1
15 1
5 39
18 17
11 38
2 36
1 40
3 34
7 43
1 22
2 11
19 29
18 45
3 7
11 29
17 9
24 15
9 49
19 38
8 47
15 5
9 12
13 34
2 26
14 47
12 45
2 39
8 5
14 40
23 43
23 16
17 34
17 3
12 25
18 41
24 49
6 5
16 40
20 37
16 16
4 33
3 16
6 33
11 44
3 27
3 37
5 31
14 3
8 46
11 30
7 44
17 31
8 7
14 34
10 16
7 7
11 27
13 22
24 23
11 43
17 23
5 48
7 45
8 25
12 16
25 23
7 2
21 29
1 16
19 5
22 3
16 15
9 48
8 31
8 15
18 36
10 5
17 25
8 36
25 9
6 19
17 28
18 31
7 5
9 29
3 47
2 5
13 7
25 19
18 14
10 13
24 9
25 8
14 21
12 24
18 48
12 33
11 16
23 22
13 5
14 15
9 1
17 21
1 28
6 6
8 35
21 44
8 32
17 39
8 49
11 32
21 46
17 49
20 18
12 32
10 23
4 2
12 49
24 22
22 0
10 27
22 43
25 3
4 21
10 31
1 23
4 49
23 48
13 39
20 3
12 23
24 33
19 33
7 34
22 8
9 41
14 20
2 17
8 16
16 44
14 28
21 3
1 48
15 33
23 44
6 24
19 16
15 31
12 48
24 41
2 16
3 41
5 15
24 12
24 45
21 4
6 28
17 48
1 13
24 30
6 13
1 18
16 19
15 26
6 42
25 33
21 32
17 0
20 34
16 31
9 4
11 7
21 28
20 19
6 44
14 29
9 28
5 2
7 0
16 17
4 37
5 40
10 14
10 43
11 5
18 37
10 40
18 13
4 0
18 42
3 42
19 34
8 8
21 6
7 29
2 30
5 18
1 15
9 19
20 46
8 26
13 3
6 8
23 4
11 26
22 4
25 37
8 22
25 35
4 17
25 39
4 15
11 18
13 9
6 47
1 44
10 41
24 7
1 27
15 32
3 23
5 23
2 48
2 45
8 4
2 20
8 45
4 13
8 20
6 35
20 36
25 12
4 35
14 27
24 4
10 9
10 26
16 45
16 13
1 3
16 32
25 6
20 7
8 41
24 5
23 47
2 43
5 22
8 17
25 38
2 40
1 26
15 18
12 1
23 1
12 5
19 43
2 0
2 25
12 31
7 26
21 20
4 42
7 1
17 47
7 39
19 20
8 44
21 49
1 10
2 10
3 10
4 10
5 10
6 10
7 10
8 10
9 10
10 10
11 10
12 10
13 10
14 10
15 10
16 10
17 10
18 10
19 10
20 10
21 10
22 10
23 10
24 10
25 10
26 10
27 10
28 10
29 10
30 10
31 10
32 10
33 10
34 10
35 10
36 10
37 10
38 10
39 10
40 10
41 10
42 10
43 10
44 10
45 10
46 10
47 10
48 10
