5
50 50 250
425 592 388 618 658 298 651 424 627 403 610 607 632 589 384 639 617 584 392 587 425 600 395 580 358 606 583 410 655 424 410 624 302 394 383 644 405 597 340 625 425 371 662 595 649 325 406 373 404 628
351 662 412 375 597 585 697 379 392 650 403 576 746 575 659 682 371 575 651 666 340 638 407 324 617 621 631 386 669 281 302 643 354 382 619 640 419 591 617 653 403 270 635 612 408 320 693 602 401 637
663 661 576 602 353 391 418 676 334 363 708 403 676 398 284 374 391 342 424 393 649 723 684 725 424 317 365 359 718 417 704 717 599 579 600 416 604 595 629 587 577 337 655 612 635 337 373 592 355 410
591 620 581 594 612 714 417 676 671 578 617 422 631 658 629 367 421 377 705 368 647 659 416 381 400 259 614 385 620 370 380 392 414 379 583 271 624 584 660 355 579 390 598 414 588 674 631 579 285 377
588 665 374 357 655 651 598 607 710 711 603 628 675 632 614 377 382 392 336 645 650 681 638 355 338 295 414 367 334 408 378 388 575 587 347 636 359 357 634 367 392 326 393 367 650 724 420 393 661 273
408 421 592 656 342 379 605 406 389 602 647 340 390 644 588 656 744 657 578 371 361 311 419 634 660 361 622 631 359 411 608 663 599 346 380 648 584 659 719 679 735 346 635 655 293 370 415 577 811 636
406 369 608 578 421 384 603 630 384 622 413 608 614 594 593 582 387 370 638 328 403 360 623 418 632 304 625 369 394 641 589 639 592 626 407 622 654 685 411 384 387 590 754 409 412 396 654 405 665 386
403 614 336 616 579 324 641 587 330 586 589 603 701 596 692 581 422 625 314 407 382 406 410 386 575 381 625 624 364 633 641 612 695 627 582 330 627 666 590 680 617 616 607 604 617 381 397 414 618 634
276 233 349 322 690 723 660 727 272 337 388 604 407 361 651 622 641 394 404 368 328 696 664 367 588 679 678 672 391 671 369 613 709 593 662 754 603 377 791 731 674 362 335 399 699 592 613 694 678 351
658 575 775 680 309 404 347 357 262 587 582 413 329 667 578 370 333 608 619 386 625 366 336 597 367 581 367 602 363 674 705 582 615 378 330 717 597 608 692 316 604 653 665 654 610 411 602 590 737 372
419 403 615 619 625 327 621 418 298 611 580 692 271 605 390 655 584 623 578 579 576 686 301 367 575 380 614 619 603 418 588 651 409 403 637 390 580 589 700 590 607 420 702 589 611 686 405 644 656 369
617 416 699 418 654 303 342 665 389 413 369 757 640 327 592 586 575 397 797 581 619 683 671 602 587 628 732 693 394 625 375 318 687 385 336 387 580 675 589 758 644 605 693 656 677 640 614 654 590 689
580 392 631 579 657 353 605 249 316 350 411 357 305 420 336 336 368 677 717 341 627 423 418 338 368 588 689 377 304 374 598 380 693 607 595 666 669 393 252 399 331 302 351 633 392 578 668 371 412 671
412 629 401 588 586 279 647 593 424 272 408 676 356 598 582 631 638 589 403 415 591 591 586 594 664 578 367 415 666 398 395 619 356 383 646 645 406 649 609 642 634 690 376 644 635 618 672 666 628 425
358 403 686 413 393 649 421 598 375 395 375 421 342 578 580 650 640 355 611 587 607 585 421 412 651 609 706 647 647 655 388 412 390 360 621 417 388 618 626 683 687 625 635 385 414 416 684 396 612 396
659 392 417 605 393 666 346 617 394 316 661 624 419 689 423 349 396 712 412 310 576 334 357 743 418 349 420 360 219 385 619 398 406 686 596 588 623 673 615 395 319 641 651 394 652 705 635 669 701 654
424 641 387 425 337 705 412 364 649 356 398 624 393 344 618 303 397 358 587 606 417 667 410 417 342 359 634 632 358 784 633 623 402 415 585 591 626 597 634 419 612 634 612 619 322 673 371 408 359 382
575 597 362 409 639 420 348 409 350 593 603 365 608 370 371 366 632 590 303 587 605 648 600 588 330 414 603 600 639 615 653 700 615 593 372 422 655 666 388 647 585 591 601 415 408 686 395 599 404 365
379 580 387 643 662 376 612 760 639 327 415 651 638 666 304 394 389 400 600 715 617 385 302 359 315 623 396 406 580 384 372 704 385 419 382 302 602 368 333 625 613 296 587 735 673 375 414 351 340 653
609 689 592 340 402 309 577 351 666 347 316 400 337 384 646 709 590 352 346 384 341 685 651 678 583 729 604 370 615 618 661 605 301 639 654 408 707 656 605 714 601 636 643 313 424 327 700 735 415 675
425 373 615 585 360 661 413 419 687 350 406 355 416 407 406 391 588 575 386 319 425 645 664 589 402 424 608 385 590 591 581 410 594 607 582 624 378 418 345 620 425 642 329 401 353 618 659 638 634 372
662 371 685 356 375 698 353 652 622 677 665 627 411 403 402 396 413 305 305 393 328 422 376 603 373 650 580 375 380 638 608 580 613 332 305 637 616 273 414 298 676 612 599 300 420 352 355 660 627 598
265 222 418 700 587 767 611 306 301 587 384 390 382 333 622 355 270 413 300 607 702 642 407 637 682 706 404 421 310 376 396 604 618 700 631 388 325 711 700 368 259 267 424 588 587 599 720 352 575 686
407 615 311 397 421 607 311 398 357 640 398 397 682 356 394 360 373 580 288 665 369 597 405 583 621 578 358 391 578 645 409 676 270 576 650 256 626 420 322 586 578 353 632 372 388 354 647 639 355 633
610 417 588 312 358 663 346 353 396 661 326 300 624 372 412 376 332 397 301 636 356 582 425 398 369 624 626 647 610 665 386 624 420 362 628 345 622 424 603 372 423 636 325 376 692 606 602 622 330 636
580 384 578 596 288 656 593 578 286 585 733 349 366 622 391 353 607 697 405 771 710 631 417 637 611 721 385 379 390 309 594 644 328 357 282 381 596 673 731 391 647 592 413 649 350 388 372 608 644 663
388 613 588 389 587 618 248 362 281 610 301 628 339 363 360 330 692 404 256 638 359 374 286 393 367 697 300 360 658 305 578 689 307 619 416 659 299 327 645 264 330 314 399 359 367 613 344 414 611 347
625 581 416 394 299 622 324 399 203 597 325 294 361 365 345 576 399 579 371 637 594 578 632 408 660 302 650 404 350 636 413 576 614 364 600 270 387 370 323 627 380 308 591 404 386 598 382 423 317 611
390 623 340 617 379 635 402 321 268 386 393 302 591 623 695 413 290 394 378 392 383 280 588 665 607 651 679 696 593 334 612 279 395 594 366 299 656 580 633 769 387 379 302 387 404 612 590 361 297 663
372 623 300 421 417 415 351 306 357 605 384 369 628 379 331 399 652 317 366 344 330 590 693 409 313 596 328 291 646 377 394 620 699 403 617 367 623 347 258 388 591 672 371 664 391 624 704 626 301 403
409 357 403 604 653 322 401 401 239 631 393 393 595 367 359 404 390 384 578 362 398 366 413 599 380 705 335 354 687 372 424 403 592 414 416 411 421 410 287 639 414 608 338 611 613 346 577 395 420 348
393 287 578 583 623 339 263 609 406 629 334 328 291 414 317 656 338 336 641 598 663 611 328 397 316 656 420 628 638 615 600 649 346 586 343 668 608 366 331 579 616 393 410 334 670 357 612 271 315 588
415 653 715 590 699 742 735 397 349 578 683 700 583 367 367 620 375 641 607 318 243 284 247 583 423 606 360 332 293 304 396 317 265 364 335 592 275 374 399 614 293 664 750 609 309 233 245 592 614 616
615 624 403 391 575 643 598 662 390 406 394 340 366 599 605 321 593 360 392 368 408 377 402 633 643 378 424 580 589 418 371 272 644 399 368 679 416 418 389 636 606 407 595 353 289 686 334 380 666 323
611 370 396 648 405 389 660 680 376 366 583 388 415 600 594 692 352 406 289 400 409 655 306 584 596 599 611 605 632 409 395 374 418 358 578 402 631 636 376 640 589 339 343 400 363 701 579 417 400 421
599 596 350 388 615 378 673 654 700 714 372 418 334 301 392 381 326 368 331 359 350 409 316 581 417 381 619 589 640 657 616 364 323 399 707 371 305 329 619 783 637 581 361 590 302 425 412 625 368 318
342 672 367 388 660 272 359 376 590 614 395 584 294 353 329 274 597 367 663 641 594 407 419 645 421 311 604 353 407 658 612 692 597 666 398 586 724 677 357 354 387 711 410 409 648 588 362 592 656 402
362 337 656 397 623 256 415 405 682 578 409 672 378 379 381 346 303 302 620 612 412 423 655 406 598 274 597 375 635 706 637 386 753 400 373 755 580 608 595 579 591 668 394 593 386 719 368 598 638 358
643 302 248 355 367 230 421 579 598 225 649 393 390 334 318 292 339 315 588 283 678 598 378 325 607 410 641 689 644 397 629 579 602 694 408 681 344 603 592 686 626 418 597 627 616 628 335 321 579 648
377 676 360 377 648 352 625 311 748 416 384 618 687 393 588 588 597 607 795 591 585 629 597 650 395 334 354 369 644 633 599 644 376 356 577 689 631 633 412 688 602 617 631 296 380 372 363 421 352 615
425 641 341 577 646 353 411 383 646 408 424 423 421 583 345 740 339 368 578 606 425 356 608 628 664 339 638 642 297 719 603 362 645 630 671 301 642 619 316 599 425 403 421 591 595 342 604 589 581 410
415 654 342 596 369 425 590 370 583 237 393 327 370 359 637 626 593 578 638 612 394 638 588 659 374 621 399 644 671 607 675 611 598 599 333 311 386 296 414 303 397 365 371 593 334 365 588 415 405 581
607 587 407 664 750 652 380 424 711 411 593 650 734 748 360 352 375 371 357 342 345 673 585 419 603 763 728 400 630 392 270 659 611 370 632 646 667 686 697 360 336 345 369 605 616 588 355 383 720 691
606 305 664 614 644 423 624 624 617 381 423 417 584 388 590 617 373 400 344 409 637 603 413 614 597 581 609 670 388 409 597 618 403 597 382 423 587 324 585 599 409 356 375 581 413 639 391 355 692 253
609 584 715 336 619 674 372 631 686 415 632 629 320 601 634 590 336 423 373 322 652 633 634 631 631 250 621 648 603 421 622 590 403 420 627 607 362 314 612 413 348 347 726 587 411 593 604 385 297 676
341 384 586 403 303 403 659 607 599 390 273 423 365 407 581 384 599 645 704 667 617 319 408 591 709 640 789 739 717 634 650 412 596 607 648 413 413 347 609 616 585 288 610 589 602 362 250 372 424 616
651 637 378 579 694 381 414 392 629 745 681 404 585 642 650 387 676 379 343 296 369 331 674 669 612 592 405 594 674 581 422 351 619 669 419 322 629 422 384 418 650 660 668 348 353 578 627 590 647 329
592 635 303 407 616 673 370 628 667 584 636 402 651 580 404 634 660 604 419 315 381 332 688 418 589 636 584 611 702 404 630 659 350 617 616 351 592 373 374 637 626 661 329 642 655 310 628 626 366 587
345 408 595 356 375 692 577 341 581 647 622 725 744 685 600 392 368 330 602 582 610 346 660 698 387 633 626 646 415 380 618 618 607 638 690 626 742 328 684 622 326 353 409 634 789 635 576 633 592 326
642 331 647 606 414 683 422 693 422 420 587 400 367 392 589 390 403 417 603 387 396 364 629 604 577 631 596 594 424 621 411 615 697 660 328 276 350 672 741 580 586 378 597 387 586 580 406 372 632 364
