4 5 5 0 0 0 26 26 26 26 26 26 26 26 1 1 20 7 7 8 8 8 8 2 2 17 17 17 17 17 17 191 191 191 191 191 191 191 191 191 11 3 3 13 13 13 13 15 16 16 
4 5 5 0 0 26 26 26 6 6 26 26 26 26 26 26 20 7 7 34 8 8 9 9 2 17 17 17 17 17 17 10 10 10 10 191 191 191 191 11 11 12 12 12 13 14 14 15 16 16 
4 4 25 19 19 26 26 26 26 26 26 26 26 26 26 26 20 7 34 34 34 34 9 9 9 17 17 17 17 17 17 17 18 10 23 17 191 191 191 191 191 191 191 24 13 148 148 15 15 16 
25 25 25 32 19 26 26 26 26 26 26 26 26 20 20 20 20 34 34 21 22 22 22 22 22 17 17 17 48 17 17 17 18 23 23 17 191 191 191 191 191 191 191 24 148 148 148 15 30 30 
25 25 25 32 32 33 43 43 26 26 26 26 26 20 26 26 34 34 34 21 27 28 29 29 35 35 37 37 48 48 17 17 18 18 18 17 17 17 191 191 191 191 191 148 148 148 148 148 30 30 
25 31 31 32 32 33 39 43 26 26 26 26 26 26 26 26 34 40 34 34 27 28 47 47 35 36 36 37 37 48 17 17 18 17 38 38 38 17 191 191 191 191 191 148 148 148 148 148 30 30 
25 25 25 42 32 39 39 43 43 26 26 26 26 34 34 34 34 40 46 34 34 46 46 47 35 35 35 37 48 48 48 17 17 17 17 17 17 17 17 17 17 191 191 191 148 148 148 148 148 148 
25 41 42 42 32 39 43 43 43 26 26 45 56 46 46 46 46 46 46 46 46 46 55 47 47 35 37 37 37 37 48 17 124 17 191 17 17 191 191 191 191 191 191 148 148 148 148 148 148 148 
25 41 41 49 50 39 43 44 44 26 45 45 56 46 46 46 46 46 46 46 46 46 55 47 47 35 35 37 37 37 48 17 124 191 191 17 17 191 191 191 191 191 191 148 148 148 148 148 148 148 
25 41 41 49 50 39 43 43 26 26 45 45 56 56 56 54 46 46 51 51 52 52 55 47 47 47 35 124 124 124 48 17 124 124 191 191 191 191 191 191 191 191 191 148 148 191 148 148 148 148 
58 53 53 53 53 53 53 26 26 26 45 26 26 56 79 54 79 46 46 46 89 55 55 47 47 47 35 124 57 124 124 124 124 124 191 124 191 191 191 191 191 191 191 191 191 191 148 148 148 148 
58 53 53 53 53 53 53 26 26 26 45 26 56 56 79 79 79 46 46 46 89 55 60 60 60 47 47 61 57 57 57 124 124 124 124 124 191 191 191 191 191 191 191 191 191 191 148 148 148 148 
58 65 65 71 59 59 26 26 26 26 26 26 56 79 79 79 46 46 46 46 89 60 60 60 63 69 61 61 61 61 124 124 191 124 191 191 191 191 191 191 191 191 191 191 191 148 148 148 148 148 
58 65 66 71 62 26 26 26 26 26 26 26 26 78 79 79 79 46 68 46 89 89 91 91 63 69 69 69 61 82 75 124 191 191 191 191 191 191 191 191 191 191 191 191 191 191 148 148 148 148 
64 65 66 71 62 26 26 26 26 26 26 73 78 78 79 67 46 46 68 80 80 89 89 91 91 69 69 70 82 82 75 124 191 191 191 191 191 191 191 191 191 191 191 83 191 148 148 148 148 148 
64 65 66 71 71 72 72 77 26 26 26 73 73 78 79 67 46 46 46 80 89 89 74 74 91 69 69 70 82 82 75 124 124 191 124 191 191 191 191 191 115 115 191 83 191 148 148 94 148 148 
76 65 65 71 72 72 72 77 26 26 26 85 85 78 79 79 46 80 80 80 81 89 90 74 91 91 91 91 82 82 75 124 124 124 124 191 124 191 191 191 115 83 83 83 83 83 148 94 148 148 
76 117 117 84 84 84 97 26 26 26 85 85 86 86 46 46 46 87 88 88 81 89 90 91 91 92 92 124 82 124 124 124 124 124 124 124 124 191 93 93 115 83 116 83 100 83 83 94 94 148 
95 117 101 96 97 97 97 26 26 26 26 85 191 191 46 46 46 87 88 89 89 89 98 91 99 99 104 124 124 124 124 124 105 124 105 191 191 191 115 115 115 115 116 100 100 83 83 83 148 148 
95 117 101 96 108 102 103 26 26 26 26 85 191 191 46 46 89 89 89 89 89 89 98 91 99 124 104 124 124 124 130 130 105 105 105 109 191 106 106 115 115 115 116 100 100 107 107 83 110 148 
117 117 108 108 108 102 103 26 26 26 26 191 191 191 191 46 89 89 89 89 112 112 98 124 124 124 124 124 124 124 130 130 105 105 114 109 191 106 106 115 115 115 116 110 110 110 110 110 110 148 
117 191 191 118 111 111 111 111 26 26 26 191 26 191 191 89 89 89 124 120 120 112 98 124 124 124 124 124 124 122 125 130 130 113 114 114 191 191 115 115 115 115 116 116 131 110 148 148 148 148 
117 191 191 118 111 119 119 111 26 26 26 26 26 191 191 191 124 124 124 120 120 120 120 124 124 121 121 121 125 122 125 125 130 113 123 123 191 191 191 191 115 115 115 116 131 131 148 148 148 148 
191 191 191 118 119 119 119 119 26 26 26 26 191 191 124 124 124 124 124 124 124 120 120 124 124 124 124 127 125 125 125 130 130 191 191 191 191 191 191 191 126 115 115 116 131 131 131 148 148 148 
191 191 119 119 119 26 26 26 26 26 191 191 191 191 191 191 191 124 124 124 124 124 124 124 124 124 124 127 128 191 129 129 130 130 130 191 191 191 191 191 126 148 148 148 148 131 131 148 139 139 
136 191 119 119 191 191 132 132 132 191 191 191 191 191 191 191 191 124 124 124 124 191 124 124 133 127 127 127 128 191 191 191 191 191 130 130 191 191 134 134 134 148 148 148 148 131 148 148 139 135 
136 191 191 191 191 191 191 191 191 191 191 191 191 191 191 191 191 124 124 124 124 191 191 140 133 137 137 141 191 191 142 138 138 191 191 191 191 191 191 191 134 148 148 148 148 148 148 139 139 135 
191 191 191 191 191 191 191 191 191 191 191 191 191 191 191 191 191 191 124 124 124 124 191 140 141 141 141 141 191 191 142 191 191 191 191 191 191 191 191 191 134 148 148 146 148 143 143 139 139 139 
191 191 191 191 191 191 191 191 191 191 191 191 191 191 191 191 191 191 124 124 124 191 191 140 141 191 144 191 191 191 145 191 151 191 191 191 191 191 148 148 148 148 148 146 148 148 148 148 148 148 
191 191 191 191 191 191 191 191 191 191 191 191 191 191 191 191 191 191 191 191 191 191 191 191 191 191 144 191 191 191 145 158 151 191 191 191 191 191 148 147 147 148 148 146 148 148 149 149 149 149 
191 191 191 191 191 191 191 191 191 191 191 191 191 191 191 191 191 191 191 191 191 191 191 191 191 191 191 191 191 150 158 158 151 191 191 191 164 164 164 164 164 148 148 148 148 148 149 148 149 148 
191 154 191 191 191 191 191 191 191 191 191 191 191 191 191 191 191 191 191 191 191 191 191 191 191 191 191 191 150 150 157 158 151 191 191 191 164 164 152 152 164 164 161 148 153 148 148 148 148 148 
191 154 191 191 191 191 191 191 160 160 191 191 191 191 155 191 191 191 191 191 191 191 156 156 156 191 191 191 191 150 157 158 158 191 191 191 164 164 152 152 159 159 161 148 153 148 148 148 148 148 
154 154 191 191 191 191 191 160 160 162 191 191 191 191 155 191 191 191 191 191 191 191 191 191 156 156 156 191 150 150 150 158 158 158 191 191 191 164 152 152 159 159 161 148 148 148 148 148 148 148 
175 154 191 191 191 191 191 191 191 162 191 191 191 191 191 191 191 191 191 191 191 191 191 156 156 170 156 191 150 150 163 158 158 166 166 191 191 164 164 164 159 159 161 161 148 148 148 148 148 148 
175 175 191 191 167 191 167 191 168 162 191 191 191 191 191 191 191 191 191 165 177 156 156 156 156 170 170 156 156 150 163 158 171 171 166 166 172 164 185 164 159 173 173 173 179 148 148 148 148 148 
175 175 175 191 167 167 167 167 168 168 168 168 168 168 191 191 191 191 191 165 177 177 169 169 156 170 170 156 156 156 158 158 171 171 172 172 172 164 185 164 173 173 173 173 179 148 148 148 148 148 
174 175 199 191 168 168 168 168 168 176 176 168 168 168 168 168 168 191 191 165 165 177 177 169 156 156 156 156 156 156 158 178 178 178 164 164 164 164 185 185 173 179 179 179 179 148 148 148 148 148 
174 182 199 199 199 224 180 180 181 181 181 168 201 201 201 189 168 168 191 191 191 177 177 191 191 191 191 191 156 158 158 158 158 191 191 164 164 164 184 185 185 185 186 186 186 148 148 148 148 148 
174 182 194 199 224 224 224 183 183 183 168 168 201 187 201 189 189 168 168 191 191 191 177 191 191 191 191 191 191 158 158 191 191 191 191 164 164 206 184 184 184 185 186 186 186 186 186 148 148 148 
174 194 194 199 224 224 224 168 168 168 168 201 201 187 188 189 189 190 190 190 190 191 191 191 191 191 191 191 191 191 158 191 191 191 191 164 206 206 206 184 184 185 192 192 186 215 215 148 193 193 
174 194 194 199 195 195 224 224 200 200 168 196 201 201 188 202 203 204 204 210 191 191 210 191 191 191 191 191 191 191 191 191 191 191 191 191 197 197 206 184 184 185 192 192 185 185 215 148 198 198 
174 194 199 199 195 224 224 200 200 200 168 196 201 201 209 202 203 204 204 210 205 205 210 191 191 191 191 191 191 191 191 191 191 191 191 191 197 197 206 206 206 185 185 185 185 215 215 215 215 215 
174 199 199 199 199 199 224 200 207 207 168 208 208 201 209 209 209 209 210 210 210 210 210 191 191 191 191 191 191 191 191 191 191 211 211 211 212 212 212 213 213 236 236 185 221 221 221 215 214 215 
174 199 199 199 224 224 224 168 168 168 168 201 201 201 209 191 216 219 219 225 191 191 191 191 191 191 191 191 191 191 191 191 191 220 211 211 211 234 234 234 236 236 236 217 217 221 218 218 214 215 
174 199 199 224 224 168 168 168 168 168 201 201 191 201 191 191 216 219 219 225 225 191 191 225 191 191 191 191 191 191 191 191 191 220 220 220 220 234 234 234 236 236 236 227 227 221 228 228 222 222 
174 223 223 224 224 168 168 168 168 168 201 201 191 201 191 191 216 216 219 225 225 225 225 225 225 191 191 191 191 191 191 191 191 226 226 226 226 234 234 234 234 236 236 236 227 221 228 228 222 222 
229 229 229 230 230 168 168 168 168 201 201 191 191 191 191 231 191 232 232 191 191 233 233 225 191 191 191 191 191 191 191 191 191 191 191 191 241 241 234 235 235 235 236 236 236 236 228 237 237 244 
245 238 238 239 239 239 168 240 168 168 201 191 191 191 191 231 191 191 191 191 191 191 191 191 191 191 191 191 191 191 191 191 191 191 191 191 241 241 234 234 235 235 242 242 236 228 228 243 244 244 
245 246 246 239 168 168 168 240 168 168 201 191 191 191 191 191 191 191 191 191 247 247 247 247 191 191 191 191 191 191 191 191 191 191 191 191 191 191 191 234 248 248 248 242 242 242 228 243 249 249 
